-0.648448,0.710161,2.747705
-0.630074,0.510784,2.707650
-0.771501,0.349558,2.632412
-0.459386,0.378566,2.698342
-0.815292,0.099980,2.558608
-0.350385,0.137916,2.604950
-0.761229,-0.107523,2.604950
-0.296210,-0.046311,2.402939
-0.729848,-0.181486,2.363858
-0.291307,-0.127147,2.383757
-0.590661,0.113024,2.661742
-0.567072,0.049579,2.595528
-0.628721,-0.025160,2.561768
-0.485531,-0.020704,2.590097
-0.606765,-0.498737,2.379505
-0.513246,-0.540084,2.751928
-0.588712,-0.837702,2.223839
-0.566371,-0.886849,2.835478
-0.581910,-0.887746,2.136914
-0.543692,-0.946917,2.759844
-0.656378,0.710319,2.711968
-0.634161,0.512263,2.671823
-0.776464,0.347641,2.596915
-0.466708,0.379967,2.648672
-0.818267,0.100211,2.521656
-0.347624,0.144447,2.561626
-0.763522,-0.109063,2.561626
-0.292250,-0.037655,2.365076
-0.733682,-0.183243,2.327546
-0.286948,-0.117563,2.340007
-0.589801,0.112523,2.621447
-0.567064,0.049246,2.553653
-0.628002,-0.025552,2.520909
-0.485286,-0.019260,2.545835
-0.601725,-0.495837,2.350356
-0.497742,-0.542941,2.700126
-0.582089,-0.834655,2.191461
-0.557011,-0.880989,2.809587
-0.572925,-0.884599,2.106024
-0.536315,-0.938166,2.732710
-0.665772,0.710921,2.675928
-0.639787,0.513923,2.635761
-0.782536,0.346060,2.563019
-0.473778,0.381261,2.603557
-0.822546,0.101107,2.484571
-0.345779,0.150602,2.522264
-0.766585,-0.109924,2.522264
-0.288768,-0.028331,2.325886
-0.738219,-0.184718,2.291880
-0.283033,-0.106496,2.298349
-0.590098,0.112851,2.583072
-0.568049,0.049777,2.514122
-0.628064,-0.025511,2.483198
-0.486039,-0.016897,2.503603
-0.597394,-0.493086,2.324156
-0.467489,-0.518638,2.604384
-0.576076,-0.831780,2.162773
-0.535638,-0.861817,2.750883
-0.565257,-0.881113,2.077338
-0.520728,-0.924153,2.693457
-0.675829,0.711556,2.641546
-0.645854,0.515732,2.602201
-0.789083,0.344783,2.531031
-0.480726,0.382673,2.563050
-0.827220,0.102176,2.450125
-0.344633,0.156497,2.486943
-0.769610,-0.110572,2.486943
-0.285791,-0.019654,2.289804
-0.742728,-0.186006,2.257807
-0.279531,-0.096257,2.261580
-0.591017,0.113623,2.547874
-0.569480,0.050776,2.478054
-0.628537,-0.025199,2.448974
-0.487325,-0.013859,2.464996
-0.593624,-0.490590,2.300718
-0.437700,-0.490949,2.510663
-0.570736,-0.829101,2.138158
-0.510720,-0.836989,2.679798
-0.558466,-0.877695,2.052722
-0.498254,-0.903303,2.637254
-0.687112,0.712411,2.607313
-0.653297,0.517733,2.569216
-0.796209,0.343883,2.500292
-0.488017,0.384296,2.525651
-0.832600,0.103627,2.416969
-0.343859,0.161896,2.454862
-0.772274,-0.110197,2.454862
-0.282514,-0.012971,2.253030
-0.745974,-0.186083,2.222330
-0.275700,-0.086410,2.229152
-0.593064,0.115177,2.514842
-0.571887,0.052585,2.444464
-0.629706,-0.024510,2.417826
-0.489875,-0.009418,2.428470
-0.590271,-0.488339,2.279798
-0.406367,-0.453122,2.409611
-0.566123,-0.826664,2.117940
-0.474621,-0.800097,2.578385
-0.552602,-0.874391,2.032489
-0.464620,-0.869835,2.547368
-0.701208,0.713185,2.570317
-0.662617,0.519595,2.535244
-0.803984,0.343410,2.471243
-0.496560,0.386048,2.488965
-0.837917,0.104064,2.383226
-0.343326,0.166820,2.426170
-0.774581,-0.109025,2.426170
-0.278735,-0.006439,2.219233
-0.747851,-0.185154,2.188291
-0.271726,-0.077999,2.201124
-0.595733,0.117017,2.483833
-0.574851,0.054492,2.413326
-0.631536,-0.023885,2.388961
-0.492656,-0.005042,2.395372
-0.587247,-0.486120,2.260841
-0.374196,-0.400507,2.296099
-0.562123,-0.824685,2.101607
-0.425178,-0.734087,2.434765
-0.547779,-0.871475,2.016165
-0.412042,-0.803508,2.400889
-0.714241,0.713865,2.537344
-0.671436,0.521284,2.504790
-0.811434,0.342617,2.444153
-0.504497,0.387628,2.456401
-0.842988,0.104735,2.353422
-0.342932,0.171226,2.400612
-0.776655,-0.107775,2.400612
-0.275507,-0.000398,2.189096
-0.749253,-0.184071,2.157781
-0.267974,-0.070434,2.176604
-0.598503,0.118679,2.455810
-0.577754,0.056220,2.385244
-0.633373,-0.023370,2.362971
-0.495348,-0.000964,2.365650
-0.584546,-0.484037,2.243732
-0.346865,-0.350627,2.196334
-0.558827,-0.823122,2.089292
-0.380277,-0.672311,2.305365
-0.543824,-0.868886,2.003884
-0.363536,-0.739902,2.266766
-0.726435,0.714437,2.507617
-0.679758,0.522714,2.477371
-0.818144,0.341919,2.419781
-0.511840,0.389068,2.427429
-0.847769,0.105674,2.327219
-0.342691,0.175208,2.377773
-0.778508,-0.106599,2.377773
-0.272604,0.005024,2.162431
-0.750392,-0.183041,2.130767
-0.264468,-0.063541,2.154844
-0.601227,0.120145,2.430590
-0.580538,0.057743,2.360032
-0.635135,-0.022931,2.339687
-0.497965,0.002778,2.339038
-0.582152,-0.482037,2.228228
-0.324386,-0.306125,2.111189
-0.556252,-0.821999,2.080857
-0.344424,-0.613604,2.192031
-0.540820,-0.866680,1.995517
-0.321759,-0.679421,2.148330
-0.737764,0.714689,2.480336
-0.687723,0.523770,2.452448
-0.824576,0.341301,2.397992
-0.518532,0.390346,2.401623
-0.852024,0.106059,2.303862
-0.342574,0.178776,2.357249
-0.780150,-0.105578,2.357249
-0.269896,0.009982,2.138853
-0.751293,-0.182191,2.106950
-0.261102,-0.057150,2.135594
-0.603956,0.121522,2.407930
-0.583306,0.059173,2.337412
-0.637029,-0.022559,2.318705
-0.500493,0.006198,2.315246
-0.580037,-0.480157,2.214208
-0.305582,-0.258283,2.032468
-0.554343,-0.821187,2.075903
-0.314508,-0.558428,2.093207
-0.538757,-0.864765,1.990674
-0.287501,-0.624021,2.046242
-0.748293,0.714585,2.455404
-0.695240,0.524463,2.429831
-0.830796,0.340633,2.378447
-0.524670,0.391403,2.378426
-0.855862,0.106296,2.283215
-0.342633,0.181988,2.338713
-0.781565,-0.105045,2.338713
-0.267287,0.014602,2.118522
-0.752189,-0.181790,2.086498
-0.257194,-0.051826,2.118768
-0.607088,0.122798,2.387251
-0.586646,0.060549,2.316731
-0.639952,-0.022340,2.299304
-0.503394,0.009361,2.293634
-0.578104,-0.478478,2.201502
-0.290067,-0.216097,1.965607
-0.553014,-0.820620,2.074014
-0.284934,-0.503213,1.999361
-0.537597,-0.863100,1.988937
-0.259215,-0.580656,1.965221
-0.757725,0.714399,2.432909
-0.702005,0.525023,2.409597
-0.836671,0.339990,2.360924
-0.530191,0.392268,2.357637
-0.859272,0.106326,2.265005
-0.343048,0.184904,2.322028
-0.782949,-0.105318,2.322028
-0.264852,0.018909,2.100592
-0.753303,-0.181894,2.068714
-0.253384,-0.047158,2.104407
-0.610405,0.123968,2.368530
-0.590351,0.061831,2.297971
-0.643532,-0.022222,2.281634
-0.506706,0.012226,2.274017
-0.576385,-0.476942,2.189941
-0.277304,-0.178771,1.908002
-0.552152,-0.820260,2.074698
-0.255022,-0.449323,1.906449
-0.537141,-0.861669,1.989797
-0.233621,-0.534802,1.883005
-0.766105,0.714156,2.412814
-0.708053,0.525405,2.391444
-0.842205,0.339378,2.345205
-0.535197,0.393004,2.339013
-0.862399,0.106197,2.248769
-0.343819,0.187512,2.307107
-0.784607,-0.106137,2.307107
-0.262795,0.022773,2.085172
-0.754640,-0.182588,2.053338
-0.249675,-0.042981,2.091910
-0.613755,0.125046,2.351692
-0.594149,0.063029,2.281126
-0.647486,-0.022140,2.265692
-0.510038,0.014838,2.256472
-0.574933,-0.475437,2.179446
-0.266547,-0.145686,1.858100
-0.551715,-0.820198,2.077716
-0.227521,-0.399311,1.823739
-0.537262,-0.860585,1.992954
-0.198121,-0.472849,1.789709
-0.773506,0.713923,2.394871
-0.713494,0.525673,2.375146
-0.847388,0.338827,2.331125
-0.539839,0.393586,2.322287
-0.865429,0.105886,2.234362
-0.345361,0.189888,2.294040
-0.787587,-0.108321,2.294040
-0.261121,0.026456,2.074022
-0.756724,-0.184256,2.041396
-0.246975,-0.037366,2.083812
-0.617200,0.125969,2.336558
-0.598134,0.064058,2.266029
-0.651764,-0.022138,2.251427
-0.513623,0.017072,2.240785
-0.573738,-0.473948,2.169965
-0.257561,-0.115877,1.814737
-0.551613,-0.820345,2.082430
-0.204091,-0.355066,1.752012
-0.537844,-0.859768,1.997810
-0.174878,-0.422189,1.711132
-0.780045,0.713696,2.378830
-0.718402,0.525859,2.360517
-0.852305,0.338294,2.318511
-0.544165,0.394044,2.307362
-0.868467,0.105315,2.221858
-0.347869,0.191998,2.283012
-0.791492,-0.111435,2.283012
-0.259827,0.030089,2.066913
-0.760772,-0.187399,2.035388
-0.246676,-0.027333,2.083766
-0.620702,0.126805,2.323045
-0.602219,0.065001,2.252613
-0.656430,-0.022151,2.238721
-0.517304,0.019053,2.226908
-0.572770,-0.472495,2.161419
-0.250641,-0.087792,1.777749
-0.551810,-0.820655,2.088470
-0.183369,-0.314079,1.688759
-0.538771,-0.859182,2.003962
-0.154675,-0.375179,1.642135
-0.785690,0.713528,2.364428
-0.722731,0.525972,2.347358
-0.856638,0.337750,2.307054
-0.548169,0.394174,2.294324
-0.872128,0.104177,2.212040
-0.352223,0.193334,2.274525
-0.800651,-0.117414,2.274525
-0.258912,0.033152,2.070657
-0.770620,-0.195081,2.042463
-0.244023,-0.021871,2.080388
-0.624222,0.127488,2.310985
-0.606226,0.065794,2.240686
-0.661055,-0.022189,2.227324
-0.520979,0.020702,2.214691
-0.571958,-0.470655,2.153645
-0.245564,-0.061731,1.747364
-0.552360,-0.821302,2.095233
-0.165045,-0.273229,1.631287
-0.539066,-0.858649,2.007287
-0.133672,-0.334192,1.584712
-0.790731,0.713335,2.351411
-0.726655,0.525977,2.335516
-0.860620,0.337240,2.296770
-0.551925,0.394016,2.283220
-0.876150,0.102655,2.204570
-0.357523,0.194045,2.268124
-0.810651,-0.123658,2.268124
-0.258421,0.035782,2.077948
-0.781284,-0.203321,2.053473
-0.241715,-0.017173,2.078598
-0.627630,0.128014,2.300238
-0.610064,0.066435,2.230091
-0.665501,-0.022266,2.217160
-0.524551,0.022036,2.203952
-0.571331,-0.468730,2.146722
-0.242217,-0.037936,1.723555
-0.553314,-0.821979,2.102412
-0.149149,-0.237434,1.581509
-0.539588,-0.858221,2.010967
-0.114795,-0.297287,1.534734
-0.794839,0.712853,2.339832
-0.730234,0.525811,2.324945
-0.864269,0.336750,2.287511
-0.555439,0.393496,2.274264
-0.880803,0.100611,2.199576
-0.363600,0.194097,2.263763
-0.822187,-0.130441,2.263763
-0.268748,0.038225,2.088717
-0.795200,-0.212286,2.069846
-0.243053,-0.012927,2.073086
-0.631001,0.128379,2.290678
-0.613769,0.066938,2.220666
-0.669753,-0.022362,2.207927
-0.528084,0.023069,2.194584
-0.570848,-0.466860,2.140498
-0.240531,-0.016553,1.706359
-0.554536,-0.822766,2.109906
-0.135083,-0.204174,1.537858
-0.540233,-0.857935,2.014964
-0.097689,-0.263067,1.491244
-0.797972,0.712122,2.329786
-0.733468,0.525451,2.315631
-0.867608,0.336282,2.279194
-0.558673,0.392548,2.267538
-0.885876,0.098191,2.196579
-0.370417,0.193221,2.261650
-0.835523,-0.137147,2.261650
-0.279438,0.040258,2.101829
-0.811397,-0.221288,2.087520
-0.244831,-0.009120,2.068160
-0.634287,0.128578,2.282210
-0.617288,0.067297,2.212311
-0.673695,-0.022503,2.199532
-0.531561,0.023800,2.186543
-0.570748,-0.465056,2.134736
-0.240428,0.002058,1.695541
-0.555860,-0.823626,2.117285
-0.122618,-0.174213,1.499641
-0.540918,-0.857774,2.019071
-0.081951,-0.231270,1.452714
-0.800195,0.711180,2.321228
-0.736340,0.524847,2.307578
-0.870695,0.335835,2.271799
-0.561582,0.391192,2.262970
-0.891096,0.095612,2.195160
-0.377699,0.191553,2.261359
-0.849354,-0.143488,2.261359
-0.295261,0.038684,2.115417
-0.827795,-0.230096,2.105267
-0.249101,-0.007055,2.064309
-0.637491,0.128643,2.274789
-0.620657,0.067545,2.204996
-0.677402,-0.022661,2.191993
-0.534972,0.024255,2.179780
-0.570728,-0.463301,2.129553
-0.241719,0.017648,1.690709
-0.557301,-0.824482,2.124648
-0.112040,-0.147010,1.467369
-0.542284,-0.858011,2.025838
-0.068205,-0.203941,1.417898
-0.801470,0.710024,2.314216
-0.738856,0.524013,2.300732
-0.873526,0.335419,2.265226
-0.564166,0.389463,2.260307
-0.896258,0.093111,2.193620
-0.385468,0.189040,2.262604
-0.862321,-0.148286,2.262604
-0.305764,0.038090,2.124410
-0.842483,-0.236900,2.116447
-0.254133,-0.005702,2.060970
-0.640565,0.128573,2.268274
-0.623824,0.067687,2.198562
-0.680828,-0.022820,2.185179
-0.538239,0.024434,2.174109
-0.570546,-0.462115,2.124810
-0.244022,0.029861,1.690835
-0.558913,-0.825892,2.132368
-0.103026,-0.124013,1.440436
-0.543803,-0.858966,2.033347
-0.056171,-0.181151,1.393481
-0.801956,0.708711,2.308622
-0.741042,0.522977,2.295042
-0.876071,0.335037,2.259369
-0.566408,0.387431,2.259379
-0.901163,0.091070,2.192248
-0.393530,0.186132,2.265189
-0.874361,-0.152496,2.265189
-0.316273,0.037142,2.132778
-0.855682,-0.242790,2.126168
-0.259750,-0.004919,2.058228
-0.643549,0.128384,2.262631
-0.626826,0.067732,2.192985
-0.684018,-0.022978,2.179072
-0.541386,0.024376,2.169496
-0.570449,-0.461048,2.120560
-0.246943,0.040122,1.695146
-0.560551,-0.827353,2.139895
-0.096153,-0.104755,1.420926
-0.545304,-0.860076,2.040944
-0.046098,-0.162772,1.377240
-0.801690,0.707271,2.304368
-0.742897,0.521759,2.290455
-0.878376,0.334686,2.254224
-0.568334,0.385213,2.259902
-0.905722,0.089305,2.191156
-0.401569,0.182978,2.268723
-0.884230,-0.156040,2.268723
-0.326843,0.035886,2.138816
-0.866374,-0.247664,2.133164
-0.265986,-0.004657,2.056020
-0.646423,0.128095,2.257801
-0.629666,0.067694,2.188210
-0.686985,-0.023131,2.173614
-0.544398,0.024113,2.165855
-0.570432,-0.460090,2.116769
-0.250389,0.048194,1.702734
-0.562182,-0.828821,2.147159
-0.091924,-0.091092,1.410527
-0.546366,-0.860772,2.046556
-0.039636,-0.152208,1.372987
-0.800762,0.705746,2.301338
-0.744440,0.520397,2.286906
-0.880452,0.334364,2.249743
-0.569980,0.382874,2.261619
-0.909900,0.087803,2.190255
-0.409445,0.179682,2.272947
-0.892693,-0.159139,2.272947
-0.337254,0.034391,2.143775
-0.875528,-0.251912,2.139005
-0.272610,-0.004839,2.054287
-0.649205,0.127716,2.253735
-0.632371,0.067579,2.184193
-0.689766,-0.023279,2.168754
-0.547304,0.023667,2.163128
-0.570561,-0.459128,2.113391
-0.254264,0.054265,1.712843
-0.563777,-0.830257,2.154083
-0.090886,-0.084180,1.409556
-0.547388,-0.861497,2.051976
-0.036123,-0.148891,1.378474
-0.799179,0.704167,2.299462
-0.745695,0.518926,2.284244
-0.882285,0.334097,2.245767
-0.571350,0.380468,2.264329
-0.913507,0.086709,2.189101
-0.417051,0.176344,2.277647
-0.899674,-0.161766,2.277647
-0.347592,0.032709,2.147578
-0.883225,-0.255368,2.143123
-0.290404,-0.010275,2.053355
-0.651887,0.127290,2.250325
-0.634921,0.067430,2.180833
-0.692359,-0.023377,2.164426
-0.550062,0.023086,2.161173
-0.570755,-0.458302,2.110404
-0.258618,0.055991,1.725448
-0.565311,-0.831650,2.160643
-0.092526,-0.087068,1.419862
-0.548339,-0.862241,2.057202
-0.037701,-0.147750,1.382918
-0.797061,0.702616,2.298541
-0.746661,0.517392,2.282332
-0.883903,0.333868,2.242215
-0.572467,0.378047,2.267812
-0.916746,0.085873,2.188000
-0.424282,0.173019,2.282637
-0.905625,-0.163263,2.282637
-0.357676,0.030895,2.149845
-0.888900,-0.256772,2.143883
-0.302037,-0.013309,2.052212
-0.654453,0.126827,2.247490
-0.637309,0.067248,2.178061
-0.694784,-0.023453,2.160607
-0.552645,0.022411,2.159849
-0.571043,-0.457555,2.107795
-0.262418,0.059109,1.738316
-0.566781,-0.832864,2.166740
-0.095907,-0.095952,1.437189
-0.549225,-0.862915,2.062160
-0.046272,-0.163251,1.409280
-0.794453,0.701094,2.298530
-0.747382,0.515838,2.281084
-0.885311,0.333679,2.239064
-0.573354,0.375656,2.271904
-0.919664,0.085199,2.186983
-0.431103,0.169761,2.287724
-0.910570,-0.164012,2.287724
-0.367487,0.029001,2.150991
-0.893118,-0.257139,2.142897
-0.313619,-0.016543,2.051315
-0.656900,0.126341,2.245172
-0.639534,0.067041,2.175817
-0.697031,-0.023501,2.157231
-0.555062,0.021655,2.159115
-0.571420,-0.456885,2.105536
-0.266116,0.061035,1.751678
-0.568149,-0.833995,2.172407
-0.100371,-0.107672,1.458058
-0.550184,-0.863847,2.068054
-0.056098,-0.182270,1.438588
-0.791503,0.699619,2.299266
-0.747902,0.514280,2.280394
-0.886563,0.333501,2.236249
-0.574048,0.373334,2.276221
-0.922291,0.084631,2.186037
-0.437492,0.166652,2.292786
-0.913881,-0.163676,2.292786
-0.376993,0.027094,2.150392
-0.894261,-0.255412,2.138632
-0.325126,-0.020081,2.050291
-0.659185,0.125859,2.243287
-0.641565,0.066840,2.174013
-0.699080,-0.023528,2.154239
-0.557242,0.020911,2.158804
-0.571846,-0.456306,2.103590
-0.269550,0.062003,1.764916
-0.569431,-0.835097,2.177686
-0.105264,-0.121297,1.481741
-0.551065,-0.864837,2.073745
-0.066816,-0.203281,1.469933
-0.788363,0.698233,2.300503
-0.748259,0.512749,2.280103
-0.887657,0.333340,2.233792
-0.574558,0.371093,2.280687
-0.924666,0.084199,2.185225
-0.443471,0.163717,2.297589
-0.915796,-0.162546,2.297589
-0.386081,0.025173,2.148561
-0.893728,-0.252775,2.132910
-0.336319,-0.023678,2.049367
-0.661315,0.125385,2.241780
-0.643422,0.066641,2.172605
-0.700963,-0.023536,2.151620
-0.559213,0.020174,2.158842
-0.572291,-0.455829,2.101932
-0.272716,0.062199,1.777796
-0.570615,-0.836114,2.182557
-0.109624,-0.137297,1.505852
-0.551779,-0.865569,2.078283
-0.076486,-0.224042,1.499882
-0.785107,0.696930,2.302169
-0.748483,0.511230,2.280132
-0.888610,0.333196,2.231670
-0.574913,0.368962,2.285257
-0.926814,0.083882,2.184539
-0.448967,0.160987,2.302184
-0.916583,-0.160823,2.302184
-0.394686,0.023280,2.145849
-0.891817,-0.249389,2.126208
-0.347067,-0.027275,2.048557
-0.663299,0.124923,2.240618
-0.645117,0.066450,2.171560
-0.702689,-0.023525,2.149339
-0.560993,0.019448,2.159208
-0.572754,-0.455440,2.100535
-0.275634,0.061774,1.790190
-0.571721,-0.837055,2.187046
-0.112746,-0.153503,1.528669
-0.552441,-0.866269,2.082530
-0.078964,-0.235936,1.517958
-0.781815,0.695704,2.304115
-0.748593,0.509743,2.280466
-0.889471,0.333094,2.229885
-0.575137,0.366939,2.289812
-0.928754,0.083665,2.183980
-0.453989,0.158448,2.306519
-0.916515,-0.158657,2.306519
-0.402705,0.021456,2.142690
-0.888890,-0.245552,2.119017
-0.357185,-0.030842,2.047719
-0.665144,0.124495,2.239744
-0.646666,0.066297,2.170813
-0.704276,-0.023485,2.147335
-0.562592,0.018746,2.159847
-0.573215,-0.455104,2.099360
-0.278583,0.057930,1.803103
-0.572755,-0.837894,2.191141
-0.113547,-0.165197,1.547730
-0.553142,-0.867059,2.087096
-0.081815,-0.244691,1.532321
-0.778584,0.694533,2.306188
-0.748597,0.508290,2.281074
-0.890236,0.333020,2.228422
-0.575282,0.365045,2.294217
-0.930442,0.083364,2.183494
-0.458485,0.156095,2.310458
-0.915941,-0.156562,2.310458
-0.410041,0.019722,2.139775
-0.885818,-0.242198,2.112790
-0.366536,-0.034312,2.046824
-0.666846,0.124089,2.239115
-0.648072,0.066163,2.170315
-0.705727,-0.023425,2.145594
-0.564018,0.018078,2.160624
-0.573635,-0.454809,2.098386
-0.281148,0.055785,1.814214
-0.573727,-0.838648,2.194872
-0.114826,-0.173135,1.566187
-0.553835,-0.867791,2.091352
-0.084715,-0.251084,1.545912
-0.775440,0.693408,2.308362
-0.748506,0.506877,2.281888
-0.890909,0.332965,2.227258
-0.575364,0.363294,2.298421
-0.931900,0.083049,2.183145
-0.462522,0.153971,2.313951
-0.915186,-0.154600,2.313951
-0.416777,0.018067,2.137236
-0.882996,-0.239315,2.107560
-0.375216,-0.037671,2.045902
-0.668416,0.123700,2.238717
-0.649349,0.066042,2.170055
-0.707059,-0.023348,2.144115
-0.565294,0.017436,2.161541
-0.573951,-0.454069,2.097584
-0.283466,0.053454,1.824539
-0.574624,-0.839219,2.198216
-0.115654,-0.180062,1.583076
-0.554500,-0.868282,2.095185
-0.087171,-0.256622,1.558151
-0.772377,0.692349,2.310645
-0.748333,0.505495,2.282902
-0.891494,0.332929,2.226382
-0.575381,0.361660,2.302448
-0.933143,0.082717,2.182990
-0.466066,0.151989,2.317066
-0.914972,-0.153310,2.317066
-0.422174,0.017151,2.135673
-0.881458,-0.237535,2.104128
-0.381946,-0.040189,2.043140
-0.669856,0.123323,2.238498
-0.650501,0.065930,2.169968
-0.708271,-0.023256,2.142844
-0.566428,0.016817,2.162506
-0.574248,-0.453269,2.096956
-0.285385,0.049913,1.834661
-0.575451,-0.839717,2.201253
-0.114522,-0.185988,1.595926
-0.555126,-0.868709,2.098718
-0.084694,-0.258009,1.568072
-0.769404,0.691339,2.312991
-0.748077,0.504146,2.284092
-0.891968,0.332863,2.225755
-0.575346,0.360136,2.306282
-0.934186,0.082328,2.183084
-0.469202,0.150147,2.319913
-0.914760,-0.152208,2.319913
-0.427509,0.013512,2.134330
-0.880067,-0.236010,2.101118
-0.388575,-0.046045,2.041401
-0.671160,0.122940,2.238401
-0.651523,0.065802,2.169985
-0.709362,-0.023165,2.141752
-0.567431,0.016221,2.163436
-0.574526,-0.452428,2.096486
-0.286890,0.045886,1.844190
-0.576219,-0.840156,2.204013
-0.113139,-0.191269,1.607500
-0.555659,-0.869102,2.101746
-0.081158,-0.257773,1.576538
-0.766535,0.690388,2.315394
-0.747747,0.502792,2.285463
-0.892324,0.332761,2.225380
-0.575258,0.358717,2.309947
-0.935105,0.081951,2.183461
-0.471990,0.148433,2.322532
-0.914763,-0.151723,2.322532
-0.432103,0.009624,2.133441
-0.879008,-0.235151,2.098819
-0.394408,-0.052444,2.039533
-0.672342,0.122552,2.238428
-0.652429,0.065670,2.170107
-0.710338,-0.023070,2.140820
-0.568318,0.015653,2.164340
-0.574687,-0.452012,2.096020
-0.288024,0.041263,1.853188
-0.576937,-0.840639,2.206557
-0.111461,-0.195607,1.617651
-0.556163,-0.869547,2.104578
-0.076136,-0.255389,1.582974
-0.763790,0.689440,2.317824
-0.747360,0.501378,2.287030
-0.892563,0.332579,2.225307
-0.575126,0.357361,2.313413
-0.935939,0.081527,2.184164
-0.474465,0.146822,2.324933
-0.914830,-0.151400,2.324933
-0.436077,0.005568,2.132771
-0.878274,-0.234757,2.097115
-0.399550,-0.059245,2.037521
-0.673409,0.122165,2.238563
-0.653236,0.065543,2.170314
-0.711219,-0.022966,2.140054
-0.569111,0.015153,2.165119
-0.574784,-0.452723,2.095966
-0.288774,0.035967,1.861606
-0.577595,-0.841086,2.208869
-0.109578,-0.199778,1.626670
-0.556702,-0.871023,2.109724
-0.070733,-0.252584,1.588077
-0.761099,0.688441,2.320438
-0.746907,0.499948,2.288754
-0.892661,0.332313,2.225557
-0.574946,0.356064,2.316707
-0.936703,0.080977,2.185247
-0.476635,0.145301,2.327136
-0.914982,-0.151251,2.327136
-0.439635,0.002479,2.132321
-0.878008,-0.234831,2.096063
-0.404047,-0.066384,2.035410
-0.674364,0.121779,2.238791
-0.653945,0.065418,2.170595
-0.712001,-0.022852,2.139429
-0.569812,0.014687,2.165865
-0.574918,-0.453438,2.095957
-0.289224,0.029605,1.869591
-0.578200,-0.841499,2.210970
-0.107250,-0.204634,1.634682
-0.557186,-0.872612,2.114937
-0.065627,-0.251521,1.592377
-0.758523,0.687429,2.323138
-0.746364,0.498474,2.290670
-0.892650,0.331983,2.226112
-0.574734,0.354841,2.319803
-0.937409,0.080266,2.186630
-0.478506,0.143847,2.329169
-0.915267,-0.151203,2.329169
-0.428347,-0.003292,2.132116
-0.878028,-0.235144,2.095474
-0.399664,-0.071309,2.048993
-0.675208,0.121395,2.239107
-0.654559,0.065300,2.170946
-0.712688,-0.022727,2.138928
-0.570423,0.014258,2.166583
-0.575057,-0.454186,2.096023
-0.289605,0.025384,1.876343
-0.578754,-0.841883,2.212881
-0.103257,-0.210153,1.641078
-0.557612,-0.874285,2.120160
-0.058805,-0.250485,1.594635
-0.756081,0.686451,2.325822
-0.745742,0.497011,2.292752
-0.892510,0.331600,2.226952
-0.574511,0.353705,2.322673
-0.938037,0.079541,2.188213
-0.480081,0.142459,2.331034
-0.915615,-0.151263,2.331034
-0.416612,-0.008870,2.132080
-0.878360,-0.235711,2.095320
-0.394146,-0.075931,2.063200
-0.675942,0.121014,2.239498
-0.655081,0.065185,2.171353
-0.713275,-0.022589,2.138537
-0.570955,0.013861,2.167280
-0.575229,-0.454499,2.095973
-0.289380,0.016699,1.882611
-0.579229,-0.842217,2.214604
-0.099791,-0.219224,1.648870
-0.557769,-0.875898,2.125312
-0.053593,-0.252917,1.598607
-0.753754,0.685520,2.328524
-0.745000,0.495605,2.294989
-0.892245,0.331199,2.228097
-0.574269,0.352653,2.325349
-0.938570,0.078810,2.189937
-0.481390,0.141148,2.332741
-0.915972,-0.151418,2.332741
-0.404755,-0.014186,2.132181
-0.878862,-0.236476,2.095489
-0.387654,-0.080257,2.078398
-0.676519,0.120662,2.240001
-0.655459,0.065106,2.171866
-0.713707,-0.022399,2.138306
-0.571366,0.013515,2.168008
-0.575411,-0.454776,2.095959
-0.288271,0.006233,1.887785
-0.579656,-0.842520,2.216170
-0.097578,-0.232283,1.658331
-0.558060,-0.876783,2.128502
-0.049112,-0.258626,1.603571
-0.751499,0.684678,2.331264
-0.744097,0.494289,2.297287
-0.891848,0.330820,2.229490
-0.573982,0.351694,2.327823
-0.938999,0.078097,2.191790
-0.482188,0.139766,2.334255
-0.916301,-0.151606,2.334255
-0.393081,-0.020103,2.132354
-0.879383,-0.237281,2.095811
-0.380598,-0.084961,2.093992
-0.676924,0.120342,2.240598
-0.655686,0.065057,2.172471
-0.713988,-0.022175,2.138220
-0.571644,0.013217,2.168759
-0.575632,-0.455074,2.096053
-0.286839,-0.007570,1.892419
-0.580041,-0.842797,2.217595
-0.095959,-0.252655,1.671622
-0.558323,-0.877586,2.131397
-0.044935,-0.274087,1.612003
-0.749133,0.684086,2.334122
-0.742987,0.493156,2.299694
-0.891273,0.330550,2.231116
-0.573619,0.350855,2.330077
-0.939212,0.077471,2.193755
-0.482415,0.138189,2.335466
-0.916455,-0.151672,2.335466
-0.383628,-0.025455,2.132420
-0.879513,-0.237644,2.095767
-0.376995,-0.088234,2.105331
-0.677154,0.120065,2.241306
-0.655767,0.065043,2.173169
-0.714124,-0.021915,2.138277
-0.571798,0.012972,2.169538
-0.575971,-0.455458,2.096418
-0.285228,-0.027930,1.897219
-0.580391,-0.843044,2.218892
-0.097695,-0.286062,1.691918
-0.558566,-0.878308,2.134026
-0.045015,-0.306045,1.627315
-0.746815,0.683606,2.336920
-0.741757,0.492160,2.302069
-0.890436,0.330390,2.232894
-0.573171,0.350144,2.332146
-0.939251,0.076979,2.195722
-0.482246,0.136576,2.336464
-0.916516,-0.151721,2.336464
-0.375341,-0.030791,2.132450
-0.879578,-0.237894,2.095700
-0.369914,-0.092886,2.120243
-0.677218,0.119835,2.242099
-0.655702,0.065065,2.173948
-0.714096,-0.021614,2.138467
-0.571824,0.012785,2.170356
-0.576405,-0.455919,2.097032
-0.284081,-0.049030,1.901844
-0.580723,-0.843055,2.220062
-0.101954,-0.326332,1.714294
-0.558838,-0.878763,2.136413
-0.048261,-0.347242,1.645347
-0.744369,0.683285,2.339574
-0.740334,0.491371,2.304320
-0.889497,0.330307,2.234720
-0.572549,0.349548,2.334000
-0.939032,0.076714,2.197574
-0.481606,0.134895,2.337183
-0.916288,-0.151695,2.337183
-0.368164,-0.035846,2.132416
-0.879468,-0.238039,2.095558
-0.362854,-0.098414,2.132872
-0.676895,0.119713,2.243059
-0.655250,0.065184,2.174911
-0.713727,-0.021278,2.138785
-0.571303,0.012746,2.171497
-0.576901,-0.456457,2.098118
-0.285108,-0.075457,1.908419
-0.581007,-0.843143,2.221148
-0.113292,-0.379587,1.744838
-0.559072,-0.879244,2.138597
-0.062083,-0.407201,1.675383
-0.741799,0.683271,2.342041
-0.738680,0.490853,2.306414
-0.888344,0.330404,2.236486
-0.571606,0.349178,2.335599
-0.938349,0.076730,2.199259
-0.480461,0.133177,2.337523
-0.915447,-0.151301,2.337523
-0.361632,-0.040513,2.132195
-0.879122,-0.238039,2.095366
-0.356578,-0.104735,2.143447
-0.676261,0.119690,2.244147
-0.654516,0.065359,2.176002
-0.713022,-0.020912,2.139242
-0.570529,0.012774,2.172780
-0.577674,-0.457820,2.100458
-0.288962,-0.108407,1.916684
-0.581246,-0.843253,2.222161
-0.131472,-0.440537,1.781721
-0.559271,-0.879717,2.140596
-0.089559,-0.480298,1.718066
-0.738885,0.683647,2.344307
-0.736648,0.490672,2.308259
-0.886835,0.330848,2.238163
-0.570159,0.349123,2.336842
-0.937267,0.077022,2.200881
-0.478683,0.131415,2.337355
-0.913950,-0.150674,2.337355
-0.355467,-0.045247,2.131656
-0.878232,-0.237719,2.094950
-0.350624,-0.110770,2.152969
-0.675162,0.119818,2.245300
-0.653330,0.065623,2.177178
-0.711818,-0.020457,2.139818
-0.569361,0.012850,2.174164
-0.578601,-0.459548,2.103348
-0.295416,-0.149010,1.927443
-0.581448,-0.843355,2.223102
-0.155449,-0.504202,1.822419
-0.559446,-0.880149,2.142420
-0.125129,-0.557542,1.767702
-0.735434,0.684408,2.346100
-0.733859,0.490922,2.309704
-0.884869,0.331623,2.239687
-0.567986,0.349558,2.337623
-0.935609,0.077606,2.202258
-0.476263,0.129703,2.336544
-0.911554,-0.149566,2.336544
-0.349557,-0.050042,2.130606
-0.876401,-0.236755,2.093964
-0.345121,-0.116366,2.161229
-0.673572,0.120127,2.246418
-0.651724,0.065984,2.178339
-0.710243,-0.019914,2.140446
-0.567801,0.012972,2.175530
-0.579660,-0.461491,2.106658
-0.303203,-0.190297,1.939623
-0.581613,-0.843456,2.223984
-0.180361,-0.564060,1.861722
-0.559603,-0.880545,2.144087
-0.165841,-0.629215,1.817409
-0.731699,0.685399,2.347533
-0.730686,0.491440,2.310873
-0.882289,0.332731,2.240979
-0.565144,0.350320,2.337893
-0.933460,0.078447,2.203419
-0.473097,0.127974,2.334967
-0.908575,-0.148151,2.334967
-0.343816,-0.054910,2.129146
-0.874084,-0.235491,2.092670
-0.339874,-0.121863,2.168456
-0.671624,0.120529,2.247447
-0.649767,0.066393,2.179432
-0.708322,-0.019298,2.141065
-0.565910,0.013095,2.176822
-0.580787,-0.463547,2.110192
-0.311052,-0.229113,1.951516
-0.581738,-0.843556,2.224828
-0.202481,-0.615358,1.895666
-0.560010,-0.882132,2.147887
-0.200388,-0.689108,1.858911
-0.727236,0.686937,2.348181
-0.726334,0.492543,2.311158
-0.879432,0.334030,2.242054
-0.560924,0.351751,2.336863
-0.930465,0.079773,2.204055
-0.468757,0.126288,2.332035
-0.904707,-0.146223,2.332035
-0.338286,-0.059888,2.127054
-0.871104,-0.233817,2.090894
-0.334831,-0.127131,2.174367
-0.669095,0.121179,2.248293
-0.647489,0.066913,2.180360
-0.706173,-0.018601,2.141624
-0.563713,0.013249,2.177929
-0.581946,-0.465637,2.113820
-0.319475,-0.267216,1.964999
-0.581833,-0.843649,2.225616
-0.222334,-0.659526,1.925477
-0.560448,-0.883821,2.151761
-0.229979,-0.739528,1.894064
-0.722291,0.688766,2.348153
-0.721442,0.493926,2.310858
-0.875976,0.335645,2.242771
-0.555982,0.353467,2.335024
-0.927105,0.081303,2.204403
-0.463494,0.124518,2.327995
-0.900376,-0.144068,2.327995
-0.332908,-0.064897,2.124599
-0.867705,-0.231918,2.088836
-0.329920,-0.132216,2.179139
-0.666123,0.121959,2.248869
-0.644841,0.067507,2.181065
-0.703717,-0.017822,2.142045
-0.561168,0.013412,2.178815
-0.583125,-0.467833,2.117564
-0.327365,-0.301871,1.977779
-0.581897,-0.843739,2.226353
-0.239688,-0.697573,1.951357
-0.560656,-0.884521,2.153752
-0.255017,-0.782349,1.923881
-0.715575,0.691515,2.346484
-0.714997,0.495912,2.309060
-0.870699,0.338011,2.242272
-0.549371,0.355721,2.331371
-0.922944,0.083126,2.204085
-0.456481,0.122510,2.321606
-0.895491,-0.141710,2.321606
-0.327112,-0.069965,2.121586
-0.863765,-0.229803,2.086297
-0.324422,-0.137559,2.181445
-0.662425,0.122910,2.248860
-0.641569,0.068162,2.181282
-0.700743,-0.016929,2.142118
-0.558114,0.013549,2.179258
-0.584261,-0.470065,2.121300
-0.334801,-0.334167,1.990851
-0.581934,-0.843824,2.227043
-0.254655,-0.730604,1.973814
-0.560841,-0.885155,2.155562
-0.276330,-0.819208,1.949360
-0.708237,0.694465,2.343880
-0.707387,0.498124,2.306039
-0.864943,0.340546,2.241298
-0.542067,0.358192,2.326749
-0.918204,0.085034,2.203220
-0.448910,0.120647,2.314341
-0.890145,-0.139331,2.314341
-0.321165,-0.074924,2.118095
-0.859441,-0.227595,2.083460
-0.318794,-0.142997,2.182050
-0.658020,0.123974,2.248345
-0.637744,0.068850,2.181082
-0.697264,-0.015979,2.141834
-0.554611,0.013655,2.179368
-0.585310,-0.472268,2.124890
-0.341453,-0.362770,2.002719
-0.581948,-0.843904,2.227687
-0.267628,-0.759554,1.993466
-0.561008,-0.885730,2.157207
-0.294299,-0.851538,1.971463
-0.700071,0.697747,2.340066
-0.699046,0.500468,2.302110
-0.858457,0.343241,2.239632
-0.533875,0.360804,2.320963
-0.912922,0.087022,2.201821
-0.440417,0.118840,2.305631
-0.884556,-0.136966,2.305631
-0.314995,-0.079712,2.114315
-0.854903,-0.225367,2.080379
-0.312855,-0.148343,2.180538
-0.652946,0.125083,2.247278
-0.633337,0.069528,2.180389
-0.693307,-0.015008,2.141205
-0.550536,0.013691,2.178966
-0.586221,-0.474391,2.128236
-0.347317,-0.388063,2.013350
-0.581942,-0.843980,2.228286
-0.278993,-0.785298,2.010904
-0.561159,-0.886250,2.158699
-0.310087,-0.880460,1.991133
-0.688675,0.701432,2.332557
-0.688098,0.503144,2.295384
-0.849503,0.346336,2.235678
-0.522730,0.363692,2.312294
-0.905788,0.089169,2.198560
-0.429587,0.117040,2.293676
-0.878146,-0.134745,2.293676
-0.307119,-0.084684,2.109653
-0.849910,-0.223281,2.076840
-0.304855,-0.154427,2.172978
-0.645792,0.126287,2.244634
-0.626951,0.070155,2.178281
-0.687589,-0.014053,2.139359
-0.544426,0.013474,2.177237
-0.586919,-0.476329,2.131168
-0.352058,-0.410473,2.022455
-0.581912,-0.844052,2.228846
-0.288936,-0.809200,2.026466
-0.561287,-0.886717,2.160047
-0.323900,-0.906901,2.008117
-0.675343,0.705134,2.322312
-0.674657,0.505792,2.285641
-0.838824,0.349710,2.229947
-0.509285,0.366355,2.301232
-0.896605,0.091302,2.193123
-0.417247,0.115315,2.279760
-0.870300,-0.132908,2.279760
-0.298623,-0.088971,2.103342
-0.843575,-0.221553,2.072087
-0.295430,-0.160071,2.160899
-0.636313,0.127560,2.239878
-0.618357,0.070759,2.174215
-0.679776,-0.013116,2.135665
-0.536151,0.013037,2.173721
-0.587392,-0.478140,2.133694
-0.355886,-0.430282,2.030061
-0.581861,-0.844120,2.229364
-0.297922,-0.830828,2.040528
-0.561397,-0.887134,2.161260
-0.336117,-0.930596,2.022810
-0.658156,0.708459,2.307522
-0.658569,0.508072,2.272970
-0.824121,0.352649,2.220185
-0.492782,0.369020,2.287156
-0.884376,0.093147,2.184350
-0.400597,0.112878,2.260808
-0.859985,-0.131746,2.260808
-0.287911,-0.093530,2.094314
-0.835700,-0.220108,2.065803
-0.284098,-0.166217,2.144353
-0.623737,0.128557,2.232082
-0.606450,0.071077,2.167078
-0.668801,-0.012434,2.129029
-0.524335,0.012143,2.167050
-0.587526,-0.479972,2.135834
-0.359117,-0.447997,2.036606
-0.581790,-0.844185,2.229839
-0.306055,-0.850483,2.053189
-0.561772,-0.888505,2.164037
-0.346643,-0.951635,2.035152
-0.639037,0.711777,2.290230
-0.639386,0.510113,2.256907
-0.806902,0.355677,2.207896
-0.473121,0.371588,2.269874
-0.868391,0.095075,2.172251
-0.382037,0.110283,2.239450
-0.846218,-0.130637,2.239450
-0.275454,-0.098178,2.081768
-0.823999,-0.218459,2.055402
-0.270682,-0.171994,2.123642
-0.608196,0.129544,2.221193
-0.591756,0.071359,2.156938
-0.655034,-0.011753,2.119440
-0.509936,0.011147,2.157511
-0.587066,-0.481921,2.137350
-0.361581,-0.464044,2.042115
-0.581686,-0.844251,2.230261
-0.313367,-0.868273,2.064420
-0.562213,-0.889881,2.166652
-0.355436,-0.969830,2.044911
-0.616109,0.714982,2.268546
-0.617964,0.512122,2.238359
-0.786904,0.358650,2.192549
-0.451145,0.374367,2.249295
-0.848088,0.096800,2.156013
-0.360116,0.108155,2.214503
-0.828004,-0.128881,2.214503
-0.259877,-0.102738,2.064724
-0.807323,-0.216630,2.040067
-0.255090,-0.177851,2.100291
-0.589691,0.130628,2.207362
-0.574129,0.071743,2.143825
-0.638382,-0.010985,2.107019
-0.492518,0.010298,2.144866
-0.585676,-0.483755,2.137603
-0.362927,-0.478274,2.046223
-0.581444,-0.844267,2.230531
-0.319870,-0.884217,2.074225
-0.562741,-0.891010,2.168873
-0.362537,-0.985090,2.052204
-0.594260,0.717901,2.247642
-0.596021,0.514167,2.219100
-0.766343,0.361758,2.176444
-0.428888,0.377001,2.228818
-0.827450,0.098644,2.139150
-0.339004,0.106419,2.190550
-0.809052,-0.127050,2.190550
-0.244646,-0.106401,2.047020
-0.789800,-0.214707,2.023896
-0.239332,-0.182771,2.076603
-0.570904,0.131827,2.192873
-0.556173,0.072232,2.130039
-0.621475,-0.010139,2.094029
-0.474755,0.009529,2.131475
-0.583659,-0.485506,2.136984
-0.363327,-0.490707,2.049110
-0.581069,-0.844182,2.230592
-0.325548,-0.898325,2.082539
-0.563191,-0.891963,2.170811
-0.367889,-0.997462,2.057034
-0.569982,0.721300,2.224359
-0.571900,0.516510,2.197748
-0.743340,0.365098,2.158039
-0.404543,0.379930,2.205687
-0.802663,0.101960,2.118327
-0.315791,0.105325,2.164584
-0.784056,-0.123873,2.164584
-0.228752,-0.108924,2.024145
-0.765408,-0.211501,2.001016
-0.222424,-0.186527,2.051622
-0.549430,0.133219,2.175530
-0.535654,0.072902,2.113340
-0.602147,-0.009069,2.078546
-0.454424,0.009073,2.114747
-0.580216,-0.487136,2.133607
-0.362380,-0.500998,2.050317
-0.580461,-0.843907,2.230225
-0.330438,-0.910547,2.089386
-0.562912,-0.891926,2.170689
-0.371754,-1.006950,2.059602
-0.545196,0.724370,2.200020
-0.547386,0.518873,2.176020
-0.719554,0.368149,2.138687
-0.379933,0.382869,2.182518
-0.776026,0.104906,2.096030
-0.292389,0.104739,2.138996
-0.754613,-0.118576,2.138996
-0.210532,-0.110438,1.997536
-0.735404,-0.205731,1.972941
-0.205020,-0.189804,2.025868
-0.527113,0.134762,2.157089
-0.514163,0.073788,2.095407
-0.581750,-0.007856,2.061800
-0.433035,0.008939,2.096578
-0.575692,-0.488348,2.127738
-0.360040,-0.509047,2.049855
-0.579572,-0.843149,2.228953
-0.334480,-0.920841,2.094736
-0.562321,-0.891043,2.168939
-0.374010,-1.013593,2.059988
-0.522007,0.727076,2.177198
-0.524095,0.520982,2.155313
-0.695986,0.371085,2.119419
-0.356387,0.385519,2.160308
-0.749907,0.107562,2.074216
-0.269410,0.103934,2.114142
-0.726540,-0.113742,2.114142
-0.193523,-0.111832,1.972074
-0.706438,-0.200210,1.946005
-0.187912,-0.192373,2.000386
-0.505473,0.136171,2.138941
-0.493183,0.074618,2.077632
-0.561705,-0.006685,2.045196
-0.412173,0.008905,2.078439
-0.570473,-0.489193,2.120268
-0.356746,-0.515170,2.048200
-0.578496,-0.842049,2.227085
-0.337753,-0.929327,2.098675
-0.561493,-0.889578,2.166138
-0.374909,-1.017752,2.058494
-0.498429,0.729376,2.153779
-0.500788,0.523012,2.134725
-0.673238,0.373885,2.100740
-0.333047,0.387813,2.138298
-0.722344,0.110540,2.051061
-0.247417,0.103525,2.090461
-0.694996,-0.107474,2.090461
-0.176107,-0.112561,1.943350
-0.673361,-0.192804,1.915166
-0.170358,-0.194664,1.973751
-0.483413,0.137619,2.120057
-0.471814,0.075575,2.058994
-0.540962,-0.005363,2.027317
-0.391059,0.008999,2.059506
-0.563902,-0.489119,2.109773
-0.352455,-0.519489,2.045508
-0.577275,-0.840666,2.224585
-0.340200,-0.936036,2.101309
-0.560572,-0.887646,2.162298
-0.374559,-1.019623,2.055424
-0.476095,0.731265,2.131547
-0.478149,0.524745,2.114854
-0.650321,0.376318,2.081799
-0.310298,0.389666,2.116987
-0.695468,0.113096,2.028423
-0.226593,0.103356,2.067924
-0.665107,-0.101922,2.067924
-0.160147,-0.112956,1.915909
-0.640110,-0.186260,1.884112
-0.153599,-0.196260,1.947843
-0.461971,0.138839,2.101369
-0.450954,0.076377,2.040443
-0.520663,-0.004226,2.009413
-0.370504,0.009017,2.040654
-0.556699,-0.488659,2.097930
-0.347222,-0.522180,2.041991
-0.575791,-0.838858,2.221247
-0.341877,-0.941145,2.102786
-0.559328,-0.885095,2.157236
-0.373035,-1.019579,2.051098
-0.454135,0.732551,2.109736
-0.455972,0.526191,2.095420
-0.628341,0.378377,2.063482
-0.288374,0.391057,2.096355
-0.669938,0.115349,2.006900
-0.206979,0.103230,2.046583
-0.636504,-0.096533,2.046583
-0.145490,-0.113270,1.889454
-0.608558,-0.180084,1.854337
-0.138234,-0.197671,1.923558
-0.441072,0.139863,2.082964
-0.430674,0.077019,2.022159
-0.501029,-0.003255,1.991912
-0.350482,0.008960,2.021920
-0.547576,-0.486903,2.081864
-0.341006,-0.523401,2.037663
-0.573752,-0.836182,2.216100
-0.342890,-0.944741,2.103202
-0.557560,-0.881443,2.149848
-0.370682,-1.017883,2.045768
-0.434149,0.733550,2.089856
-0.435717,0.527448,2.077516
-0.607947,0.380192,2.046427
-0.268202,0.392208,2.077370
-0.646761,0.117386,1.987343
-0.188914,0.103055,2.026827
-0.610694,-0.091618,2.026827
-0.131882,-0.113400,1.865577
-0.580278,-0.174532,1.827534
-0.124321,-0.198851,1.901045
-0.421826,0.140748,2.065833
-0.411955,0.077562,2.005100
-0.482876,-0.002408,1.975608
-0.331976,0.008884,2.004366
-0.538296,-0.484492,2.064415
-0.333940,-0.523160,2.032563
-0.571284,-0.832745,2.209424
-0.343280,-0.946921,2.102660
-0.555371,-0.876889,2.140635
-0.367594,-1.014758,2.039643
-0.415821,0.734246,2.071637
-0.417113,0.528471,2.060914
-0.589417,0.381789,2.030890
-0.249697,0.393148,2.059804
-0.625735,0.119204,1.969615
-0.172475,0.102835,2.008694
-0.587746,-0.087297,2.008694
-0.119662,-0.113590,1.844298
-0.555331,-0.169723,1.803733
-0.111838,-0.200136,1.880421
-0.404126,0.141495,2.049983
-0.394789,0.077995,1.989326
-0.466230,-0.001680,1.960538
-0.314994,0.008741,1.988134
-0.528706,-0.481419,2.044895
-0.326449,-0.521875,2.027008
-0.568392,-0.828696,2.201319
-0.343097,-0.947884,2.101301
-0.552847,-0.871672,2.129836
-0.363975,-1.010560,2.032975
-0.398456,0.734580,2.054183
-0.399381,0.529258,2.044825
-0.571925,0.383184,2.016119
-0.232213,0.393870,2.042890
-0.606531,0.120719,1.953449
-0.157432,0.102622,1.991929
-0.567444,-0.083655,1.991929
-0.108695,-0.113803,1.825344
-0.533794,-0.165102,1.783146
-0.100692,-0.201372,1.861587
-0.387659,0.142125,2.035088
-0.378935,0.078308,1.974579
-0.450946,-0.001046,1.946602
-0.299348,0.008497,1.972946
-0.517008,-0.476177,2.018584
-0.318701,-0.519833,2.021139
-0.563561,-0.822594,2.187246
-0.342429,-0.947784,2.099245
-0.548566,-0.864273,2.112585
-0.360007,-1.005557,2.025959
-0.381944,0.734537,2.037437
-0.382580,0.529882,2.029347
-0.555780,0.384455,2.002379
-0.215759,0.394420,2.026684
-0.589245,0.121984,1.938879
-0.143625,0.102414,1.976354
-0.549717,-0.080619,1.976354
-0.098886,-0.114080,1.808738
-0.515609,-0.161329,1.765300
-0.090788,-0.202584,1.844463
-0.372271,0.142689,2.020988
-0.364246,0.078564,1.960693
-0.436902,-0.000454,1.933644
-0.284835,0.008167,1.958580
-0.503503,-0.468893,1.986921
-0.310844,-0.517193,2.015055
-0.555966,-0.813312,2.164468
-0.341337,-0.946724,2.096587
-0.541853,-0.853634,2.086357
-0.355829,-0.999917,2.018738
