-0.540916,0.716896,3.080181
-0.554331,0.510967,3.071542
-0.713353,0.360550,3.017290
-0.370445,0.384918,3.111215
-0.775990,0.102917,2.980683
-0.297862,0.100195,3.094596
-0.763583,-0.122744,3.094596
-0.233195,-0.108510,2.893767
-0.748122,-0.202688,2.859992
-0.228678,-0.183790,2.973457
-0.533418,0.121633,3.073474
-0.513250,0.055569,3.016161
-0.583803,-0.023519,2.981187
-0.429559,-0.019399,3.026910
-0.585900,-0.517870,3.057113
-0.371610,-0.537817,2.948107
-0.583566,-0.878790,3.101637
-0.321069,-0.874567,2.859761
-0.641839,-0.967247,3.064106
-0.290805,-0.930001,2.773671
-0.533529,0.716745,3.049951
-0.548398,0.511131,3.041474
-0.708252,0.360808,2.988149
-0.364806,0.384176,3.078629
-0.771959,0.105065,2.949397
-0.291808,0.099227,3.061235
-0.760756,-0.120161,3.061235
-0.226063,-0.111343,2.859274
-0.742608,-0.200801,2.821396
-0.221166,-0.187486,2.938593
-0.528489,0.121477,3.043578
-0.508640,0.055241,2.986192
-0.579511,-0.023568,2.951632
-0.425110,-0.020156,2.996773
-0.585109,-0.516997,3.021507
-0.370655,-0.537931,2.919523
-0.584415,-0.878324,3.091434
-0.321099,-0.874774,2.827499
-0.642030,-0.966826,3.057128
-0.290249,-0.929071,2.739893
-0.523900,0.716830,3.018615
-0.540753,0.511491,3.012542
-0.700907,0.361264,2.959699
-0.356619,0.383679,3.045087
-0.765635,0.107211,2.918900
-0.281697,0.101198,3.023738
-0.753610,-0.115925,3.023738
-0.213346,-0.111019,2.821704
-0.732743,-0.196281,2.777342
-0.209177,-0.188009,2.890367
-0.521763,0.121375,3.013961
-0.502475,0.055016,2.956318
-0.573761,-0.023383,2.922400
-0.418988,-0.020731,2.965931
-0.582730,-0.514904,2.977640
-0.369258,-0.538042,2.893685
-0.585275,-0.877201,3.075632
-0.321128,-0.874909,2.799062
-0.642393,-0.966119,3.046161
-0.289769,-0.928222,2.710246
-0.511996,0.717450,2.985581
-0.529758,0.511910,2.980540
-0.691774,0.361760,2.931238
-0.345938,0.383489,3.009271
-0.756752,0.109018,2.888975
-0.267536,0.106948,2.979741
-0.743711,-0.110695,2.979741
-0.195657,-0.099063,2.782490
-0.720309,-0.190917,2.731961
-0.189344,-0.175145,2.821231
-0.512514,0.121500,2.982274
-0.494336,0.054954,2.924699
-0.566406,-0.023014,2.892407
-0.410959,-0.021137,2.932910
-0.578857,-0.510812,2.925047
-0.367587,-0.538206,2.870472
-0.584519,-0.876146,3.045448
-0.321181,-0.874989,2.773798
-0.641019,-0.963218,3.012961
-0.289347,-0.927432,2.683837
-0.499353,0.717600,2.951105
-0.518677,0.512317,2.950997
-0.682294,0.362289,2.904413
-0.335127,0.383402,2.975730
-0.747449,0.110564,2.861180
-0.253209,0.113640,2.938099
-0.733857,-0.105833,2.938099
-0.175195,-0.078404,2.746378
-0.708342,-0.186113,2.690709
-0.167395,-0.149528,2.738914
-0.503176,0.121641,2.952689
-0.486091,0.054963,2.895045
-0.558935,-0.022619,2.864266
-0.402796,-0.021435,2.901660
-0.574802,-0.507575,2.876402
-0.365783,-0.538353,2.849604
-0.582717,-0.877440,2.991396
-0.321262,-0.874994,2.751076
-0.638940,-0.961799,2.953535
-0.288975,-0.926692,2.660015
-0.487389,0.717752,2.918615
-0.507094,0.512681,2.921346
-0.671830,0.362601,2.876199
-0.324328,0.383558,2.942729
-0.737740,0.111215,2.832174
-0.238277,0.121291,2.896317
-0.725069,-0.103550,2.896317
-0.149644,-0.037049,2.713474
-0.698441,-0.184457,2.654116
-0.147940,-0.121767,2.663346
-0.493178,0.121550,2.921554
-0.476999,0.054830,2.863464
-0.550339,-0.022426,2.833712
-0.394034,-0.021699,2.868588
-0.570127,-0.509829,2.827292
-0.363839,-0.538354,2.830496
-0.578486,-0.880562,2.912550
-0.321334,-0.874963,2.730487
-0.630863,-0.957973,2.857164
-0.288542,-0.926224,2.638865
-0.476459,0.717973,2.888922
-0.496379,0.512959,2.894472
-0.662018,0.362939,2.850423
-0.314292,0.383738,2.912334
-0.728659,0.111644,2.805972
-0.223475,0.130163,2.853286
-0.717163,-0.101771,2.853286
-0.124659,0.007317,2.684583
-0.690444,-0.181982,2.623627
-0.129261,-0.091088,2.592744
-0.483838,0.121466,2.893329
-0.468545,0.054719,2.834840
-0.542288,-0.022248,2.805924
-0.385923,-0.021914,2.838638
-0.565806,-0.512138,2.783669
-0.361789,-0.538185,2.813029
-0.573618,-0.881745,2.829441
-0.321340,-0.874924,2.712092
-0.622664,-0.955723,2.763321
-0.288059,-0.926009,2.620478
-0.466478,0.718258,2.861530
-0.486612,0.513158,2.869568
-0.653067,0.363351,2.826865
-0.305088,0.383984,2.883909
-0.720248,0.111918,2.782211
-0.209864,0.138350,2.814927
-0.710619,-0.100298,2.814927
-0.104756,0.051078,2.659108
-0.683834,-0.180269,2.596785
-0.106147,-0.021947,2.507932
-0.475203,0.121448,2.867325
-0.460802,0.054684,2.808502
-0.534864,-0.022040,2.780201
-0.378516,-0.022055,2.811234
-0.561692,-0.514187,2.744210
-0.359798,-0.537936,2.797152
-0.569205,-0.882866,2.757337
-0.321286,-0.874754,2.695989
-0.615406,-0.953568,2.682471
-0.287577,-0.925957,2.604791
-0.457643,0.718405,2.836431
-0.477637,0.513273,2.846506
-0.644928,0.363635,2.805082
-0.296758,0.384071,2.857573
-0.712637,0.111879,2.760153
-0.195544,0.147703,2.777087
-0.705084,-0.099494,2.777087
-0.087590,0.091953,2.636309
-0.678511,-0.179013,2.573317
-0.086364,0.049839,2.435156
-0.467315,0.121372,2.843185
-0.453770,0.054604,2.784034
-0.528125,-0.021905,2.756337
-0.371816,-0.022226,2.785720
-0.557867,-0.515807,2.707840
-0.357896,-0.537708,2.782791
-0.565358,-0.883811,2.695659
-0.321145,-0.874537,2.682169
-0.608996,-0.951604,2.613598
-0.287081,-0.926137,2.592004
-0.450155,0.718486,2.810576
-0.470099,0.513534,2.822856
-0.637887,0.363960,2.782306
-0.290065,0.384096,2.830487
-0.706700,0.111788,2.738975
-0.180115,0.160584,2.737138
-0.701156,-0.099070,2.737138
-0.072793,0.150840,2.615753
-0.674830,-0.178534,2.551895
-0.071836,0.145012,2.374638
-0.460731,0.121168,2.817683
-0.447996,0.054389,2.757958
-0.522554,-0.021867,2.730814
-0.366443,-0.022393,2.758410
-0.554934,-0.517144,2.670293
-0.355923,-0.537258,2.767938
-0.562073,-0.884799,2.642294
-0.320982,-0.874322,2.670488
-0.603640,-0.950344,2.555438
-0.286539,-0.926477,2.581817
-0.444800,0.718736,2.784869
-0.464312,0.513718,2.798288
-0.632452,0.364171,2.758295
-0.284847,0.384062,2.804328
-0.702594,0.111422,2.717909
-0.164878,0.177148,2.696781
-0.699035,-0.098950,2.696781
-0.064867,0.221224,2.595780
-0.672907,-0.178355,2.531870
-0.068545,0.257854,2.330620
-0.455772,0.121008,2.791388
-0.443641,0.054241,2.731105
-0.518361,-0.021790,2.704215
-0.362416,-0.022510,2.730603
-0.552542,-0.518061,2.636399
-0.353519,-0.536952,2.751378
-0.559033,-0.885182,2.596018
-0.320639,-0.874378,2.660313
-0.599066,-0.949096,2.506255
-0.285975,-0.927001,2.574093
-0.440840,0.718864,2.760135
-0.459844,0.513863,2.775063
-0.628356,0.364544,2.735526
-0.280941,0.384219,2.779442
-0.699394,0.111121,2.697791
-0.151457,0.193891,2.660030
-0.698018,-0.099081,2.660030
-0.065417,0.303165,2.576406
-0.672406,-0.178428,2.512732
-0.073179,0.365428,2.301065
-0.451905,0.121025,2.766407
-0.440338,0.054350,2.705549
-0.515219,-0.021529,2.678348
-0.359314,-0.022462,2.704533
-0.550697,-0.518976,2.606049
-0.350787,-0.536223,2.733243
-0.556494,-0.885489,2.555641
-0.320212,-0.874315,2.650623
-0.595397,-0.948097,2.464614
-0.285265,-0.927810,2.568470
-0.438082,0.718799,2.736631
-0.456751,0.513994,2.752669
-0.625771,0.364953,2.712801
-0.278181,0.384548,2.755455
-0.698252,0.111374,2.675322
-0.138810,0.212673,2.624022
-0.698589,-0.099344,2.624022
-0.070969,0.378269,2.555866
-0.673673,-0.178588,2.493279
-0.086515,0.467550,2.286705
-0.449173,0.121230,2.742491
-0.438068,0.054694,2.681129
-0.513153,-0.021125,2.653273
-0.357082,-0.022273,2.679961
-0.549342,-0.519649,2.578705
-0.347008,-0.534957,2.711107
-0.554307,-0.885742,2.520294
-0.319591,-0.874122,2.641836
-0.592093,-0.947128,2.427597
-0.284556,-0.928628,2.564437
-0.437130,0.718945,2.712001
-0.456484,0.514192,2.728243
-0.624844,0.365299,2.689666
-0.277495,0.385219,2.731136
-0.698611,0.112438,2.652750
-0.129429,0.240173,2.586102
-0.700939,-0.098998,2.586102
-0.083205,0.450862,2.532040
-0.676609,-0.178468,2.471189
-0.107203,0.564945,2.284258
-0.448144,0.121695,2.718245
-0.437296,0.055237,2.656686
-0.512398,-0.020623,2.628385
-0.356155,-0.021850,2.655802
-0.548345,-0.520155,2.554062
-0.342150,-0.529830,2.680743
-0.552403,-0.886006,2.488984
-0.318346,-0.873434,2.633297
-0.589161,-0.946242,2.394299
-0.283583,-0.927968,2.557416
-0.437004,0.718814,2.688501
-0.456791,0.514321,2.705504
-0.624756,0.365559,2.667433
-0.277874,0.385980,2.707667
-0.700253,0.114563,2.628257
-0.123712,0.272719,2.548377
-0.704253,-0.097658,2.548377
-0.104010,0.520042,2.505399
-0.680331,-0.177164,2.445302
-0.132808,0.644835,2.288839
-0.447784,0.122118,2.694822
-0.437234,0.055845,2.632837
-0.512369,-0.020037,2.603881
-0.355978,-0.021280,2.631957
-0.547575,-0.520544,2.531934
-0.337432,-0.525283,2.650261
-0.550715,-0.886291,2.460830
-0.315993,-0.872963,2.623159
-0.586453,-0.945443,2.364347
-0.282289,-0.928205,2.550669
-0.437820,0.718592,2.665093
-0.457446,0.514548,2.684310
-0.625079,0.365801,2.646512
-0.278984,0.386719,2.684255
-0.702134,0.116770,2.605394
-0.118980,0.304703,2.514271
-0.707421,-0.095986,2.514271
-0.132245,0.587211,2.480019
-0.684030,-0.175528,2.419102
-0.153774,0.712420,2.290463
-0.447693,0.122527,2.672599
-0.437543,0.056437,2.610122
-0.512640,-0.019460,2.580722
-0.356227,-0.020662,2.609098
-0.546874,-0.520983,2.512178
-0.333215,-0.524036,2.621018
-0.549190,-0.886516,2.435393
-0.312561,-0.873239,2.609530
-0.583996,-0.944774,2.338140
-0.278317,-0.929106,2.538879
-0.438141,0.718580,2.644468
-0.458248,0.514759,2.664709
-0.625493,0.366107,2.627083
-0.280234,0.387387,2.661974
-0.703988,0.118855,2.583944
-0.115734,0.335762,2.482785
-0.710184,-0.094016,2.482785
-0.158428,0.643982,2.456114
-0.687367,-0.173714,2.394652
-0.174310,0.771410,2.294678
-0.447725,0.122944,2.651714
-0.437989,0.057073,2.588712
-0.513004,-0.018791,2.558645
-0.356624,-0.020000,2.587616
-0.546211,-0.521428,2.494453
-0.329402,-0.523054,2.594374
-0.547841,-0.886634,2.412914
-0.308965,-0.873655,2.595717
-0.581813,-0.944240,2.316068
-0.274290,-0.929980,2.527240
-0.438569,0.718530,2.625507
-0.458835,0.515040,2.646500
-0.625943,0.366261,2.608976
-0.281357,0.387833,2.641109
-0.705430,0.120616,2.564161
-0.113485,0.364741,2.454203
-0.712527,-0.092007,2.454203
-0.182449,0.691354,2.434230
-0.690269,-0.171933,2.372211
-0.194300,0.822201,2.300931
-0.447655,0.123440,2.631956
-0.438330,0.057813,2.568417
-0.513304,-0.018044,2.537621
-0.356883,-0.019247,2.567213
-0.545595,-0.521818,2.478462
-0.325853,-0.522218,2.570297
-0.546680,-0.886641,2.393618
-0.305298,-0.874007,2.582516
-0.579932,-0.943834,2.298339
-0.270263,-0.930846,2.516103
-0.437706,0.718581,2.607787
-0.458647,0.515352,2.628841
-0.625170,0.366763,2.591017
-0.281004,0.388482,2.618878
-0.705816,0.122116,2.546205
-0.109521,0.392257,2.426724
-0.713707,-0.090655,2.426724
-0.201270,0.730541,2.415426
-0.691893,-0.170883,2.353938
-0.211604,0.865541,2.306119
-0.446577,0.124034,2.612183
-0.437721,0.058698,2.548084
-0.512809,-0.017191,2.517088
-0.355984,-0.018224,2.546095
-0.544902,-0.522166,2.463933
-0.322340,-0.521415,2.548636
-0.545644,-0.886680,2.377624
-0.301734,-0.874273,2.570201
-0.578419,-0.943662,2.285113
-0.266335,-0.931713,2.505687
-0.436632,0.718715,2.591563
-0.457829,0.515848,2.612525
-0.624400,0.367225,2.574795
-0.280321,0.388902,2.598329
-0.705675,0.123089,2.530245
-0.105764,0.416166,2.402375
-0.714384,-0.089946,2.402375
-0.214842,0.764930,2.399510
-0.693114,-0.170266,2.338564
-0.224384,0.902477,2.308732
-0.445243,0.124620,2.593952
-0.436908,0.059520,2.529381
-0.512085,-0.016408,2.498252
-0.354980,-0.017288,2.526649
-0.544256,-0.522471,2.450715
-0.318878,-0.520788,2.529871
-0.544736,-0.886675,2.364892
-0.298311,-0.874492,2.558805
-0.577124,-0.943574,2.275829
-0.262545,-0.932555,2.495973
-0.435024,0.718825,2.576244
-0.456472,0.516346,2.597134
-0.623040,0.367639,2.559639
-0.278981,0.389136,2.579308
-0.705117,0.123757,2.515835
-0.101907,0.436800,2.380533
-0.714763,-0.089444,2.380533
-0.226774,0.793391,2.385585
-0.694037,-0.169784,2.325018
-0.236252,0.932956,2.312774
-0.443386,0.125103,2.576864
-0.435582,0.060190,2.511938
-0.510816,-0.015757,2.480758
-0.353590,-0.016536,2.508587
-0.543594,-0.522711,2.438724
-0.315553,-0.520237,2.513474
-0.543964,-0.886646,2.355309
-0.295155,-0.874715,2.548491
-0.576126,-0.943618,2.270417
-0.258839,-0.933376,2.486842
-0.433315,0.718940,2.562317
-0.454837,0.516794,2.582974
-0.620794,0.368008,2.545225
-0.277155,0.389673,2.561831
-0.704351,0.124315,2.502887
-0.098120,0.455394,2.360828
-0.714805,-0.089108,2.360828
-0.237171,0.815551,2.373117
-0.694628,-0.169508,2.313032
-0.247142,0.956992,2.318156
-0.441270,0.125543,2.561168
-0.433958,0.060806,2.495944
-0.509183,-0.015126,2.464734
-0.351970,-0.015818,2.492049
-0.542883,-0.522875,2.427927
-0.312387,-0.519621,2.498791
-0.543239,-0.886425,2.348865
-0.292250,-0.874625,2.539212
-0.575430,-0.943727,2.268553
-0.255570,-0.933948,2.478747
-0.431118,0.718842,2.549222
-0.452690,0.517192,2.569841
-0.618364,0.368422,2.532094
-0.274572,0.390606,2.545350
-0.702996,0.124693,2.491146
-0.094181,0.472359,2.342970
-0.714058,-0.089075,2.342970
-0.245325,0.830850,2.362020
-0.694272,-0.169453,2.302629
-0.256856,0.974846,2.325107
-0.438759,0.126001,2.546807
-0.432018,0.061423,2.481388
-0.507300,-0.014522,2.450269
-0.350008,-0.015090,2.476917
-0.542086,-0.522992,2.418312
-0.309348,-0.519171,2.485706
-0.542631,-0.886144,2.345229
-0.289557,-0.874517,2.530779
-0.574984,-0.943921,2.269662
-0.252519,-0.934473,2.471336
-0.428742,0.718748,2.537231
-0.450090,0.517528,2.557761
-0.615626,0.368782,2.520126
-0.271445,0.391652,2.530072
-0.701129,0.124941,2.480488
-0.090311,0.488011,2.327065
-0.712333,-0.089301,2.327065
-0.251502,0.840589,2.352340
-0.692858,-0.169739,2.293613
-0.265280,0.987142,2.333668
-0.435690,0.126519,2.533634
-0.429563,0.062109,2.468077
-0.504983,-0.013903,2.437087
-0.347437,-0.014283,2.463047
-0.541130,-0.523049,2.409848
-0.306244,-0.518852,2.474094
-0.542096,-0.885848,2.343968
-0.287049,-0.874379,2.523119
-0.574780,-0.944242,2.273015
-0.249665,-0.934945,2.464526
-0.426079,0.718604,2.526234
-0.447234,0.517809,2.546764
-0.612704,0.369121,2.509345
-0.268049,0.392766,2.516120
-0.698720,0.125113,2.470970
-0.086397,0.501777,2.312886
-0.709397,-0.089774,2.312886
-0.255664,0.845057,2.343907
-0.690244,-0.170275,2.285937
-0.272329,0.994238,2.343033
-0.432431,0.127043,2.521728
-0.426964,0.062788,2.456074
-0.502482,-0.013314,2.425236
-0.344783,-0.013487,2.450528
-0.539948,-0.523099,2.402523
-0.303100,-0.518609,2.463853
-0.541622,-0.885518,2.344816
-0.284695,-0.874197,2.516129
-0.574747,-0.944619,2.278212
-0.247015,-0.935372,2.458299
-0.423046,0.718508,2.516088
-0.443713,0.518110,2.536674
-0.609199,0.369505,2.499710
-0.264354,0.393767,2.503552
-0.695762,0.125465,2.462851
-0.082529,0.514170,2.300339
-0.705346,-0.089404,2.300339
-0.259385,0.848452,2.336985
-0.686161,-0.170335,2.279631
-0.278824,0.999071,2.352682
-0.428529,0.127498,2.510964
-0.423781,0.063350,2.445245
-0.499346,-0.012848,2.414636
-0.341625,-0.012788,2.439223
-0.538411,-0.523168,2.396415
-0.299702,-0.518446,2.455041
-0.541202,-0.885220,2.347382
-0.282464,-0.873977,2.509764
-0.574816,-0.945069,2.284916
-0.244574,-0.935760,2.452645
-0.419604,0.718335,2.506826
-0.439876,0.518417,2.527567
-0.605318,0.369915,2.491145
-0.260578,0.394717,2.492262
-0.692401,0.125884,2.455940
-0.078625,0.525200,2.289384
-0.700763,-0.088968,2.289384
-0.258324,0.845892,2.331354
-0.681370,-0.170296,2.274588
-0.281275,0.997537,2.360825
-0.424384,0.127904,2.501337
-0.420365,0.063840,2.435561
-0.495913,-0.012451,2.405230
-0.338320,-0.012147,2.429086
-0.536640,-0.523178,2.391425
-0.296157,-0.518383,2.447598
-0.540813,-0.884926,2.351299
-0.280356,-0.873742,2.503985
-0.575054,-0.945604,2.292729
-0.242326,-0.936116,2.447528
-0.415758,0.718163,2.498376
-0.435648,0.518711,2.519357
-0.601013,0.370347,2.483627
-0.256168,0.395675,2.482119
-0.688581,0.126392,2.450303
-0.074521,0.535131,2.280013
-0.695526,-0.088414,2.280013
-0.255737,0.840263,2.327193
-0.675909,-0.170185,2.270849
-0.282247,0.992421,2.368878
-0.419910,0.128314,2.492815
-0.416615,0.064311,2.426998
-0.492120,-0.012098,2.397023
-0.334687,-0.011520,2.420075
-0.534588,-0.523184,2.387639
-0.292499,-0.518425,2.441477
-0.540458,-0.884656,2.356290
-0.278381,-0.873497,2.498747
-0.575388,-0.946174,2.301266
-0.240262,-0.936438,2.442887
-0.410648,0.718032,2.490876
-0.431099,0.518973,2.512037
-0.596580,0.370776,2.477097
-0.251641,0.396619,2.473097
-0.684408,0.126904,2.445850
-0.070389,0.544008,2.272272
-0.689858,-0.087859,2.272272
-0.252044,0.833133,2.324404
-0.669917,-0.170030,2.268640
-0.281543,0.984282,2.376664
-0.415203,0.128720,2.485370
-0.412622,0.064761,2.419528
-0.488057,-0.011791,2.390001
-0.330837,-0.010921,2.412150
-0.532262,-0.523283,2.385014
-0.288647,-0.518546,2.436722
-0.540135,-0.884415,2.362096
-0.276499,-0.873222,2.494015
-0.575773,-0.946703,2.310034
-0.238370,-0.936733,2.438712
-0.404970,0.717815,2.484248
-0.425970,0.519220,2.505536
-0.591627,0.371202,2.471632
-0.246792,0.397539,2.465160
-0.679021,0.126844,2.443037
-0.066017,0.551690,2.266148
-0.683060,-0.088164,2.266148
-0.247275,0.823839,2.324030
-0.662955,-0.170533,2.270720
-0.281079,0.975553,2.386050
-0.410135,0.129119,2.478993
-0.408290,0.065174,2.413150
-0.483568,-0.011546,2.384265
-0.326731,-0.010349,2.405272
-0.529796,-0.523318,2.383356
-0.284614,-0.518798,2.433326
-0.539824,-0.884176,2.368484
-0.274738,-0.872945,2.489744
-0.576229,-0.947236,2.318953
-0.236636,-0.937000,2.434932
-0.398757,0.717668,2.478498
-0.420254,0.519485,2.499878
-0.586330,0.371697,2.467150
-0.241749,0.398430,2.458253
-0.673044,0.126621,2.441509
-0.061535,0.558209,2.261484
-0.675841,-0.088789,2.261484
-0.241970,0.813488,2.325303
-0.655940,-0.171233,2.274232
-0.279932,0.965316,2.395207
-0.404767,0.129514,2.473662
-0.403670,0.065554,2.407839
-0.478753,-0.011340,2.379740
-0.322437,-0.009810,2.399416
-0.527250,-0.523348,2.382541
-0.280348,-0.519040,2.431199
-0.539528,-0.883932,2.375231
-0.273085,-0.872665,2.485894
-0.576759,-0.947760,2.327987
-0.235043,-0.937249,2.431514
-0.391967,0.717460,2.473428
-0.413470,0.519723,2.495131
-0.579927,0.372404,2.463981
-0.236178,0.399215,2.452324
-0.665802,0.126103,2.442151
-0.056061,0.562237,2.258134
-0.667616,-0.089919,2.258134
-0.233449,0.799562,2.330049
-0.648407,-0.172463,2.281449
-0.274403,0.948914,2.401138
-0.398895,0.129872,2.469496
-0.398643,0.065860,2.403720
-0.473515,-0.011175,2.376595
-0.317862,-0.009345,2.394703
-0.524787,-0.523437,2.382082
-0.275879,-0.519292,2.430396
-0.539273,-0.883732,2.382111
-0.271525,-0.872375,2.482435
-0.577283,-0.948258,2.336769
-0.233580,-0.937475,2.428417
-0.384836,0.717264,2.468944
-0.406429,0.520011,2.491129
-0.573033,0.373181,2.461861
-0.230375,0.399855,2.447286
-0.657804,0.125363,2.444608
-0.050408,0.564894,2.255937
-0.659286,-0.091234,2.255937
-0.224271,0.785640,2.336046
-0.640978,-0.173838,2.289886
-0.268182,0.932176,2.405981
-0.392837,0.130202,2.466297
-0.393428,0.066090,2.400616
-0.468034,-0.011048,2.374643
-0.313165,-0.008960,2.390986
-0.522595,-0.523166,2.381249
-0.271374,-0.519614,2.430677
-0.539146,-0.883582,2.388660
-0.270034,-0.872068,2.479339
-0.577814,-0.948737,2.345268
-0.232224,-0.937688,2.425627
-0.377487,0.717175,2.465110
-0.399096,0.520373,2.487746
-0.565841,0.374032,2.460657
-0.224585,0.400415,2.443038
-0.649497,0.124524,2.448430
-0.044999,0.566672,2.254567
-0.651078,-0.092643,2.254567
-0.215007,0.772838,2.342885
-0.633742,-0.175036,2.299197
-0.260611,0.914416,2.409363
-0.386733,0.130521,2.463940
-0.388164,0.066268,2.398390
-0.462468,-0.010935,2.373734
-0.308462,-0.008625,2.388139
-0.520508,-0.522781,2.380565
-0.266901,-0.519954,2.431865
-0.538929,-0.883321,2.394178
-0.268611,-0.871744,2.476590
-0.578193,-0.949047,2.352205
-0.230953,-0.937889,2.423127
-0.370293,0.717012,2.461839
-0.391780,0.520706,2.484974
-0.558665,0.374907,2.460152
-0.219063,0.400769,2.439381
-0.642243,0.124117,2.453239
-0.040337,0.568191,2.253752
-0.643432,-0.092719,2.253752
-0.207231,0.760991,2.350741
-0.626842,-0.174708,2.308870
-0.254623,0.898643,2.413030
-0.380661,0.130803,2.462337
-0.382945,0.066384,2.396948
-0.456962,-0.010837,2.373723
-0.303851,-0.008348,2.386049
-0.518535,-0.522526,2.380027
-0.262533,-0.520308,2.433900
-0.538702,-0.883256,2.398179
-0.267238,-0.871375,2.474178
-0.578372,-0.949226,2.357353
-0.229791,-0.938056,2.420869
-0.363455,0.716850,2.459081
-0.384786,0.521008,2.482712
-0.552092,0.375763,2.460084
-0.213779,0.401065,2.436346
-0.636881,0.124592,2.458641
-0.036001,0.569048,2.253662
-0.636574,-0.091610,2.253662
-0.199983,0.749941,2.358851
-0.620536,-0.173432,2.318388
-0.248637,0.883214,2.416162
-0.374814,0.131065,2.461313
-0.377896,0.066474,2.396110
-0.451687,-0.010753,2.374296
-0.299386,-0.008110,2.384592
-0.516621,-0.522306,2.379729
-0.258411,-0.520723,2.436453
-0.538485,-0.883209,2.401770
-0.265960,-0.871042,2.472045
-0.578527,-0.949383,2.362005
-0.228710,-0.938209,2.418845
-0.357292,0.716760,2.456746
-0.378791,0.521281,2.480691
-0.546040,0.376625,2.460330
-0.208998,0.401368,2.433738
-0.633544,0.127208,2.465413
-0.032072,0.569351,2.254223
-0.630626,-0.090022,2.254223
-0.193936,0.739088,2.366153
-0.615147,-0.170986,2.326524
-0.244390,0.869640,2.419168
-0.369549,0.131302,2.460554
-0.373333,0.066541,2.395561
-0.446984,-0.010658,2.374996
-0.295296,-0.007912,2.383537
-0.514805,-0.522118,2.379614
-0.254649,-0.521263,2.439332
-0.538278,-0.883168,2.405009
-0.264749,-0.870707,2.470185
-0.578661,-0.949512,2.366211
-0.227703,-0.938358,2.417040
-0.351878,0.716717,2.454683
-0.373439,0.521539,2.478935
-0.540992,0.377550,2.460761
-0.204651,0.401694,2.431532
-0.631276,0.130504,2.472722
-0.028558,0.569219,2.255337
-0.625341,-0.088076,2.255337
-0.188530,0.729152,2.373241
-0.610171,-0.168156,2.334651
-0.240442,0.856820,2.421810
-0.364846,0.131619,2.460023
-0.369272,0.066725,2.395247
-0.442804,-0.010461,2.375921
-0.291635,-0.007665,2.382732
-0.513093,-0.521904,2.379641
-0.251299,-0.521873,2.442362
-0.538092,-0.883080,2.407854
-0.263616,-0.870403,2.468562
-0.578776,-0.949616,2.370027
-0.226770,-0.938497,2.415433
-0.346913,0.716755,2.452929
-0.368625,0.521811,2.477442
-0.536597,0.378527,2.461432
-0.200660,0.402009,2.429721
-0.630711,0.135321,2.480593
-0.025591,0.568923,2.256872
-0.621843,-0.082243,2.256872
-0.184318,0.721001,2.382421
-0.605939,-0.163012,2.343960
-0.237408,0.845714,2.424497
-0.360625,0.132075,2.459712
-0.365632,0.067098,2.395159
-0.439141,-0.010056,2.376884
-0.288298,-0.007330,2.382243
-0.511497,-0.521700,2.379794
-0.248300,-0.522531,2.445501
-0.537925,-0.883004,2.410436
-0.262577,-0.870163,2.467206
-0.578869,-0.949691,2.373473
-0.225890,-0.938633,2.414032
-0.342547,0.716822,2.451377
-0.364338,0.522110,2.476144
-0.532787,0.379482,2.462233
-0.197090,0.402333,2.428196
-0.631414,0.141024,2.488757
-0.023088,0.568356,2.258834
-0.619200,-0.075297,2.258834
-0.180371,0.713033,2.391931
-0.602744,-0.154891,2.354631
-0.234498,0.834982,2.426608
-0.356856,0.132560,2.459599
-0.362387,0.067504,2.395289
-0.435919,-0.009630,2.378026
-0.285338,-0.006985,2.381963
-0.510034,-0.521480,2.380014
-0.245691,-0.523084,2.448547
-0.537773,-0.882939,2.412775
-0.261606,-0.869892,2.466041
-0.578941,-0.949740,2.376578
-0.225085,-0.938751,2.412777
-0.338702,0.716899,2.450030
-0.360520,0.522441,2.475023
-0.529597,0.380394,2.463136
-0.193897,0.402664,2.426947
-0.633449,0.147824,2.496738
-0.021071,0.567594,2.261156
-0.617428,-0.067097,2.261156
-0.177004,0.705833,2.401742
-0.600583,-0.145323,2.365306
-0.231180,0.823823,2.427703
-0.353527,0.133079,2.459630
-0.359533,0.067951,2.395566
-0.433142,-0.009177,2.379253
-0.282721,-0.006634,2.381839
-0.508713,-0.521218,2.380276
-0.243402,-0.523605,2.451540
-0.537635,-0.882879,2.414901
-0.260701,-0.869630,2.465059
-0.578960,-0.949725,2.379332
-0.224345,-0.938864,2.411672
-0.335317,0.716990,2.448866
-0.357120,0.522754,2.474061
-0.526856,0.381338,2.464199
-0.191062,0.402987,2.425944
-0.636608,0.155057,2.504462
-0.019532,0.566643,2.263819
-0.616307,-0.058382,2.263819
-0.174252,0.699110,2.411331
-0.599402,-0.135447,2.375870
-0.228477,0.813628,2.428643
-0.350610,0.133596,2.459788
-0.357058,0.068407,2.395973
-0.430765,-0.008713,2.380557
-0.280463,-0.006285,2.381860
-0.507503,-0.520948,2.380608
-0.241472,-0.524079,2.454419
-0.537508,-0.882825,2.416832
-0.259854,-0.869338,2.464249
-0.578953,-0.949674,2.381776
-0.223660,-0.938965,2.410704
-0.332641,0.717185,2.447970
-0.354230,0.523068,2.473248
-0.524725,0.382250,2.465256
-0.188735,0.403362,2.425196
-0.641896,0.163111,2.512231
-0.019146,0.566041,2.267258
-0.616067,-0.048658,2.267258
-0.172480,0.693331,2.420921
-0.599077,-0.124657,2.386687
-0.226121,0.804216,2.429322
-0.348175,0.134135,2.460055
-0.355013,0.068893,2.396480
-0.428840,-0.008228,2.381912
-0.278580,-0.005906,2.381995
-0.506422,-0.520669,2.381016
-0.239879,-0.524509,2.457134
-0.537390,-0.882779,2.418585
-0.259092,-0.869040,2.463654
-0.578920,-0.949589,2.383928
-0.223028,-0.939056,2.409866
-0.330807,0.717542,2.447504
-0.352050,0.523490,2.472584
-0.523823,0.383207,2.466458
-0.186984,0.403863,2.424800
-0.649428,0.172676,2.519809
-0.020204,0.565890,2.271567
-0.616752,-0.038032,2.271567
-0.172179,0.688517,2.430379
-0.598514,-0.116288,2.395312
-0.224120,0.795559,2.429768
-0.346428,0.134820,2.460479
-0.353578,0.069510,2.397127
-0.427680,-0.007665,2.383260
-0.277143,-0.005447,2.382350
-0.505543,-0.520377,2.381648
-0.238638,-0.524922,2.459688
-0.537277,-0.882736,2.420172
-0.258400,-0.868733,2.463210
-0.578862,-0.949469,2.385809
-0.222446,-0.939135,2.409147
-0.332151,0.717850,2.447390
-0.352257,0.523951,2.472151
-0.526793,0.383844,2.468511
-0.187330,0.405622,2.424903
-0.658653,0.180955,2.526264
-0.023806,0.566788,2.276099
-0.619488,-0.028571,2.276099
-0.175452,0.683682,2.438592
-0.600478,-0.106231,2.404155
-0.223748,0.787661,2.430570
-0.345795,0.135906,2.461062
-0.353198,0.070584,2.397946
-0.427457,-0.006900,2.384683
-0.276375,-0.004695,2.382798
-0.505017,-0.519981,2.382748
-0.237800,-0.525378,2.462107
-0.537168,-0.882691,2.421610
-0.257782,-0.868469,2.462878
-0.578793,-0.949314,2.387481
-0.221908,-0.939211,2.408546
-0.334825,0.718246,2.447474
-0.353234,0.524412,2.471866
-0.530607,0.384393,2.470693
-0.188320,0.407552,2.425248
-0.668099,0.188774,2.531834
-0.028103,0.567768,2.280727
-0.622644,-0.019616,2.280727
-0.180664,0.678937,2.446068
-0.603115,-0.096701,2.412179
-0.225345,0.780205,2.431740
-0.345757,0.137083,2.461763
-0.353345,0.071762,2.398879
-0.427770,-0.006095,2.386139
-0.276064,-0.003838,2.383392
-0.504739,-0.519552,2.384101
-0.237292,-0.525841,2.464415
-0.537065,-0.882649,2.422911
-0.257216,-0.868213,2.462667
-0.578704,-0.949127,2.388924
-0.221412,-0.939279,2.408048
-0.339250,0.718384,2.447419
-0.355139,0.524772,2.471769
-0.535177,0.384805,2.472948
-0.190052,0.409529,2.425811
-0.677541,0.195938,2.536489
-0.033211,0.568723,2.285526
-0.626198,-0.011374,2.285526
-0.186633,0.674641,2.452692
-0.605989,-0.087958,2.419414
-0.227535,0.773308,2.432838
-0.346386,0.138313,2.462549
-0.354094,0.073028,2.399883
-0.428747,-0.005251,2.387595
-0.276227,-0.002887,2.384063
-0.504677,-0.519120,2.385647
-0.237167,-0.526352,2.466641
-0.536967,-0.882608,2.424084
-0.256700,-0.867985,2.462548
-0.578615,-0.948923,2.390173
-0.220955,-0.939340,2.407636
-0.346815,0.718445,2.447575
-0.359454,0.524915,2.471950
-0.540856,0.384857,2.475159
-0.192213,0.411579,2.426399
-0.688098,0.202043,2.539507
-0.039025,0.569820,2.289839
-0.630810,-0.004037,2.289839
-0.194352,0.670448,2.457546
-0.610215,-0.080008,2.424552
-0.230588,0.766676,2.433247
-0.348294,0.139746,2.463492
-0.355948,0.074543,2.401028
-0.430877,-0.004346,2.389106
-0.277052,-0.001788,2.384826
-0.504878,-0.518679,2.387284
-0.237511,-0.526946,2.468441
-0.536875,-0.882571,2.425138
-0.256240,-0.867903,2.462463
-0.578585,-0.948771,2.391345
-0.220524,-0.939400,2.407254
-0.355204,0.718515,2.447806
-0.364713,0.525035,2.472216
-0.548305,0.384868,2.477163
-0.194692,0.413634,2.427045
-0.699554,0.207489,2.541570
-0.045862,0.571089,2.293606
-0.636001,0.002783,2.293606
-0.203518,0.666848,2.461601
-0.615014,-0.072605,2.428899
-0.234164,0.760519,2.433136
-0.351240,0.141383,2.464570
-0.358737,0.076311,2.402309
-0.434224,-0.003348,2.390627
-0.278432,-0.000574,2.385737
-0.505448,-0.518232,2.388997
-0.238386,-0.527232,2.469343
-0.536792,-0.882536,2.426087
-0.255823,-0.867835,2.462387
-0.578558,-0.948614,2.392363
-0.220123,-0.939458,2.406927
-0.364369,0.718577,2.448099
-0.371758,0.525069,2.472485
-0.556807,0.384791,2.478966
-0.198213,0.415332,2.428137
-0.712361,0.212236,2.542229
-0.054157,0.571772,2.297501
-0.642252,0.009086,2.297501
-0.213907,0.663941,2.464600
-0.621019,-0.065689,2.432106
-0.238212,0.754781,2.432642
-0.355591,0.143084,2.465791
-0.362636,0.078129,2.403718
-0.438707,-0.002378,2.392079
-0.280779,0.000660,2.386972
-0.506464,-0.517695,2.390794
-0.239597,-0.527418,2.469535
-0.536722,-0.882495,2.426936
-0.255440,-0.867813,2.462330
-0.578503,-0.948404,2.393151
-0.219768,-0.939507,2.406581
-0.374302,0.718398,2.448496
-0.380574,0.524696,2.472911
-0.567167,0.384623,2.480338
-0.207496,0.416215,2.430828
-0.727136,0.216469,2.541372
-0.065918,0.570666,2.302877
-0.652366,0.014700,2.302877
-0.225876,0.661576,2.466108
-0.629357,-0.057817,2.434609
-0.243173,0.749253,2.432020
-0.362258,0.144343,2.467243
-0.368477,0.079514,2.405330
-0.444533,-0.001623,2.393389
-0.285764,0.001701,2.389024
-0.508140,-0.517078,2.392831
-0.241351,-0.526220,2.466919
-0.536667,-0.882457,2.427718
-0.254984,-0.867746,2.462034
-0.578447,-0.948183,2.393789
-0.219422,-0.939555,2.406276
-0.386914,0.717386,2.448650
-0.391826,0.523669,2.473622
-0.577968,0.384346,2.481281
-0.217835,0.416994,2.433964
-0.742969,0.220247,2.539403
-0.078973,0.569318,2.309156
-0.663210,0.019923,2.309156
-0.239349,0.658781,2.466942
-0.638376,-0.050558,2.436323
-0.249489,0.743809,2.432125
-0.370449,0.145340,2.468761
-0.375450,0.080733,2.406973
-0.451372,-0.000961,2.394492
-0.291855,0.002709,2.391288
-0.510475,-0.516310,2.395117
-0.243631,-0.524474,2.463210
-0.536623,-0.882418,2.428421
-0.254400,-0.867599,2.461418
-0.578413,-0.947975,2.394349
-0.219031,-0.939583,2.405961
-0.400053,0.716291,2.448629
-0.404043,0.522548,2.474402
-0.589599,0.383981,2.481768
-0.228921,0.418043,2.437533
-0.758786,0.223519,2.536720
-0.091900,0.568175,2.315917
-0.674746,0.024592,2.315917
-0.253225,0.656278,2.466973
-0.647832,-0.044013,2.437335
-0.256262,0.738715,2.432327
-0.379628,0.146234,2.470310
-0.383150,0.081875,2.408627
-0.458903,-0.000379,2.395466
-0.298577,0.003682,2.393655
-0.513338,-0.515545,2.397508
-0.246358,-0.522758,2.459024
-0.536590,-0.882381,2.429059
-0.253725,-0.867494,2.460334
-0.578369,-0.947751,2.394761
-0.218368,-0.939482,2.405073
-0.413106,0.715113,2.448557
-0.416479,0.521298,2.475176
-0.601490,0.383486,2.481975
-0.240165,0.418965,2.441236
-0.774153,0.226398,2.533374
-0.105314,0.567554,2.323341
-0.686866,0.028774,2.323341
-0.268239,0.654171,2.465950
-0.657324,-0.038147,2.437623
-0.263574,0.733951,2.432668
-0.389223,0.146971,2.471773
-0.391194,0.082888,2.410188
-0.466814,0.000106,2.396225
-0.305637,0.004542,2.396003
-0.516514,-0.514869,2.399910
-0.250883,-0.522543,2.455414
-0.536563,-0.882348,2.429636
-0.253286,-0.867413,2.458354
-0.578327,-0.947515,2.395055
-0.217747,-0.939355,2.404071
-0.425661,0.713856,2.448482
-0.428921,0.519932,2.475990
-0.613087,0.382935,2.481999
-0.251350,0.419748,2.445006
-0.788807,0.228814,2.529661
-0.118354,0.566934,2.330624
-0.698848,0.032416,2.330624
-0.282739,0.652428,2.464355
-0.668097,-0.033544,2.436685
-0.271108,0.729599,2.433098
-0.398979,0.147566,2.473153
-0.399381,0.083789,2.411654
-0.474836,0.000536,2.396796
-0.312914,0.005298,2.398315
-0.519882,-0.514235,2.402247
-0.255647,-0.522419,2.451722
-0.536550,-0.882311,2.430155
-0.252913,-0.867255,2.456141
-0.578280,-0.947237,2.395218
-0.217230,-0.939130,2.402905
-0.437488,0.712650,2.448466
-0.441022,0.518554,2.476796
-0.624160,0.382367,2.481878
-0.262219,0.420409,2.448710
-0.802744,0.230750,2.525645
-0.130836,0.566372,2.337626
-0.710536,0.035580,2.337626
-0.296487,0.651123,2.462048
-0.678593,-0.029604,2.435228
-0.278558,0.725671,2.433550
-0.408627,0.148024,2.474422
-0.407499,0.084560,2.413000
-0.482779,0.000901,2.397208
-0.320178,0.005942,2.400525
-0.523355,-0.513610,2.404490
-0.260134,-0.522092,2.448290
-0.536546,-0.882273,2.430619
-0.252568,-0.867074,2.453811
-0.578234,-0.946951,2.395285
-0.216748,-0.938847,2.401672
-0.448761,0.711614,2.448549
-0.452599,0.517202,2.477545
-0.634672,0.381804,2.481636
-0.272719,0.420912,2.452307
-0.815946,0.232158,2.521419
-0.142724,0.565818,2.344297
-0.721735,0.038215,2.344297
-0.309217,0.650380,2.459270
-0.688690,-0.026313,2.433321
-0.285756,0.722228,2.433999
-0.418029,0.148372,2.475570
-0.415438,0.085217,2.414222
-0.490548,0.001204,2.397464
-0.327329,0.006490,2.402634
-0.526864,-0.513064,2.406637
-0.264559,-0.521817,2.444902
-0.536550,-0.882236,2.431033
-0.252256,-0.866893,2.451388
-0.578188,-0.946657,2.395265
-0.216283,-0.938537,2.400386
-0.459200,0.710663,2.448742
-0.463537,0.515887,2.478269
-0.644559,0.381239,2.481275
-0.282737,0.421228,2.455782
-0.828199,0.233248,2.517190
-0.153918,0.565220,2.350588
-0.732418,0.040440,2.350588
-0.321005,0.649941,2.456196
-0.698311,-0.023530,2.431173
-0.292759,0.719159,2.434441
-0.427146,0.148580,2.476614
-0.423170,0.085726,2.415331
-0.498090,0.001427,2.397586
-0.334412,0.006870,2.404644
-0.530378,-0.512551,2.408685
-0.268985,-0.521358,2.441334
-0.536563,-0.882196,2.431399
-0.251977,-0.866687,2.448893
-0.578130,-0.946349,2.395147
-0.215869,-0.938186,2.399054
-0.468878,0.709716,2.448931
-0.473788,0.514584,2.478932
-0.653914,0.380623,2.480806
-0.292206,0.421432,2.459109
-0.839478,0.234089,2.513070
-0.164330,0.564616,2.356445
-0.742408,0.042332,2.356445
-0.331965,0.649631,2.453064
-0.706735,-0.020888,2.429052
-0.299643,0.716390,2.434885
-0.435933,0.148642,2.477562
-0.430671,0.086076,2.416345
-0.505462,0.001519,2.397649
-0.341320,0.007106,2.406530
-0.533889,-0.512068,2.410628
-0.273672,-0.520707,2.437242
-0.536583,-0.882156,2.431722
-0.251730,-0.866484,2.446316
-0.578060,-0.946033,2.394944
-0.215470,-0.937797,2.397540
-0.477915,0.708701,2.448971
-0.483450,0.513265,2.479542
-0.662652,0.380015,2.480279
-0.301063,0.421565,2.462240
-0.849815,0.234711,2.509117
-0.173888,0.564006,2.361781
-0.751793,0.043886,2.361781
-0.342399,0.649064,2.449906
-0.714958,-0.018793,2.426766
-0.306297,0.713616,2.435260
-0.444365,0.148601,2.478418
-0.437913,0.086322,2.417264
-0.512587,0.001547,2.397634
-0.348026,0.007243,2.408300
-0.537362,-0.511617,2.412453
-0.278302,-0.520151,2.433065
-0.536612,-0.882115,2.432005
-0.251553,-0.866301,2.443696
-0.577988,-0.945713,2.394676
-0.215092,-0.937394,2.395983
-0.486222,0.707708,2.449010
-0.492413,0.511999,2.480105
-0.670786,0.379408,2.479723
-0.309284,0.421645,2.465163
-0.859239,0.235175,2.505367
-0.182644,0.563421,2.366626
-0.760556,0.045160,2.366626
-0.351986,0.648571,2.446799
-0.722761,-0.017092,2.424443
-0.312775,0.711092,2.435616
-0.452296,0.148499,2.479191
-0.444763,0.086492,2.418098
-0.519335,0.001525,2.397571
-0.354400,0.007314,2.409948
-0.540754,-0.511192,2.414163
-0.282786,-0.519662,2.428935
-0.536648,-0.882072,2.432250
-0.251407,-0.866122,2.441091
-0.577905,-0.945388,2.394336
-0.214710,-0.936996,2.394413
-0.493823,0.706775,2.449041
-0.500661,0.510804,2.480621
-0.678281,0.378825,2.479156
-0.316880,0.421666,2.467879
-0.867837,0.235422,2.501833
-0.190659,0.562855,2.371005
-0.768645,0.046141,2.371005
-0.360726,0.648189,2.443772
-0.730037,-0.015765,2.422116
-0.318983,0.708819,2.435936
-0.459713,0.148342,2.479880
-0.451213,0.086588,2.418845
-0.525696,0.001460,2.397465
-0.360436,0.007314,2.411464
-0.544033,-0.510799,2.415757
-0.287077,-0.519198,2.424925
-0.536688,-0.882032,2.432465
-0.251291,-0.865946,2.438513
-0.577815,-0.945058,2.393923
-0.214352,-0.936584,2.392825
-0.500747,0.705882,2.449043
-0.508202,0.509680,2.481094
-0.685158,0.378272,2.478593
-0.323855,0.421613,2.470395
-0.875634,0.235536,2.498554
-0.198058,0.562319,2.374930
-0.776064,0.046908,2.374930
-0.368640,0.648062,2.440906
-0.736854,-0.014769,2.419843
-0.324842,0.706877,2.436151
-0.466600,0.148151,2.480496
-0.457235,0.086633,2.419515
-0.531641,0.001370,2.397328
-0.366097,0.007270,2.412859
-0.547184,-0.510436,2.417239
-0.291131,-0.518759,2.421092
-0.536734,-0.881991,2.432648
-0.251198,-0.865758,2.435990
-0.577724,-0.944729,2.393460
-0.214052,-0.936121,2.391256
-0.506863,0.705167,2.449081
-0.515019,0.508671,2.481525
-0.691438,0.377757,2.478062
-0.330256,0.421533,2.472710
-0.882676,0.235572,2.495540
-0.204869,0.561819,2.378408
-0.782866,0.047510,2.378408
-0.375824,0.648183,2.438194
-0.743185,-0.014010,2.417618
-0.330370,0.705256,2.436210
-0.472955,0.147941,2.481044
-0.462831,0.086637,2.420112
-0.537172,0.001262,2.397167
-0.371384,0.007193,2.414136
-0.550184,-0.510114,2.418614
-0.294891,-0.518288,2.417487
-0.536781,-0.881957,2.432810
-0.251103,-0.865519,2.433537
-0.577648,-0.944419,2.392974
-0.213817,-0.935654,2.389755
-0.512407,0.704515,2.449116
-0.521219,0.507739,2.481919
-0.697151,0.377278,2.477554
-0.336106,0.421428,2.474832
-0.889046,0.235451,2.492760
-0.211067,0.561345,2.381500
-0.789032,0.047911,2.381500
-0.382331,0.648409,2.435653
-0.748676,-0.013120,2.415696
-0.335573,0.703864,2.436183
-0.478799,0.147714,2.481525
-0.468006,0.086605,2.420637
-0.542297,0.001139,2.396987
-0.376285,0.007093,2.415284
-0.553028,-0.509824,2.419881
-0.298344,-0.517855,2.414138
-0.536830,-0.881926,2.432948
-0.251011,-0.865269,2.431165
-0.577548,-0.944086,2.392412
-0.213621,-0.935160,2.388232
-0.517465,0.703917,2.449131
-0.526856,0.506887,2.482271
-0.702338,0.376830,2.477078
-0.341434,0.421311,2.476766
-0.894797,0.235222,2.490208
-0.216678,0.560907,2.384230
-0.794611,0.048171,2.384230
-0.388204,0.648652,2.433297
-0.753643,-0.012422,2.413844
-0.340477,0.702659,2.436116
-0.484151,0.147480,2.481944
-0.472770,0.086546,2.421095
-0.547013,0.001009,2.396798
-0.380804,0.006976,2.416305
-0.555720,-0.509544,2.421034
-0.301532,-0.517446,2.411009
-0.536883,-0.881895,2.433066
-0.250931,-0.865016,2.428854
-0.577454,-0.943758,2.391842
-0.213452,-0.934684,2.386769
-0.522092,0.703313,2.449113
-0.531967,0.506109,2.482589
-0.707123,0.376390,2.476650
-0.346233,0.421202,2.478486
-0.899976,0.234899,2.487851
-0.221822,0.560452,2.386596
-0.799649,0.048314,2.386596
-0.393533,0.648748,2.431142
-0.758367,-0.012193,2.411972
-0.345094,0.701472,2.436013
-0.489021,0.147258,2.482308
-0.477149,0.086482,2.421491
-0.551359,0.000873,2.396600
-0.384955,0.006862,2.417203
-0.558255,-0.509295,2.422084
-0.304466,-0.517056,2.408078
-0.536938,-0.881865,2.433163
-0.250862,-0.864768,2.426636
-0.577368,-0.943435,2.391263
-0.213312,-0.934191,2.385302
-0.526299,0.702750,2.449088
-0.536601,0.505398,2.482874
-0.711478,0.375973,2.476251
-0.350577,0.421095,2.480028
-0.904624,0.234546,2.485727
-0.226520,0.560019,2.388664
-0.804215,0.048387,2.388664
-0.398384,0.648806,2.429141
-0.762704,-0.012101,2.410177
-0.349441,0.700355,2.435865
-0.493457,0.147044,2.482625
-0.481165,0.086409,2.421834
-0.555351,0.000736,2.396398
-0.388767,0.006746,2.418000
-0.560635,-0.509072,2.423038
-0.307161,-0.516644,2.405324
-0.536996,-0.881837,2.433241
-0.250802,-0.864505,2.424511
-0.577290,-0.943127,2.390687
-0.213193,-0.933704,2.383909
-0.530117,0.702206,2.449059
-0.540801,0.504746,2.483131
-0.715369,0.375591,2.475880
-0.354523,0.420976,2.481423
-0.908794,0.234123,2.483792
-0.230843,0.559580,2.390426
-0.808314,0.048406,2.390426
-0.402776,0.648869,2.427284
-0.766465,-0.011749,2.408652
-0.353535,0.699363,2.435684
-0.497497,0.146829,2.482897
-0.484838,0.086320,2.422127
-0.558990,0.000598,2.396185
-0.392267,0.006625,2.418712
-0.562861,-0.508872,2.423900
-0.309632,-0.516261,2.402752
-0.537055,-0.881810,2.433305
-0.250752,-0.864300,2.422496
-0.577212,-0.942821,2.390099
-0.213087,-0.933268,2.382575
-0.533544,0.701739,2.449031
-0.544584,0.504162,2.483360
-0.718897,0.375235,2.475536
-0.358115,0.420838,2.482687
-0.912517,0.233612,2.482017
-0.234820,0.559139,2.391924
-0.811988,0.048358,2.391924
-0.406287,0.650397,2.425503
-0.769823,-0.011550,2.407126
-0.358477,0.699596,2.433769
-0.501157,0.146620,2.483129
-0.488178,0.086221,2.422375
-0.562304,0.000461,2.395967
-0.395458,0.006498,2.419342
-0.564899,-0.508729,2.424677
-0.311883,-0.515889,2.400352
-0.537117,-0.881781,2.433354
-0.250720,-0.864070,2.420541
-0.577137,-0.942516,2.389504
-0.212993,-0.932803,2.381266
-0.536642,0.701309,2.448999
-0.548010,0.503630,2.483564
-0.722084,0.374914,2.475220
-0.361378,0.420697,2.483832
-0.915818,0.233041,2.480387
-0.238441,0.558714,2.393192
-0.815287,0.048246,2.393192
-0.409450,0.651869,2.423816
-0.772835,-0.011419,2.405675
-0.361985,0.699114,2.432818
-0.504477,0.146416,2.483324
-0.491215,0.086112,2.422580
-0.565322,0.000327,2.395746
-0.398365,0.006368,2.419900
-0.566797,-0.508555,2.425344
-0.313922,-0.515554,2.398134
-0.537190,-0.881736,2.433374
-0.250673,-0.863876,2.418683
-0.577081,-0.942224,2.388954
-0.212893,-0.932390,2.380043
-0.539431,0.700877,2.448936
-0.551116,0.503145,2.483747
-0.724941,0.374605,2.474900
-0.364344,0.420547,2.484867
-0.918722,0.232407,2.478892
-0.241739,0.558313,2.394242
-0.818239,0.048073,2.394242
-0.412370,0.653122,2.422217
-0.775519,-0.011367,2.404276
-0.365289,0.698723,2.431923
-0.507495,0.146200,2.483479
-0.493981,0.085978,2.422741
-0.568062,0.000191,2.395517
-0.401024,0.006228,2.420390
-0.568560,-0.508403,2.425938
-0.315777,-0.515233,2.396071
-0.537267,-0.881689,2.433379
-0.250630,-0.863685,2.416889
-0.577027,-0.941942,2.388407
-0.212807,-0.931996,2.378874
-0.541926,0.700295,2.448646
-0.553935,0.502680,2.483903
-0.727510,0.374307,2.474577
-0.367033,0.420400,2.485803
-0.921184,0.231741,2.477495
-0.244727,0.557910,2.395093
-0.820865,0.047842,2.395093
-0.415179,0.653743,2.420692
-0.777876,-0.011392,2.402885
-0.368515,0.698314,2.431253
-0.510240,0.145983,2.483602
-0.496502,0.085837,2.422870
-0.570554,0.000055,2.395291
-0.403453,0.006087,2.420819
-0.570194,-0.508266,2.426466
-0.317465,-0.514935,2.394164
-0.537344,-0.881645,2.433369
-0.250584,-0.863512,2.415184
-0.576983,-0.941683,2.387883
-0.212730,-0.931635,2.377773
-0.544141,0.699574,2.448121
-0.556478,0.502207,2.484006
-0.729832,0.374018,2.474248
-0.369468,0.420258,2.486649
-0.923273,0.231035,2.476207
-0.247418,0.557496,2.395756
-0.823184,0.047568,2.395756
-0.417726,0.654280,2.419222
-0.779948,-0.011476,2.401543
-0.371465,0.697905,2.430639
-0.512734,0.145774,2.483696
-0.498797,0.085696,2.422968
-0.572824,-0.000077,2.395066
-0.405666,0.005948,2.421193
-0.571708,-0.508141,2.426933
-0.318999,-0.514663,2.392403
-0.537424,-0.881601,2.433347
-0.250539,-0.863353,2.413570
-0.576943,-0.941435,2.387369
-0.212661,-0.931294,2.376724
-0.546137,0.698665,2.447152
-0.558767,0.501695,2.484001
-0.731931,0.373718,2.473880
-0.371676,0.420113,2.487411
-0.925019,0.230299,2.474999
-0.249843,0.557082,2.396269
-0.825225,0.047253,2.396269
-0.420028,0.654774,2.417818
-0.781742,-0.011645,2.400199
-0.374184,0.697534,2.430054
-0.515003,0.145569,2.483758
-0.500887,0.085551,2.423038
-0.574891,-0.000208,2.394844
-0.407684,0.005812,2.421519
-0.573107,-0.508033,2.427344
-0.320398,-0.514393,2.390772
-0.537503,-0.881561,2.433318
-0.250511,-0.863184,2.412047
-0.576909,-0.941198,2.386865
-0.212605,-0.930963,2.375765
-0.547783,0.697769,2.446177
-0.560806,0.501170,2.483930
-0.733799,0.373403,2.473432
-0.373672,0.419971,2.488100
-0.926386,0.229474,2.473745
-0.252003,0.556687,2.396676
-0.826953,0.046833,2.396676
-0.422090,0.655238,2.416377
-0.783376,-0.012072,2.398585
-0.376697,0.697218,2.429504
-0.517065,0.145367,2.483790
-0.502785,0.085407,2.423083
-0.576769,-0.000338,2.394616
-0.409518,0.005681,2.421807
-0.574403,-0.507940,2.427705
-0.321668,-0.514139,2.389266
-0.537583,-0.881521,2.433278
-0.250488,-0.863022,2.410610
-0.576876,-0.940974,2.386374
-0.212552,-0.930641,2.374851
-0.549201,0.696762,2.445010
-0.562583,0.500611,2.483762
-0.735454,0.373094,2.472874
-0.375477,0.419830,2.488720
-0.927418,0.228600,2.472434
-0.253962,0.556382,2.397065
-0.828398,0.046339,2.397065
-0.423947,0.655719,2.414858
-0.784796,-0.012630,2.396871
-0.379019,0.696972,2.428977
-0.518936,0.145164,2.483786
-0.504510,0.085263,2.423100
-0.578476,-0.000470,2.394371
-0.411188,0.005553,2.422056
-0.575602,-0.507863,2.428023
-0.322821,-0.513901,2.387879
-0.537660,-0.881487,2.433239
-0.250475,-0.862855,2.409259
-0.576845,-0.940764,2.385894
-0.212513,-0.930339,2.374019
-0.550488,0.695626,2.443491
-0.564096,0.500010,2.483469
-0.736888,0.372738,2.472121
-0.377109,0.419693,2.489278
-0.928110,0.227693,2.470949
-0.255735,0.556131,2.397442
-0.829576,0.045781,2.397442
-0.425627,0.656188,2.413245
-0.786015,-0.013297,2.395026
-0.381185,0.696781,2.428490
-0.520628,0.144969,2.483740
-0.506067,0.085129,2.423086
-0.580015,-0.000596,2.394072
-0.412699,0.005438,2.422280
-0.576718,-0.507773,2.428287
-0.323867,-0.513685,2.386603
-0.537745,-0.881443,2.433184
-0.250471,-0.862707,2.407993
-0.576816,-0.940561,2.385426
-0.212487,-0.930044,2.373206
-0.551665,0.694273,2.441515
-0.565382,0.499358,2.483037
-0.738183,0.372372,2.471239
-0.378581,0.419558,2.489776
-0.928473,0.226763,2.469341
-0.257342,0.555922,2.397787
-0.830502,0.045177,2.397787
-0.427169,0.656607,2.411582
-0.787045,-0.014046,2.393093
-0.383226,0.696627,2.428046
-0.522160,0.144778,2.483646
-0.507479,0.084999,2.423037
-0.581410,-0.000720,2.393753
-0.414072,0.005328,2.422470
-0.577752,-0.507687,2.428511
-0.324817,-0.513483,2.385424
-0.537832,-0.881396,2.433118
-0.250472,-0.862568,2.406805
-0.576778,-0.940365,2.384968
-0.212470,-0.929775,2.372461
-0.552798,0.692803,2.439133
-0.566461,0.498676,2.482466
-0.739351,0.372012,2.470289
-0.379961,0.419377,2.490173
-0.928512,0.225804,2.467626
-0.258819,0.555755,2.398091
-0.831200,0.044517,2.398091
-0.428585,0.657018,2.409883
-0.787888,-0.014876,2.391114
-0.385116,0.696501,2.427632
-0.523537,0.144588,2.483504
-0.508755,0.084868,2.422953
-0.582666,-0.000844,2.393411
-0.415320,0.005223,2.422630
-0.578709,-0.507607,2.428700
-0.325678,-0.513295,2.384335
-0.537921,-0.881349,2.433045
-0.250480,-0.862429,2.405690
-0.576740,-0.940185,2.384533
-0.212464,-0.929511,2.371753
-0.554016,0.691307,2.436298
-0.567350,0.497953,2.481702
-0.740416,0.371655,2.469299
-0.381210,0.419223,2.490499
-0.928302,0.224821,2.465890
-0.260162,0.555624,2.398342
-0.831699,0.043811,2.398342
-0.429880,0.657405,2.408164
-0.788559,-0.015766,2.389088
-0.386874,0.696396,2.427244
-0.524772,0.144411,2.483308
-0.509909,0.084746,2.422831
-0.583797,-0.000965,2.393055
-0.416453,0.005128,2.422755
-0.579594,-0.507531,2.428855
-0.326461,-0.513111,2.383320
-0.538007,-0.881310,2.432971
-0.250491,-0.862293,2.404647
-0.576711,-0.940025,2.384133
-0.212452,-0.929242,2.371032
-0.555218,0.689681,2.433059
-0.568050,0.497217,2.480800
-0.741368,0.371303,2.468281
-0.382338,0.419075,2.490757
-0.927881,0.223839,2.464153
-0.261389,0.555543,2.398506
-0.832027,0.043086,2.398506
-0.431066,0.657767,2.406463
-0.789935,-0.016878,2.386938
-0.388517,0.696314,2.426871
-0.525870,0.144246,2.483057
-0.510946,0.084633,2.422669
-0.584815,-0.001081,2.392687
-0.417478,0.005042,2.422841
-0.580412,-0.507458,2.428980
-0.327171,-0.512931,2.382371
-0.538093,-0.881271,2.432892
-0.250508,-0.862163,2.403666
-0.576690,-0.939883,2.383774
-0.212446,-0.928985,2.370353
-0.556399,0.688117,2.429695
-0.568596,0.496452,2.479758
-0.742225,0.370948,2.467254
-0.383353,0.418931,2.490940
-0.927283,0.222874,2.462443
-0.262514,0.555517,2.398576
-0.832206,0.042357,2.398576
-0.432163,0.658110,2.404804
-0.791327,-0.018012,2.384841
-0.390025,0.696233,2.426497
-0.526842,0.144096,2.482749
-0.511875,0.084536,2.422464
-0.585725,-0.001192,2.392305
-0.418403,0.004975,2.422880
-0.581168,-0.507395,2.429080
-0.327813,-0.512760,2.381488
-0.538179,-0.881234,2.432809
-0.250527,-0.862040,2.402747
-0.576672,-0.939754,2.383436
-0.212442,-0.928741,2.369712
-0.557553,0.686570,2.426178
-0.568993,0.495682,2.478598
-0.742987,0.370599,2.466226
-0.384276,0.418837,2.491012
-0.926543,0.221923,2.460782
-0.263531,0.555580,2.398513
-0.832253,0.041626,2.398513
-0.433174,0.658454,2.403192
-0.792656,-0.019154,2.382807
-0.391469,0.696198,2.426104
-0.527685,0.143983,2.482367
-0.512701,0.084478,2.422199
-0.586534,-0.001280,2.391900
-0.419234,0.004953,2.422856
-0.581865,-0.507337,2.429157
-0.328392,-0.512599,2.380663
-0.538264,-0.881197,2.432722
-0.250547,-0.861938,2.401888
-0.576654,-0.939634,2.383116
-0.212443,-0.928512,2.369092
-0.558869,0.685048,2.422207
-0.569247,0.494925,2.477318
-0.743675,0.370272,2.465221
-0.385103,0.418750,2.490996
-0.925668,0.220964,2.459232
-0.264483,0.555708,2.398253
-0.832161,0.040880,2.398253
-0.434097,0.658846,2.401615
-0.793940,-0.020311,2.380889
-0.393877,0.696813,2.425662
-0.528412,0.143899,2.481917
-0.513434,0.084445,2.421884
-0.587255,-0.001356,2.391472
-0.419975,0.004961,2.422781
-0.582508,-0.507285,2.429213
-0.328914,-0.512444,2.379892
-0.538347,-0.881161,2.432629
-0.250569,-0.861842,2.401083
-0.576640,-0.939524,2.382817
-0.212444,-0.928315,2.368533
-0.560228,0.683678,2.418165
-0.569365,0.494199,2.475803
-0.744308,0.369978,2.464280
-0.385843,0.418646,2.490825
-0.924567,0.220009,2.457836
-0.265359,0.556010,2.397536
-0.831959,0.040128,2.397536
-0.434932,0.659269,2.400103
-0.795176,-0.021466,2.379032
-0.396406,0.697615,2.425157
-0.529023,0.143853,2.481370
-0.514083,0.084434,2.421509
-0.587895,-0.001419,2.391022
-0.420640,0.004994,2.422649
-0.583094,-0.507255,2.429258
-0.329382,-0.512298,2.379169
-0.538429,-0.881128,2.432535
-0.250592,-0.861754,2.400326
-0.576627,-0.939424,2.382542
-0.212447,-0.928137,2.368026
-0.561565,0.682369,2.414132
-0.569345,0.493510,2.474168
-0.744893,0.369712,2.463398
-0.386519,0.418510,2.490454
-0.923322,0.219069,2.456565
-0.266149,0.556397,2.396484
-0.831666,0.039386,2.396484
-0.435669,0.659695,2.398661
-0.796332,-0.022597,2.377290
-0.398994,0.698548,2.424634
-0.529519,0.143839,2.480740
-0.514653,0.084444,2.421083
-0.588464,-0.001468,2.390560
-0.421234,0.005057,2.422454
-0.583633,-0.507233,2.429286
-0.329802,-0.512161,2.378492
-0.538509,-0.881098,2.432439
-0.250616,-0.861667,2.399617
-0.576616,-0.939329,2.382268
-0.212452,-0.927973,2.367558
-0.562877,0.681122,2.410137
-0.569182,0.492851,2.472416
-0.745418,0.369466,2.462557
-0.387107,0.418331,2.489913
-0.921982,0.218135,2.455422
-0.266852,0.556841,2.395064
-0.831285,0.038650,2.395064
-0.436353,0.660357,2.397290
-0.797407,-0.023697,2.375628
-0.400669,0.698997,2.423784
-0.529905,0.143855,2.480018
-0.515147,0.084474,2.420602
-0.588965,-0.001508,2.390079
-0.421758,0.005147,2.422192
-0.584128,-0.507219,2.429300
-0.330178,-0.512033,2.377859
-0.538588,-0.881071,2.432340
-0.250641,-0.861586,2.398954
-0.576606,-0.939241,2.382007
-0.212464,-0.927814,2.367112
-0.564209,0.679988,2.406209
-0.568921,0.492222,2.470605
-0.745889,0.369240,2.461756
-0.387615,0.418120,2.489187
-0.920540,0.217221,2.454428
-0.267458,0.557294,2.393144
-0.830840,0.037939,2.393144
-0.436937,0.660819,2.395989
-0.798433,-0.024750,2.374046
-0.403122,0.699909,2.422932
-0.530188,0.143892,2.479211
-0.515572,0.084518,2.420061
-0.589405,-0.001540,2.389583
-0.422217,0.005265,2.421838
-0.584584,-0.507210,2.429300
-0.330514,-0.511924,2.377266
-0.538667,-0.881046,2.432237
-0.250667,-0.861512,2.398331
-0.576600,-0.939161,2.381761
-0.212475,-0.927669,2.366692
-0.565495,0.678933,2.402372
-0.568579,0.491625,2.468778
-0.746312,0.369040,2.461010
-0.388027,0.417862,2.488280
-0.919032,0.216320,2.453545
-0.267930,0.557712,2.390745
-0.830324,0.037241,2.390745
-0.437389,0.661287,2.394752
-0.799416,-0.025762,2.372552
-0.405568,0.700884,2.421924
-0.530378,0.143948,2.478340
-0.515934,0.084577,2.419472
-0.589788,-0.001560,2.389063
-0.422623,0.005401,2.421413
-0.585004,-0.507205,2.429288
-0.330811,-0.511822,2.376708
-0.538745,-0.881020,2.432130
-0.250695,-0.861441,2.397747
-0.576579,-0.939055,2.381465
-0.212485,-0.927535,2.366288
-0.566687,0.677939,2.398676
-0.568157,0.491065,2.466945
-0.746682,0.368860,2.460303
-0.388367,0.417571,2.487247
-0.917485,0.215448,2.452763
-0.268301,0.558052,2.387956
-0.829766,0.036567,2.387956
-0.437705,0.661766,2.393590
-0.800287,-0.026728,2.371163
-0.408026,0.701938,2.420764
-0.530485,0.143998,2.477406
-0.516238,0.084624,2.418827
-0.590120,-0.001579,2.388533
-0.422982,0.005530,2.420887
-0.585390,-0.507205,2.429264
-0.331074,-0.511725,2.376180
-0.538819,-0.881000,2.432031
-0.250721,-0.861375,2.397195
-0.576555,-0.938951,2.381172
-0.212500,-0.927404,2.365889
-0.567486,0.676992,2.395152
-0.567660,0.490533,2.465107
-0.747008,0.368698,2.459629
-0.388650,0.417255,2.486100
-0.915917,0.214612,2.452065
-0.268469,0.557913,2.384327
-0.829181,0.035920,2.384327
-0.437292,0.662600,2.392484
-0.801012,-0.027649,2.369852
-0.409482,0.702453,2.418641
-0.530517,0.144036,2.476405
-0.516493,0.084655,2.418113
-0.590410,-0.001597,2.387976
-0.423309,0.005640,2.420262
-0.585746,-0.507208,2.429223
-0.331305,-0.511630,2.375682
-0.538905,-0.880950,2.431904
-0.250745,-0.861310,2.396673
-0.576529,-0.938843,2.380878
-0.212533,-0.927265,2.365507
-0.566755,0.675824,2.391140
-0.567128,0.490003,2.463288
-0.747271,0.368552,2.458929
-0.388845,0.416863,2.484809
-0.914483,0.213806,2.451403
-0.268336,0.557015,2.379724
-0.828546,0.035322,2.379724
-0.436144,0.663187,2.391243
-0.801744,-0.028498,2.368109
-0.410741,0.702889,2.416293
-0.530507,0.144034,2.475345
-0.516713,0.084654,2.417335
-0.590669,-0.001630,2.387353
-0.423605,0.005699,2.419574
-0.586088,-0.507211,2.429128
-0.331504,-0.511525,2.375185
-0.538993,-0.880896,2.431771
-0.250765,-0.861257,2.396180
-0.576509,-0.938737,2.380598
-0.212558,-0.927148,2.365160
-0.565709,0.674653,2.387191
-0.566574,0.489472,2.461506
-0.747447,0.368426,2.458143
-0.388969,0.416436,2.483421
-0.913156,0.213033,2.450783
-0.267990,0.555409,2.375030
-0.827905,0.034751,2.375030
-0.434255,0.663505,2.390013
-0.802262,-0.029269,2.366223
-0.411787,0.703222,2.413721
-0.530469,0.143989,2.474244
-0.516903,0.084613,2.416502
-0.590900,-0.001684,2.386639
-0.423883,0.005695,2.418860
-0.586411,-0.507223,2.428992
-0.331674,-0.511423,2.374695
-0.539079,-0.880843,2.431629
-0.250783,-0.861213,2.395704
-0.576496,-0.938647,2.380335
-0.212587,-0.927038,2.364818
-0.564075,0.673440,2.383262
-0.566012,0.488920,2.459729
-0.747452,0.368327,2.457106
-0.389041,0.415974,2.481968
-0.912006,0.212302,2.450119
-0.267161,0.553016,2.370015
-0.827265,0.034193,2.370015
-0.431588,0.663319,2.388773
-0.802728,-0.030024,2.364313
-0.412651,0.703489,2.411039
-0.530420,0.143911,2.473119
-0.517065,0.084544,2.415633
-0.591097,-0.001748,2.385870
-0.424145,0.005656,2.418144
-0.586726,-0.507248,2.428807
-0.331820,-0.511304,2.374180
-0.539163,-0.880795,2.431486
-0.250799,-0.861173,2.395244
-0.576483,-0.938564,2.380077
-0.212608,-0.926940,2.364487
-0.562079,0.672213,2.379462
-0.565455,0.488345,2.457926
-0.747367,0.368270,2.455903
-0.389067,0.415483,2.480470
-0.911034,0.211615,2.449394
-0.265562,0.549634,2.365038
-0.826705,0.033668,2.365038
-0.428193,0.662327,2.387512
-0.803165,-0.030753,2.362422
-0.413409,0.703687,2.408719
-0.530363,0.143807,2.471962
-0.517206,0.084451,2.414727
-0.591268,-0.001838,2.384968
-0.424397,0.005580,2.417449
-0.587040,-0.507272,2.428568
-0.331947,-0.511180,2.373637
-0.539246,-0.880750,2.431342
-0.250817,-0.861158,2.394758
-0.576471,-0.938485,2.379822
-0.212625,-0.926858,2.364171
-0.559650,0.670937,2.375759
-0.564901,0.487764,2.456106
-0.747109,0.368298,2.454269
-0.389052,0.414967,2.478968
-0.910196,0.210888,2.448318
-0.263410,0.545883,2.360730
-0.826196,0.033130,2.360730
-0.424452,0.660756,2.385947
-0.803601,-0.031525,2.360346
-0.413944,0.703648,2.406539
-0.530327,0.143673,2.470756
-0.517339,0.084328,2.413765
-0.591424,-0.001952,2.383902
-0.424650,0.005470,2.416757
-0.587356,-0.507320,2.428289
-0.332124,-0.510897,2.372938
-0.539328,-0.880705,2.431193
-0.250837,-0.861137,2.394230
-0.576465,-0.938418,2.379579
-0.212643,-0.926764,2.363812
-0.556575,0.669714,2.372203
-0.564325,0.487168,2.454150
-0.746625,0.368503,2.451977
-0.389005,0.414438,2.477476
-0.909608,0.210137,2.446208
-0.261058,0.542086,2.356907
-0.825944,0.032591,2.356907
-0.420557,0.658971,2.383035
-0.803878,-0.032150,2.356835
-0.414304,0.703486,2.404366
-0.530320,0.143525,2.469469
-0.517463,0.084190,2.412742
-0.591568,-0.002061,2.382641
-0.424899,0.005336,2.416072
-0.587709,-0.507362,2.427876
-0.332287,-0.510592,2.372201
-0.539410,-0.880667,2.431036
-0.250855,-0.861131,2.393713
-0.576462,-0.938364,2.379355
-0.212653,-0.926675,2.363439
-0.553208,0.668630,2.368817
-0.563877,0.486624,2.451858
-0.745920,0.368843,2.449057
-0.388932,0.413899,2.476001
-0.909175,0.209363,2.443374
-0.258569,0.538193,2.353414
-0.825817,0.032023,2.353414
-0.416861,0.656830,2.379396
-0.804074,-0.032793,2.352943
-0.414485,0.703031,2.402233
-0.530390,0.143400,2.467942
-0.517614,0.084058,2.411553
-0.591705,-0.002125,2.380938
-0.425154,0.005191,2.415387
-0.588074,-0.507382,2.427324
-0.332432,-0.510190,2.371304
-0.539495,-0.880621,2.430861
-0.250872,-0.861137,2.393202
-0.576453,-0.938312,2.379129
-0.212645,-0.926578,2.363045
-0.549275,0.667336,2.365479
-0.563490,0.486078,2.449350
-0.744946,0.369384,2.445198
-0.388841,0.413336,2.474526
-0.908923,0.208859,2.438905
-0.255784,0.533912,2.350266
-0.825747,0.031662,2.350266
-0.412992,0.654226,2.374907
-0.804288,-0.033326,2.348693
-0.414518,0.702372,2.400160
-0.530548,0.143278,2.466141
-0.517786,0.083931,2.410164
-0.591821,-0.002168,2.378761
-0.425420,0.005034,2.414690
-0.588418,-0.507410,2.426574
-0.332540,-0.509331,2.369579
-0.539581,-0.880577,2.430677
-0.250923,-0.861115,2.392511
-0.576449,-0.938268,2.378917
-0.212654,-0.926352,2.362224
-0.544778,0.666172,2.362186
-0.563067,0.485568,2.446388
-0.743374,0.370144,2.439698
-0.388727,0.412786,2.473077
-0.908482,0.208609,2.431972
-0.252723,0.529409,2.347619
-0.825791,0.031260,2.347619
-0.408884,0.651312,2.369120
-0.804314,-0.033743,2.342856
-0.414418,0.701610,2.398130
-0.530766,0.143194,2.463887
-0.517923,0.083833,2.408456
-0.591787,-0.002165,2.375956
-0.425685,0.004875,2.413958
-0.588731,-0.507489,2.425614
-0.332506,-0.508161,2.367321
-0.539666,-0.880535,2.430490
-0.250810,-0.860099,2.389317
-0.576452,-0.938239,2.378735
-0.213091,-0.925041,2.358429
-0.538794,0.665210,2.358368
-0.562107,0.485079,2.442047
-0.740414,0.371296,2.431774
-0.388423,0.412218,2.471524
-0.907313,0.208575,2.422046
-0.249215,0.524919,2.345298
-0.824858,0.031261,2.345298
-0.404435,0.648220,2.359559
-0.803814,-0.034157,2.335076
-0.414152,0.700811,2.396133
-0.530757,0.143236,2.460567
-0.517742,0.083824,2.405943
-0.591150,-0.002018,2.371782
-0.425871,0.004710,2.413058
-0.588941,-0.507531,2.424254
-0.332303,-0.506762,2.364653
-0.539756,-0.880476,2.430263
-0.249352,-0.857435,2.380351
-0.576457,-0.938215,2.378568
-0.212665,-0.921938,2.348322
-0.528910,0.663673,2.352297
-0.559319,0.484509,2.434297
-0.734432,0.372324,2.419158
-0.386964,0.411645,2.468905
-0.903565,0.208645,2.406595
-0.243065,0.519169,2.342808
-0.822708,0.030707,2.342808
-0.397058,0.644145,2.347291
-0.801438,-0.034857,2.323872
-0.413049,0.699877,2.393778
-0.529167,0.143518,2.453897
-0.515782,0.084079,2.400425
-0.588067,-0.001709,2.363754
-0.424971,0.004635,2.410367
-0.588364,-0.507393,2.421340
-0.330911,-0.504115,2.359169
-0.539837,-0.880421,2.430012
-0.246191,-0.851550,2.364430
-0.576463,-0.938196,2.378413
-0.211673,-0.915448,2.330572
-0.518293,0.662197,2.345993
-0.555776,0.483926,2.425821
-0.727927,0.373380,2.406094
-0.384822,0.411090,2.465726
-0.899333,0.208801,2.390504
-0.236073,0.513460,2.340449
-0.819260,0.030531,2.340449
-0.388917,0.639926,2.333295
-0.797930,-0.035313,2.311495
-0.411374,0.698756,2.391381
-0.527006,0.143874,2.446469
-0.513292,0.084394,2.394252
-0.584401,-0.001370,2.354999
-0.423697,0.004567,2.407231
-0.587498,-0.507141,2.417857
-0.329267,-0.501391,2.353166
-0.539911,-0.880361,2.429727
-0.242891,-0.845555,2.348042
-0.576471,-0.938182,2.378270
-0.210645,-0.908955,2.312540
-0.505459,0.661518,2.337718
-0.549927,0.483314,2.415069
-0.719094,0.374766,2.390630
-0.379646,0.410220,2.460000
-0.892547,0.208663,2.371054
-0.226034,0.507811,2.337333
-0.813211,0.030077,2.337333
-0.380557,0.635697,2.316609
-0.794350,-0.035858,2.301284
-0.409516,0.697638,2.389035
-0.522726,0.144250,2.436360
-0.508713,0.084746,2.385438
-0.578549,-0.001037,2.343316
-0.420601,0.004308,2.401793
-0.585411,-0.506620,2.412212
-0.325972,-0.497676,2.344246
-0.539972,-0.880288,2.429353
-0.239206,-0.839620,2.330854
-0.576486,-0.938177,2.378142
-0.209503,-0.902829,2.294282
-0.486195,0.660721,2.323992
-0.539327,0.482986,2.400113
-0.703353,0.376329,2.369210
-0.369139,0.408918,2.450205
-0.879838,0.208893,2.346779
-0.210466,0.501480,2.331493
-0.801161,0.029973,2.331493
-0.364481,0.630950,2.294492
-0.779108,-0.037706,2.279616
-0.403882,0.696290,2.384654
-0.513817,0.144295,2.421129
-0.499225,0.084701,2.371396
-0.567484,-0.001057,2.326130
-0.413097,0.003690,2.391496
-0.580632,-0.505910,2.401958
-0.318626,-0.492590,2.329334
-0.539947,-0.880257,2.428737
-0.234977,-0.833993,2.312672
-0.576507,-0.938179,2.378021
-0.208099,-0.897313,2.275705
-0.464473,0.659730,2.308710
-0.524924,0.482643,2.382760
-0.685218,0.378088,2.346284
-0.354142,0.407909,2.437471
-0.865421,0.208814,2.321876
-0.190496,0.495276,2.322753
-0.786035,0.030031,2.322753
-0.344225,0.625494,2.270258
-0.762382,-0.037813,2.256771
-0.392947,0.693090,2.377413
-0.501772,0.144483,2.403440
-0.486656,0.084836,2.354746
-0.553761,-0.001038,2.306745
-0.402395,0.003184,2.378226
-0.574287,-0.505248,2.389441
-0.310181,-0.487423,2.313202
-0.539891,-0.880235,2.427979
-0.230635,-0.828743,2.294473
-0.576546,-0.938194,2.377897
-0.206815,-0.892477,2.257983
-0.436982,0.658999,2.289558
-0.506050,0.482854,2.361465
-0.661631,0.380426,2.319450
-0.334596,0.407639,2.421415
-0.845522,0.209016,2.293284
-0.165478,0.488320,2.310509
-0.766003,0.030109,2.310509
-0.322054,0.620972,2.243590
-0.744042,-0.038579,2.233287
-0.382381,0.691395,2.369218
-0.485274,0.145562,2.381809
-0.469404,0.085941,2.334109
-0.534961,-0.000053,2.283187
-0.387621,0.003411,2.361478
-0.564142,-0.503319,2.370093
-0.299912,-0.481834,2.295397
-0.539672,-0.879543,2.425820
-0.226333,-0.823865,2.276982
-0.576668,-0.938149,2.377432
-0.205477,-0.887999,2.240964
-0.404427,0.658882,2.266570
-0.479851,0.483533,2.335912
-0.632055,0.383266,2.288961
-0.307300,0.406759,2.399676
-0.818568,0.209809,2.260503
-0.133443,0.480947,2.291339
-0.740495,0.030268,2.291339
-0.289233,0.614839,2.213763
-0.717583,-0.038766,2.204448
-0.363393,0.687745,2.355675
-0.462739,0.146675,2.355747
-0.446290,0.087013,2.308828
-0.512069,0.001228,2.256580
-0.366347,0.003617,2.338944
-0.547001,-0.497448,2.335396
-0.287231,-0.475662,2.275531
-0.538284,-0.875592,2.417172
-0.221980,-0.819348,2.260079
-0.576446,-0.936892,2.374742
-0.204005,-0.883988,2.224914
-0.372519,0.659416,2.243355
-0.452633,0.484559,2.309746
-0.602608,0.385898,2.259618
-0.278511,0.405985,2.376454
-0.791347,0.210947,2.229074
-0.100691,0.473329,2.268637
-0.715187,0.030617,2.268637
-0.253390,0.609537,2.185194
-0.691645,-0.038783,2.176907
-0.342510,0.685113,2.339104
-0.439237,0.147783,2.329263
-0.422387,0.088001,2.282989
-0.488605,0.002603,2.229962
-0.343602,0.003841,2.314799
-0.524702,-0.487585,2.290534
-0.274018,-0.469914,2.255615
-0.534305,-0.867737,2.400877
-0.217759,-0.815215,2.244133
-0.565563,-0.925250,2.352539
-0.200360,-0.877830,2.204334
-0.338748,0.660975,2.216824
-0.422820,0.486165,2.282233
-0.572767,0.388474,2.230814
-0.247376,0.405430,2.350151
-0.763739,0.212347,2.198795
-0.065803,0.463937,2.241220
-0.689210,0.031283,2.241220
-0.217517,0.605469,2.157007
-0.664153,-0.038094,2.148308
-0.319843,0.683039,2.318485
-0.413982,0.148948,2.301852
-0.397208,0.088917,2.256169
-0.464926,0.004131,2.203886
-0.318908,0.004223,2.288152
-0.500380,-0.476782,2.241457
-0.260408,-0.464677,2.235771
-0.526975,-0.858537,2.376552
-0.213663,-0.811471,2.229205
-0.550139,-0.912016,2.320749
-0.198410,-0.874277,2.189888
-0.306727,0.662922,2.189711
-0.391866,0.488272,2.252360
-0.543181,0.391214,2.202231
-0.214670,0.404819,2.320075
-0.736096,0.214228,2.170123
-0.029879,0.452239,2.208759
-0.662967,0.032560,2.208759
-0.181284,0.597620,2.128946
-0.635580,-0.035670,2.119050
-0.295120,0.678408,2.291288
-0.386686,0.150277,2.271759
-0.370304,0.089930,2.226533
-0.440325,0.005888,2.176620
-0.291636,0.005038,2.257044
-0.473479,-0.465202,2.186135
-0.247076,-0.459950,2.216582
-0.510343,-0.844922,2.328053
-0.209830,-0.808099,2.215485
-0.530767,-0.901005,2.280243
-0.196410,-0.871097,2.176639
-0.278565,0.665281,2.163486
-0.362963,0.490426,2.223816
-0.515588,0.393722,2.175006
-0.184002,0.404554,2.289571
-0.710089,0.216144,2.144005
0.003273,0.439723,2.176143
-0.637691,0.034114,2.176143
-0.145223,0.588686,2.102322
-0.608648,-0.033743,2.091608
-0.268549,0.672740,2.255052
-0.361092,0.151546,2.243086
-0.345239,0.090862,2.198215
-0.417407,0.007601,2.150844
-0.266166,0.005922,2.226905
-0.447629,-0.454055,2.133132
-0.234320,-0.455659,2.198424
-0.498281,-0.838579,2.289675
-0.206256,-0.805061,2.202925
-0.513207,-0.893970,2.237811
-0.194538,-0.868269,2.164622
-0.253559,0.668256,2.136364
-0.333578,0.494071,2.192514
-0.490208,0.395819,2.148508
-0.155837,0.404846,2.258198
-0.686155,0.217908,2.120343
0.031858,0.422314,2.145988
-0.614169,0.035381,2.145988
-0.111205,0.568114,2.077502
-0.583250,-0.031938,2.065632
-0.216138,0.643271,2.162169
-0.335882,0.153375,2.213053
-0.320964,0.092055,2.168866
-0.395541,0.009467,2.124962
-0.241458,0.007468,2.195223
-0.423388,-0.443816,2.083447
-0.222354,-0.451830,2.181469
-0.484208,-0.832659,2.237377
-0.202968,-0.802328,2.191504
-0.493576,-0.887938,2.179956
-0.192763,-0.865744,2.153748
-0.231660,0.671091,2.111429
-0.307526,0.497237,2.164020
-0.467616,0.397569,2.124191
-0.130099,0.403241,2.226728
-0.664563,0.219298,2.099126
0.058352,0.404668,2.117043
-0.592634,0.036302,2.117043
-0.078346,0.543644,2.054555
-0.560226,-0.030608,2.040901
-0.170550,0.602856,2.075731
-0.313018,0.154648,2.185071
-0.299097,0.092708,2.141404
-0.375818,0.010865,2.100868
-0.219142,0.008360,2.165239
-0.401922,-0.435202,2.038744
-0.211304,-0.448523,2.165793
-0.470080,-0.827529,2.181598
-0.199963,-0.799879,2.181157
-0.474539,-0.882816,2.118378
-0.191138,-0.863496,2.143932
-0.212140,0.673740,2.086144
-0.283776,0.499163,2.133913
-0.447206,0.398522,2.099343
-0.106423,0.403185,2.194191
-0.644646,0.219719,2.078825
0.082040,0.381752,2.085464
-0.571886,0.035233,2.085464
-0.052721,0.497937,2.030977
-0.538563,-0.031283,2.015322
-0.143178,0.565704,2.007373
-0.291339,0.155055,2.155724
-0.278354,0.092511,2.112767
-0.357138,0.011414,2.076445
-0.197604,0.008342,2.133039
-0.381927,-0.428211,1.995005
-0.200964,-0.446046,2.150940
-0.454603,-0.823145,2.116344
-0.197220,-0.797687,2.171766
-0.454387,-0.878388,2.046868
-0.189636,-0.861496,2.135068
-0.195960,0.675544,2.056177
-0.262471,0.500388,2.098669
-0.428674,0.398304,2.070590
-0.085073,0.401111,2.155413
-0.625800,0.218757,2.057326
0.095695,0.354053,2.052412
-0.553484,0.032524,2.052412
-0.023789,0.423594,2.005446
-0.519477,-0.033815,1.986282
-0.097657,0.450123,1.892969
-0.271005,0.154318,2.120739
-0.258910,0.091073,2.078382
-0.339290,0.010860,2.046909
-0.177477,0.007137,2.094690
-0.362368,-0.422954,1.947142
-0.190531,-0.444551,2.133087
-0.437688,-0.820362,2.043412
-0.194653,-0.795793,2.163049
-0.433355,-0.875555,1.967921
-0.188246,-0.859790,2.127053
-0.184939,0.675351,2.018208
-0.244846,0.500575,2.055463
-0.413484,0.396491,2.034807
-0.068211,0.398099,2.106695
-0.607557,0.215438,2.031415
0.097279,0.317681,2.013105
-0.538494,0.027892,2.013105
-0.000589,0.328650,1.972893
-0.503792,-0.039896,1.946169
-0.055672,0.310706,1.781201
-0.252925,0.152360,2.077106
-0.241718,0.088393,2.035149
-0.323024,0.009119,2.008668
-0.159707,0.004914,2.047213
-0.343428,-0.419334,1.891678
-0.180193,-0.444279,2.110570
-0.421704,-0.819673,1.973834
-0.192195,-0.793897,2.153867
-0.414392,-0.875023,1.894857
-0.186445,-0.856761,2.114968
-0.181171,0.673846,1.967385
-0.233168,0.500042,2.000894
-0.403894,0.393789,1.988218
-0.057381,0.395236,2.045471
-0.589076,0.207850,1.994180
0.093017,0.278652,1.964413
-0.525638,0.016710,1.964413
0.018332,0.226973,1.922221
-0.491756,-0.053095,1.886474
-0.021622,0.176167,1.692768
-0.238975,0.149713,2.022463
-0.228566,0.085010,1.980879
-0.310129,0.006221,1.960027
-0.145870,0.002417,1.988065
-0.327689,-0.417094,1.826463
-0.169422,-0.443677,2.075590
-0.407153,-0.818851,1.915748
-0.189018,-0.791342,2.142044
-0.397294,-0.873567,1.835825
-0.184765,-0.854839,2.106674
-0.184101,0.671767,1.908763
-0.227021,0.499674,1.942076
-0.399027,0.390820,1.935816
-0.052466,0.392002,1.977847
-0.571846,0.197792,1.947613
0.084826,0.241007,1.910888
-0.514445,0.001381,1.910888
0.033981,0.139463,1.859282
-0.481268,-0.070014,1.816847
0.005968,0.065972,1.623398
-0.229655,0.146542,1.962835
-0.220041,0.081030,1.921251
-0.301301,0.002491,1.905090
-0.136877,-0.000227,1.924188
-0.315108,-0.416620,1.764400
-0.157480,-0.441486,2.025016
-0.394112,-0.816924,1.869372
-0.184625,-0.787001,2.124387
-0.381883,-0.870202,1.787527
-0.182408,-0.852408,2.096785
-0.194186,0.669163,1.840910
-0.228179,0.499057,1.875190
-0.400850,0.386573,1.874052
-0.054567,0.388983,1.901262
-0.555715,0.186128,1.883079
0.071007,0.205597,1.849420
-0.502880,-0.016526,1.849420
0.047522,0.066172,1.780490
-0.470815,-0.090432,1.733082
0.030834,-0.023266,1.562141
-0.225447,0.142843,1.894225
-0.216424,0.076606,1.852017
-0.296858,-0.002040,1.839332
-0.132415,-0.003004,1.851212
-0.306037,-0.417683,1.703961
-0.144080,-0.440250,1.939711
-0.380528,-0.811864,1.811711
-0.177627,-0.775685,2.082023
-0.367365,-0.855691,1.733275
-0.178311,-0.843387,2.066438
-0.198890,0.667947,1.792260
-0.232582,0.498252,1.808637
-0.406238,0.382384,1.809689
-0.060262,0.386115,1.826531
-0.540482,0.173416,1.809535
0.054936,0.174018,1.788067
-0.491365,-0.034399,1.788067
0.057756,0.004052,1.698194
-0.460998,-0.110264,1.649515
0.051135,-0.096965,1.505780
-0.224632,0.139130,1.824665
-0.215998,0.072390,1.781500
-0.295412,-0.006451,1.770970
-0.131240,-0.005401,1.777840
-0.298816,-0.418959,1.650922
-0.132864,-0.438760,1.840482
-0.368204,-0.808560,1.772794
-0.165345,-0.759193,2.002426
-0.352813,-0.849085,1.693366
-0.171251,-0.822842,2.024988
-0.204885,0.666606,1.746241
-0.238075,0.497410,1.748766
-0.412270,0.378489,1.751047
-0.066567,0.383581,1.760597
-0.527323,0.161664,1.740708
0.039855,0.147178,1.733861
-0.481447,-0.050096,1.733861
0.066062,-0.048427,1.624264
-0.452589,-0.127617,1.576262
0.068436,-0.159209,1.456218
-0.225114,0.135759,1.762726
-0.216733,0.068614,1.718556
-0.295178,-0.010432,1.709360
-0.131276,-0.007463,1.712850
-0.293072,-0.420315,1.603832
-0.124313,-0.437288,1.749028
-0.357131,-0.804158,1.728531
-0.159287,-0.753518,1.962352
-0.340345,-0.836063,1.650861
-0.166167,-0.813213,1.982781
-0.212233,0.665522,1.701087
-0.245901,0.496401,1.688393
-0.420034,0.374017,1.689532
-0.074983,0.380879,1.695654
-0.515078,0.150091,1.667716
0.022926,0.124017,1.678148
-0.471540,-0.063651,1.678148
0.070698,-0.094210,1.549107
-0.443903,-0.143271,1.503367
0.081574,-0.213641,1.408158
-0.227933,0.132121,1.699471
-0.219511,0.064702,1.654082
-0.296885,-0.014565,1.644485
-0.133351,-0.009519,1.647593
-0.288876,-0.421823,1.560747
-0.119725,-0.435737,1.649419
-0.346930,-0.799702,1.689446
-0.149572,-0.746214,1.884197
-0.327560,-0.814992,1.607655
-0.157899,-0.787872,1.903819
-0.219706,0.664517,1.659639
-0.253423,0.495384,1.634968
-0.427485,0.370031,1.634640
-0.082970,0.378471,1.638864
-0.504789,0.139832,1.602498
0.006945,0.104629,1.628206
-0.462839,-0.075015,1.628206
0.073223,-0.133584,1.483072
-0.436107,-0.156376,1.439655
0.090851,-0.260067,1.363278
-0.231071,0.128883,1.643571
-0.222542,0.061291,1.597077
-0.298988,-0.018197,1.586714
-0.135742,-0.011247,1.590232
-0.285544,-0.423263,1.522392
-0.116701,-0.433791,1.560031
-0.337687,-0.795466,1.654279
-0.137849,-0.750756,1.771302
-0.316307,-0.794997,1.569946
-0.143735,-0.791594,1.769110
-0.226734,0.663672,1.622163
-0.261109,0.494081,1.585555
-0.434927,0.366156,1.583694
-0.090952,0.376139,1.587136
-0.496173,0.130571,1.542531
-0.008781,0.088249,1.581055
-0.454916,-0.084328,1.581055
0.072822,-0.166307,1.423149
-0.428424,-0.167281,1.381678
0.095368,-0.297717,1.320548
-0.234640,0.125785,1.592129
-0.225914,0.058116,1.544636
-0.301507,-0.021619,1.533247
-0.138474,-0.012836,1.537807
-0.282931,-0.424655,1.488040
-0.114944,-0.431858,1.478321
-0.329287,-0.791460,1.622539
-0.127740,-0.755767,1.658954
-0.307815,-0.781457,1.537570
-0.131299,-0.796260,1.636317
-0.232924,0.662343,1.583627
-0.269010,0.491833,1.533281
-0.442538,0.361138,1.528840
-0.099833,0.372608,1.532838
-0.489026,0.121646,1.479459
-0.025513,0.074332,1.529159
-0.447298,-0.091442,1.529159
0.067728,-0.192931,1.361398
-0.419972,-0.175709,1.321610
0.093895,-0.326087,1.274252
-0.239265,0.121983,1.537420
-0.230399,0.054341,1.488734
-0.305287,-0.025556,1.475388
-0.142451,-0.015068,1.482644
-0.281726,-0.426413,1.454638
-0.112766,-0.434945,1.408064
-0.322842,-0.790862,1.591072
-0.119802,-0.765384,1.542925
-0.300732,-0.776818,1.504620
-0.121646,-0.803979,1.502695
-0.238946,0.660376,1.542396
-0.276516,0.488374,1.477139
-0.448054,0.355195,1.469536
-0.109083,0.367586,1.473247
-0.483087,0.113204,1.414939
-0.041347,0.061962,1.471012
-0.439935,-0.102267,1.471012
0.060450,-0.216744,1.296424
-0.413846,-0.186113,1.260467
0.090462,-0.349558,1.225558
-0.244331,0.116843,1.477758
-0.235528,0.049299,1.427524
-0.309532,-0.030215,1.411841
-0.147637,-0.018321,1.422434
-0.283023,-0.428745,1.420145
-0.111890,-0.439696,1.336607
-0.318467,-0.790930,1.560280
-0.114020,-0.776931,1.422254
-0.296310,-0.774198,1.472371
-0.114604,-0.813852,1.366177
-0.242960,0.656579,1.494978
-0.280468,0.481740,1.412202
-0.451578,0.350495,1.402973
-0.117494,0.360988,1.405050
-0.478276,0.104801,1.347448
-0.054922,0.049956,1.403194
-0.435877,-0.113030,1.403194
0.052224,-0.237343,1.233480
-0.411576,-0.196391,1.201711
0.086228,-0.369489,1.177042
-0.248745,0.111471,1.409961
-0.240637,0.044711,1.358136
-0.314258,-0.033833,1.340042
-0.153549,-0.021406,1.353843
-0.284055,-0.433050,1.387362
-0.112047,-0.444885,1.258258
-0.316006,-0.792862,1.525644
-0.109279,-0.787290,1.286651
-0.294205,-0.774227,1.436174
-0.108838,-0.822526,1.216266
