-0.073448,0.117939,3.356045
-0.077691,-0.055634,3.338906
-0.220979,-0.176414,3.267122
0.107001,-0.184730,3.358242
-0.279462,-0.366073,3.166935
0.160794,-0.375851,3.258260
-0.227082,-0.439873,3.258260
-0.008546,-0.351112,2.962185
-0.188219,-0.445978,2.963182
-0.030027,-0.330479,3.022507
-0.063704,-0.390589,3.295601
-0.046349,-0.440833,3.237808
-0.111869,-0.507875,3.194068
0.030365,-0.520238,3.235699
-0.110117,-0.850350,3.131528
0.007746,-0.940974,3.284577
-0.120948,-1.116129,3.010847
-0.019683,-1.301576,3.376963
-0.110682,-1.168800,2.947538
-0.031249,-1.372583,3.351209
-0.077093,0.116715,3.317089
-0.074452,-0.090302,3.293473
-0.221455,-0.175476,3.250041
0.099894,-0.175281,3.321994
-0.278688,-0.344688,3.112236
0.146167,-0.361670,3.209054
-0.199094,-0.400535,3.209054
-0.010932,-0.340474,2.911973
-0.135975,-0.380675,2.922211
-0.049613,-0.303319,3.003706
-0.069352,-0.391566,3.260642
-0.056442,-0.436166,3.202471
-0.119964,-0.500807,3.163864
0.013419,-0.515243,3.193622
-0.111877,-0.841499,3.097823
0.005601,-0.942358,3.257621
-0.123447,-1.114698,3.001594
-0.016907,-1.298450,3.369206
-0.109782,-1.165076,2.944730
-0.038388,-1.367513,3.346748
-0.077225,0.132713,3.314136
-0.096680,-0.044113,3.281593
-0.212488,-0.176940,3.191244
0.099006,-0.171969,3.305080
-0.261171,-0.329614,3.029810
0.146573,-0.354156,3.186244
-0.096633,-0.334364,3.186244
-0.070208,-0.334997,2.886140
-0.086736,-0.326338,2.899495
-0.158409,-0.308467,2.912565
-0.077427,-0.379382,3.243062
-0.056647,-0.427492,3.186546
-0.115854,-0.490038,3.144445
0.014274,-0.506123,3.182872
-0.115636,-0.838176,3.083971
0.005348,-0.935431,3.213558
-0.126243,-1.110510,2.984330
-0.009005,-1.282464,3.347584
-0.107229,-1.165827,2.936933
-0.031911,-1.354115,3.350652
-0.079104,0.136589,3.294191
-0.096912,-0.041321,3.279402
-0.207470,-0.171379,3.160710
0.093249,-0.160599,3.265827
-0.242227,-0.318493,2.990564
0.135659,-0.353200,3.170399
-0.062511,-0.271319,3.170399
-0.049381,-0.292572,2.881329
-0.055239,-0.276129,2.883141
-0.133336,-0.251470,2.861203
-0.079047,-0.372971,3.224246
-0.058978,-0.419584,3.164151
-0.116004,-0.481060,3.125423
0.010001,-0.491073,3.154656
-0.118241,-0.837144,3.068291
0.009287,-0.936239,3.186444
-0.125606,-1.111843,2.979076
-0.013964,-1.273028,3.294078
-0.106550,-1.167941,2.932552
0.011352,-1.295768,3.212248
-0.077449,0.144516,3.266527
-0.094769,-0.031781,3.263825
-0.211638,-0.166010,3.129724
0.089358,-0.166690,3.238364
-0.242420,-0.322648,2.970527
0.105761,-0.349165,3.113899
-0.063205,-0.239500,3.113899
-0.061189,-0.270388,2.891716
-0.031633,-0.234980,2.880317
-0.099741,-0.233358,2.871509
-0.077661,-0.366228,3.206761
-0.056241,-0.414101,3.147923
-0.113344,-0.476954,3.115104
0.013204,-0.482415,3.135799
-0.119723,-0.835356,3.048033
0.009529,-0.903798,3.111366
-0.127617,-1.110668,2.960303
-0.009261,-1.237496,3.270948
-0.100551,-1.133541,2.878855
0.017805,-1.260370,3.189501
-0.078578,0.145131,3.253710
-0.095576,-0.030961,3.224946
-0.216197,-0.153284,3.101770
0.076801,-0.163973,3.186911
-0.236115,-0.288378,2.920470
0.095186,-0.348620,3.069273
-0.040862,-0.221637,3.069273
-0.070980,-0.278944,2.888898
0.017287,-0.197071,2.870608
-0.109527,-0.241918,2.821790
-0.082751,-0.359706,3.179298
-0.064354,-0.407999,3.120724
-0.120824,-0.469091,3.091839
0.002889,-0.475523,3.109052
-0.119522,-0.841950,3.027658
0.015829,-0.896635,3.082037
-0.129036,-1.120575,2.956089
-0.005586,-1.226830,3.248032
-0.097812,-1.182043,2.925054
0.017600,-1.249977,3.165336
-0.081637,0.147911,3.240201
-0.095371,-0.029309,3.219147
-0.215064,-0.132635,3.098875
0.068991,-0.119206,3.212045
-0.220448,-0.269680,2.918485
0.083548,-0.329201,3.032143
-0.028598,-0.197542,3.032143
-0.082275,-0.262962,2.877400
0.030103,-0.170729,2.864986
-0.120820,-0.225938,2.782940
-0.086413,-0.348783,3.169564
-0.065378,-0.393248,3.111754
-0.119002,-0.447293,3.068627
0.000184,-0.465848,3.107672
-0.125975,-0.833161,3.003628
0.020685,-0.868589,3.055991
-0.130273,-1.114806,2.952416
-0.003282,-1.207977,3.205654
-0.101571,-1.177778,2.921701
0.025151,-1.231110,3.124470
-0.079716,0.151887,3.224017
-0.097495,-0.025138,3.207399
-0.215582,-0.124085,3.083668
0.063751,-0.119773,3.191604
-0.218914,-0.269332,2.911403
0.084377,-0.330856,3.030806
-0.033390,-0.180803,3.030806
-0.081446,-0.264617,2.878755
0.023288,-0.149101,2.868848
-0.119977,-0.227607,2.781610
-0.087851,-0.345555,3.152462
-0.066670,-0.390210,3.094151
-0.119373,-0.446124,3.057795
-0.002994,-0.457814,3.087463
-0.124371,-0.831089,2.993794
0.024351,-0.877992,3.007936
-0.130733,-1.113400,2.951391
0.007416,-1.211062,3.170194
-0.101260,-1.177541,2.923802
0.035804,-1.234051,3.088856
-0.078617,0.153180,3.212810
-0.096842,-0.020461,3.194720
-0.202755,-0.109723,3.065797
0.063982,-0.118903,3.182654
-0.219675,-0.248616,2.888904
0.087525,-0.312001,3.023565
-0.026064,-0.178233,3.023565
-0.078298,-0.245762,2.882712
0.030321,-0.145973,2.873263
-0.116801,-0.208778,2.774386
-0.090486,-0.339297,3.136625
-0.066976,-0.383618,3.078959
-0.116509,-0.437229,3.029503
-0.005504,-0.452759,3.080412
-0.127135,-0.827548,2.982534
0.026928,-0.877334,2.997373
-0.126616,-1.110068,2.947771
0.004515,-1.209831,3.122859
-0.093809,-1.133232,2.868117
0.037322,-1.232996,3.043205
-0.079558,0.156820,3.199539
-0.098179,-0.016309,3.186480
-0.179261,-0.121966,3.006274
0.054063,-0.112264,3.152312
-0.213967,-0.273923,2.846905
0.086916,-0.304686,3.008616
-0.026084,-0.179033,3.008616
-0.078908,-0.238447,2.874064
0.029801,-0.146024,2.864884
-0.117356,-0.201516,2.759482
-0.092953,-0.345854,3.115189
-0.063471,-0.393010,3.056602
-0.113224,-0.439456,3.025572
-0.007066,-0.450566,3.047192
-0.131201,-0.822085,2.966604
0.022884,-0.867098,2.963076
-0.125166,-1.106693,2.945824
0.012989,-1.181961,3.059616
-0.083877,-1.130257,2.870394
0.054279,-1.205525,2.984186
-0.081666,0.160628,3.178002
-0.098746,-0.012079,3.164992
-0.175100,-0.121813,2.998812
0.053685,-0.112676,3.146244
-0.220844,-0.270532,2.840050
0.090626,-0.307237,2.988964
-0.027473,-0.176361,2.988964
-0.075198,-0.240998,2.869675
0.028212,-0.143221,2.860463
-0.113587,-0.204124,2.739879
-0.094116,-0.344029,3.102111
-0.063983,-0.392327,3.046253
-0.108847,-0.440155,3.002662
-0.008265,-0.450123,3.045480
-0.129052,-0.819607,2.959599
0.021372,-0.846835,2.931273
-0.117623,-1.115644,2.941251
0.013219,-1.165196,3.003024
-0.094521,-1.182330,2.913766
0.055581,-1.189063,2.928358
-0.085021,0.164093,3.162342
-0.096050,-0.008478,3.158322
-0.172696,-0.121265,2.990160
0.059024,-0.113623,3.137844
-0.221490,-0.265369,2.828302
0.088814,-0.306979,2.963065
-0.026074,-0.171879,2.963065
-0.077010,-0.240740,2.859846
0.029467,-0.138662,2.850682
-0.115346,-0.203917,2.714021
-0.093119,-0.344974,3.089425
-0.063797,-0.393738,3.032196
-0.109248,-0.440767,2.998801
-0.009097,-0.450099,3.025343
-0.128877,-0.819954,2.955337
0.020627,-0.842972,2.918074
-0.115986,-1.115891,2.938104
0.017203,-1.145413,2.947493
-0.100498,-1.181177,2.903054
0.059297,-1.169169,2.872691
-0.084408,0.164587,3.149822
-0.096398,-0.005978,3.142213
-0.175877,-0.116487,2.983624
0.057635,-0.065536,3.173511
-0.202712,-0.252017,2.807774
0.089102,-0.282275,2.979703
-0.015063,-0.167912,2.979703
-0.073163,-0.240541,2.836282
0.040401,-0.134613,2.827206
-0.111478,-0.203738,2.711657
-0.094950,-0.338815,3.077494
-0.062671,-0.387562,3.022955
-0.108341,-0.438149,2.993872
-0.007682,-0.441263,3.014371
-0.130722,-0.824339,2.949359
0.020166,-0.832532,2.906489
-0.112745,-1.114568,2.929748
0.009632,-1.127593,2.901416
-0.103124,-1.182740,2.898173
0.056358,-1.151896,2.829538
-0.082373,0.168480,3.131962
-0.099732,-0.008107,3.115515
-0.175204,-0.113303,2.966616
0.059705,-0.067145,3.155975
-0.211217,-0.257163,2.801052
0.090461,-0.282378,2.960552
-0.019464,-0.165051,2.960552
-0.072470,-0.236379,2.832386
0.035951,-0.131759,2.823309
-0.110759,-0.199601,2.695576
-0.094919,-0.336829,3.063401
-0.061771,-0.385929,3.011118
-0.106610,-0.437233,2.977688
-0.006686,-0.440849,3.008520
-0.130170,-0.826688,2.941774
0.020654,-0.830159,2.895159
-0.112802,-1.113373,2.928341
0.019410,-1.117584,2.881384
-0.103110,-1.182253,2.898304
0.066505,-1.142196,2.809818
-0.081181,0.169105,3.120216
-0.100375,-0.007303,3.097507
-0.173158,-0.115743,2.942415
0.071948,-0.127859,3.053520
-0.211228,-0.261742,2.781549
0.102007,-0.270842,2.887513
-0.016540,-0.160305,2.887513
-0.069013,-0.179889,2.819472
0.038742,-0.127081,2.810411
-0.107214,-0.143195,2.662899
-0.088760,-0.342753,3.046243
-0.063165,-0.392210,2.989623
-0.110353,-0.443859,2.953217
-0.005835,-0.449705,2.990864
-0.129926,-0.827922,2.932210
0.021792,-0.825999,2.883833
-0.113137,-1.113400,2.925801
0.045943,-1.100255,2.814224
-0.104055,-1.181572,2.894324
0.055568,-1.146693,2.755303
-0.079512,0.171581,3.109647
-0.101781,-0.004431,3.083633
-0.172700,-0.114944,2.936621
0.071019,-0.123466,3.051473
-0.212086,-0.259299,2.775100
0.094494,-0.387155,3.042464
-0.018042,-0.162704,3.042464
-0.071330,-0.320916,2.809284
0.037157,-0.129524,2.800244
-0.109475,-0.284277,2.793624
-0.088342,-0.342880,3.032353
-0.061802,-0.392835,2.975785
-0.109075,-0.443524,2.944775
-0.003724,-0.450174,2.972861
-0.129914,-0.823878,2.921466
0.022867,-0.822441,2.869224
-0.113400,-1.112958,2.924510
0.065741,-1.148603,2.766922
-0.107318,-1.180349,2.890836
0.100407,-1.172152,2.688498
-0.078782,0.173595,3.090479
-0.098476,-0.001688,3.076350
-0.174316,-0.114732,2.922467
0.069701,-0.116409,3.037590
-0.210852,-0.265297,2.767750
0.089390,-0.379609,2.999222
-0.017356,-0.164784,2.999222
-0.076434,-0.313370,2.801086
0.037763,-0.131651,2.792058
-0.114524,-0.276783,2.750430
-0.085942,-0.342847,3.019390
-0.060109,-0.392798,2.961421
-0.108422,-0.443914,2.932011
-0.001540,-0.448879,2.955464
-0.129213,-0.823075,2.911793
0.024020,-0.820051,2.861640
-0.113285,-1.112976,2.924435
0.069640,-1.145046,2.750075
-0.106237,-1.180728,2.891807
0.103705,-1.168391,2.671397
-0.077517,0.173534,3.078096
-0.094585,0.003051,3.063977
-0.175002,-0.114680,2.909327
0.070588,-0.112181,3.011756
-0.211336,-0.265428,2.755474
0.084360,-0.381400,2.989620
0.012604,-0.196939,2.989620
-0.081463,-0.315161,2.804014
0.067637,-0.163855,2.795000
-0.119495,-0.278631,2.740877
-0.082052,-0.341327,3.007709
-0.058670,-0.391957,2.948914
-0.107374,-0.443243,2.920148
-0.000301,-0.448057,2.942834
-0.129327,-0.820942,2.901068
0.026503,-0.814393,2.849397
-0.113062,-1.111060,2.922692
0.077697,-1.136966,2.722719
-0.099656,-1.180261,2.895743
0.108070,-1.160156,2.642583
-0.074716,0.173614,3.066531
-0.087310,-0.000247,3.049470
-0.173814,-0.113514,2.901490
0.075468,-0.113157,2.999444
-0.218410,-0.246854,2.732486
0.086134,-0.384252,2.976757
0.010152,-0.193610,2.976757
-0.079690,-0.318013,2.795783
0.065105,-0.160574,2.786782
-0.117666,-0.281535,2.728065
-0.079148,-0.338778,2.994145
-0.057409,-0.388202,2.934862
-0.107467,-0.442372,2.917387
0.001943,-0.439406,2.906553
-0.128501,-0.817137,2.890979
0.028343,-0.798042,2.833982
-0.112566,-1.107775,2.917972
0.084945,-1.123130,2.688879
-0.098510,-1.177537,2.893035
0.113980,-1.146246,2.608300
-0.071838,0.175653,3.049530
-0.082440,-0.002516,3.025041
-0.173761,-0.115486,2.886964
0.079527,-0.111931,2.987138
-0.221926,-0.260566,2.731793
0.094634,-0.382430,2.971527
0.037961,-0.219705,2.971527
-0.071124,-0.317354,2.784221
0.092847,-0.186709,2.775231
-0.109054,-0.280921,2.722921
-0.075637,-0.340622,2.972382
-0.054274,-0.390392,2.913965
-0.105750,-0.445783,2.885767
0.004090,-0.442163,2.901491
-0.125181,-0.819751,2.882405
0.026549,-0.801490,2.814260
-0.112484,-1.107664,2.917715
0.087798,-1.122602,2.674672
-0.099701,-1.175281,2.886972
0.116719,-1.145834,2.594135
-0.068001,0.179000,3.025865
-0.076810,-0.002179,3.014380
-0.173780,-0.117087,2.878113
0.082229,-0.113186,2.964870
-0.223754,-0.265675,2.728433
0.096749,-0.376033,2.969585
0.034700,-0.220544,2.969585
-0.069075,-0.309794,2.781118
0.089516,-0.187591,2.772140
-0.106956,-0.273408,2.720982
-0.068091,-0.343455,2.957618
-0.049021,-0.393308,2.897315
-0.101912,-0.448475,2.868337
0.010556,-0.447612,2.888543
-0.122590,-0.821362,2.872478
0.028445,-0.802160,2.800703
-0.109592,-1.115053,2.912949
0.087449,-1.127124,2.661653
-0.093836,-1.185082,2.890108
0.112604,-1.150027,2.579825
-0.064231,0.179516,3.021821
-0.074072,0.000877,3.001724
-0.175832,-0.116328,2.872205
0.087571,-0.115442,2.949758
-0.221345,-0.265477,2.722211
0.099820,-0.373908,2.967958
-0.008028,-0.206164,2.967958
-0.066004,-0.307669,2.750201
0.046728,-0.173246,2.741232
-0.103844,-0.271322,2.719391
-0.062372,-0.340727,2.939929
-0.044698,-0.389710,2.878406
-0.098267,-0.446780,2.835799
0.016746,-0.448381,2.875753
-0.119189,-0.818860,2.862036
0.033140,-0.800466,2.785702
-0.107217,-1.111674,2.905098
0.085695,-1.130973,2.658474
-0.091095,-1.183642,2.889915
0.108077,-1.153578,2.575797
-0.058762,0.176972,3.003266
-0.071817,0.001595,2.986675
-0.180703,-0.117042,2.865874
0.088261,-0.122409,2.916122
-0.219474,-0.269442,2.718378
0.110250,-0.366853,2.872176
-0.008507,-0.208359,2.872176
-0.055574,-0.300614,2.748981
0.046180,-0.175483,2.740024
-0.093366,-0.264313,2.623650
-0.056030,-0.338471,2.927640
-0.042484,-0.387262,2.865446
-0.097772,-0.450570,2.843745
0.025913,-0.440767,2.808103
-0.107993,-0.807708,2.840792
0.036953,-0.795716,2.767371
-0.100697,-1.103110,2.885118
0.089687,-1.132124,2.652861
-0.085414,-1.125566,2.800856
0.104970,-1.154580,2.568599
-0.054071,0.174964,2.984291
-0.065876,0.002665,2.974136
-0.179933,-0.118260,2.857272
0.091401,-0.121973,2.909633
-0.219697,-0.267942,2.707523
0.112032,-0.368356,2.865533
-0.009458,-0.211261,2.865533
-0.053792,-0.302118,2.739877
0.045172,-0.178419,2.730929
-0.091545,-0.265855,2.617040
-0.053360,-0.336056,2.912409
-0.040316,-0.384102,2.849717
-0.097621,-0.451014,2.843746
0.026077,-0.439823,2.797807
-0.107097,-0.800818,2.828519
0.039788,-0.790603,2.751536
-0.099570,-1.101462,2.879847
0.093308,-1.129161,2.638321
-0.084004,-1.123832,2.795646
0.108874,-1.151530,2.554120
-0.051960,0.177044,2.970514
-0.062823,0.006217,2.962139
-0.178239,-0.120667,2.845153
0.093124,-0.119362,2.897928
-0.221200,-0.271161,2.698313
0.112126,-0.360206,2.862815
-0.009650,-0.212523,2.862815
-0.053698,-0.293967,2.731581
0.044912,-0.179723,2.722645
-0.091403,-0.257749,2.614361
-0.040232,-0.358078,2.879822
-0.024372,-0.412937,2.811658
-0.083905,-0.473247,2.772446
0.040681,-0.464022,2.805757
-0.101787,-0.800262,2.814639
0.042272,-0.789532,2.739400
-0.099556,-1.097247,2.870783
0.100988,-1.141132,2.635693
-0.084444,-1.119321,2.786480
0.118402,-1.172310,2.549089
-0.046719,0.181763,2.955434
-0.054117,0.010878,2.942386
-0.176566,-0.117113,2.839691
0.099702,-0.114827,2.872394
-0.220383,-0.264479,2.690228
0.108806,-0.342798,2.844635
-0.009735,-0.210489,2.844635
-0.051833,-0.203868,2.721291
0.044747,-0.177737,2.712368
-0.089482,-0.167704,2.632478
-0.037385,-0.346953,2.869272
-0.027244,-0.398234,2.801743
-0.086793,-0.460070,2.774420
0.037772,-0.448787,2.777380
-0.094236,-0.799118,2.798828
0.045444,-0.776997,2.726756
-0.096100,-1.100593,2.863451
0.093602,-1.131699,2.634834
-0.086763,-1.122687,2.778405
0.104111,-1.162423,2.548176
-0.044523,0.186291,2.939019
-0.041737,0.014006,2.924041
-0.176063,-0.112812,2.831731
0.102730,-0.108106,2.857297
-0.214729,-0.258890,2.679833
0.122755,-0.341430,2.825591
-0.029214,-0.227732,2.825591
-0.038806,-0.206899,2.724865
0.025204,-0.195019,2.715952
-0.076412,-0.170777,2.620255
-0.031518,-0.346911,2.852044
-0.024598,-0.399152,2.786708
-0.087039,-0.461057,2.749725
0.040712,-0.452375,2.773088
-0.090986,-0.800453,2.783588
0.051845,-0.778195,2.712122
-0.092175,-1.096791,2.853196
0.091733,-1.134780,2.630408
-0.085107,-1.118979,2.768006
0.099859,-1.166429,2.543732
-0.043413,0.190894,2.928216
-0.037385,0.016906,2.922070
-0.172364,-0.108280,2.817239
0.104923,-0.100484,2.838200
-0.212960,-0.256828,2.669509
0.134595,-0.342628,2.807974
-0.031416,-0.228445,2.807974
-0.025035,-0.209905,2.726012
0.022953,-0.195761,2.717107
-0.062607,-0.173816,2.602433
-0.025210,-0.346019,2.841249
-0.019071,-0.397552,2.773438
-0.081894,-0.458642,2.737107
0.046707,-0.452739,2.761995
-0.084315,-0.795909,2.766330
0.061743,-0.776570,2.697977
-0.087637,-1.092912,2.845515
0.089092,-1.135303,2.628998
-0.082180,-1.114898,2.760177
0.095425,-1.167757,2.542492
-0.040084,0.193806,2.913595
-0.034217,0.018208,2.905106
-0.168460,-0.105381,2.802723
0.104646,-0.101973,2.809627
-0.211936,-0.257132,2.660442
0.149617,-0.363629,2.783277
-0.032055,-0.207623,2.783277
-0.008765,-0.236882,2.708170
0.022261,-0.174971,2.699274
-0.046301,-0.200828,2.578344
-0.019033,-0.348246,2.823819
-0.014916,-0.400621,2.756777
-0.078128,-0.460287,2.726152
0.052190,-0.455922,2.743401
-0.069616,-0.791563,2.735018
0.060498,-0.781237,2.692383
-0.085621,-1.094139,2.833589
0.097119,-1.138263,2.621530
-0.083564,-1.116160,2.748142
0.100675,-1.170523,2.534732
-0.036955,0.195396,2.902470
-0.026509,0.023023,2.899286
-0.164041,-0.104723,2.791997
0.108242,-0.099082,2.801887
-0.209586,-0.254604,2.648572
0.153465,-0.356571,2.773988
-0.031659,-0.204352,2.773988
-0.013852,-0.207134,2.700362
0.022604,-0.171732,2.691474
-0.051351,-0.171115,2.582434
-0.013590,-0.347829,2.814551
-0.009303,-0.400810,2.746509
-0.070330,-0.463686,2.684585
0.057157,-0.458127,2.742537
-0.069995,-0.792485,2.722831
0.069374,-0.780759,2.675990
-0.083521,-1.093587,2.819265
0.093146,-1.140080,2.624772
-0.080865,-1.115561,2.733857
0.096575,-1.172354,2.538939
-0.033206,0.197794,2.892618
-0.025484,0.024334,2.883261
-0.158388,-0.104494,2.779163
0.111511,-0.096266,2.786093
-0.204949,-0.252813,2.634760
0.155228,-0.342547,2.766845
-0.030155,-0.205050,2.766845
-0.017197,-0.198145,2.695243
0.024052,-0.172463,2.686364
-0.054656,-0.162163,2.577174
-0.007890,-0.348614,2.798228
-0.003544,-0.402124,2.730296
-0.067798,-0.463869,2.679477
0.064127,-0.460369,2.732079
-0.069632,-0.798898,2.701253
0.072630,-0.783055,2.667172
-0.074240,-1.082049,2.788709
0.091036,-1.141999,2.618527
-0.072698,-1.104031,2.703318
0.093212,-1.174345,2.532871
-0.027540,0.200492,2.879690
-0.022122,0.026375,2.873432
-0.158027,-0.103292,2.775329
0.114056,-0.093237,2.775271
-0.199788,-0.250327,2.628167
0.157569,-0.336161,2.753873
-0.017112,-0.200019,2.753873
-0.018163,-0.193841,2.662004
0.037044,-0.167464,2.653134
-0.055587,-0.157893,2.567197
-0.001746,-0.344809,2.784552
0.001576,-0.397357,2.716037
-0.064246,-0.460288,2.677924
0.073477,-0.450442,2.692925
-0.054476,-0.794123,2.667448
0.075422,-0.780182,2.656701
-0.070849,-1.069643,2.755307
0.092411,-1.138587,2.612920
-0.071524,-1.091577,2.669925
0.092053,-1.167221,2.527201
-0.022518,0.201272,2.869451
-0.015514,0.028415,2.861962
-0.155836,-0.101632,2.764565
0.118077,-0.092203,2.763131
-0.200033,-0.247336,2.617260
0.163767,-0.334630,2.735487
-0.017198,-0.202641,2.735487
-0.011423,-0.193765,2.654451
0.036910,-0.170113,2.645588
-0.048814,-0.157849,2.547629
0.002186,-0.342321,2.774241
0.004785,-0.394939,2.705911
-0.061810,-0.458206,2.676531
0.075037,-0.448773,2.682034
-0.050570,-0.791017,2.646567
0.078432,-0.779686,2.650491
-0.063328,-1.056245,2.723569
0.091727,-1.137376,2.609386
-0.064306,-1.078189,2.638219
0.090957,-1.164901,2.523796
-0.022296,0.200166,2.855194
-0.011435,0.027421,2.843614
-0.152725,-0.103359,2.749238
0.120609,-0.088760,2.751803
-0.194290,-0.251757,2.604933
0.159604,-0.327334,2.707546
-0.015764,-0.204686,2.707546
-0.015633,-0.187123,2.652742
0.038289,-0.172192,2.643888
-0.052987,-0.151243,2.520157
0.003720,-0.354341,2.755289
0.006138,-0.410270,2.686158
-0.061763,-0.468431,2.667865
0.078089,-0.465038,2.660333
-0.048636,-0.792544,2.624087
0.081204,-0.790768,2.639993
-0.056529,-1.042699,2.691161
0.094006,-1.147631,2.607081
-0.056932,-1.064677,2.605859
0.094275,-1.180476,2.521584
-0.018170,0.200296,2.844327
-0.006497,0.028746,2.834005
-0.152104,-0.102826,2.747648
0.122604,-0.088885,2.739379
-0.189431,-0.247701,2.598253
0.159892,-0.327946,2.702391
-0.012855,-0.206083,2.702391
-0.014895,-0.188143,2.654051
0.041150,-0.173617,2.645205
-0.052216,-0.152295,2.514960
0.005589,-0.338774,2.750762
0.004905,-0.388191,2.682997
-0.060576,-0.458938,2.687050
0.070291,-0.439331,2.612964
-0.052482,-0.774962,2.596628
0.084944,-0.777428,2.632359
-0.053154,-1.034942,2.669980
0.091344,-1.129699,2.603186
-0.056526,-1.056934,2.584776
0.087972,-1.151691,2.517982
-0.011417,0.205222,2.832443
-0.000852,0.030911,2.828518
-0.151361,-0.103059,2.742367
0.124223,-0.087004,2.729544
-0.188523,-0.248334,2.593945
0.161806,-0.326130,2.694140
-0.013909,-0.206364,2.694140
-0.012596,-0.186632,2.653416
0.040049,-0.173927,2.644578
-0.049884,-0.150815,2.506857
0.008317,-0.339743,2.745172
0.006409,-0.391076,2.676879
-0.059966,-0.460716,2.680228
0.072453,-0.443542,2.613851
-0.056087,-0.774087,2.580602
0.088707,-0.774077,2.623797
-0.025360,-1.023410,2.630893
0.083154,-1.129097,2.604197
-0.030208,-1.045437,2.545800
0.078243,-1.155249,2.519177
-0.009503,0.205921,2.830065
0.005523,0.032645,2.818192
-0.152193,-0.102865,2.735590
0.125412,-0.084644,2.719286
-0.187210,-0.250459,2.589969
0.155353,-0.318155,2.670821
-0.013953,-0.206892,2.670821
-0.018682,-0.178994,2.650651
0.039950,-0.174488,2.641822
-0.055931,-0.143214,2.483814
0.010437,-0.339315,2.737664
0.007101,-0.391946,2.670082
-0.060627,-0.460911,2.673497
0.073627,-0.445819,2.612167
-0.055830,-0.773551,2.573062
0.086608,-0.769701,2.616873
-0.010219,-1.106586,2.658911
0.065130,-1.122857,2.607732
-0.015935,-1.126900,2.575830
0.058458,-1.155667,2.523279
-0.005245,0.209316,2.820749
0.007113,0.034057,2.813375
-0.150443,-0.101923,2.725881
0.127419,-0.083264,2.712457
-0.187973,-0.249422,2.581543
0.160208,-0.314943,2.667677
-0.016899,-0.208824,2.667677
-0.013470,-0.176074,2.647756
0.036945,-0.176455,2.638937
-0.050679,-0.140333,2.480982
0.012282,-0.335957,2.729585
0.009324,-0.388279,2.661918
-0.054166,-0.444799,2.632325
0.075290,-0.443998,2.616611
-0.058515,-0.766199,2.563839
0.088425,-0.771364,2.609966
-0.011695,-1.102972,2.633817
0.061760,-1.122769,2.608404
-0.016647,-1.127070,2.549442
0.055976,-1.151906,2.523927
-0.002324,0.211695,2.813208
0.009252,0.037421,2.807475
-0.149136,-0.100436,2.721665
0.129362,-0.081521,2.703878
-0.187382,-0.246466,2.576326
0.165626,-0.316696,2.666445
-0.016949,-0.209534,2.666445
-0.007719,-0.178095,2.644780
0.036844,-0.177196,2.635969
-0.044893,-0.142388,2.480034
0.014575,-0.332821,2.722051
0.010745,-0.385303,2.654223
-0.054070,-0.444613,2.631907
0.075952,-0.442593,2.615739
-0.059725,-0.764599,2.557710
0.090167,-0.770190,2.605783
-0.007625,-1.102867,2.615464
0.048194,-1.119491,2.598712
-0.013720,-1.127267,2.531213
0.040988,-1.147662,2.514200
-0.001544,0.212139,2.808444
0.010217,0.039458,2.792877
-0.145957,-0.098660,2.709965
0.131798,-0.078349,2.698494
-0.185451,-0.240189,2.560278
0.167394,-0.317510,2.662541
-0.017297,-0.198183,2.662541
-0.004917,-0.177707,2.630127
0.036442,-0.165878,2.621325
-0.042054,-0.142036,2.487124
0.013827,-0.323138,2.714744
0.010806,-0.374244,2.647523
-0.053744,-0.439676,2.633946
0.075276,-0.430565,2.605344
-0.058397,-0.763741,2.555820
0.086423,-0.769690,2.599299
-0.014618,-1.105631,2.595019
0.046251,-1.113054,2.591320
-0.019470,-1.127652,2.510119
0.041399,-1.135075,2.506420
0.001598,0.213718,2.799668
0.012612,0.042167,2.789318
-0.150009,-0.088276,2.715137
0.133057,-0.075805,2.688272
-0.185290,-0.229740,2.564411
0.176514,-0.331431,2.647453
-0.013290,-0.195963,2.647453
0.004448,-0.190976,2.629528
0.040411,-0.163680,2.620732
-0.032662,-0.155330,2.484200
0.014002,-0.318895,2.711524
0.008113,-0.369738,2.644640
-0.060172,-0.438038,2.643182
0.070224,-0.429700,2.580584
-0.058147,-0.764006,2.554714
0.086154,-0.769786,2.595944
-0.071443,-1.111440,2.545826
0.048067,-1.109720,2.586858
-0.079530,-1.133521,2.461207
0.039980,-1.131802,2.502239
0.003849,0.217497,2.790933
0.012004,0.044987,2.783263
-0.144869,-0.090109,2.697833
0.134846,-0.074302,2.680988
-0.188991,-0.236088,2.555768
0.178401,-0.328589,2.647317
-0.018630,-0.196037,2.647317
0.006996,-0.188761,2.620914
0.035031,-0.163778,2.612125
-0.030087,-0.153142,2.485481
0.011961,-0.309718,2.707462
0.007435,-0.359049,2.641135
-0.058755,-0.433318,2.644660
0.069114,-0.420902,2.578233
-0.057872,-0.764143,2.554321
0.084132,-0.768774,2.593259
-0.071723,-1.105368,2.543430
0.050129,-1.100142,2.584702
-0.077539,-1.127384,2.458630
0.044313,-1.122158,2.499902
0.004525,0.218063,2.782093
0.010120,0.045797,2.778678
-0.144047,-0.089278,2.692612
0.135287,-0.073387,2.675326
-0.193766,-0.229556,2.546241
0.177487,-0.328853,2.640546
-0.016064,-0.191819,2.640546
0.006842,-0.189942,2.593626
0.037566,-0.159579,2.584841
-0.030220,-0.154343,2.481137
0.010847,-0.304589,2.703495
0.006412,-0.352947,2.637364
-0.058227,-0.428661,2.643836
0.067961,-0.415124,2.574075
-0.058994,-0.761719,2.552713
0.085214,-0.766166,2.590996
-0.071976,-1.099382,2.539740
0.069529,-1.093903,2.587067
-0.077938,-1.121381,2.454951
0.063567,-1.115903,2.502278
0.005686,0.221103,2.773112
0.013109,0.048475,2.769481
-0.142516,-0.088193,2.682869
0.136218,-0.072029,2.672334
-0.196733,-0.229434,2.540089
0.173377,-0.317963,2.630907
-0.019112,-0.193593,2.630907
0.003577,-0.180479,2.587901
0.034478,-0.161378,2.579124
-0.033457,-0.144907,2.473051
0.010344,-0.305453,2.697013
0.006623,-0.355167,2.630826
-0.058873,-0.430132,2.642960
0.070396,-0.421498,2.558175
-0.059746,-0.762304,2.551740
0.085213,-0.765464,2.589651
-0.072358,-1.099236,2.541128
0.072999,-1.097421,2.587447
-0.076475,-1.121268,2.456264
0.068882,-1.119454,2.502584
0.007773,0.224007,2.769898
0.013284,0.050521,2.763299
-0.140904,-0.087170,2.672540
0.136474,-0.071441,2.666520
-0.190754,-0.230130,2.530369
0.173178,-0.317855,2.628516
-0.017035,-0.192187,2.628516
0.003414,-0.180339,2.586649
0.036516,-0.159994,2.577878
-0.033593,-0.144792,2.470618
0.011829,-0.312055,2.684200
0.009456,-0.364362,2.616215
-0.054124,-0.432660,2.592597
0.072647,-0.423270,2.564789
-0.059508,-0.762343,2.552287
0.085691,-0.762368,2.585787
-0.065849,-1.106870,2.550063
0.069687,-1.098745,2.586793
-0.068767,-1.130999,2.465297
0.066809,-1.120685,2.501876
0.010817,0.227567,2.767515
0.015427,0.051551,2.757621
-0.139751,-0.084396,2.667582
0.137375,-0.070862,2.661001
-0.186101,-0.220051,2.516032
0.173110,-0.315588,2.624020
-0.012148,-0.188050,2.624020
0.003392,-0.178019,2.573940
0.041368,-0.155878,2.565175
-0.033591,-0.142496,2.466081
0.013064,-0.296076,2.681386
0.010223,-0.340767,2.615280
-0.050212,-0.394020,2.594354
0.068666,-0.391777,2.587945
-0.057779,-0.763675,2.557222
0.080090,-0.760652,2.581829
-0.052791,-1.069054,2.565119
0.074348,-1.014139,2.579057
-0.055620,-1.090932,2.480200
0.106884,-1.080509,2.569156
0.013534,0.227799,2.767416
0.016922,0.051485,2.752825
-0.139262,-0.083066,2.661399
0.138314,-0.069665,2.656861
-0.184596,-0.218989,2.510152
0.173234,-0.315302,2.623102
-0.011173,-0.186891,2.623102
0.003531,-0.177722,2.568610
0.042311,-0.154739,2.559850
-0.033429,-0.142221,2.465171
0.012469,-0.295253,2.680024
0.009834,-0.340786,2.614139
-0.054597,-0.407089,2.609233
0.068333,-0.401872,2.552469
-0.059675,-0.766175,2.560833
0.075733,-0.759929,2.577784
-0.058107,-1.079405,2.572610
0.075373,-1.074887,2.583727
-0.060326,-1.101322,2.487697
0.073154,-1.096804,2.498813
0.012881,0.227812,2.760965
0.015385,0.050001,2.745625
-0.136416,-0.082365,2.652898
0.138872,-0.068684,2.654145
-0.188749,-0.218727,2.505265
0.175872,-0.318326,2.621375
-0.016054,-0.185867,2.621375
0.006197,-0.180737,2.564488
0.037398,-0.153734,2.555733
-0.030741,-0.145257,2.463456
0.011704,-0.291619,2.677310
0.010207,-0.337589,2.611944
-0.049881,-0.394332,2.593309
0.068881,-0.391020,2.575382
-0.063577,-0.765595,2.564336
0.078679,-0.758115,2.575713
-0.062349,-1.066855,2.576308
0.070386,-1.009849,2.575382
-0.062981,-1.088809,2.491389
0.046820,-1.076076,2.550538
0.012885,0.227993,2.759146
0.014020,0.050076,2.743195
-0.134857,-0.082364,2.645019
0.138728,-0.068570,2.650993
-0.185576,-0.220257,2.498830
0.170855,-0.314024,2.611483
-0.014243,-0.185411,2.611483
0.001207,-0.176418,2.559665
0.039172,-0.153300,2.550915
-0.035706,-0.140961,2.453585
0.010934,-0.289995,2.674849
0.010479,-0.336049,2.609625
-0.048798,-0.392619,2.589047
0.068977,-0.390529,2.576165
-0.063973,-0.765267,2.564495
0.078452,-0.756066,2.573711
-0.063308,-1.015751,2.570449
0.068671,-1.006981,2.574339
-0.095430,-1.059089,2.519011
0.069345,-1.028912,2.489436
0.011957,0.227750,2.755619
0.014289,0.048827,2.737733
-0.135214,-0.083649,2.638543
0.139115,-0.068722,2.647515
-0.185035,-0.221884,2.492811
0.171354,-0.314666,2.610397
-0.015153,-0.184751,2.610397
0.001711,-0.177057,2.555139
0.038224,-0.152664,2.546396
-0.035175,-0.141626,2.452522
0.010469,-0.288378,2.671093
0.010392,-0.334385,2.606127
-0.049113,-0.391421,2.584929
0.068965,-0.390380,2.576104
-0.063909,-0.764902,2.564249
0.078360,-0.755352,2.572308
-0.063144,-1.014737,2.570265
0.066840,-1.005608,2.572414
-0.096595,-1.058942,2.520472
0.068242,-1.027544,2.487550
0.012375,0.227891,2.753003
0.014396,0.048996,2.736303
-0.134631,-0.084284,2.633354
0.139916,-0.068927,2.645174
-0.185913,-0.223945,2.490352
0.171637,-0.314609,2.609653
-0.016462,-0.185483,2.609653
0.001997,-0.176998,2.552287
0.036874,-0.153420,2.543550
-0.034861,-0.141594,2.451801
0.010961,-0.299773,2.660068
0.011556,-0.350201,2.592053
-0.050542,-0.408450,2.579444
0.073767,-0.410957,2.553356
-0.062121,-0.764492,2.562352
0.078648,-0.756118,2.570313
-0.059647,-1.077407,2.578920
0.068069,-1.080001,2.577552
-0.057560,-1.099225,2.494071
0.070156,-1.101819,2.492703
0.011774,0.227377,2.748006
0.013332,0.049151,2.732253
-0.134379,-0.083731,2.630292
0.140324,-0.069123,2.640680
-0.186920,-0.222320,2.487004
0.170915,-0.314064,2.605191
-0.017036,-0.185511,2.605191
0.001281,-0.176448,2.548102
0.036261,-0.153471,2.539372
-0.035550,-0.141070,2.447360
0.010919,-0.300971,2.656707
0.011473,-0.351135,2.589552
-0.050694,-0.410120,2.578965
0.073803,-0.411273,2.549438
-0.059469,-0.762788,2.558506
0.078473,-0.755795,2.568745
-0.056220,-1.077947,2.575434
0.068521,-1.079004,2.576682
-0.054434,-1.099787,2.490614
0.070307,-1.100844,2.491862
0.012225,0.227637,2.745177
0.012642,0.049131,2.730592
-0.134074,-0.083526,2.626104
0.140412,-0.069978,2.635190
-0.184537,-0.220528,2.480505
0.172278,-0.312237,2.603126
-0.014699,-0.184150,2.603126
0.002648,-0.174616,2.541205
0.038557,-0.152135,2.532482
-0.034154,-0.139266,2.445318
0.010753,-0.300345,2.655119
0.011205,-0.350044,2.588057
-0.050861,-0.410855,2.580182
0.072960,-0.408203,2.539033
-0.059666,-0.763069,2.554900
0.079432,-0.758023,2.566496
-0.063982,-1.077529,2.571128
0.067038,-1.073765,2.575511
-0.062446,-1.099358,2.486335
0.068574,-1.095594,2.490717
0.013536,0.228843,2.742246
0.014786,0.050387,2.727741
-0.133872,-0.082166,2.625110
0.140726,-0.070952,2.631027
-0.184761,-0.218666,2.479572
0.173522,-0.311795,2.602864
-0.008717,-0.184840,2.602864
0.099931,-0.183060,2.524663
0.044462,-0.152871,2.515952
0.063181,-0.147760,2.430770
0.011574,-0.300934,2.652935
0.011385,-0.350860,2.586047
-0.052911,-0.422739,2.591685
0.075053,-0.420253,2.508710
-0.057693,-0.765105,2.550507
0.080890,-0.758034,2.564354
-0.058905,-1.086412,2.571459
0.071737,-1.080262,2.572981
-0.057990,-1.108244,2.486764
0.072652,-1.102094,2.488286
0.014723,0.228721,2.739487
0.014394,0.050746,2.724076
-0.133169,-0.081898,2.618907
0.141655,-0.070716,2.629694
-0.181510,-0.214004,2.467956
0.175420,-0.311656,2.603438
-0.007412,-0.185152,2.603438
0.100270,-0.183231,2.520289
0.045692,-0.153228,2.511591
0.063572,-0.147981,2.431242
0.012382,-0.299643,2.648965
0.013435,-0.349016,2.582153
-0.049577,-0.420508,2.586944
0.077455,-0.413833,2.512333
-0.053548,-0.766265,2.544940
0.082573,-0.759452,2.561551
-0.057067,-1.082942,2.567115
0.071520,-1.074096,2.571031
-0.054800,-1.104730,2.482538
0.073787,-1.095884,2.486454
0.016351,0.228303,2.735699
0.014547,0.051624,2.720021
-0.132741,-0.081302,2.614158
0.142675,-0.070506,2.627082
-0.176957,-0.215713,2.464547
0.177864,-0.312236,2.602182
-0.002901,-0.185394,2.602182
0.101166,-0.183943,2.515638
0.050133,-0.153512,2.506952
0.064516,-0.148739,2.430627
0.013109,-0.299452,2.644537
0.014659,-0.348843,2.577871
-0.047571,-0.418436,2.579284
0.078068,-0.412617,2.513556
-0.049528,-0.768672,2.537017
0.078354,-0.762283,2.556744
-0.053366,-1.079810,2.560365
0.064289,-1.072981,2.565953
-0.050471,-1.101573,2.475895
0.067183,-1.094745,2.481483
0.016175,0.228054,2.726149
0.013822,0.051321,2.714818
-0.132010,-0.079663,2.610156
0.144290,-0.069893,2.624614
-0.173145,-0.213983,2.460044
0.168318,-0.264301,2.548707
0.006000,-0.158342,2.548707
0.088357,-0.137827,2.447342
0.058967,-0.126501,2.438667
0.051754,-0.102668,2.377857
0.013729,-0.298646,2.640861
0.015864,-0.347897,2.574422
-0.046218,-0.417204,2.576055
0.078903,-0.411427,2.513533
-0.040741,-0.770027,2.526414
0.079917,-0.763699,2.554350
-0.055095,-1.074991,2.557772
0.061745,-1.070799,2.565623
-0.051670,-1.096752,2.473410
0.065169,-1.092559,2.481261
0.016352,0.227423,2.721041
0.012451,0.050823,2.709980
-0.130858,-0.080464,2.601516
0.145011,-0.069346,2.623217
-0.171719,-0.216373,2.453435
0.186323,-0.311989,2.595316
0.006094,-0.157531,2.595316
0.106363,-0.185514,2.445170
0.058998,-0.125727,2.436505
0.069803,-0.150397,2.424527
0.014419,-0.298821,2.635720
0.018369,-0.347851,2.569273
-0.042411,-0.415651,2.567807
0.080955,-0.410194,2.513523
-0.046177,-0.758653,2.510548
0.080664,-0.764558,2.552229
-0.038097,-1.068831,2.553079
0.056692,-1.069015,2.560198
-0.032824,-1.090560,2.468886
0.061965,-1.090744,2.476005
0.016828,0.227015,2.716147
0.011288,0.051056,2.707322
-0.130126,-0.080187,2.596325
0.146141,-0.071328,2.618711
-0.170580,-0.215532,2.447838
0.188357,-0.316105,2.595277
0.006138,-0.154136,2.595277
0.108397,-0.189631,2.439920
0.058979,-0.122370,2.431266
0.071880,-0.154555,2.424549
0.015324,-0.299331,2.631391
0.020087,-0.348288,2.564695
-0.040308,-0.414943,2.561994
0.082497,-0.409745,2.512754
-0.046520,-0.755736,2.503068
0.081710,-0.765660,2.549663
-0.032855,-1.065146,2.551228
0.046192,-1.067367,2.552337
-0.027177,-1.086828,2.467132
0.051869,-1.089048,2.468240
0.016922,0.226949,2.713450
0.009775,0.051579,2.703050
-0.128683,-0.079814,2.589447
0.146978,-0.073673,2.614574
-0.165570,-0.218682,2.444161
0.189791,-0.315172,2.595713
0.007627,-0.148539,2.595713
0.109831,-0.188698,2.436665
0.060406,-0.116810,2.428020
0.073357,-0.153663,2.425045
0.016064,-0.298873,2.627580
0.021979,-0.347843,2.561024
-0.037899,-0.413883,2.558033
0.084836,-0.408480,2.511420
-0.036061,-0.759615,2.499670
0.082735,-0.767529,2.546724
-0.054458,-1.069632,2.520255
0.048380,-1.065329,2.552627
-0.047731,-1.091303,2.436312
0.055107,-1.087000,2.468684
0.017658,0.227903,2.710875
0.008373,0.051230,2.695302
-0.127146,-0.078214,2.585155
0.148015,-0.073378,2.613238
-0.162143,-0.218302,2.441053
0.193267,-0.312109,2.602006
0.014800,-0.160141,2.602006
0.113306,-0.185635,2.441283
0.067542,-0.128435,2.432645
0.076859,-0.150625,2.431360
0.017010,-0.297600,2.623896
0.023902,-0.346730,2.557873
-0.035360,-0.412080,2.554410
0.087196,-0.406982,2.510432
-0.039190,-0.754191,2.485742
0.084401,-0.767268,2.544077
-0.063656,-1.064910,2.504571
0.074001,-1.064976,2.550221
-0.055960,-1.086638,2.420761
0.081698,-1.086704,2.466411
0.016811,0.228075,2.707034
0.008326,0.051285,2.693169
-0.125061,-0.076414,2.579922
0.149531,-0.073475,2.611310
-0.159393,-0.214576,2.433699
0.193405,-0.310110,2.601077
0.017690,-0.158928,2.601077
0.113444,-0.183635,2.438975
0.070394,-0.127245,2.430343
0.077023,-0.148651,2.430454
0.017818,-0.297095,2.620901
0.025728,-0.345947,2.555031
-0.033297,-0.410808,2.551259
0.089548,-0.405795,2.508907
-0.029980,-0.757997,2.482717
0.086271,-0.767761,2.541345
-0.068987,-1.061935,2.498550
0.073556,-1.062215,2.554344
-0.060182,-1.083640,2.414878
0.082361,-1.083920,2.470673
0.018011,0.228825,2.705988
0.008102,0.052949,2.688171
-0.121342,-0.075766,2.571869
0.152026,-0.076011,2.607471
-0.156520,-0.213024,2.425224
0.192367,-0.307403,2.596718
0.021003,-0.154462,2.596718
0.112407,-0.180928,2.435350
0.073667,-0.122803,2.426724
0.076013,-0.145970,2.426120
0.019923,-0.296587,2.617650
0.029546,-0.345880,2.552091
-0.028773,-0.410293,2.547808
0.094512,-0.404830,2.508134
-0.030664,-0.756264,2.465333
0.088193,-0.767971,2.539461
-0.053912,-1.056822,2.496469
0.065778,-1.060840,2.545405
-0.043588,-1.078569,2.413019
0.076101,-1.082587,2.461955
0.016227,0.229023,2.696960
0.006539,0.052501,2.679213
-0.117999,-0.076492,2.562743
0.153186,-0.077356,2.606234
-0.152216,-0.213377,2.415785
0.192584,-0.308902,2.595033
0.026273,-0.152120,2.595033
0.112624,-0.182428,2.429635
0.078896,-0.120486,2.421016
0.076259,-0.147498,2.424462
0.020998,-0.296523,2.613733
0.032605,-0.346328,2.548924
-0.025043,-0.409954,2.544222
0.097958,-0.404845,2.507224
-0.024363,-0.751307,2.459272
0.089544,-0.768623,2.537809
-0.070994,-1.057688,2.451466
0.061833,-1.059821,2.541774
-0.058381,-1.079554,2.368407
0.074446,-1.081687,2.458715
0.015803,0.229814,2.694947
0.007289,0.052883,2.675763
-0.116307,-0.076775,2.556672
0.156196,-0.077958,2.605168
-0.147151,-0.213402,2.408658
0.211288,-0.322026,2.605629
0.031070,-0.151238,2.605629
0.131349,-0.213149,2.424085
0.083658,-0.119625,2.415472
0.095008,-0.178241,2.428682
0.022715,-0.295957,2.610656
0.035461,-0.345773,2.546336
-0.022269,-0.409095,2.540835
0.101840,-0.404272,2.506277
-0.019428,-0.744821,2.449682
0.092186,-0.768720,2.535385
-0.072354,-1.053953,2.425712
0.065678,-1.058187,2.543737
-0.058428,-1.075840,2.342898
0.079604,-1.080073,2.460922
0.016257,0.230271,2.693293
0.009362,0.053129,2.672514
-0.115712,-0.075273,2.554979
0.157605,-0.077861,2.605119
-0.139134,-0.208270,2.401671
0.212399,-0.322161,2.601707
0.088262,-0.154430,2.601707
0.133361,-0.199803,2.395081
0.140831,-0.122828,2.386471
0.097034,-0.164909,2.431547
0.024905,-0.294840,2.607937
0.038034,-0.344545,2.543966
-0.019512,-0.406554,2.536286
0.104562,-0.403398,2.506058
-0.015655,-0.738969,2.437355
0.095954,-0.768350,2.534131
-0.073909,-1.047246,2.393416
0.065631,-1.056038,2.544145
-0.059447,-1.069150,2.310698
0.080094,-1.077942,2.461426
0.015891,0.229393,2.686433
0.010207,0.052726,2.668927
-0.115050,-0.073655,2.552286
0.158625,-0.077940,2.604793
-0.135847,-0.206688,2.398767
0.212364,-0.322240,2.601781
0.087559,-0.154665,2.601781
0.133636,-0.201368,2.394731
0.140112,-0.123073,2.386122
0.097319,-0.166484,2.431777
0.025777,-0.294112,2.605546
0.039472,-0.343733,2.541927
-0.018292,-0.405284,2.533955
0.106184,-0.402894,2.505156
-0.035391,-0.732330,2.381930
0.099305,-0.768108,2.533068
-0.053798,-1.027555,2.403090
0.070349,-1.054441,2.546954
-0.038561,-1.049497,2.320513
0.085586,-1.076383,2.464378
0.016459,0.229738,2.680065
0.009384,0.053077,2.661209
-0.113813,-0.071182,2.547874
0.159709,-0.078116,2.601552
-0.121559,-0.202491,2.391319
0.212156,-0.322265,2.601281
0.085944,-0.161720,2.601281
0.133568,-0.202177,2.391011
0.138482,-0.130137,2.382406
0.097261,-0.167303,2.431432
0.024964,-0.293105,2.601747
0.039105,-0.343159,2.538811
-0.018827,-0.404021,2.531142
0.106061,-0.402745,2.503587
-0.027025,-0.728423,2.387167
0.100566,-0.768559,2.532340
-0.050993,-1.029349,2.399024
0.075579,-1.006223,2.539918
-0.035193,-1.051415,2.316578
0.091379,-1.028289,2.457473
0.016373,0.229058,2.673926
0.008860,0.053265,2.655303
-0.112896,-0.069335,2.541625
0.161363,-0.078997,2.596348
-0.117585,-0.203719,2.388235
0.213208,-0.322281,2.603196
0.087805,-0.149064,2.603196
0.134683,-0.202542,2.416442
0.140329,-0.117489,2.407839
0.098385,-0.167677,2.433592
0.025216,-0.292258,2.597524
0.039832,-0.342390,2.535037
-0.018064,-0.402246,2.526251
0.106864,-0.402525,2.501827
-0.023833,-0.723156,2.381895
0.101762,-0.768424,2.531636
-0.054143,-1.029455,2.326123
0.077102,-1.006095,2.540071
-0.037858,-1.051577,2.243777
0.093386,-1.028218,2.457725
0.017360,0.230928,2.666504
0.008645,0.054896,2.650715
-0.112642,-0.068024,2.537469
0.163497,-0.077536,2.591959
-0.117492,-0.203897,2.385802
0.214586,-0.320126,2.603869
0.075287,-0.147914,2.603869
0.136290,-0.203148,2.414408
0.127801,-0.116345,2.405807
0.100000,-0.168290,2.434204
0.028441,-0.297646,2.589033
0.044105,-0.349717,2.525380
-0.013430,-0.413059,2.475231
0.116088,-0.416402,2.510121
-0.024067,-0.715853,2.368315
0.103148,-0.766956,2.530005
-0.062605,-1.038318,2.316530
0.073384,-1.066035,2.550143
-0.048110,-1.071874,2.233868
0.089505,-1.088083,2.467730
0.016583,0.231010,2.659754
0.007931,0.055238,2.639715
-0.112424,-0.067825,2.527088
0.165259,-0.076928,2.583650
-0.119049,-0.206999,2.379663
0.200896,-0.273189,2.522879
0.073535,-0.150231,2.522879
0.120935,-0.146714,2.408978
0.126000,-0.118691,2.400385
0.084679,-0.111888,2.352416
0.027639,-0.294332,2.584050
0.043448,-0.346268,2.521226
-0.015688,-0.402934,2.495325
0.113271,-0.406941,2.491300
-0.032354,-0.712964,2.342707
0.104266,-0.766807,2.528806
-0.061479,-1.023963,2.305102
0.080472,-1.002919,2.540265
-0.044977,-1.046162,2.222866
0.096974,-1.025118,2.458029
0.017408,0.233714,2.649810
0.007624,0.055726,2.631428
-0.113446,-0.066844,2.521900
0.166042,-0.074107,2.574683
-0.118450,-0.205962,2.374845
0.200346,-0.271500,2.520391
0.071427,-0.150124,2.520391
0.037804,-0.172706,2.404050
0.123838,-0.118617,2.395466
0.001585,-0.137916,2.355226
0.028158,-0.297868,2.575394
0.043141,-0.350440,2.512911
-0.018433,-0.407870,2.479141
0.114506,-0.413594,2.493419
-0.038010,-0.709720,2.331853
0.103723,-0.765686,2.525368
-0.067891,-1.028397,2.279327
0.074710,-1.059655,2.549749
-0.052644,-1.050608,2.196925
0.089957,-1.081867,2.467347
0.014139,0.233507,2.633061
0.008373,0.058502,2.626257
-0.114925,-0.065455,2.517862
0.165992,-0.071480,2.567572
-0.116195,-0.203601,2.370314
0.195174,-0.226004,2.445924
0.053679,-0.135950,2.445924
0.031944,-0.119809,2.379864
0.106038,-0.104474,2.371288
-0.004239,-0.085053,2.296123
0.029315,-0.297615,2.569695
0.043624,-0.350631,2.507011
-0.018357,-0.408093,2.470756
0.114931,-0.414267,2.493228
-0.041987,-0.709352,2.327827
0.103363,-0.765060,2.521803
-0.070578,-1.028546,2.261277
0.075152,-1.059184,2.550389
-0.056318,-1.050740,2.178763
0.089411,-1.081378,2.467874
0.013523,0.235623,2.625108
0.007053,0.060352,2.610094
-0.118263,-0.063225,2.509318
0.166514,-0.068133,2.557138
-0.114080,-0.201136,2.362041
0.195514,-0.266057,2.508498
0.040932,-0.103010,2.508498
0.034661,-0.172446,2.335549
0.093237,-0.071566,2.326981
-0.001485,-0.137726,2.350930
0.026586,-0.288853,2.561785
0.039879,-0.340862,2.499815
-0.021006,-0.400942,2.477719
0.108420,-0.401023,2.469381
-0.046024,-0.709869,2.324516
0.103004,-0.764833,2.519795
-0.071757,-1.014149,2.234475
0.081535,-0.998150,2.537989
-0.058285,-1.036551,2.151956
0.095007,-1.020553,2.455470
0.009662,0.238290,2.616319
0.008489,0.062174,2.601685
-0.120088,-0.061628,2.501829
0.166026,-0.066986,2.540151
-0.113156,-0.199164,2.354877
0.185983,-0.222119,2.418494
0.062832,-0.152036,2.418494
0.013792,-0.169992,2.364255
0.115064,-0.120637,2.355700
-0.022303,-0.135321,2.333215
0.028859,-0.292421,2.552014
0.040556,-0.345940,2.489761
-0.022755,-0.409980,2.448442
0.111457,-0.409055,2.473337
-0.047180,-0.709751,2.326553
0.101222,-0.762362,2.514514
-0.073521,-1.018547,2.214885
0.081632,-0.994565,2.536047
-0.063394,-1.051003,2.129301
0.092618,-1.016953,2.453270
0.008493,0.238833,2.605873
0.006774,0.060929,2.583677
-0.123246,-0.060875,2.488044
0.164782,-0.064429,2.529982
-0.117521,-0.200345,2.343713
0.191263,-0.260653,2.466920
0.057216,-0.154880,2.466920
0.027635,-0.176728,2.362203
0.109401,-0.123510,2.353656
-0.008427,-0.142089,2.315867
0.023894,-0.285381,2.540723
0.035426,-0.337841,2.479450
-0.026040,-0.402253,2.454557
0.102955,-0.398344,2.450292
-0.053637,-0.707144,2.323328
0.099076,-0.758028,2.506253
-0.069755,-1.014749,2.208090
0.082046,-0.988685,2.533011
-0.058178,-1.039330,2.124941
0.093727,-1.011272,2.450444
0.002886,0.236339,2.584075
0.004782,0.060844,2.571901
-0.125685,-0.061254,2.477090
0.161890,-0.064969,2.517364
-0.119426,-0.199364,2.331841
0.184818,-0.217708,2.393897
0.056211,-0.163137,2.393897
-0.019117,-0.156476,2.354722
0.108337,-0.131800,2.346184
-0.055139,-0.121875,2.287563
0.020964,-0.283000,2.530828
0.032177,-0.335363,2.470407
-0.027190,-0.401040,2.454506
0.099953,-0.397101,2.439034
-0.058062,-0.705355,2.321946
0.097208,-0.754682,2.498964
-0.064224,-1.008207,2.193259
0.082473,-0.986541,2.529605
-0.052990,-1.032532,2.110168
0.093741,-1.009200,2.447081
-0.000943,0.237373,2.572926
0.005950,0.061186,2.562068
-0.128480,-0.063315,2.462520
0.159101,-0.063154,2.504614
-0.121754,-0.202650,2.319157
0.194360,-0.258881,2.454150
0.052281,-0.153458,2.454150
-0.007398,-0.212149,2.331565
0.104363,-0.122149,2.323035
-0.043389,-0.177578,2.338563
0.019281,-0.294200,2.511662
0.029678,-0.349086,2.449140
-0.036277,-0.413973,2.415053
0.100346,-0.407602,2.436010
-0.063163,-0.716173,2.313517
0.095826,-0.751638,2.490446
-0.054776,-1.007296,2.157419
0.081668,-0.984205,2.525173
-0.041291,-1.040625,2.067684
0.093096,-1.006581,2.442651
-0.007108,0.240051,2.554685
0.004820,0.061626,2.546071
-0.130800,-0.063849,2.451529
0.152317,-0.061578,2.486372
-0.120726,-0.204065,2.310044
0.174990,-0.217635,2.369502
0.051992,-0.149650,2.369502
-0.030012,-0.165781,2.317857
0.104007,-0.118381,2.309337
-0.065957,-0.131254,2.252533
0.017174,-0.296719,2.497423
0.026282,-0.351995,2.435746
-0.037864,-0.413775,2.408152
0.096581,-0.412937,2.425525
-0.067123,-0.714216,2.302417
0.093768,-0.752406,2.483422
-0.046674,-0.998465,2.134867
0.080863,-0.982689,2.520913
-0.034062,-1.030738,2.044656
0.090386,-1.005186,2.438282
-0.011979,0.238810,2.533874
0.000802,0.058189,2.521781
-0.137534,-0.061953,2.441936
0.147227,-0.066867,2.459948
-0.128667,-0.200808,2.299360
0.178104,-0.229435,2.359013
0.039964,-0.133270,2.359013
-0.030022,-0.166046,2.277161
0.091922,-0.102035,2.268650
-0.065928,-0.131557,2.243116
0.015109,-0.296631,2.481474
0.021796,-0.352192,2.420648
-0.042816,-0.412281,2.395375
0.092629,-0.417049,2.409608
-0.072657,-0.710611,2.277109
0.089793,-0.754400,2.474370
-0.037157,-1.011781,2.157383
0.077855,-0.979947,2.512855
-0.030387,-1.044784,2.071388
0.083428,-1.002795,2.430040
-0.013011,0.238824,2.526161
-0.001185,0.059490,2.510501
-0.143262,-0.064742,2.419890
0.145635,-0.064476,2.450526
-0.136835,-0.205208,2.279694
0.175562,-0.225731,2.347333
0.036940,-0.153261,2.347333
-0.033198,-0.164760,2.274189
0.088835,-0.122064,2.265689
-0.069060,-0.130312,2.228189
0.009992,-0.298003,2.464748
0.018066,-0.353353,2.403364
-0.047468,-0.412767,2.376132
0.089428,-0.419565,2.393909
-0.073523,-0.712558,2.268842
0.084877,-0.751829,2.458555
-0.041559,-1.005747,2.127782
0.075902,-0.974885,2.503824
-0.030054,-1.039897,2.039912
0.084300,-0.997471,2.421268
-0.022621,0.241337,2.497615
-0.003934,0.063332,2.487012
-0.149271,-0.064235,2.402156
0.137799,-0.062084,2.425405
-0.147533,-0.208144,2.266693
0.152448,-0.222996,2.316829
0.024997,-0.154593,2.316829
-0.031700,-0.162577,2.267929
0.076832,-0.123432,2.259439
-0.067521,-0.128169,2.216158
0.005041,-0.295912,2.442624
0.011214,-0.351818,2.381379
-0.054637,-0.411511,2.355581
0.081687,-0.417663,2.371311
-0.073881,-0.714628,2.258570
0.082805,-0.748958,2.438505
-0.051343,-1.007949,2.117825
0.064120,-1.039771,2.501737
-0.042968,-1.042693,2.029562
0.070490,-1.062447,2.419112
-0.028574,0.241640,2.479114
-0.016993,0.065723,2.461443
-0.155075,-0.064040,2.378074
0.128425,-0.061383,2.395610
-0.160164,-0.206653,2.241661
0.127854,-0.221773,2.286741
0.031313,-0.137920,2.286741
-0.030595,-0.162120,2.224367
0.083092,-0.106794,2.215886
-0.066376,-0.127750,2.174784
-0.001010,-0.294906,2.419792
0.005348,-0.351449,2.358910
-0.059201,-0.411470,2.333824
0.076364,-0.415605,2.349770
-0.078501,-0.716844,2.246265
0.076251,-0.747183,2.416354
-0.054987,-1.008364,2.101469
0.057376,-1.034379,2.489134
-0.048051,-1.042594,2.012884
0.062263,-1.057188,2.406526
-0.032442,0.246415,2.464091
-0.021184,0.068641,2.447581
-0.159642,-0.061457,2.368775
0.122561,-0.056199,2.379407
-0.170777,-0.196316,2.224016
0.119129,-0.211000,2.261338
0.032072,-0.127134,2.261338
-0.046529,-0.157094,2.216870
0.083795,-0.096041,2.208398
-0.082273,-0.122761,2.165735
-0.007930,-0.291736,2.398357
-0.003654,-0.347197,2.336208
-0.068326,-0.406731,2.313490
0.065861,-0.410532,2.321509
-0.082680,-0.712949,2.229108
0.072032,-0.737490,2.387093
-0.059665,-1.010389,2.102206
0.064057,-0.952696,2.450585
-0.055318,-1.045482,2.014685
0.066898,-0.975109,2.367851
-0.038535,0.251201,2.441911
-0.022721,0.073505,2.434314
-0.164708,-0.056330,2.348917
0.117357,-0.051152,2.356093
-0.178961,-0.193940,2.208143
0.118249,-0.230555,2.275248
-0.013541,-0.128102,2.275248
-0.044750,-0.149315,2.167291
0.038128,-0.097041,2.158828
-0.080456,-0.115018,2.145435
-0.012502,-0.288543,2.377352
-0.009573,-0.343444,2.313925
-0.074158,-0.403514,2.296480
0.058649,-0.404788,2.291601
-0.086950,-0.709599,2.211930
0.066502,-0.735217,2.363392
-0.061170,-1.012387,2.103371
0.055367,-1.016562,2.449080
-0.058040,-1.047778,2.016902
0.057268,-1.038639,2.366304
-0.043250,0.255784,2.430899
-0.028973,0.081524,2.412341
-0.175243,-0.046628,2.338154
0.109124,-0.044141,2.328085
-0.186640,-0.181872,2.194521
0.144259,-0.261780,2.296523
-0.016066,-0.132222,2.296523
-0.027629,-0.145085,2.152170
0.035583,-0.101173,2.143711
-0.063321,-0.110801,2.120968
-0.018162,-0.280746,2.353995
-0.018115,-0.335631,2.290671
-0.084259,-0.397148,2.274948
0.051397,-0.397500,2.266772
-0.092164,-0.705342,2.198026
0.058727,-0.729756,2.327357
-0.057446,-1.008637,2.094340
0.060545,-0.939651,2.403140
-0.058440,-1.043527,2.008285
0.058086,-0.961744,2.320393
-0.052081,0.262787,2.406626
-0.040000,0.085127,2.389135
-0.177997,-0.040542,2.314529
0.103412,-0.037864,2.308819
-0.189669,-0.180844,2.177143
0.141278,-0.265304,2.299147
-0.019296,-0.128651,2.299147
-0.028006,-0.147279,2.139013
0.032339,-0.097610,2.130556
-0.063688,-0.113005,2.121642
-0.030273,-0.262433,2.332096
-0.029942,-0.312715,2.268648
-0.089840,-0.381443,2.267994
0.032362,-0.370381,2.223319
-0.095729,-0.705515,2.187954
0.050030,-0.726903,2.292660
-0.051103,-1.008620,2.101499
0.052519,-0.984383,2.371249
-0.052441,-1.030520,2.018674
0.051181,-1.006283,2.288425
-0.055839,0.267255,2.396946
-0.048074,0.092137,2.369122
-0.190753,-0.037280,2.291936
0.092769,-0.034539,2.285110
-0.201102,-0.174360,2.150637
0.139354,-0.266734,2.295102
-0.029443,-0.124726,2.295102
-0.028660,-0.149644,2.117092
0.022184,-0.093690,2.108636
-0.064338,-0.115374,2.115336
-0.037199,-0.248790,2.314552
-0.036477,-0.298867,2.252310
-0.099654,-0.352183,2.225551
0.029231,-0.363934,2.223121
-0.102993,-0.701120,2.169605
0.043993,-0.719330,2.250929
-0.069070,-0.987076,2.094928
0.055863,-0.981239,2.338422
-0.070698,-1.009032,2.012110
0.054235,-1.003196,2.255604
-0.058125,0.268605,2.379443
-0.049616,0.095225,2.355704
-0.194156,-0.032905,2.284644
0.090397,-0.030197,2.272164
-0.206035,-0.169201,2.142664
0.128465,-0.269370,2.269959
-0.037533,-0.118420,2.269959
-0.038037,-0.152407,2.092869
0.014092,-0.087385,2.084414
-0.073712,-0.118138,2.088331
-0.038959,-0.242842,2.299592
-0.039421,-0.291882,2.236989
-0.100799,-0.350485,2.217961
0.025835,-0.355984,2.213621
-0.105511,-0.703374,2.162197
0.036145,-0.736987,2.207891
-0.071927,-0.985726,2.088900
0.052704,-0.979878,2.283666
-0.075040,-1.007608,2.006081
0.049590,-1.001760,2.200847
-0.058038,0.273919,2.367315
-0.053152,0.098500,2.337481
-0.198713,-0.028793,2.259007
0.086140,-0.028259,2.251763
-0.193008,-0.207539,2.163540
0.126531,-0.265643,2.261569
-0.053228,-0.118447,2.261569
-0.040631,-0.149917,2.080838
-0.001603,-0.087412,2.072382
-0.076307,-0.115649,2.079574
-0.045782,-0.240969,2.279301
-0.045758,-0.290121,2.216415
-0.106953,-0.349429,2.198145
0.018047,-0.352448,2.192986
-0.108253,-0.705886,2.149874
0.032540,-0.737052,2.175531
-0.087108,-0.988277,2.085477
0.070500,-0.982690,2.226548
-0.088636,-1.010078,2.002564
0.068972,-1.004491,2.143636
-0.060653,0.278727,2.347486
-0.056844,0.102057,2.322014
-0.196833,-0.025828,2.239449
0.082033,-0.025176,2.237295
-0.192626,-0.205442,2.155671
0.117218,-0.260089,2.230633
-0.058887,-0.118590,2.230633
-0.049059,-0.142424,2.059563
-0.007268,-0.087559,2.051108
-0.084730,-0.108160,2.049200
-0.050864,-0.241032,2.264836
-0.050170,-0.291204,2.201962
-0.110179,-0.350188,2.183464
0.012332,-0.351422,2.180902
-0.108172,-0.709766,2.137320
0.022592,-0.730289,2.139189
-0.095481,-0.991864,2.092983
0.067979,-0.983365,2.176687
-0.095689,-1.013731,2.010060
0.067771,-1.005232,2.093764
-0.062124,0.280641,2.331463
-0.064025,0.104615,2.303347
-0.211698,-0.009077,2.246600
0.081159,-0.023355,2.225826
-0.193891,-0.203300,2.144142
0.115244,-0.261263,2.228630
-0.062620,-0.113865,2.228630
-0.051098,-0.143529,2.046655
-0.010990,-0.082827,2.038198
-0.086777,-0.109258,2.047104
-0.055064,-0.239490,2.248952
-0.056274,-0.290429,2.186639
-0.117077,-0.355146,2.179612
0.007120,-0.353673,2.131687
-0.111682,-0.717062,2.121578
0.015961,-0.721100,2.108120
-0.087705,-0.995388,2.103178
0.055561,-0.990538,2.130809
-0.091427,-1.017455,2.020343
0.051838,-1.012606,2.047974
-0.064466,0.282166,2.317843
-0.067868,0.108566,2.292510
-0.215426,-0.004294,2.238366
0.079520,-0.021827,2.214558
-0.214615,-0.232252,2.144069
0.103718,-0.263590,2.208617
-0.073040,-0.119960,2.208617
-0.053651,-0.138445,2.046253
-0.021397,-0.088914,2.037795
-0.089339,-0.104165,2.022525
-0.058370,-0.230228,2.236175
-0.059763,-0.279310,2.173595
-0.123123,-0.338431,2.147814
0.005253,-0.345165,2.137227
-0.107187,-0.711607,2.106596
0.013521,-0.710660,2.082752
-0.106049,-0.981345,2.087649
0.081464,-0.974248,2.009477
-0.110185,-1.003281,2.004745
0.077328,-0.996184,1.926574
-0.065013,0.284237,2.305398
-0.067239,0.112877,2.274991
-0.217952,0.001581,2.221539
0.078334,-0.019826,2.203857
-0.218810,-0.128327,2.059217
0.102566,-0.261014,2.204667
-0.040154,-0.118632,2.204667
-0.054503,-0.137987,2.024811
0.011504,-0.087577,2.016350
-0.090202,-0.103697,2.016216
-0.061010,-0.229958,2.222328
-0.061697,-0.280561,2.160100
-0.124861,-0.341698,2.146929
0.004307,-0.345684,2.120228
-0.105316,-0.712763,2.097803
0.007998,-0.702243,2.059036
-0.111924,-0.983663,2.083353
0.089027,-0.973244,2.005252
-0.114238,-1.005774,2.000370
0.086713,-0.995354,1.922269
-0.065167,0.286594,2.293251
-0.066579,0.116118,2.269271
-0.216859,0.005417,2.203760
0.077844,-0.018077,2.194408
-0.219577,-0.128471,2.057286
0.101493,-0.259063,2.197710
-0.045680,-0.105918,2.197710
-0.049506,-0.135325,2.002763
0.005991,-0.074856,1.994300
-0.085214,-0.101026,2.003284
-0.062808,-0.224461,2.212862
-0.062349,-0.274014,2.150206
-0.125463,-0.333447,2.126391
0.003097,-0.340858,2.120440
-0.101584,-0.710262,2.084197
0.014088,-0.687582,2.032968
-0.118852,-0.974574,2.084178
0.025154,-0.963805,1.921038
-0.118777,-0.996486,2.001060
0.025229,-0.985716,1.837920
-0.062314,0.290802,2.282999
-0.071910,0.121436,2.253236
-0.220058,0.011218,2.191841
0.075878,-0.015394,2.183780
-0.217433,-0.176487,2.071746
0.093645,-0.258373,2.171577
-0.060612,-0.109647,2.171577
-0.054085,-0.124698,2.000010
-0.008927,-0.078576,1.991545
-0.089802,-0.090390,1.982394
-0.062735,-0.218499,2.201019
-0.060976,-0.268551,2.138866
-0.123165,-0.330982,2.115050
0.004461,-0.335014,2.116671
-0.105772,-0.711625,2.082511
0.011946,-0.683060,2.018470
-0.111585,-0.974036,2.077417
0.029343,-0.952343,1.897782
-0.110995,-0.996113,1.994292
0.029933,-0.974420,1.814657
-0.062714,0.293007,2.269661
-0.070271,0.124086,2.247740
-0.220782,0.014018,2.174483
0.072879,-0.011988,2.173943
-0.232322,-0.227473,2.113843
0.091179,-0.255107,2.164515
-0.076281,-0.112283,2.164515
-0.057503,-0.122040,1.997101
-0.024585,-0.081206,1.988633
-0.093228,-0.087724,1.975147
-0.065465,-0.220201,2.189609
-0.063340,-0.270798,2.126131
-0.125223,-0.333102,2.112789
0.001037,-0.335014,2.086337
-0.113963,-0.706736,2.078391
0.014905,-0.675064,1.995274
-0.102471,-0.976057,2.073870
0.027053,-0.945218,1.851568
-0.099886,-0.997945,1.990687
0.029638,-0.967105,1.768384
-0.062773,0.294752,2.254801
-0.068674,0.126895,2.237646
-0.210220,-0.005711,2.121949
0.073639,-0.010653,2.168788
-0.213741,-0.178038,2.042680
0.091567,-0.253579,2.162506
-0.056142,-0.103194,2.162506
-0.058109,-0.121852,1.983117
-0.004442,-0.072115,1.974649
-0.093836,-0.087534,1.972914
-0.070330,-0.222415,2.176951
-0.061688,-0.274076,2.114042
-0.124791,-0.336814,2.106358
0.003149,-0.335913,2.077826
-0.117662,-0.703851,2.072847
0.012761,-0.669836,1.990503
-0.099476,-0.979783,2.064692
-0.009236,-0.890106,1.764730
-0.086267,-1.001761,1.982517
0.003973,-0.912084,1.682555
-0.061645,0.296703,2.245485
-0.072202,0.129110,2.219596
-0.216050,0.009596,2.131466
0.072950,-0.008559,2.159326
-0.233968,-0.234312,2.098588
0.091062,-0.251603,2.155623
-0.073563,-0.114905,2.155623
-0.059965,-0.121331,1.975568
-0.021857,-0.083821,1.967099
-0.095696,-0.087010,1.965510
-0.070555,-0.219782,2.166186
-0.063979,-0.272188,2.104099
-0.127529,-0.337102,2.098178
0.001953,-0.334115,2.068189
-0.121525,-0.700854,2.065491
0.009858,-0.665238,1.979198
-0.095902,-0.979384,2.059728
0.000692,-0.912002,1.779040
-0.086681,-1.001579,1.977030
0.009913,-0.934197,1.696343
-0.061804,0.300299,2.232983
-0.073691,0.130540,2.209938
-0.216346,0.011688,2.130382
0.073187,-0.006508,2.148870
-0.234228,-0.232234,2.097438
0.090755,-0.163071,2.034660
-0.070572,-0.112151,2.034660
-0.056816,-0.018672,1.966590
-0.018860,-0.081064,1.958120
-0.092552,0.015654,1.854948
-0.067873,-0.228592,2.150162
-0.061882,-0.283331,2.086320
-0.127603,-0.352466,2.049850
0.005389,-0.341193,2.066394
-0.121934,-0.700703,2.053741
0.013498,-0.663435,1.966057
-0.091583,-0.992540,2.067222
-0.090587,-0.869951,1.743569
-0.084744,-1.014578,1.984216
-0.083748,-0.891990,1.660563
-0.060310,0.301892,2.221409
-0.076039,0.131512,2.201162
-0.217262,0.015627,2.125530
0.071952,-0.006109,2.135099
-0.214312,-0.114536,1.971092
0.092298,-0.249361,2.127440
-0.033511,-0.109139,2.127440
-0.053410,-0.122394,1.955712
0.018207,-0.078049,1.947241
-0.089150,-0.088064,1.928883
-0.067189,-0.224501,2.144072
-0.062187,-0.278363,2.080619
-0.126746,-0.346328,2.055493
0.005395,-0.335252,2.049709
-0.122681,-0.699705,2.050631
0.013245,-0.660645,1.961831
-0.089984,-0.987247,2.057393
-0.071524,-0.851072,1.717753
-0.085179,-1.009347,1.974226
-0.066720,-0.873172,1.634585
-0.061515,0.302198,2.208394
-0.077712,0.132742,2.190557
-0.213803,0.017252,2.110116
0.071570,-0.002522,2.128613
-0.216903,-0.118378,1.965022
0.090865,-0.245917,2.120479
-0.036549,-0.105433,2.120479
-0.057134,-0.119069,1.946146
0.015171,-0.074342,1.937675
-0.092875,-0.084738,1.924033
-0.071405,-0.220947,2.133287
-0.065308,-0.274036,2.070378
-0.127976,-0.342800,2.054201
0.001286,-0.331701,2.038694
-0.123808,-0.696449,2.044978
0.016624,-0.658843,1.950870
-0.083437,-0.982468,2.054081
-0.101200,-0.856199,1.731772
-0.076373,-1.004557,1.971045
-0.094136,-0.878287,1.648736
-0.060739,0.301606,2.198300
-0.080761,0.131546,2.174409
-0.205384,0.007424,2.075617
0.072196,-0.003667,2.114291
-0.221874,-0.137715,1.943576
0.090141,-0.246459,2.113338
-0.045807,-0.096689,2.113338
-0.056480,-0.119739,1.925708
0.005907,-0.065600,1.917238
-0.092218,-0.085411,1.915563
-0.074477,-0.221612,2.121614
-0.065056,-0.275082,2.059891
-0.127349,-0.342331,2.050750
0.001411,-0.332351,2.028094
-0.122266,-0.697195,2.038966
0.017564,-0.657021,1.943057
-0.081391,-0.981193,2.053013
-0.063043,-0.868041,1.713661
-0.069535,-1.003507,1.970573
-0.051187,-0.890355,1.631221
-0.059890,0.302231,2.189139
-0.080540,0.132555,2.163493
-0.207484,0.011641,2.076340
0.071841,-0.000458,2.107051
-0.222380,-0.129603,1.939035
0.090149,-0.243356,2.104055
-0.031343,-0.097727,2.104055
-0.056142,-0.116722,1.900286
0.020368,-0.066641,1.891816
-0.091877,-0.082397,1.905987
-0.071908,-0.227672,2.106436
-0.063414,-0.282514,2.043564
-0.127356,-0.349271,2.006709
0.003748,-0.337984,2.026263
-0.122053,-0.693290,2.029182
0.018326,-0.654328,1.931041
-0.076610,-0.983669,2.056254
-0.114529,-0.834122,1.698319
-0.066827,-1.005862,1.973495
-0.104746,-0.856315,1.615559
-0.059882,0.302890,2.178447
-0.073954,0.131009,2.157331
-0.206738,0.005852,2.057428
0.073810,0.000733,2.093869
-0.224044,-0.137134,1.923434
0.102285,-0.151459,1.975928
-0.047841,-0.099382,1.975928
-0.074469,-0.098324,1.902380
0.003820,-0.068325,1.893918
-0.110169,-0.064031,1.877889
-0.069573,-0.224774,2.100048
-0.061107,-0.278219,2.037046
-0.124914,-0.344996,2.013185
0.007120,-0.331506,1.999553
-0.120913,-0.692823,2.020923
0.018966,-0.653356,1.921839
-0.077498,-0.977503,2.061987
-0.094527,-0.839316,1.684566
-0.066844,-0.999629,1.979390
-0.083873,-0.861441,1.601969
-0.057599,0.302381,2.164580
-0.073909,0.133333,2.148293
-0.206271,0.004978,2.048473
0.075709,0.000533,2.082605
-0.223553,-0.137338,1.913744
0.091938,-0.242849,2.060874
-0.048167,-0.096351,2.060874
-0.073895,-0.231693,1.892345
0.003457,-0.065317,1.883889
-0.109570,-0.197425,1.931902
-0.067437,-0.221321,2.088727
-0.059183,-0.274147,2.025787
-0.123895,-0.343377,2.012211
0.008687,-0.329655,1.990158
-0.118569,-0.692138,2.010806
0.019535,-0.654791,1.910341
-0.072908,-0.977566,2.043602
-0.099909,-0.863258,1.699258
-0.062968,-0.999573,1.960934
-0.089969,-0.885265,1.616590
-0.057252,0.302124,2.154991
-0.070616,0.135326,2.141561
-0.206023,0.011287,2.047579
0.076382,0.000519,2.067923
-0.222273,-0.129360,1.910856
0.085592,-0.205226,2.000082
-0.045591,-0.096170,2.000082
-0.080875,-0.184541,1.886445
0.005998,-0.065158,1.877995
-0.116526,-0.150297,1.871003
-0.065437,-0.217736,2.079200
-0.059850,-0.269570,2.015462
-0.124085,-0.339176,2.007680
0.006658,-0.326184,1.977132
-0.117526,-0.691668,2.002207
0.020541,-0.654976,1.902403
-0.081879,-0.975982,2.028898
0.033364,-0.958683,1.819956
-0.075011,-0.997835,1.945925
0.040232,-0.980536,1.736983
-0.055386,0.303425,2.146150
-0.067911,0.138729,2.132089
-0.206649,0.015232,2.042980
0.077506,0.000960,2.053185
-0.220442,-0.124118,1.904403
0.102479,-0.241094,2.040360
-0.043649,-0.093009,2.040360
-0.063661,-0.223590,1.876957
0.007907,-0.062016,1.868513
-0.099290,-0.189368,1.911479
-0.060709,-0.226144,2.061859
-0.056277,-0.281023,1.995844
-0.121823,-0.349035,1.961021
0.010654,-0.335193,1.974406
-0.109175,-0.685068,1.984189
0.022256,-0.653277,1.896623
-0.104034,-0.984289,2.020777
0.033634,-0.965218,1.807671
-0.099524,-1.005997,1.937645
0.038164,-0.987465,1.724429
-0.054132,0.306387,2.132838
-0.066962,0.139755,2.121833
-0.206463,0.018577,2.036806
0.079101,0.003787,2.043414
-0.221474,-0.119912,1.897408
0.101802,-0.238535,2.028687
-0.044651,-0.091830,2.028687
-0.064379,-0.220905,1.865357
0.006873,-0.060856,1.856918
-0.099985,-0.186705,1.899808
-0.058880,-0.227360,2.051886
-0.055043,-0.282323,1.986774
-0.121495,-0.348645,1.957235
0.013098,-0.338048,1.968998
-0.107539,-0.686854,1.978849
0.022919,-0.651321,1.893381
-0.095088,-0.988584,1.984328
0.032708,-0.963531,1.805565
-0.091521,-1.010335,1.901203
0.036447,-0.990773,1.721341
-0.052632,0.309288,2.126377
-0.062321,0.143014,2.111689
-0.203660,0.021957,2.026818
0.079435,0.005126,2.025135
-0.223667,-0.116763,1.888533
0.104552,-0.236407,2.018868
-0.048543,-0.088024,2.018868
-0.061302,-0.221627,1.845339
0.002947,-0.057071,1.836906
-0.096884,-0.187448,1.890356
-0.053653,-0.228386,2.039750
-0.051093,-0.283921,1.974184
-0.118389,-0.348451,1.950119
0.017670,-0.340147,1.955387
-0.105292,-0.688138,1.972832
0.023133,-0.652582,1.888606
-0.093726,-0.988128,1.978983
0.028621,-0.966439,1.809177
-0.092147,-1.009862,1.895836
0.030337,-0.996069,1.724669
-0.050484,0.314588,2.119179
-0.062450,0.146514,2.100919
-0.201627,0.024709,2.017227
0.080544,0.006832,2.014867
-0.223126,-0.114846,1.880295
0.107201,-0.234355,2.010586
-0.047839,-0.088129,2.010586
-0.058354,-0.221930,1.836294
0.003617,-0.057196,1.827865
-0.093913,-0.187773,1.882361
-0.054645,-0.216703,2.029497
-0.052372,-0.269245,1.964044
-0.117506,-0.340242,1.953165
0.012821,-0.317971,1.912668
-0.100051,-0.682627,1.956291
0.022401,-0.653744,1.886001
-0.084778,-0.982200,1.945025
0.031157,-0.960658,1.848128
-0.083238,-1.003844,1.861898
0.032698,-0.982302,1.765001
-0.049264,0.317126,2.112934
-0.059730,0.148357,2.087672
-0.199113,0.026430,2.006604
0.081389,0.008813,1.999316
-0.224411,-0.111178,1.868107
0.110708,-0.232315,1.991230
-0.033995,-0.054742,1.991230
-0.055231,-0.215980,1.826558
0.017457,-0.023811,1.818131
-0.090787,-0.181827,1.862592
-0.049806,-0.222741,2.015404
-0.047892,-0.277947,1.949422
-0.111996,-0.343965,1.929174
0.018359,-0.329958,1.915906
-0.095036,-0.680729,1.943831
0.016112,-0.661851,1.884323
-0.079740,-0.984475,1.943390
0.014011,-0.972379,1.841546
-0.079576,-1.006192,1.860256
0.014175,-0.994097,1.758412
-0.047305,0.318376,2.104482
-0.056806,0.149507,2.077421
-0.189083,0.017088,1.976733
0.082720,0.013246,1.988718
-0.229792,-0.125402,1.849509
0.115663,-0.227244,1.981133
-0.070359,-0.043596,1.981133
-0.049867,-0.213409,1.820890
-0.018952,-0.012692,1.812470
-0.085392,-0.179286,1.852732
-0.050609,-0.217317,2.008290
-0.046591,-0.271783,1.943020
-0.109959,-0.339682,1.931680
0.018582,-0.324165,1.900049
-0.090381,-0.682026,1.935484
0.026939,-0.653010,1.873105
-0.073278,-0.981104,1.924795
0.034909,-0.966597,1.834427
-0.069137,-1.002831,1.841832
0.039049,-0.988325,1.751463
-0.046401,0.321913,2.091829
-0.054683,0.152340,2.071101
-0.188905,0.016309,1.971841
0.083394,0.015046,1.975237
-0.222927,-0.124384,1.839949
0.121491,-0.223879,1.975323
-0.062330,-0.044051,1.975323
-0.043982,-0.209435,1.817896
-0.010964,-0.013173,1.809482
-0.079479,-0.175339,1.847120
-0.046788,-0.213000,2.000466
-0.044420,-0.266984,1.935286
-0.107949,-0.336788,1.930590
0.020321,-0.321058,1.889744
-0.088310,-0.680204,1.927793
0.022104,-0.657352,1.872001
-0.071252,-0.978503,1.911300
0.023730,-0.964019,1.842313
-0.069743,-1.000176,1.828292
0.025239,-0.985692,1.759306
-0.045338,0.323547,2.080805
-0.051079,0.159480,2.063302
-0.192760,0.031720,1.978961
0.084325,0.025769,1.967744
-0.217572,-0.107010,1.842601
0.096835,-0.124277,1.844832
-0.037945,-0.102901,1.844832
-0.129340,-0.041419,1.805433
0.013371,-0.072052,1.797028
-0.164802,-0.007356,1.765937
-0.044479,-0.183918,1.980847
-0.045506,-0.228121,1.913930
-0.111394,-0.296146,1.914055
0.020892,-0.288012,1.864790
-0.095993,-0.619170,1.897681
0.042936,-0.601621,1.853659
-0.051233,-0.917324,1.969031
-0.051578,-0.895128,1.749087
-0.053107,-0.938616,1.886010
-0.054553,-0.919843,1.665140
-0.044079,0.325251,2.072165
-0.051441,0.163395,2.053324
-0.193268,0.035041,1.979580
0.086684,0.032074,1.960292
-0.216477,-0.099784,1.838519
0.107547,-0.151035,1.883863
-0.036341,-0.103299,1.883863
-0.105317,-0.053463,1.802543
0.014939,-0.072471,1.794144
-0.140755,-0.019423,1.772565
-0.042935,-0.180115,1.977021
-0.045233,-0.226336,1.911293
-0.111135,-0.295364,1.912657
0.021788,-0.285611,1.859882
-0.093985,-0.618374,1.893910
0.043457,-0.601290,1.852706
-0.052912,-0.919745,1.956731
-0.029361,-0.899216,1.742118
-0.057285,-0.941141,1.873877
-0.034334,-0.923068,1.658560
-0.043491,0.328629,2.064625
-0.044874,0.167462,2.045341
-0.192787,0.037348,1.978391
0.087488,0.035456,1.949758
-0.214234,-0.095426,1.834949
0.107845,-0.150721,1.881360
-0.012950,-0.101957,1.881360
-0.052818,-0.081356,1.794506
0.038299,-0.071148,1.786112
-0.088235,-0.047337,1.745214
-0.038910,-0.176945,1.970450
-0.043258,-0.224269,1.905361
-0.109785,-0.294871,1.909470
0.023617,-0.282578,1.849470
-0.091457,-0.615567,1.884613
0.045330,-0.598335,1.846693
-0.035999,-0.919772,1.935137
-0.025007,-0.901173,1.753032
-0.042947,-0.941359,1.852550
-0.032644,-0.925531,1.669766
-0.044257,0.329372,2.057137
-0.043193,0.168794,2.038224
-0.191531,0.039116,1.975454
0.087411,0.039026,1.938268
-0.213357,-0.093594,1.832261
0.108066,-0.151275,1.872926
-0.000986,-0.099165,1.872926
-0.102843,-0.051423,1.787481
0.050236,-0.068373,1.779091
-0.138240,-0.017422,1.760568
-0.035819,-0.174525,1.962031
-0.041556,-0.221914,1.897111
-0.107517,-0.293380,1.902474
0.024664,-0.279599,1.840273
-0.087096,-0.610934,1.869235
0.049302,-0.596359,1.838618
-0.036808,-0.916225,1.919009
-0.022458,-0.903378,1.769400
-0.045911,-0.939765,1.837179
-0.032428,-0.927177,1.686746
-0.043321,0.330360,2.049147
-0.038434,0.170834,2.031122
-0.190468,0.040584,1.971483
0.089492,0.041370,1.932826
-0.213775,-0.091561,1.828181
0.109543,-0.151046,1.863917
-0.061543,-0.182645,1.863917
-0.102060,-0.050491,1.793283
-0.010345,-0.151867,1.784897
-0.137441,-0.016506,1.755904
-0.030904,-0.169115,1.952145
-0.036826,-0.215379,1.886868
-0.098074,-0.278531,1.873265
0.027011,-0.273997,1.839279
-0.083775,-0.609276,1.856759
0.049742,-0.597416,1.833638
-0.040385,-0.915708,1.855676
-0.004136,-0.907717,1.783370
-0.050237,-0.937172,1.773412
-0.013988,-0.929181,1.701105
-0.041528,0.330633,2.044302
-0.036553,0.171363,2.025099
-0.187681,0.041242,1.963726
0.091225,0.044765,1.924706
-0.212455,-0.091671,1.821818
0.114376,-0.150312,1.856301
-0.059728,-0.182932,1.856301
-0.098625,-0.051269,1.793193
-0.008551,-0.152167,1.784811
-0.133991,-0.017299,1.751644
-0.028811,-0.169347,1.944714
-0.034941,-0.215812,1.879262
-0.097829,-0.282221,1.873678
0.031285,-0.273213,1.817359
-0.082209,-0.607556,1.844929
0.051790,-0.598737,1.826961
-0.040858,-0.918596,1.847386
0.002174,-0.907013,1.777287
-0.051127,-0.940057,1.765195
-0.008095,-0.928473,1.695096
-0.041237,0.330157,2.036713
-0.033747,0.171623,2.018969
-0.185978,0.041619,1.958494
0.093661,0.045029,1.914215
-0.210836,-0.090471,1.815893
0.116357,-0.150672,1.848498
-0.058472,-0.182503,1.848498
-0.097291,-0.052719,1.790143
-0.007316,-0.151751,1.781765
-0.132643,-0.018762,1.745254
-0.025433,-0.169030,1.937162
-0.032358,-0.215445,1.871653
-0.096954,-0.284122,1.872230
0.033632,-0.272781,1.809549
-0.081035,-0.605839,1.829260
0.054362,-0.598210,1.818519
-0.051473,-0.921604,1.818383
0.007900,-0.907818,1.778515
-0.063058,-0.943090,1.736395
-0.003684,-0.929304,1.696527
-0.032059,0.328008,2.009644
-0.018146,0.172658,1.994256
-0.169868,0.039997,1.932622
0.100334,0.047525,1.884250
-0.192573,-0.107256,1.799915
0.127678,-0.145871,1.815408
-0.058072,-0.054628,1.815408
-0.085178,-0.048356,1.682899
-0.006987,-0.023918,1.674532
-0.120481,-0.014446,1.710658
-0.013864,-0.167899,1.910109
-0.022799,-0.214151,1.844437
-0.088211,-0.290716,1.856536
0.040852,-0.270263,1.773102
-0.081394,-0.591489,1.772102
0.072803,-0.588390,1.789438
-0.067554,-0.907027,1.706072
-0.012006,-0.892994,1.767651
-0.080434,-0.941125,1.623260
-0.025520,-0.914508,1.686047
-0.028858,0.326279,1.987975
-0.007869,0.170675,1.972809
-0.167925,0.039686,1.928690
0.103483,0.050570,1.856166
-0.190432,-0.107760,1.791493
0.137425,-0.146770,1.800618
-0.055028,-0.053925,1.800618
-0.080021,-0.054673,1.676440
-0.003962,-0.023227,1.668076
-0.115310,-0.020776,1.705564
-0.003725,-0.166423,1.889573
-0.017258,-0.212257,1.825163
-0.083275,-0.292623,1.842106
0.045383,-0.268980,1.748014
-0.087367,-0.582526,1.722370
0.074745,-0.584415,1.774059
0.017521,-0.878159,1.642004
-0.019006,-0.887223,1.763160
0.002807,-0.906692,1.561987
-0.038976,-0.909015,1.682986
-0.028420,0.326288,1.983598
-0.004778,0.171677,1.969177
-0.165219,0.039255,1.923366
0.102438,0.049694,1.847923
-0.188950,-0.106455,1.785457
0.135101,-0.146181,1.787251
-0.058778,-0.064952,1.787251
-0.083689,-0.053521,1.658701
-0.022324,-0.023740,1.634459
-0.118953,-0.019648,1.700995
-0.001372,-0.167214,1.883782
-0.015736,-0.213272,1.819081
-0.080807,-0.293546,1.833935
0.045564,-0.269142,1.745348
-0.087244,-0.585551,1.720951
0.074839,-0.583873,1.768630
0.047411,-0.866603,1.630292
-0.018000,-0.887635,1.759980
0.033510,-0.891402,1.550945
-0.038901,-0.909456,1.680105
-0.029011,0.325453,1.979080
-0.002987,0.172484,1.966014
-0.163437,0.038606,1.919596
0.103252,0.050073,1.844946
-0.188310,-0.107424,1.784086
0.134188,-0.145647,1.781882
-0.060182,-0.063277,1.781882
-0.053060,-0.028054,1.656172
-0.025074,-0.021774,1.630642
-0.088285,0.005781,1.663256
-0.000598,-0.167262,1.880101
-0.015159,-0.213415,1.815377
-0.080524,-0.294405,1.831824
0.045954,-0.270015,1.738512
-0.087452,-0.586242,1.719128
0.074865,-0.582914,1.764056
0.092448,-0.842387,1.636195
-0.019164,-0.885958,1.764190
0.077495,-0.860031,1.558748
-0.040263,-0.908508,1.684451
-0.027049,0.325423,1.975766
-0.001335,0.172895,1.961474
-0.162191,0.037870,1.916626
0.104086,0.050416,1.840629
-0.188459,-0.107685,1.783301
0.133094,-0.145001,1.775635
-0.061681,-0.062372,1.775635
-0.052363,-0.028867,1.654512
-0.027923,-0.020749,1.627550
-0.087550,0.004932,1.661616
-0.000188,-0.167749,1.876062
-0.015316,-0.214153,1.811519
-0.080787,-0.295380,1.828212
0.045376,-0.270751,1.735562
-0.087334,-0.587343,1.716652
0.074868,-0.583624,1.760652
0.108411,-0.835114,1.652733
-0.017905,-0.887034,1.758963
0.091616,-0.849449,1.576648
-0.039406,-0.909414,1.679421
-0.025043,0.325573,1.972565
-0.000594,0.172475,1.956112
-0.161200,0.035964,1.911826
0.105159,0.050510,1.836747
-0.188609,-0.107933,1.780660
0.132768,-0.144660,1.771230
-0.064614,-0.043242,1.771230
-0.045847,-0.047644,1.658409
-0.032636,-0.000702,1.630853
-0.080997,-0.013881,1.657390
0.000275,-0.168151,1.871840
-0.014914,-0.214688,1.807550
-0.080433,-0.296400,1.824639
0.045645,-0.271519,1.731666
-0.086919,-0.588558,1.714461
0.075271,-0.583947,1.757410
0.118815,-0.830805,1.677593
-0.020901,-0.886373,1.753281
0.100492,-0.841769,1.602562
-0.042310,-0.908542,1.673776
-0.019441,0.327238,1.958470
0.005226,0.174952,1.941784
-0.159192,0.036198,1.909237
0.106109,0.049564,1.817780
-0.191961,-0.107279,1.773902
0.132894,-0.141397,1.752787
-0.073544,-0.050795,1.752787
-0.067598,-0.062341,1.641902
-0.041692,-0.008421,1.614453
-0.102611,-0.028710,1.644347
0.003219,-0.167770,1.859341
-0.015224,-0.215167,1.796115
-0.080895,-0.296513,1.813507
0.043665,-0.272172,1.722095
-0.088008,-0.589925,1.709792
0.077537,-0.581299,1.748340
-0.095360,-0.893225,1.590745
-0.033733,-0.877214,1.754026
-0.120802,-0.927416,1.508859
-0.059112,-0.899809,1.675992
-0.018288,0.328705,1.953005
0.006440,0.175332,1.936470
-0.159076,0.036295,1.909164
0.106355,0.050427,1.814614
-0.192519,-0.108899,1.772943
0.131460,-0.141157,1.747098
-0.076096,-0.074626,1.747098
-0.072267,-0.060912,1.631085
-0.044287,-0.032310,1.603674
-0.107232,-0.027326,1.642955
0.003974,-0.167218,1.855185
-0.015129,-0.214792,1.792432
-0.080991,-0.296120,1.809954
0.043502,-0.272045,1.718824
-0.088443,-0.589899,1.708272
0.077538,-0.582768,1.746699
-0.096148,-0.893664,1.591313
-0.034417,-0.877089,1.751374
-0.122370,-0.927899,1.509863
-0.060328,-0.899102,1.673625
-0.017083,0.329693,1.948643
0.008127,0.176964,1.932961
-0.158471,0.036894,1.909358
0.107170,0.051309,1.811517
-0.193720,-0.110904,1.772645
0.131847,-0.141190,1.744997
-0.077436,-0.077220,1.744997
-0.077891,-0.061851,1.630633
-0.045670,-0.034961,1.603259
-0.112809,-0.028310,1.640180
0.004803,-0.166405,1.852325
-0.014987,-0.214260,1.789894
-0.081022,-0.295750,1.807796
0.043302,-0.271710,1.716226
-0.089579,-0.589271,1.706181
0.077037,-0.580824,1.744239
-0.098430,-0.892883,1.589267
-0.034953,-0.875822,1.753185
-0.125445,-0.927131,1.508166
-0.061618,-0.897888,1.675779
-0.017704,0.331302,1.942522
0.009242,0.178140,1.928967
-0.157810,0.037531,1.909571
0.108128,0.052544,1.808707
-0.197641,-0.113980,1.774216
0.131573,-0.141253,1.740818
-0.082349,-0.081387,1.740818
-0.078722,-0.063291,1.631146
-0.050628,-0.039187,1.603810
-0.113591,-0.029798,1.635117
0.005615,-0.165518,1.849163
-0.014760,-0.213614,1.787106
-0.080889,-0.295059,1.805086
0.043269,-0.271343,1.713861
-0.090267,-0.588632,1.704548
0.076664,-0.579882,1.742700
-0.099972,-0.892440,1.588715
-0.033310,-0.875919,1.748160
-0.127722,-0.926715,1.507986
-0.060804,-0.898374,1.671112
-0.015980,0.332537,1.937636
0.008581,0.179328,1.922519
-0.157081,0.038655,1.909961
0.109013,0.052356,1.802814
-0.200474,-0.115713,1.776332
0.131413,-0.141356,1.737595
-0.088315,-0.094182,1.737595
-0.079382,-0.067707,1.628422
-0.113240,-0.078988,1.656743
-0.114201,-0.034262,1.626213
0.006214,-0.164924,1.844769
-0.014896,-0.213565,1.783333
-0.080902,-0.293108,1.799275
0.043188,-0.271434,1.712874
-0.091264,-0.587527,1.702595
0.076956,-0.580628,1.742011
-0.101993,-0.892369,1.590719
-0.034807,-0.875344,1.746024
-0.131040,-0.926769,1.510704
-0.063426,-0.897550,1.669487
-0.015616,0.334259,1.931900
0.007596,0.180291,1.917561
-0.157026,0.039100,1.909998
0.109711,0.053067,1.799452
-0.201345,-0.119732,1.780597
0.130145,-0.139270,1.734114
-0.095250,-0.100622,1.734114
-0.079765,-0.074672,1.627608
-0.062958,-0.071018,1.587663
-0.114537,-0.041272,1.614576
0.005743,-0.164863,1.840938
-0.015803,-0.213951,1.779876
-0.082313,-0.291667,1.793576
0.042876,-0.271668,1.712350
-0.092031,-0.586911,1.700696
0.077160,-0.580916,1.741636
-0.102105,-0.892951,1.592660
-0.036943,-0.874436,1.742644
-0.131842,-0.927421,1.513100
-0.066279,-0.896722,1.666393
-0.013202,0.336164,1.926533
0.008750,0.181883,1.909965
-0.156729,0.040850,1.909958
0.110426,0.055560,1.797318
-0.217033,-0.111788,1.805979
0.128805,-0.138196,1.729349
-0.102114,-0.106312,1.729349
-0.082414,-0.090791,1.634510
-0.069864,-0.076748,1.594617
-0.117141,-0.057434,1.603764
0.006114,-0.165224,1.836086
-0.015926,-0.215067,1.775474
-0.082460,-0.290341,1.784805
0.042838,-0.271722,1.712357
-0.092925,-0.587059,1.698780
0.077206,-0.580789,1.741442
-0.103785,-0.894959,1.597764
-0.039138,-0.873413,1.738923
-0.134033,-0.929535,1.518715
-0.068956,-0.895788,1.662889
-0.015721,0.336553,1.919294
0.007621,0.181937,1.905662
-0.154828,0.045415,1.908457
0.110587,0.058012,1.794908
-0.216990,-0.112852,1.807315
0.128599,-0.136890,1.725853
-0.103951,-0.125082,1.725853
-0.086434,-0.114450,1.625274
-0.071714,-0.095529,1.585396
-0.148714,-0.135349,1.635671
0.005498,-0.166357,1.831861
-0.016601,-0.216623,1.771364
-0.082639,-0.289768,1.779561
0.042482,-0.272096,1.712100
-0.095230,-0.586513,1.695136
0.078276,-0.578909,1.739881
-0.108311,-0.894795,1.595691
-0.045353,-0.869227,1.741423
-0.138829,-0.929356,1.516799
-0.075355,-0.891632,1.665468
-0.015781,0.337133,1.911244
0.006711,0.183016,1.899392
-0.153801,0.049455,1.906922
0.111136,0.059777,1.792001
-0.210243,-0.113084,1.842416
0.106693,-0.091411,1.668716
-0.159498,-0.160638,1.668716
-0.107500,-0.166916,1.661350
-0.097457,-0.165582,1.605967
-0.162104,-0.161475,1.637967
0.004871,-0.166440,1.825959
-0.017303,-0.217119,1.765628
-0.083853,-0.287650,1.771061
0.042277,-0.272289,1.711126
-0.096359,-0.585474,1.692270
0.075554,-0.576103,1.738243
-0.109358,-0.895051,1.598649
-0.037492,-0.871098,1.743757
-0.140008,-0.929655,1.520100
-0.068705,-0.896328,1.668201
-0.015998,0.339720,1.903970
0.005566,0.184140,1.892267
-0.153435,0.053397,1.905599
0.111245,0.061747,1.788096
-0.206046,-0.121780,1.835160
0.107108,-0.091495,1.667641
-0.138801,-0.204906,1.667641
-0.068918,-0.098444,1.609514
-0.079242,-0.209652,1.556346
-0.123663,-0.107163,1.685021
0.003836,-0.166510,1.820599
-0.018646,-0.217740,1.760648
-0.085689,-0.287379,1.766200
0.041569,-0.272622,1.708953
-0.099149,-0.585013,1.687697
0.074304,-0.576495,1.737880
-0.113151,-0.894621,1.594323
-0.036571,-0.872508,1.741646
-0.144257,-0.929265,1.516003
-0.068115,-0.897646,1.666265
-0.016878,0.341638,1.894874
0.002488,0.184913,1.883606
-0.152549,0.062078,1.904132
0.111248,0.062753,1.782019
-0.208098,-0.132289,1.849580
0.107311,-0.091647,1.665205
-0.179418,-0.229634,1.665205
-0.068534,-0.098973,1.674337
-0.179873,-0.273126,1.634340
-0.123255,-0.107688,1.683849
0.002167,-0.165026,1.816163
-0.020450,-0.216809,1.756908
-0.087389,-0.286372,1.763945
0.039876,-0.272167,1.705165
-0.104817,-0.582838,1.682072
0.072732,-0.575303,1.736573
-0.093169,-0.794010,1.555647
-0.030097,-0.874258,1.739713
-0.099517,-0.705538,1.595604
-0.062287,-0.900292,1.664660
-0.020529,0.342090,1.887037
0.000755,0.185971,1.875643
-0.154052,0.062604,1.903512
0.110087,0.064264,1.776019
-0.209276,-0.141158,1.859561
0.109040,-0.093961,1.664282
-0.196587,-0.255122,1.664282
-0.066904,-0.102197,1.697206
-0.190066,-0.295984,1.655062
-0.121600,-0.110908,1.678763
0.000308,-0.163898,1.812860
-0.023207,-0.216300,1.754489
-0.091519,-0.285516,1.762067
0.037711,-0.272421,1.703398
-0.106014,-0.581628,1.678881
0.070774,-0.573241,1.734961
-0.100286,-0.787441,1.541553
-0.032823,-0.871666,1.740669
-0.104404,-0.700935,1.585796
-0.066766,-0.899470,1.666409
-0.026435,0.341944,1.879104
-0.001728,0.187227,1.868456
-0.156157,0.062717,1.900968
0.108543,0.065431,1.770098
-0.210568,-0.146021,1.862105
0.109583,-0.096634,1.663079
-0.206606,-0.277208,1.663079
-0.065936,-0.112043,1.716165
-0.203809,-0.322954,1.672106
-0.120529,-0.120738,1.668338
-0.001275,-0.162950,1.808708
-0.025142,-0.215945,1.751176
-0.093471,-0.285130,1.759587
0.036104,-0.272487,1.700819
-0.109365,-0.580235,1.673446
0.069026,-0.571855,1.733169
-0.101183,-0.786049,1.536273
-0.033265,-0.870556,1.740500
-0.106125,-0.699595,1.580472
-0.068527,-0.899427,1.666738
-0.030130,0.342748,1.868488
-0.011756,0.187593,1.857438
-0.159128,0.064200,1.897657
0.106043,0.065317,1.763502
-0.213543,-0.152794,1.866415
0.110643,-0.101419,1.661708
-0.219283,-0.312397,1.661708
-0.064683,-0.108227,1.723662
-0.225731,-0.360672,1.687305
-0.119162,-0.116903,1.653413
-0.005310,-0.161421,1.804166
-0.028751,-0.215459,1.747636
-0.096300,-0.284495,1.756919
0.033137,-0.272635,1.698329
-0.114133,-0.578674,1.668510
0.066123,-0.571771,1.730602
-0.095252,-0.786335,1.536091
-0.030372,-0.872196,1.739975
-0.104264,-0.699369,1.578571
-0.066378,-0.901869,1.666669
-0.033461,0.343620,1.860631
-0.013777,0.187875,1.851821
-0.162879,0.064317,1.890129
0.102511,0.065403,1.756988
-0.216102,-0.159101,1.866666
0.111030,-0.105952,1.658956
-0.228680,-0.327220,1.658956
-0.063632,-0.112594,1.742638
-0.232318,-0.388951,1.704884
-0.118026,-0.121257,1.644453
-0.009557,-0.161874,1.800200
-0.033221,-0.216172,1.744080
-0.100491,-0.284494,1.754342
0.027774,-0.274224,1.695063
-0.119407,-0.577736,1.663577
0.063115,-0.572755,1.727919
-0.039551,-0.800586,1.427215
-0.037490,-0.871070,1.743431
-0.066440,-0.815012,1.346179
-0.074356,-0.899660,1.670003
-0.038181,0.343801,1.851343
-0.015579,0.188187,1.843188
-0.167514,0.065906,1.883427
0.099327,0.065687,1.750088
-0.218200,-0.167147,1.859507
0.101498,-0.112147,1.647883
-0.237570,-0.340833,1.647883
-0.086983,-0.145566,1.758599
-0.245865,-0.414291,1.730415
-0.141305,-0.154218,1.649164
-0.013354,-0.161193,1.795638
-0.037232,-0.215807,1.740116
-0.104973,-0.284408,1.750970
0.023581,-0.274169,1.691724
-0.123509,-0.577489,1.660473
0.060134,-0.572247,1.724933
-0.274058,-0.738255,1.554540
-0.043927,-0.869062,1.743405
-0.217295,-0.666585,1.587525
-0.081210,-0.896969,1.669887
-0.042206,0.345253,1.842220
-0.017188,0.189580,1.835015
-0.172446,0.066825,1.875370
0.096904,0.066931,1.744346
-0.220150,-0.166972,1.854226
0.097104,-0.113330,1.642921
-0.245547,-0.351041,1.642921
-0.106711,-0.147515,1.774792
-0.257353,-0.427301,1.756629
-0.160975,-0.156157,1.648032
-0.017500,-0.159572,1.786374
-0.041322,-0.213837,1.730786
-0.109956,-0.283604,1.742286
0.019579,-0.272297,1.681607
-0.126315,-0.578186,1.658032
0.054158,-0.570983,1.720853
-0.143431,-0.886409,1.558241
-0.029996,-0.873488,1.744000
-0.176488,-0.921597,1.480883
-0.064032,-0.902767,1.670437
-0.045314,0.345635,1.833685
-0.023793,0.187670,1.822736
-0.178644,0.066345,1.863762
0.092476,0.067296,1.737158
-0.224034,-0.167925,1.847665
0.097962,-0.115220,1.640506
-0.249764,-0.355525,1.640506
-0.070240,-0.148900,1.783631
-0.262474,-0.433557,1.778348
-0.124477,-0.157538,1.606625
-0.022684,-0.160019,1.775954
-0.045536,-0.214245,1.720399
-0.114602,-0.283753,1.730126
0.016475,-0.272660,1.673666
-0.128997,-0.580348,1.655303
0.048327,-0.573096,1.716699
-0.144070,-0.890881,1.565338
-0.013357,-0.880423,1.743116
-0.176016,-0.926130,1.487959
-0.045827,-0.909309,1.669129
-0.053318,0.345377,1.819927
-0.027980,0.187846,1.815628
-0.185105,0.066747,1.852522
0.090016,0.068204,1.732470
-0.230843,-0.167401,1.840684
0.098460,-0.114514,1.635608
-0.255165,-0.357061,1.635608
-0.110099,-0.155245,1.789690
-0.264998,-0.435478,1.784600
-0.164306,-0.163878,1.621530
-0.028577,-0.160216,1.771306
-0.050546,-0.214660,1.715616
-0.120562,-0.283465,1.724184
0.012075,-0.273840,1.670558
-0.132906,-0.579969,1.649644
0.043838,-0.573569,1.711791
-0.145847,-0.890800,1.559893
0.076803,-0.884645,1.742843
-0.176010,-0.925958,1.481801
0.048064,-0.916820,1.668791
