-0.093932,0.889088,2.832810
-0.107331,0.709616,2.887133
-0.274183,0.583264,2.847384
0.077779,0.587357,2.914635
-0.345686,0.336510,2.809059
0.147438,0.315822,2.925525
-0.321901,0.124204,2.925525
0.171360,0.112540,2.711034
-0.310055,0.048312,2.692099
0.168660,0.039457,2.795615
-0.093984,0.361852,2.892985
-0.085853,0.294780,2.868582
-0.157795,0.213857,2.849094
-0.005671,0.216459,2.875700
-0.184705,-0.286422,2.887053
0.051997,-0.266045,2.907092
-0.189150,-0.621865,2.873470
-0.004392,-0.586358,3.115319
-0.193046,-0.677403,2.820853
0.023420,-0.656849,3.126531
-0.096983,0.887021,2.821429
-0.110301,0.708927,2.878500
-0.277087,0.580757,2.832740
0.073728,0.590114,2.894435
-0.344427,0.335560,2.789573
0.140145,0.315933,2.889662
-0.325011,0.133582,2.889662
0.162049,0.107922,2.683822
-0.307543,0.053454,2.641659
0.153993,0.040558,2.759976
-0.097182,0.361217,2.879608
-0.089244,0.294903,2.852259
-0.160847,0.213845,2.833786
-0.009496,0.217119,2.854750
-0.190293,-0.285210,2.872993
0.051047,-0.268976,2.872937
-0.189064,-0.620760,2.871903
-0.003162,-0.590719,3.057079
-0.193218,-0.674758,2.813323
0.034824,-0.662860,3.039171
-0.103845,0.892893,2.809469
-0.116880,0.708361,2.856037
-0.279948,0.579527,2.813806
0.068171,0.594198,2.875913
-0.343005,0.336221,2.760891
0.134062,0.321630,2.874657
-0.329723,0.145428,2.874657
0.159611,0.114852,2.632872
-0.306373,0.058571,2.616324
0.148514,0.062561,2.750702
-0.100963,0.361773,2.862980
-0.092333,0.295300,2.836071
-0.163108,0.214350,2.818487
-0.012291,0.218362,2.840731
-0.189382,-0.288378,2.864988
0.041928,-0.267635,2.835235
-0.190709,-0.622453,2.871951
0.012741,-0.606410,2.990069
-0.193468,-0.676312,2.809199
0.032598,-0.679733,2.982779
-0.103800,0.890846,2.789300
-0.119532,0.707291,2.839689
-0.282667,0.581334,2.805812
0.066145,0.595056,2.866113
-0.341356,0.341089,2.744262
0.128886,0.327237,2.860666
-0.328198,0.145550,2.860666
0.153863,0.127045,2.624502
-0.303699,0.074920,2.575773
0.139338,0.067051,2.711659
-0.104263,0.362500,2.848162
-0.095779,0.296340,2.820953
-0.167018,0.216149,2.804336
-0.015426,0.218344,2.825126
-0.190284,-0.289284,2.857529
0.036990,-0.269944,2.813401
-0.189293,-0.622006,2.871282
0.019517,-0.621889,2.942832
-0.192722,-0.676238,2.807218
0.049784,-0.677099,2.876434
-0.106079,0.895181,2.775981
-0.118871,0.708522,2.825178
-0.284558,0.580497,2.789690
0.063325,0.591812,2.850050
-0.342963,0.340363,2.720255
0.125863,0.327336,2.846664
-0.326644,0.142884,2.846664
0.148123,0.126532,2.604598
-0.298732,0.059524,2.545620
0.138818,0.068361,2.698988
-0.106736,0.361922,2.832654
-0.098755,0.295555,2.804385
-0.170800,0.215972,2.785185
-0.019131,0.217263,2.810293
-0.190583,-0.292320,2.849407
0.031126,-0.283112,2.787549
-0.188923,-0.622662,2.868859
0.017607,-0.636389,2.859164
-0.192594,-0.679605,2.804371
0.054836,-0.691538,2.803850
-0.104363,0.896686,2.767580
-0.120484,0.706921,2.811488
-0.285857,0.574049,2.763685
0.061528,0.592190,2.838161
-0.357685,0.349708,2.693799
0.126364,0.328944,2.835626
-0.322767,0.156810,2.835626
0.143631,0.127001,2.574265
-0.293618,0.085678,2.524938
0.132183,0.066257,2.688936
-0.109630,0.360722,2.818771
-0.100471,0.294634,2.790011
-0.172543,0.214619,2.769142
-0.020770,0.216715,2.797451
-0.190938,-0.294262,2.843090
0.023055,-0.283952,2.769738
-0.188050,-0.623242,2.866725
0.024344,-0.628728,2.787357
-0.195209,-0.681257,2.805037
0.052375,-0.679384,2.732087
-0.103034,0.899545,2.753677
-0.124814,0.706713,2.793926
-0.284604,0.572917,2.751321
0.059582,0.590197,2.818247
-0.357797,0.350438,2.691552
0.125251,0.328264,2.813195
-0.323547,0.171482,2.813195
0.132179,0.128687,2.549874
-0.283731,0.095718,2.487431
0.129125,0.056269,2.670935
-0.110392,0.359204,2.804039
-0.101116,0.292716,2.775211
-0.172074,0.213519,2.756700
-0.021440,0.215456,2.781660
-0.192250,-0.294701,2.835681
0.017196,-0.294329,2.750517
-0.186760,-0.626493,2.864845
0.036603,-0.633286,2.719837
-0.196348,-0.682025,2.804395
0.059984,-0.688397,2.656364
-0.102372,0.891349,2.722870
-0.123641,0.703849,2.779202
-0.284000,0.573414,2.741659
0.061265,0.586331,2.795188
-0.369220,0.363552,2.676545
0.123076,0.322080,2.792386
-0.319433,0.191010,2.792386
0.131593,0.118036,2.531390
-0.276209,0.122902,2.462505
0.130494,0.047583,2.655648
-0.110087,0.357030,2.790945
-0.102157,0.290473,2.762098
-0.173686,0.212278,2.746086
-0.022503,0.212225,2.766263
-0.192689,-0.293951,2.829350
0.008320,-0.303304,2.734618
-0.187561,-0.626766,2.864533
0.027891,-0.639474,2.661376
-0.197259,-0.682080,2.804554
0.054061,-0.690056,2.592050
-0.098397,0.891585,2.710483
-0.121209,0.703985,2.761664
-0.282227,0.575524,2.728925
0.064850,0.587433,2.784376
-0.372115,0.368093,2.665624
0.124800,0.323439,2.780343
-0.316701,0.211688,2.780343
0.131711,0.117841,2.503813
-0.271054,0.143571,2.436422
0.130848,0.047275,2.647497
-0.109437,0.358180,2.776589
-0.101687,0.291424,2.748688
-0.173980,0.213212,2.733722
-0.021843,0.212320,2.753433
-0.193533,-0.294633,2.823179
0.001475,-0.312087,2.710679
-0.188720,-0.628911,2.865696
0.023528,-0.640538,2.615193
-0.198549,-0.683211,2.805770
0.046202,-0.679550,2.528363
-0.095638,0.888531,2.696292
-0.115859,0.702268,2.745124
-0.281137,0.577904,2.721689
0.067247,0.578921,2.761006
-0.376393,0.374870,2.649355
0.125467,0.317327,2.766531
-0.316499,0.236555,2.766531
0.135336,0.110226,2.472277
-0.268906,0.184462,2.392540
0.130624,0.038370,2.640518
-0.107133,0.356541,2.761433
-0.101494,0.289506,2.734065
-0.174685,0.212310,2.720114
-0.022604,0.209409,2.738370
-0.193909,-0.296359,2.808491
-0.002266,-0.309152,2.700262
-0.188124,-0.637744,2.866982
0.015324,-0.630469,2.584977
-0.198868,-0.683916,2.805794
0.040090,-0.669081,2.492771
-0.091464,0.884123,2.683819
-0.111494,0.699155,2.732215
-0.276611,0.580037,2.704162
0.070441,0.576137,2.751913
-0.384304,0.388852,2.624165
0.128675,0.314518,2.754925
-0.316429,0.263690,2.754925
0.138134,0.107154,2.439941
-0.261163,0.242657,2.374951
0.131033,0.033091,2.631802
-0.106702,0.353921,2.745289
-0.101116,0.287287,2.717414
-0.175629,0.210947,2.700341
-0.022770,0.206034,2.722971
-0.195370,-0.295945,2.799554
-0.005811,-0.299190,2.676619
-0.189399,-0.634959,2.863463
0.013632,-0.627101,2.547168
-0.199923,-0.684089,2.802717
0.037276,-0.674981,2.459017
-0.081509,0.873681,2.652004
-0.107658,0.696960,2.724550
-0.275719,0.579316,2.689325
0.074927,0.570748,2.733202
-0.391783,0.396743,2.598755
0.135756,0.308017,2.743198
-0.318297,0.285308,2.743198
0.140710,0.099755,2.407628
-0.253106,0.290181,2.336003
0.131362,0.022737,2.618812
-0.106179,0.351294,2.733662
-0.101703,0.285015,2.704135
-0.177464,0.208907,2.686362
-0.024240,0.202083,2.707625
-0.198538,-0.299111,2.787997
-0.009398,-0.302465,2.665754
-0.189031,-0.635048,2.862739
0.010339,-0.627034,2.526321
-0.200133,-0.684126,2.800189
0.035589,-0.676202,2.439259
-0.078712,0.869279,2.637689
-0.101455,0.691848,2.706966
-0.269714,0.573842,2.673121
0.079581,0.568544,2.712217
-0.396754,0.404279,2.577636
0.138534,0.302581,2.722680
-0.317680,0.306558,2.722680
0.143123,0.091106,2.381055
-0.270044,0.334344,2.324792
0.133094,0.013850,2.610673
-0.105125,0.345854,2.716007
-0.101960,0.279557,2.685997
-0.178684,0.205273,2.674094
-0.025497,0.196596,2.684283
-0.199151,-0.303854,2.779305
-0.013697,-0.309702,2.647794
-0.189965,-0.644078,2.866363
0.007585,-0.626180,2.501584
-0.204431,-0.690219,2.805982
0.028405,-0.665260,2.408285
-0.073810,0.869970,2.622295
-0.093385,0.689911,2.687332
-0.265503,0.580122,2.658321
0.085295,0.566044,2.698414
-0.408317,0.405523,2.530373
0.143464,0.296239,2.699804
-0.284349,0.365498,2.699804
0.148998,0.080850,2.336995
-0.296039,0.378453,2.342477
0.135576,0.004870,2.602859
-0.103780,0.344718,2.699302
-0.101594,0.278229,2.669578
-0.180318,0.203933,2.659666
-0.025584,0.194602,2.666770
-0.199896,-0.306441,2.767320
-0.015610,-0.306402,2.635697
-0.189735,-0.644394,2.865753
0.006124,-0.624778,2.498351
-0.205668,-0.689582,2.801028
0.026634,-0.666130,2.405792
-0.066473,0.868147,2.606515
-0.085651,0.687246,2.671272
-0.257348,0.580532,2.648540
0.093306,0.557792,2.677490
-0.409104,0.408050,2.515639
0.145540,0.285721,2.682639
-0.277367,0.419762,2.682639
0.152737,0.068159,2.323665
-0.333769,0.425206,2.369225
0.138861,0.002107,2.600914
-0.098853,0.339157,2.678952
-0.098364,0.272615,2.647461
-0.177639,0.199683,2.636116
-0.024083,0.189056,2.645142
-0.202660,-0.309194,2.758569
-0.015479,-0.321367,2.614212
-0.191300,-0.644654,2.862296
0.005495,-0.633640,2.478290
-0.205316,-0.689853,2.802256
0.027459,-0.679366,2.388156
-0.057009,0.864740,2.584745
-0.076568,0.685558,2.654643
-0.222503,0.551655,2.615987
0.097507,0.555396,2.652713
-0.410243,0.448569,2.472728
0.149456,0.284169,2.670209
-0.275669,0.511565,2.670209
0.157700,0.066803,2.294082
-0.229970,0.554025,2.245939
0.146712,-0.008496,2.593531
-0.093277,0.329795,2.658263
-0.092430,0.262051,2.624363
-0.169071,0.193071,2.614495
-0.022289,0.184002,2.622174
-0.202065,-0.309142,2.742216
-0.015195,-0.318869,2.606873
-0.191671,-0.645168,2.859511
0.005313,-0.631910,2.477842
-0.205685,-0.691531,2.800360
0.024169,-0.682091,2.389384
-0.047936,0.861509,2.568021
-0.069316,0.681982,2.636677
-0.231008,0.573747,2.605876
0.106008,0.554854,2.628006
-0.403386,0.473860,2.459555
0.157535,0.283861,2.643260
-0.268059,0.579769,2.643260
0.164321,0.063325,2.305298
-0.242561,0.609621,2.276607
0.150619,-0.010795,2.584874
-0.088852,0.335602,2.642151
-0.089901,0.270359,2.606769
-0.168729,0.199761,2.598603
-0.018745,0.189671,2.598894
-0.200243,-0.307328,2.727783
-0.010631,-0.320018,2.586088
-0.196606,-0.642724,2.850931
0.005540,-0.631682,2.476985
-0.209436,-0.696431,2.798074
0.022525,-0.685484,2.390314
-0.036529,0.853036,2.541520
-0.060376,0.678809,2.618363
-0.236028,0.583754,2.595590
0.110002,0.555095,2.613622
-0.396404,0.522294,2.428522
0.163023,0.279823,2.623389
-0.255077,0.649630,2.623389
0.169890,0.059094,2.300424
-0.233184,0.671172,2.296992
0.158994,-0.014303,2.573080
-0.084688,0.342640,2.624700
-0.087008,0.279807,2.588293
-0.169155,0.208591,2.580160
-0.015539,0.194790,2.580362
-0.198195,-0.305397,2.709581
-0.010079,-0.318536,2.577894
-0.196294,-0.645114,2.846579
0.007727,-0.631570,2.475294
-0.210602,-0.698684,2.794002
0.021903,-0.688539,2.390198
-0.030446,0.856442,2.522601
-0.050355,0.678842,2.595042
-0.240322,0.592089,2.579720
0.116200,0.550801,2.585347
-0.403965,0.565238,2.405922
0.170568,0.281429,2.601385
-0.247603,0.705673,2.601385
0.177581,0.060087,2.320926
-0.223509,0.747761,2.325698
0.166420,-0.018209,2.551640
-0.078950,0.348258,2.602826
-0.083467,0.286467,2.566187
-0.168893,0.213420,2.560840
-0.011257,0.198967,2.553877
-0.193101,-0.307201,2.689926
-0.004518,-0.318092,2.562835
-0.194277,-0.648367,2.839316
0.009753,-0.631387,2.473061
-0.209660,-0.703628,2.788885
0.021858,-0.691059,2.389568
-0.021154,0.850421,2.496072
-0.047226,0.676756,2.581123
-0.235961,0.597164,2.566160
0.126258,0.549812,2.569851
-0.443057,0.535763,2.440461
0.180559,0.286461,2.580778
-0.264247,0.725158,2.580778
0.183366,0.065961,2.350485
-0.207827,0.796433,2.355803
0.172268,-0.017054,2.532696
-0.073498,0.348814,2.588115
-0.077627,0.288027,2.550172
-0.164040,0.212587,2.544573
-0.003612,0.200617,2.536877
-0.185124,-0.302422,2.666177
0.003855,-0.317215,2.538527
-0.196398,-0.641523,2.822407
0.011758,-0.631170,2.469321
-0.211259,-0.710371,2.793027
0.022678,-0.693037,2.387383
-0.018836,0.847260,2.476543
-0.041911,0.674122,2.563672
-0.235863,0.603720,2.550538
0.130109,0.556917,2.549356
-0.431093,0.593449,2.419423
0.184607,0.288274,2.555474
-0.262838,0.752930,2.555474
0.182126,0.067918,2.370747
-0.204959,0.839261,2.391351
0.175882,-0.012896,2.504216
-0.066139,0.351408,2.571013
-0.070390,0.292042,2.531975
-0.157115,0.214215,2.525607
0.004175,0.205378,2.518965
-0.183055,-0.305661,2.644670
0.005380,-0.317284,2.529244
-0.194131,-0.641573,2.814062
0.013249,-0.629706,2.466778
-0.216682,-0.714032,2.806743
0.023040,-0.693730,2.386500
-0.028958,0.844554,2.456131
-0.037187,0.675226,2.551188
-0.233523,0.609906,2.537029
0.134286,0.563548,2.531541
-0.397922,0.690436,2.385841
0.193365,0.299513,2.536647
-0.212203,0.811223,2.536647
0.184999,0.076348,2.381479
-0.145589,0.890563,2.404472
0.176894,-0.014291,2.466208
-0.059078,0.354576,2.556267
-0.063353,0.296356,2.515474
-0.149054,0.218092,2.506409
0.011049,0.209707,2.503142
-0.183562,-0.313503,2.626853
0.008312,-0.315768,2.518165
-0.188520,-0.642900,2.801723
0.014317,-0.629842,2.462390
-0.196599,-0.705004,2.758375
0.023091,-0.695466,2.383427
-0.023489,0.849805,2.448040
-0.037946,0.676903,2.535336
-0.228944,0.619004,2.526464
0.132088,0.569012,2.515699
-0.386665,0.720009,2.382074
0.199737,0.301643,2.521341
-0.196526,0.831392,2.521341
0.185426,0.076881,2.391457
-0.128649,0.909610,2.415211
0.179229,-0.006056,2.437394
-0.055339,0.358326,2.540959
-0.059269,0.300859,2.498865
-0.142892,0.225459,2.491342
0.015521,0.214264,2.483901
-0.192891,-0.297415,2.576856
0.012821,-0.313917,2.505682
-0.184426,-0.633883,2.773808
0.017022,-0.634657,2.457391
-0.197864,-0.707315,2.759254
0.023601,-0.699050,2.380183
-0.021095,0.852731,2.435896
-0.029996,0.673068,2.516138
-0.220951,0.631358,2.518234
0.134155,0.572483,2.504775
-0.380130,0.741637,2.385000
0.207814,0.307482,2.496243
-0.188742,0.848435,2.496243
0.187904,0.076770,2.402484
-0.120065,0.926045,2.426477
0.180872,-0.003173,2.404611
-0.050765,0.360746,2.528329
-0.055590,0.303540,2.486813
-0.139482,0.228391,2.482361
0.017652,0.217420,2.471618
-0.189739,-0.294597,2.552047
0.017811,-0.313699,2.494383
-0.181166,-0.596936,2.719428
0.019200,-0.638972,2.452379
-0.184273,-0.637592,2.639717
0.023800,-0.705191,2.373668
-0.024529,0.849722,2.427819
-0.025929,0.668008,2.503571
-0.215121,0.640145,2.511389
0.137602,0.571068,2.486691
-0.369627,0.764404,2.387435
0.213799,0.302788,2.475674
-0.170800,0.855975,2.475674
0.193856,0.083315,2.405421
-0.102032,0.933687,2.429445
0.182905,0.003423,2.381271
-0.047921,0.361863,2.517538
-0.054351,0.305843,2.476191
-0.138636,0.231232,2.474537
0.017680,0.219307,2.458490
-0.195583,-0.276204,2.513589
0.023837,-0.304821,2.482087
-0.176454,-0.603119,2.714501
0.019125,-0.639157,2.450617
-0.207956,-0.682756,2.738843
0.023121,-0.705742,2.373715
-0.020269,0.819237,2.387883
-0.018000,0.661288,2.485726
-0.198466,0.641788,2.502899
0.143462,0.568863,2.472010
-0.351395,0.778592,2.394930
0.217482,0.307272,2.461804
-0.149510,0.864357,2.461804
0.195284,0.093491,2.408109
-0.080657,0.942164,2.432163
0.187765,0.009130,2.364352
-0.043998,0.360562,2.504735
-0.052099,0.304775,2.465225
-0.136717,0.231842,2.468588
0.017937,0.218886,2.445006
-0.198383,-0.273108,2.495940
0.025910,-0.306379,2.476546
-0.172925,-0.611721,2.688903
0.018331,-0.640619,2.448406
-0.208221,-0.678015,2.676663
0.022712,-0.706079,2.374858
-0.008655,0.821470,2.361431
-0.015832,0.657998,2.474218
-0.194135,0.643880,2.497834
0.147004,0.569621,2.461460
-0.341382,0.790440,2.397168
0.220570,0.316605,2.441859
-0.136186,0.868236,2.441859
0.200693,0.101382,2.407840
-0.067385,0.945985,2.431876
0.190052,0.016445,2.336117
-0.042296,0.361904,2.493999
-0.051260,0.306966,2.455469
-0.135859,0.233519,2.462275
0.017547,0.221990,2.433053
-0.197488,-0.287982,2.475826
0.028001,-0.304533,2.470343
-0.182948,-0.629477,2.644511
0.017928,-0.643355,2.449426
-0.211736,-0.696930,2.622924
0.020415,-0.705173,2.376552
-0.009759,0.815415,2.350587
-0.013483,0.657322,2.461954
-0.195409,0.653428,2.493335
0.147394,0.572937,2.449627
-0.331787,0.811536,2.396221
0.222866,0.320379,2.425958
-0.122354,0.873100,2.425958
0.204833,0.102199,2.414562
-0.053607,0.950787,2.438578
0.187756,0.019876,2.319800
-0.040854,0.365856,2.483657
-0.050841,0.311557,2.446609
-0.135923,0.237769,2.454659
0.017197,0.224760,2.425495
-0.195812,-0.289594,2.459070
0.028988,-0.306271,2.465975
-0.196607,-0.626473,2.594873
0.017241,-0.644429,2.448467
-0.225887,-0.695528,2.583001
0.020574,-0.705311,2.377814
-0.009031,0.813183,2.341762
-0.010187,0.657095,2.450259
-0.188367,0.674970,2.486418
0.149991,0.573731,2.432772
-0.328282,0.830000,2.390045
0.224367,0.322186,2.409900
-0.114767,0.867983,2.409900
0.206398,0.100613,2.415907
-0.046083,0.945600,2.439902
0.188804,0.022649,2.302363
-0.039543,0.370533,2.473706
-0.050886,0.316958,2.438454
-0.135993,0.242351,2.449376
0.015038,0.229479,2.415482
-0.195063,-0.292321,2.444045
0.030118,-0.307227,2.461552
-0.191918,-0.640158,2.567838
0.017120,-0.644823,2.448261
-0.238818,-0.696726,2.521453
0.020711,-0.705394,2.377832
-0.005279,0.815669,2.329999
0.010827,0.652079,2.421603
-0.171027,0.677835,2.468842
0.147881,0.574489,2.419313
-0.318037,0.834277,2.393852
0.225962,0.322527,2.396581
-0.102901,0.868436,2.396581
0.207554,0.100937,2.412783
-0.034271,0.945991,2.436759
0.188196,0.020110,2.292269
-0.034994,0.371742,2.458439
-0.048352,0.316931,2.428792
-0.133337,0.244007,2.444577
0.012902,0.232052,2.404554
-0.194593,-0.298337,2.431421
0.031441,-0.305768,2.456309
-0.214245,-0.660497,2.512889
0.015463,-0.643655,2.447921
-0.253828,-0.711872,2.473549
0.020912,-0.705012,2.378460
-0.005621,0.817009,2.326086
0.005531,0.655019,2.420529
-0.174867,0.681298,2.467111
0.149246,0.571386,2.408405
-0.316865,0.841928,2.391773
0.226495,0.323572,2.382847
-0.104947,0.898573,2.382847
0.208308,0.105011,2.395364
-0.036377,0.976061,2.419319
0.187017,0.019388,2.281975
-0.036738,0.379005,2.449901
-0.050132,0.326684,2.421158
-0.134507,0.250760,2.440907
0.010277,0.237974,2.393164
-0.195468,-0.301997,2.420946
0.031591,-0.306359,2.452924
-0.235632,-0.654906,2.464404
0.014984,-0.646940,2.449677
-0.265580,-0.710314,2.422328
0.020913,-0.704903,2.378570
-0.007430,0.820988,2.318873
0.002250,0.656868,2.417717
-0.177603,0.683694,2.463749
0.147208,0.570436,2.396431
-0.316722,0.846960,2.389782
0.226284,0.323835,2.371620
-0.103995,0.900283,2.371620
0.206871,0.102094,2.391284
-0.035485,0.977703,2.415218
0.186379,0.018979,2.274977
-0.037807,0.381667,2.443519
-0.051416,0.329388,2.416734
-0.135471,0.253759,2.437428
0.008271,0.240034,2.387377
-0.196754,-0.304536,2.412695
0.031334,-0.306841,2.448445
-0.246710,-0.654139,2.431941
0.013833,-0.648104,2.449155
-0.284728,-0.712168,2.401700
0.020991,-0.705048,2.379057
-0.009863,0.825672,2.309514
-0.001091,0.657648,2.412326
-0.180468,0.684863,2.457920
0.140339,0.570647,2.381639
-0.315532,0.852151,2.387191
0.224532,0.321361,2.361078
-0.101344,0.898318,2.361078
0.204543,0.101047,2.388917
-0.032892,0.975672,2.412831
0.183003,0.015533,2.264950
-0.038237,0.383543,2.436148
-0.052082,0.331342,2.411227
-0.135024,0.255974,2.432997
0.006712,0.242596,2.380973
-0.197483,-0.306350,2.407081
0.031281,-0.306915,2.443603
-0.254837,-0.658090,2.404998
0.012373,-0.648708,2.447978
-0.273832,-0.700057,2.339618
0.021868,-0.705360,2.383704
-0.011290,0.828704,2.305697
-0.002877,0.657898,2.405436
-0.181906,0.685366,2.450707
0.139313,0.569896,2.374332
-0.314830,0.855428,2.385305
0.223347,0.319639,2.350914
-0.097855,0.884569,2.350914
0.203874,0.099851,2.386883
-0.029459,0.961860,2.410777
0.182175,0.015286,2.261086
-0.039606,0.384057,2.428398
-0.053185,0.331641,2.405194
-0.135766,0.256515,2.428228
0.005111,0.242933,2.374785
-0.198150,-0.309134,2.402709
0.029801,-0.305849,2.438586
-0.266822,-0.664363,2.381416
0.011877,-0.648362,2.447667
-0.270037,-0.703440,2.314149
0.023916,-0.704745,2.385316
-0.016016,0.830937,2.300260
-0.006987,0.659135,2.400778
-0.185751,0.686731,2.446020
0.137806,0.567936,2.366151
-0.314547,0.859966,2.381861
0.221473,0.316746,2.342434
-0.097868,0.891288,2.342434
0.200505,0.095370,2.379989
-0.029524,0.968519,2.403865
0.178823,0.009946,2.254102
-0.041415,0.384640,2.421607
-0.054599,0.332058,2.399353
-0.136835,0.256524,2.422729
0.004150,0.242339,2.367749
-0.198922,-0.314834,2.399141
0.028605,-0.307536,2.435192
-0.267680,-0.668992,2.367424
0.011236,-0.649042,2.447142
-0.268293,-0.709058,2.294584
0.023759,-0.706146,2.382853
-0.018780,0.831970,2.296730
-0.010548,0.659600,2.390678
-0.189147,0.687321,2.435811
0.135958,0.568184,2.360473
-0.313662,0.864421,2.376659
0.220549,0.314340,2.337053
-0.096472,0.890429,2.337053
0.196107,0.091987,2.374568
-0.028183,0.967599,2.398425
0.178266,0.009130,2.252681
-0.043840,0.385646,2.412511
-0.056257,0.332709,2.392017
-0.138103,0.257275,2.416704
0.002665,0.242448,2.360833
-0.198660,-0.315741,2.397063
0.027004,-0.308542,2.432032
-0.266946,-0.669233,2.365322
0.011095,-0.649413,2.446451
-0.267414,-0.709433,2.293064
0.024230,-0.706257,2.383744
-0.018867,0.833935,2.294178
-0.011710,0.660426,2.386792
-0.215355,0.748595,2.429453
0.133005,0.566306,2.353465
-0.363138,0.901259,2.351809
0.217379,0.312205,2.332368
-0.148389,0.876418,2.332368
0.193783,0.090001,2.371578
-0.080152,0.953530,2.395417
0.177187,0.008333,2.251635
-0.047957,0.393493,2.404265
-0.060193,0.343111,2.383419
-0.145932,0.265771,2.406437
0.000123,0.244860,2.354840
-0.197853,-0.316559,2.394787
0.026630,-0.308495,2.429290
-0.266675,-0.669517,2.364510
0.010670,-0.648944,2.446331
-0.267000,-0.709729,2.293006
0.025077,-0.706822,2.383117
-0.022403,0.832026,2.288836
-0.011585,0.660068,2.382487
-0.214901,0.748147,2.428746
0.129047,0.565846,2.346737
-0.358951,0.898963,2.338128
0.215486,0.310444,2.327627
-0.147484,0.868473,2.327627
0.192173,0.090294,2.370031
-0.079296,0.945530,2.393853
0.175718,0.006238,2.250057
-0.048847,0.394832,2.398732
-0.061539,0.344610,2.378617
-0.148055,0.267067,2.400694
-0.002697,0.245963,2.348070
-0.197325,-0.316617,2.392607
0.025296,-0.309996,2.426417
-0.264839,-0.669708,2.361572
0.009843,-0.649050,2.445730
-0.264508,-0.711502,2.289989
0.025230,-0.706992,2.383005
-0.024395,0.834667,2.286949
-0.013715,0.659417,2.377484
-0.215517,0.748858,2.426178
0.128444,0.564427,2.343654
-0.362264,0.895329,2.332797
0.213041,0.309908,2.325273
-0.149609,0.873800,2.325273
0.186716,0.086972,2.362682
-0.081472,0.950799,2.386485
0.172509,0.004689,2.248598
-0.051249,0.396906,2.392344
-0.063816,0.347146,2.372505
-0.152182,0.269066,2.392595
-0.004248,0.246657,2.342489
-0.196047,-0.316395,2.390367
0.023606,-0.310224,2.422983
-0.263526,-0.670323,2.360083
0.009474,-0.649632,2.445280
-0.266044,-0.713048,2.290375
0.024722,-0.707065,2.383533
-0.024481,0.836152,2.285220
-0.015460,0.658871,2.373124
-0.216019,0.746307,2.422893
0.126641,0.562559,2.340154
-0.360953,0.892921,2.326981
0.210978,0.309060,2.323986
-0.149146,0.874353,2.323986
0.183488,0.087276,2.360671
-0.081060,0.951295,2.384457
0.169899,0.004267,2.247309
-0.053331,0.390472,2.384180
-0.065816,0.339036,2.363113
-0.154999,0.259267,2.374815
-0.004515,0.241713,2.338148
-0.195972,-0.319314,2.387715
0.020291,-0.312704,2.418903
-0.262964,-0.670361,2.359533
0.008961,-0.650071,2.444568
-0.264529,-0.713800,2.290250
0.025050,-0.709529,2.380126
-0.025484,0.837074,2.284298
-0.014812,0.659008,2.367707
-0.213159,0.742740,2.417841
0.124248,0.561329,2.336513
-0.364719,0.883893,2.325754
0.203063,0.308361,2.321434
-0.152203,0.875608,2.321434
0.180852,0.087993,2.357798
-0.084166,0.952493,2.381567
0.165198,0.003240,2.246031
-0.053909,0.391010,2.379486
-0.066608,0.339702,2.358765
-0.155044,0.260255,2.373028
-0.007369,0.243356,2.330608
-0.195842,-0.321763,2.385565
0.018330,-0.312913,2.413862
-0.263458,-0.670926,2.359816
0.008687,-0.650430,2.444023
-0.264524,-0.713873,2.290324
0.024897,-0.709249,2.380673
-0.026969,0.838159,2.282945
-0.017905,0.658439,2.364595
-0.217828,0.741374,2.414928
0.121179,0.561479,2.333844
-0.368680,0.881791,2.320625
0.199494,0.307798,2.321067
-0.156635,0.877119,2.321067
0.176984,0.087599,2.354053
-0.088652,0.953943,2.377803
0.163208,0.002924,2.246177
-0.056511,0.391967,2.375370
-0.069073,0.341226,2.354306
-0.159150,0.263074,2.367571
-0.008149,0.243859,2.326845
-0.196214,-0.322087,2.383422
0.016173,-0.313821,2.408012
-0.263014,-0.671264,2.359616
0.008811,-0.650558,2.443182
-0.264330,-0.714103,2.290014
0.024495,-0.709096,2.379945
-0.038268,0.838222,2.267913
-0.037947,0.662598,2.342898
-0.227030,0.707628,2.390140
0.111234,0.563290,2.324462
-0.355200,0.876404,2.323336
0.180345,0.306289,2.311301
-0.142269,0.872250,2.311301
0.158447,0.087269,2.345340
-0.074525,0.948804,2.369007
0.145903,0.002420,2.232737
-0.069241,0.381054,2.350271
-0.080610,0.327456,2.326619
-0.168985,0.254030,2.335600
-0.015873,0.236879,2.304121
-0.206461,-0.318311,2.361393
0.005946,-0.314271,2.389515
-0.262404,-0.671713,2.359145
0.006133,-0.655660,2.436571
-0.261735,-0.714640,2.290436
0.022893,-0.710432,2.378466
-0.040168,0.838503,2.266543
-0.041037,0.661399,2.343727
-0.230050,0.706926,2.390530
0.109967,0.563591,2.323429
-0.355825,0.875908,2.318541
0.178713,0.306603,2.310508
-0.143565,0.873173,2.310508
0.157046,0.087569,2.343420
-0.075877,0.949665,2.367067
0.143458,0.001725,2.228796
-0.070798,0.380665,2.350217
-0.081848,0.327445,2.325785
-0.170354,0.253786,2.333572
-0.016451,0.236469,2.303237
-0.207017,-0.317890,2.359655
0.005234,-0.313983,2.388380
-0.262183,-0.671817,2.359037
0.006174,-0.656315,2.436573
-0.260280,-0.715188,2.290517
0.023191,-0.710571,2.378465
-0.041027,0.838511,2.265300
-0.042352,0.660377,2.343791
-0.231918,0.706933,2.389465
0.108772,0.563974,2.323074
-0.359016,0.873499,2.313470
0.178216,0.306517,2.310119
-0.147813,0.873711,2.310119
0.156184,0.087974,2.342896
-0.080178,0.950142,2.366524
0.142552,0.001144,2.227142
-0.071906,0.379990,2.350205
-0.082766,0.327069,2.324965
-0.171276,0.253450,2.332031
-0.017047,0.235535,2.302238
-0.207686,-0.317815,2.358415
0.004805,-0.313729,2.387341
-0.262008,-0.671631,2.359011
0.006127,-0.656211,2.436058
-0.260084,-0.715321,2.290684
0.023039,-0.710788,2.378985
-0.043141,0.841098,2.262292
-0.042349,0.660623,2.343857
-0.232133,0.708313,2.388906
0.107479,0.563857,2.322343
-0.360431,0.872827,2.310162
0.177961,0.306878,2.309961
-0.149900,0.874498,2.309961
0.155127,0.089004,2.341800
-0.082320,0.950867,2.365410
0.140049,0.003442,2.221578
-0.072202,0.379875,2.350557
-0.083228,0.327032,2.324456
-0.171694,0.253526,2.330926
-0.017572,0.235337,2.301730
-0.208842,-0.317707,2.357178
0.004248,-0.313815,2.386725
-0.261832,-0.671351,2.358831
0.005657,-0.656554,2.435528
-0.259831,-0.715511,2.290354
0.023671,-0.712710,2.374539
-0.043668,0.839937,2.260399
-0.042445,0.660399,2.343543
-0.232454,0.704087,2.386071
0.106329,0.563709,2.321891
-0.358352,0.869781,2.306079
0.177342,0.307141,2.309733
-0.149385,0.874358,2.309733
0.154735,0.090523,2.343508
-0.081843,0.950684,2.367105
0.139090,0.003440,2.219465
-0.072619,0.377627,2.349755
-0.083504,0.324502,2.322558
-0.170392,0.250998,2.328438
-0.018381,0.233529,2.300106
-0.209527,-0.316442,2.355531
0.003307,-0.314784,2.386243
-0.261455,-0.670637,2.358374
0.005865,-0.657052,2.435369
-0.260527,-0.715525,2.291176
0.022606,-0.714113,2.364503
-0.047063,0.835622,2.257736
-0.042585,0.660174,2.343493
-0.234101,0.699911,2.382630
0.105550,0.564251,2.322070
-0.356455,0.868312,2.303633
0.176490,0.307134,2.309655
-0.147698,0.877133,2.309655
0.154030,0.090829,2.340563
-0.080197,0.953412,2.364145
0.137710,0.003598,2.217790
-0.072931,0.376430,2.349857
-0.083577,0.323283,2.321657
-0.169823,0.249463,2.326811
-0.018468,0.232864,2.299462
-0.209599,-0.315698,2.354761
0.002709,-0.315017,2.385942
-0.260864,-0.669025,2.357435
0.005983,-0.657252,2.435433
-0.260775,-0.715377,2.291761
0.023326,-0.714404,2.365012
-0.046963,0.835452,2.257168
-0.042940,0.659725,2.343451
-0.235947,0.698050,2.380147
0.105752,0.564432,2.322358
-0.355397,0.868163,2.300733
0.175240,0.306598,2.309852
-0.147045,0.879223,2.309852
0.153521,0.091336,2.338132
-0.079583,0.955459,2.361700
0.138115,0.004726,2.216452
-0.073068,0.375628,2.350209
-0.083460,0.322563,2.321125
-0.169429,0.248330,2.325322
-0.018018,0.231590,2.299087
-0.209693,-0.315989,2.354620
0.002659,-0.315266,2.385948
-0.260362,-0.668977,2.357204
0.005253,-0.665971,2.441774
-0.259552,-0.715474,2.292125
0.022985,-0.715432,2.363324
-0.046971,0.835323,2.256620
-0.043611,0.658927,2.343133
-0.236803,0.698577,2.377244
0.105472,0.564407,2.322556
-0.356890,0.867636,2.296629
0.173925,0.306168,2.310503
-0.148709,0.878834,2.310503
0.153427,0.091377,2.333987
-0.081299,0.955012,2.357537
0.138030,0.004716,2.216373
-0.073557,0.375348,2.350536
-0.083690,0.322460,2.320731
-0.169986,0.248451,2.324206
-0.018010,0.231393,2.298959
-0.209784,-0.316030,2.354301
0.002540,-0.315592,2.386014
-0.260262,-0.668944,2.357219
0.005633,-0.665142,2.440665
-0.259268,-0.715222,2.291604
0.022828,-0.715482,2.363456
-0.047286,0.833060,2.253644
-0.046503,0.656749,2.341302
-0.234543,0.696037,2.373444
0.105054,0.564820,2.323202
-0.356807,0.863765,2.294196
0.172749,0.305530,2.311829
-0.149056,0.878717,2.311829
0.153165,0.091593,2.331685
-0.081702,0.954830,2.355215
0.137787,0.004233,2.216783
-0.074556,0.374675,2.350183
-0.084156,0.321976,2.320006
-0.170139,0.248337,2.322921
-0.018034,0.231388,2.298922
-0.210087,-0.316543,2.353630
0.002401,-0.315497,2.386019
-0.260665,-0.669824,2.357551
0.005962,-0.663335,2.438161
-0.258271,-0.714924,2.289505
0.022767,-0.715377,2.365917
-0.047438,0.832951,2.253259
-0.046919,0.656706,2.340963
-0.232658,0.694988,2.370082
0.104580,0.566201,2.324561
-0.357374,0.860448,2.290054
0.171395,0.305190,2.313421
-0.150157,0.878552,2.313421
0.152929,0.091289,2.328072
-0.082858,0.954603,2.351583
0.137810,0.004043,2.218132
-0.074835,0.374737,2.350225
-0.083995,0.322151,2.319432
-0.169817,0.249174,2.321424
-0.017113,0.232161,2.298713
-0.210055,-0.316989,2.353254
0.002076,-0.314940,2.386165
-0.260578,-0.669896,2.357380
0.006438,-0.661335,2.437139
-0.259435,-0.715747,2.289136
0.019417,-0.711865,2.371071
-0.047544,0.832647,2.252065
-0.047891,0.656628,2.341453
-0.236656,0.695434,2.366589
0.104441,0.566528,2.325080
-0.356561,0.862440,2.281350
0.170350,0.305482,2.315485
-0.151591,0.876367,2.315485
0.152336,0.090750,2.328296
-0.084347,0.952357,2.351788
0.137674,0.003072,2.220838
-0.075379,0.374957,2.350636
-0.084108,0.322614,2.319185
-0.169973,0.249698,2.320207
-0.016976,0.232397,2.298808
-0.210456,-0.316856,2.352672
0.002060,-0.314937,2.386305
-0.260414,-0.669878,2.357333
0.006226,-0.661284,2.436473
-0.258561,-0.715527,2.288803
0.020361,-0.713093,2.369871
-0.047512,0.832346,2.250968
-0.049255,0.656861,2.341423
-0.237464,0.691851,2.363271
0.104887,0.567338,2.326129
-0.355016,0.860011,2.277179
0.168973,0.304180,2.317106
-0.151157,0.877590,2.317106
0.152627,0.090506,2.326336
-0.083950,0.953538,2.349815
0.139205,0.004149,2.225712
-0.076142,0.373742,2.350480
-0.084329,0.321045,2.318195
-0.169278,0.247634,2.317825
-0.016997,0.231151,2.298709
-0.210402,-0.317115,2.352566
0.001842,-0.314898,2.386570
-0.260561,-0.669907,2.357126
0.006301,-0.661079,2.436320
-0.258678,-0.715693,2.288884
0.020386,-0.712889,2.369992
-0.047186,0.830607,2.248566
-0.049315,0.657325,2.340369
-0.239152,0.689284,2.361205
0.104557,0.567815,2.326836
-0.353587,0.858750,2.273347
0.168432,0.303684,2.318521
-0.151013,0.879001,2.318521
0.155505,0.091750,2.325307
-0.083843,0.954907,2.348773
0.142557,0.004120,2.234209
-0.076268,0.373096,2.350072
-0.084198,0.320194,2.317284
-0.168640,0.246370,2.316099
-0.016975,0.230814,2.298694
-0.210590,-0.317101,2.352278
0.001961,-0.314652,2.386900
-0.260307,-0.669950,2.357000
0.006244,-0.659654,2.435737
-0.258640,-0.715736,2.288909
0.020755,-0.712645,2.370239
-0.051052,0.828326,2.246925
-0.048960,0.658538,2.339517
-0.238437,0.683685,2.358457
0.104811,0.568332,2.327534
-0.350763,0.854831,2.271860
0.167913,0.303364,2.320605
-0.146982,0.882419,2.320605
0.155556,0.090659,2.316476
-0.079850,0.958282,2.339929
0.144783,0.003926,2.240085
-0.076238,0.372202,2.349634
-0.083873,0.318745,2.316198
-0.167896,0.244775,2.314279
-0.016846,0.230327,2.298657
-0.211067,-0.317422,2.351990
0.001829,-0.314625,2.387090
-0.260391,-0.669794,2.357163
0.006065,-0.658818,2.435125
-0.259153,-0.715842,2.289012
0.021032,-0.712608,2.370517
-0.053384,0.826265,2.246688
-0.048240,0.661369,2.337552
-0.238018,0.680058,2.355586
0.105018,0.571332,2.330402
-0.350469,0.850975,2.269035
0.167350,0.302968,2.323218
-0.148535,0.901191,2.323218
0.155679,0.090639,2.303526
-0.081439,0.977013,2.326966
0.145248,0.003795,2.242158
-0.076358,0.371938,2.349137
-0.083571,0.317952,2.315369
-0.167112,0.244101,2.312407
-0.016741,0.230072,2.298856
-0.211402,-0.317176,2.351515
0.001845,-0.314588,2.387147
-0.260308,-0.669769,2.357310
0.006374,-0.658502,2.435151
-0.260581,-0.715664,2.291276
0.022273,-0.712418,2.371260
-0.053570,0.826041,2.246275
-0.048869,0.662297,2.336946
-0.237459,0.678002,2.354077
0.104816,0.571896,2.331142
-0.351684,0.845273,2.261438
0.166824,0.303045,2.325469
-0.153097,0.899855,2.325469
0.156770,0.093759,2.303988
-0.086036,0.975638,2.327415
0.145824,0.003257,2.243690
-0.076297,0.370675,2.348510
-0.083049,0.315944,2.314256
-0.165861,0.242331,2.310749
-0.016223,0.229071,2.298886
-0.211623,-0.317450,2.350581
0.001829,-0.314533,2.387220
-0.260441,-0.670113,2.357666
0.005007,-0.661819,2.438613
-0.260672,-0.715896,2.291097
0.022384,-0.712379,2.371256
-0.053212,0.825663,2.245452
-0.049310,0.662795,2.337277
-0.238629,0.675265,2.352866
0.105068,0.571615,2.332024
-0.351235,0.841419,2.255254
0.165886,0.302998,2.327400
-0.154913,0.898225,2.327400
0.157153,0.090895,2.302945
-0.087885,0.973970,2.326361
0.147212,0.002338,2.247062
-0.076465,0.370383,2.348646
-0.082971,0.315593,2.313934
-0.165608,0.241677,2.309474
-0.015971,0.228650,2.298967
-0.211405,-0.317452,2.350141
0.001771,-0.314522,2.387348
-0.260209,-0.670498,2.357339
0.005003,-0.661622,2.438261
-0.259963,-0.715966,2.290760
0.022489,-0.712372,2.371173
-0.053250,0.827713,2.241822
-0.050629,0.662430,2.336109
-0.240546,0.674132,2.350148
0.104970,0.571380,2.332677
-0.353034,0.838170,2.247986
0.165008,0.302940,2.328964
-0.157129,0.892697,2.328964
0.157884,0.089800,2.298642
-0.090138,0.968400,2.322045
0.148729,0.001618,2.250599
-0.077251,0.369761,2.348043
-0.083314,0.315012,2.313239
-0.166245,0.241007,2.308407
-0.015855,0.227840,2.298885
-0.211000,-0.317899,2.349424
0.001801,-0.314486,2.387417
-0.259976,-0.670472,2.356805
0.005022,-0.659701,2.436533
-0.259332,-0.716537,2.291042
0.022538,-0.712339,2.371177
-0.051585,0.827435,2.239702
-0.054939,0.660236,2.334071
-0.241350,0.671976,2.346313
0.104699,0.571077,2.332806
-0.353170,0.834647,2.240646
0.164319,0.303028,2.330523
-0.156691,0.879326,2.330523
0.158134,0.089169,2.296614
-0.089734,0.954991,2.320006
0.149529,0.001997,2.252444
-0.078143,0.368920,2.347082
-0.083498,0.314304,2.312372
-0.165858,0.240233,2.306784
-0.015715,0.227369,2.298848
-0.211049,-0.314961,2.346987
0.001986,-0.314423,2.387657
-0.259689,-0.669640,2.356589
0.005660,-0.659714,2.435607
-0.259776,-0.716018,2.291111
0.022945,-0.713357,2.373124
-0.050435,0.826122,2.238236
-0.060233,0.659790,2.333395
-0.244613,0.672707,2.342169
0.105151,0.569125,2.333177
-0.357309,0.833909,2.235100
0.163595,0.303029,2.331974
-0.161574,0.871056,2.331974
0.158414,0.088077,2.297016
-0.094535,0.946814,2.320436
0.151386,0.002687,2.256423
-0.079210,0.368761,2.346526
-0.083703,0.314194,2.311826
-0.165947,0.239508,2.305062
-0.015140,0.226676,2.298807
-0.210551,-0.314336,2.346172
0.002161,-0.314358,2.387947
-0.259276,-0.668968,2.356291
0.006282,-0.658775,2.434733
-0.259932,-0.715585,2.291843
0.022555,-0.712550,2.372484
-0.048558,0.824759,2.235960
-0.061557,0.658682,2.331795
-0.238806,0.658571,2.337752
0.104502,0.569121,2.333275
-0.353344,0.820864,2.235849
0.163478,0.303243,2.333611
-0.159611,0.872803,2.333611
0.158272,0.086175,2.293799
-0.092497,0.948647,2.317246
0.152574,0.002555,2.259431
-0.080023,0.364769,2.344330
-0.083669,0.309647,2.309410
-0.164728,0.236446,2.301660
-0.014647,0.224742,2.298943
-0.210447,-0.315878,2.345393
0.002418,-0.314083,2.388091
-0.259437,-0.669247,2.356449
0.006327,-0.657917,2.434136
-0.259883,-0.715994,2.291943
0.023248,-0.712656,2.372217
-0.047964,0.823806,2.233685
-0.060372,0.658876,2.330593
-0.240934,0.650704,2.330281
0.104357,0.568938,2.333168
-0.354946,0.814784,2.231757
0.163088,0.303128,2.334810
-0.160349,0.880154,2.334810
0.158342,0.085799,2.274294
-0.093156,0.956085,2.297768
0.152827,0.002362,2.259986
-0.080081,0.362223,2.342712
-0.083107,0.306345,2.307380
-0.164146,0.232537,2.298203
-0.014011,0.221969,2.298599
-0.210576,-0.316455,2.344276
0.002434,-0.314160,2.388202
-0.259213,-0.670588,2.357209
0.007072,-0.657438,2.433862
-0.260045,-0.716434,2.291105
0.023663,-0.712558,2.372345
-0.047916,0.823758,2.231972
-0.059581,0.659072,2.328166
-0.243254,0.644251,2.325112
0.104159,0.568139,2.332803
-0.359286,0.806526,2.225996
0.162398,0.303314,2.336042
-0.168548,0.877940,2.336042
0.158219,0.084562,2.273886
-0.101285,0.953951,2.297385
0.152991,0.002631,2.260199
-0.080130,0.360526,2.340917
-0.082761,0.304263,2.305563
-0.163938,0.229753,2.295355
-0.013364,0.220093,2.298193
-0.211271,-0.317195,2.343153
0.002398,-0.314246,2.388266
-0.259232,-0.670794,2.356857
0.007935,-0.656772,2.433241
-0.260043,-0.716517,2.291428
0.023889,-0.712534,2.372330
-0.047160,0.823025,2.227545
-0.058938,0.658587,2.326484
-0.246908,0.640633,2.320232
0.104002,0.568156,2.332953
-0.376734,0.788614,2.214592
0.161436,0.303149,2.336797
-0.189885,0.873313,2.336797
0.157937,0.083270,2.256932
-0.133659,0.854809,2.305930
0.152351,0.001163,2.259573
-0.080272,0.359432,2.339622
-0.082499,0.303102,2.304327
-0.164075,0.227790,2.292820
-0.012687,0.218708,2.298031
-0.211410,-0.317900,2.342421
0.002115,-0.314819,2.388391
-0.259163,-0.670740,2.356819
0.008230,-0.656921,2.433220
-0.259732,-0.716488,2.291305
0.024197,-0.712796,2.372976
-0.045781,0.821538,2.224663
-0.058314,0.658041,2.324921
-0.252368,0.634319,2.314057
0.102239,0.567023,2.331458
-0.392502,0.767686,2.200740
0.159607,0.301729,2.337084
-0.211398,0.860256,2.337084
0.157785,0.083002,2.248898
-0.153047,0.851522,2.297898
0.150888,-0.000914,2.258194
-0.080842,0.357696,2.337767
-0.082819,0.301200,2.302336
-0.165185,0.225433,2.290139
-0.012589,0.216777,2.296951
-0.212297,-0.318391,2.341008
0.001847,-0.314783,2.388286
-0.259110,-0.670726,2.356817
0.008791,-0.655931,2.433084
-0.260306,-0.716772,2.291345
0.024202,-0.712345,2.373006
-0.043147,0.821685,2.215044
-0.062091,0.656606,2.322115
-0.257531,0.627535,2.313105
0.100990,0.565735,2.330641
-0.410668,0.732476,2.184480
0.156771,0.297582,2.335990
-0.231986,0.834788,2.335990
0.157374,0.082543,2.223186
-0.173732,0.824714,2.271828
0.150023,-0.002196,2.258274
-0.082216,0.355097,2.335244
-0.083786,0.298456,2.299745
-0.166186,0.221640,2.286497
-0.012310,0.213680,2.295330
-0.212561,-0.318790,2.340424
0.000159,-0.316904,2.388781
-0.258942,-0.670450,2.356325
0.009414,-0.655911,2.432848
-0.259472,-0.716800,2.290570
0.024947,-0.712447,2.373411
-0.042359,0.821570,2.212747
-0.071468,0.657639,2.320627
-0.260679,0.612449,2.307368
0.099335,0.560736,2.327310
-0.421910,0.701952,2.176791
0.154127,0.296418,2.334087
-0.253420,0.818962,2.334087
0.156128,0.080025,2.217997
-0.195276,0.808907,2.266545
0.148170,-0.004742,2.257782
-0.084787,0.351098,2.332977
-0.085343,0.293365,2.296805
-0.167096,0.216431,2.283047
-0.011444,0.208311,2.292908
-0.213184,-0.318656,2.338824
-0.000364,-0.317412,2.388345
-0.258566,-0.669700,2.355972
0.009817,-0.656270,2.432866
-0.259369,-0.716473,2.289607
0.025055,-0.712464,2.373450
-0.045875,0.820223,2.212314
-0.082657,0.656340,2.316653
-0.267657,0.605469,2.304511
0.094633,0.552712,2.320190
-0.443943,0.646111,2.168268
0.149843,0.295038,2.331936
-0.267451,0.796009,2.331936
0.150933,0.076612,2.208156
-0.216452,0.852478,2.214276
0.145726,-0.007491,2.255777
-0.088842,0.346222,2.329715
-0.088521,0.288063,2.293586
-0.170053,0.210448,2.280180
-0.011885,0.202258,2.289754
-0.214336,-0.319361,2.336941
-0.001322,-0.319725,2.387894
-0.258445,-0.669564,2.355863
0.009780,-0.656236,2.432803
-0.258660,-0.716063,2.287877
0.025501,-0.712482,2.373140
-0.047399,0.816324,2.206322
-0.083142,0.655594,2.315398
-0.267447,0.598145,2.301216
0.091764,0.548497,2.316347
-0.447977,0.595061,2.164647
0.144870,0.289828,2.327498
-0.284733,0.744514,2.327498
0.148197,0.075448,2.157088
-0.262649,0.779272,2.154112
0.143550,-0.008393,2.254041
-0.091846,0.338993,2.326643
-0.091897,0.279214,2.289835
-0.172916,0.203135,2.278081
-0.015019,0.194839,2.285623
-0.216383,-0.320449,2.333656
-0.002465,-0.320565,2.386612
-0.258454,-0.669447,2.355738
0.009782,-0.655260,2.432134
-0.259191,-0.716368,2.287570
0.025629,-0.712423,2.373071
-0.048891,0.813473,2.202025
-0.085614,0.654349,2.310847
-0.265896,0.585924,2.295533
0.089961,0.546275,2.313983
-0.445243,0.510562,2.186032
0.140100,0.286302,2.324456
-0.322159,0.671578,2.324456
0.143091,0.074558,2.111278
-0.281463,0.736080,2.106413
0.138526,-0.010713,2.250078
-0.095513,0.332793,2.322717
-0.095207,0.272048,2.285894
-0.175336,0.197546,2.275170
-0.018529,0.188374,2.282134
-0.217662,-0.321730,2.331302
-0.003945,-0.322508,2.384724
-0.258302,-0.669640,2.355842
0.009440,-0.661183,2.435863
-0.258971,-0.716259,2.287181
0.022716,-0.713378,2.376800
-0.052339,0.811477,2.195637
-0.086810,0.653003,2.306288
-0.266920,0.578419,2.292844
0.085772,0.544607,2.309091
-0.440056,0.465001,2.194847
0.138280,0.285473,2.322623
-0.335289,0.607465,2.322623
0.139174,0.075730,2.065196
-0.299928,0.664184,2.053540
0.134992,-0.009570,2.248274
-0.097265,0.328863,2.319941
-0.097303,0.267473,2.283384
-0.177172,0.193515,2.273631
-0.021083,0.184473,2.279601
-0.219209,-0.323520,2.328070
-0.007126,-0.324401,2.382823
-0.257512,-0.669639,2.355028
0.009018,-0.660683,2.434657
-0.259199,-0.716383,2.287176
0.023722,-0.713896,2.370632
-0.059330,0.808517,2.189506
-0.091655,0.652063,2.298050
-0.268169,0.572428,2.289235
0.080642,0.543220,2.301902
-0.434008,0.413036,2.208317
0.133873,0.287241,2.319106
-0.358666,0.523289,2.319106
0.135370,0.077530,2.030830
-0.313500,0.597983,1.975794
0.127529,-0.008081,2.241198
-0.099254,0.325238,2.315449
-0.099297,0.262960,2.279839
-0.178074,0.189783,2.271981
-0.023387,0.180790,2.275548
-0.221195,-0.323970,2.324690
-0.008308,-0.325448,2.380813
-0.256790,-0.670771,2.355074
0.008539,-0.660653,2.434195
-0.258686,-0.717062,2.288009
0.023938,-0.714011,2.371246
-0.067092,0.806697,2.183418
-0.098861,0.650390,2.288462
-0.271092,0.563498,2.280124
0.074333,0.542897,2.294811
-0.426916,0.383445,2.230258
0.129956,0.288690,2.315651
-0.365207,0.439144,2.315651
0.129172,0.077602,1.993523
-0.333955,0.494769,1.951993
0.121766,-0.008147,2.234494
-0.102573,0.321749,2.309692
-0.101826,0.258680,2.275800
-0.179517,0.186053,2.269145
-0.025459,0.177835,2.272377
-0.221900,-0.324306,2.322423
-0.010029,-0.328093,2.378957
-0.255760,-0.670319,2.354117
0.008702,-0.661503,2.433943
-0.258314,-0.716933,2.288344
0.025720,-0.714557,2.366054
-0.073969,0.804212,2.174260
-0.107383,0.648989,2.275663
-0.276477,0.559726,2.272134
0.070060,0.543201,2.289723
-0.404798,0.371660,2.261302
0.124483,0.289548,2.309131
-0.359726,0.359125,2.309131
0.124193,0.080659,1.965511
-0.328526,0.414658,1.924050
0.117659,-0.003921,2.224957
-0.106180,0.320215,2.301736
-0.104348,0.256430,2.270688
-0.181574,0.182999,2.263290
-0.026942,0.176005,2.269643
-0.222816,-0.324670,2.320835
-0.011319,-0.329309,2.377934
-0.255529,-0.670053,2.353721
0.005809,-0.665260,2.435733
-0.258281,-0.716840,2.288265
0.024864,-0.715528,2.363388
-0.081705,0.801414,2.166751
-0.119601,0.649351,2.266321
-0.286694,0.558495,2.264119
0.061083,0.545730,2.282892
-0.401680,0.372445,2.260450
0.117773,0.293319,2.299605
-0.371869,0.250620,2.299605
0.121777,0.082001,1.989795
-0.340723,0.306057,1.948406
0.113870,-0.000790,2.216337
-0.112121,0.320399,2.293127
-0.109000,0.256177,2.264656
-0.185073,0.181818,2.256648
-0.029995,0.175646,2.265895
-0.224504,-0.324919,2.318891
-0.012778,-0.330760,2.376205
-0.254782,-0.669898,2.353611
0.005464,-0.666347,2.434299
-0.258472,-0.716941,2.288399
0.024723,-0.715695,2.363494
-0.091626,0.798607,2.159096
-0.126516,0.648023,2.259644
-0.292914,0.557038,2.256066
0.052588,0.546481,2.276301
-0.395500,0.359816,2.256269
0.111373,0.295014,2.294224
-0.384946,0.230519,2.294224
0.119068,0.085182,2.075886
-0.370021,0.161766,2.000926
0.112789,0.002135,2.210096
-0.117177,0.319914,2.285819
-0.113447,0.255610,2.259468
-0.188563,0.180905,2.250492
-0.033827,0.175406,2.262616
-0.225271,-0.324927,2.317683
-0.013847,-0.330866,2.374413
-0.254287,-0.669758,2.353266
0.005598,-0.665620,2.432925
-0.258598,-0.717058,2.288595
0.023833,-0.715727,2.365075
-0.098958,0.797717,2.153765
-0.131932,0.647863,2.254653
-0.301366,0.553742,2.245065
0.045577,0.546354,2.270716
-0.392418,0.341486,2.254228
0.106606,0.295068,2.289300
-0.383922,0.158060,2.289300
0.116870,0.088769,2.092022
-0.374370,0.085322,2.035689
0.108562,0.007671,2.201205
-0.123214,0.319158,2.278762
-0.119102,0.254699,2.253891
-0.193996,0.179452,2.243932
-0.039333,0.174686,2.258126
-0.226518,-0.324793,2.315865
-0.015442,-0.330773,2.372018
-0.254174,-0.669777,2.353255
0.005881,-0.665918,2.431638
-0.262268,-0.717919,2.293756
0.022865,-0.715801,2.363785
-0.110116,0.795804,2.146747
-0.139080,0.648406,2.248664
-0.308708,0.550187,2.236941
0.036486,0.546704,2.264493
-0.393655,0.319084,2.249813
0.100536,0.295227,2.283538
-0.389786,0.124452,2.283538
0.114820,0.090990,2.138967
-0.379675,0.037273,2.085292
0.107850,0.012144,2.193032
-0.128320,0.318177,2.272407
-0.123799,0.253288,2.249219
-0.197873,0.177582,2.239764
-0.043912,0.174093,2.253626
-0.228615,-0.325746,2.313918
-0.016898,-0.329677,2.367760
-0.254099,-0.669980,2.353386
0.006315,-0.662044,2.424957
-0.262270,-0.718240,2.294073
0.023647,-0.715503,2.366523
-0.117755,0.792526,2.139144
-0.147719,0.646983,2.238797
-0.316946,0.548171,2.228452
0.029461,0.547569,2.258667
-0.396829,0.305475,2.246371
0.096383,0.295746,2.278293
-0.390603,0.085391,2.278293
0.112370,0.092813,2.165391
-0.381153,0.009238,2.135284
0.103120,0.016536,2.180349
-0.134799,0.317074,2.263996
-0.129771,0.251904,2.243135
-0.203173,0.175548,2.234195
-0.049547,0.173055,2.248343
-0.229757,-0.326020,2.312477
-0.017699,-0.330438,2.363964
-0.253263,-0.669203,2.352474
0.005277,-0.663883,2.423797
-0.262462,-0.718307,2.294439
0.024020,-0.717444,2.371121
-0.124343,0.790045,2.131859
-0.156552,0.646401,2.229159
-0.326991,0.545840,2.219136
0.024567,0.547898,2.255041
-0.399771,0.297409,2.244127
0.092541,0.295743,2.272475
-0.396418,0.073874,2.272475
0.107997,0.093062,2.192403
-0.389100,-0.006440,2.174429
0.099108,0.018262,2.172269
-0.140756,0.316989,2.256056
-0.134984,0.251575,2.237899
-0.208206,0.174130,2.228897
-0.053589,0.172524,2.244637
-0.231848,-0.325535,2.308774
-0.018819,-0.331737,2.357242
-0.252705,-0.668877,2.352316
0.004027,-0.664489,2.422020
-0.262787,-0.718253,2.294564
0.024065,-0.717486,2.371751
-0.134039,0.786155,2.125026
-0.161179,0.645060,2.222697
-0.335099,0.542281,2.211270
0.015190,0.546368,2.247621
-0.404428,0.290679,2.240561
0.087099,0.296914,2.268754
-0.402867,0.063596,2.268754
0.104090,0.094036,2.210648
-0.401381,-0.020789,2.211308
0.097356,0.019375,2.169305
-0.146798,0.314905,2.248136
-0.141451,0.249247,2.231978
-0.214772,0.171268,2.223790
-0.060479,0.170283,2.238437
-0.233607,-0.325714,2.305487
-0.019726,-0.331911,2.346453
-0.252801,-0.668870,2.351861
0.003346,-0.665114,2.419867
-0.263051,-0.718506,2.294412
0.024577,-0.717737,2.372721
-0.141674,0.783941,2.119488
-0.167057,0.643362,2.214247
-0.340650,0.539600,2.203281
0.008616,0.545251,2.241598
-0.407015,0.287343,2.239419
0.084795,0.296655,2.265748
-0.408926,0.062315,2.265748
0.100134,0.090725,2.223057
-0.406007,-0.019277,2.221390
0.095111,0.019511,2.162640
-0.151644,0.313109,2.240253
-0.146184,0.247255,2.226542
-0.219248,0.168759,2.218591
-0.064927,0.168992,2.233941
-0.235175,-0.325041,2.300720
-0.017903,-0.331740,2.330392
-0.252293,-0.669013,2.351883
0.002403,-0.666182,2.415118
-0.261822,-0.718562,2.293689
0.024720,-0.719884,2.369985
-0.146747,0.782173,2.114740
-0.173267,0.642528,2.206915
-0.345467,0.538311,2.196252
0.006256,0.545356,2.239076
-0.411334,0.284849,2.236974
0.080894,0.296329,2.263447
-0.412794,0.060992,2.263447
0.095917,0.086965,2.228673
-0.409432,-0.021104,2.229946
0.093564,0.016373,2.154810
-0.156388,0.312460,2.232068
-0.150632,0.246577,2.220457
-0.223892,0.167063,2.212403
-0.068519,0.168504,2.228493
-0.236892,-0.324645,2.296507
-0.013783,-0.325249,2.305317
-0.251656,-0.668548,2.351365
0.000674,-0.665227,2.409093
-0.262097,-0.718691,2.293592
0.025300,-0.721371,2.368491
-0.152020,0.780084,2.108265
-0.181446,0.640984,2.197461
-0.351353,0.536313,2.187646
0.000140,0.543123,2.232235
-0.416414,0.282477,2.233271
0.076655,0.295632,2.259603
-0.417670,0.060268,2.259603
0.092585,0.083532,2.229083
-0.411663,-0.021543,2.233398
0.090798,0.013312,2.149132
-0.162533,0.311212,2.222708
-0.156528,0.245293,2.213110
-0.229371,0.165499,2.205659
-0.073884,0.167366,2.221472
-0.238137,-0.324524,2.291625
-0.014189,-0.322969,2.285209
-0.251458,-0.668341,2.350886
-0.002806,-0.662763,2.399041
-0.261232,-0.718489,2.293177
0.024548,-0.719144,2.359114
