0.035058,0.786233,2.729013
0.037546,0.610526,2.786068
-0.122416,0.504443,2.786937
0.197080,0.487240,2.773011
-0.179424,0.247970,2.757583
0.252361,0.233231,2.764969
-0.211981,0.038500,2.764969
0.265160,0.008541,2.655765
-0.208845,-0.026990,2.644617
0.262272,-0.092921,2.678348
0.052270,0.244439,2.788586
0.053353,0.178819,2.738322
-0.019212,0.104076,2.731217
0.131345,0.110956,2.724667
0.025384,-0.367066,2.703905
0.130480,-0.345386,2.681145
0.014178,-0.700021,2.704518
0.151734,-0.698940,2.820662
-0.000969,-0.774972,2.675632
0.211103,-0.766136,2.805060
0.029348,0.792016,2.715052
0.031473,0.616467,2.761535
-0.126075,0.508280,2.775930
0.193653,0.489988,2.756631
-0.183860,0.256410,2.737697
0.252009,0.234743,2.756649
-0.212965,0.045947,2.756649
0.260567,0.011495,2.637282
-0.211781,-0.032770,2.619646
0.257152,-0.090735,2.666370
0.047898,0.249224,2.770517
0.048327,0.182494,2.720993
-0.024500,0.107884,2.715430
0.126868,0.113596,2.708393
0.018101,-0.363966,2.695342
0.122213,-0.350868,2.668160
0.020432,-0.703438,2.706177
0.133704,-0.710321,2.743875
0.000927,-0.773497,2.672587
0.142517,-0.787344,2.728272
0.029421,0.793579,2.698569
0.030301,0.617122,2.748713
-0.128219,0.511308,2.758954
0.191922,0.493904,2.747199
-0.184613,0.252209,2.714820
0.252401,0.239563,2.746732
-0.215929,0.041208,2.746732
0.259616,0.017888,2.616663
-0.213943,-0.031548,2.607102
0.262623,-0.054290,2.645908
0.045970,0.250203,2.757872
0.047481,0.183688,2.707883
-0.025175,0.110278,2.698724
0.125948,0.114181,2.698581
0.010756,-0.374015,2.691426
0.119067,-0.365493,2.648477
0.024239,-0.724096,2.705693
0.137206,-0.716927,2.689095
-0.004031,-0.784594,2.663857
0.190810,-0.773253,2.676314
0.029166,0.792341,2.682510
0.033252,0.617699,2.729027
-0.131353,0.505946,2.737158
0.192445,0.493647,2.731780
-0.185869,0.250939,2.698888
0.251741,0.242720,2.736286
-0.219934,0.041587,2.736286
0.259545,0.020890,2.597991
-0.215092,-0.027077,2.597214
0.263211,-0.053980,2.645114
0.046710,0.251175,2.743587
0.048768,0.184047,2.694233
-0.024507,0.109280,2.689430
0.127446,0.114630,2.681948
0.007943,-0.377420,2.688920
0.120487,-0.376282,2.631648
0.024795,-0.724510,2.703438
0.150389,-0.724499,2.625088
-0.002938,-0.792018,2.673535
0.182013,-0.782713,2.582291
0.030088,0.791728,2.670079
0.031974,0.616931,2.715885
-0.131321,0.506572,2.723426
0.191145,0.494433,2.715776
-0.187206,0.254901,2.687947
0.247920,0.239396,2.710762
-0.220309,0.044950,2.710762
0.264640,0.014746,2.588378
-0.217651,-0.026570,2.580504
0.256524,-0.046476,2.626742
0.046191,0.250329,2.729136
0.047984,0.183463,2.679191
-0.025042,0.109393,2.669498
0.126568,0.113801,2.671479
0.006884,-0.378439,2.685162
0.128609,-0.385518,2.612342
0.023716,-0.723595,2.701889
0.165020,-0.717424,2.574333
-0.002550,-0.792622,2.674872
0.193462,-0.773482,2.509604
0.028587,0.795690,2.657432
0.031444,0.616888,2.706518
-0.128884,0.506836,2.707552
0.190283,0.497701,2.699702
-0.185304,0.258690,2.663412
0.249327,0.238414,2.695572
-0.227478,0.050906,2.695572
0.270698,0.013618,2.562779
-0.222401,-0.029621,2.569086
0.268039,-0.084254,2.605571
0.045437,0.249711,2.716996
0.047060,0.183240,2.666099
-0.025505,0.110253,2.657817
0.124824,0.113658,2.656539
0.005540,-0.382874,2.679783
0.129663,-0.391876,2.595251
0.021267,-0.722058,2.701769
0.168121,-0.711649,2.514167
-0.002304,-0.791503,2.674350
0.182609,-0.765688,2.459396
0.027151,0.792860,2.641147
0.033333,0.615670,2.685769
-0.129014,0.502696,2.694497
0.190888,0.496045,2.686525
-0.188019,0.264309,2.638793
0.252835,0.234848,2.681370
-0.230746,0.051735,2.681370
0.274420,0.011690,2.551266
-0.235927,-0.021537,2.545855
0.268802,-0.089449,2.594508
0.045119,0.248140,2.701019
0.046267,0.180940,2.650787
-0.026676,0.108149,2.642052
0.123640,0.110895,2.643228
0.006965,-0.390234,2.670018
0.130207,-0.393702,2.584378
0.025576,-0.721875,2.687164
0.166564,-0.706023,2.499065
-0.004485,-0.792645,2.672992
0.181325,-0.763829,2.411715
0.026895,0.789820,2.629349
0.033729,0.614281,2.674984
-0.128992,0.496529,2.680202
0.191982,0.496068,2.669791
-0.187477,0.264201,2.608315
0.256746,0.235145,2.669216
-0.242468,0.052428,2.669216
0.280232,0.012507,2.527240
-0.246713,-0.024532,2.532670
0.271303,-0.089767,2.587882
0.047012,0.245618,2.687691
0.047889,0.178590,2.636724
-0.025237,0.105570,2.629892
0.125841,0.108225,2.626138
0.005852,-0.391884,2.665404
0.134580,-0.394860,2.562408
0.024555,-0.722717,2.688435
0.167414,-0.697001,2.470754
-0.004624,-0.793185,2.671866
0.175579,-0.766646,2.391802
0.027740,0.787993,2.615014
0.039119,0.614129,2.658767
-0.126696,0.497461,2.666610
0.194069,0.494908,2.650528
-0.188323,0.268899,2.592232
0.261668,0.234602,2.655734
-0.259594,0.067388,2.655734
0.285723,0.012149,2.496890
-0.277707,-0.007647,2.498142
0.277550,-0.090947,2.579505
0.052694,0.244848,2.671804
0.052616,0.177668,2.620668
-0.020532,0.104578,2.614667
0.130180,0.107619,2.609834
0.004689,-0.389851,2.655015
0.135624,-0.391880,2.549700
0.023228,-0.720836,2.688093
0.164810,-0.698255,2.465203
-0.005190,-0.793304,2.684564
0.173763,-0.767096,2.390244
0.027438,0.785144,2.607823
0.041263,0.612404,2.649963
-0.123711,0.493105,2.649379
0.196086,0.490019,2.634519
-0.192379,0.277128,2.565751
0.269269,0.223940,2.624348
-0.271859,0.082953,2.624348
0.288774,-0.002075,2.461114
-0.298601,0.010713,2.453986
0.280721,-0.106017,2.572371
0.054795,0.241451,2.657408
0.054900,0.174846,2.604784
-0.018216,0.101644,2.596362
0.132396,0.105151,2.593740
0.006306,-0.388652,2.641803
0.135890,-0.390869,2.534324
0.022936,-0.722042,2.686959
0.161004,-0.700654,2.457532
-0.005832,-0.794280,2.687086
0.172324,-0.767378,2.390481
0.029803,0.780255,2.593274
0.044878,0.610233,2.636173
-0.121367,0.492293,2.640249
0.200755,0.488406,2.621090
-0.192839,0.287395,2.541851
0.271421,0.222722,2.613111
-0.277488,0.093738,2.613111
0.295243,-0.002152,2.441266
-0.311914,0.025121,2.430334
0.289629,-0.106593,2.558136
0.059695,0.241287,2.643921
0.059309,0.175096,2.591287
-0.013973,0.101509,2.584401
0.137372,0.105125,2.578529
0.007403,-0.388786,2.631862
0.134468,-0.388071,2.524143
0.023064,-0.723453,2.687056
0.158128,-0.702396,2.453629
-0.006707,-0.795076,2.685176
0.172815,-0.771680,2.388381
0.033183,0.777358,2.574830
0.051618,0.609283,2.619780
-0.115064,0.491057,2.627208
0.206796,0.487200,2.602501
-0.199315,0.295499,2.518021
0.277774,0.221738,2.599357
-0.293640,0.124256,2.599357
0.301824,-0.000977,2.386410
-0.324715,0.054807,2.370964
0.301331,-0.105813,2.534873
0.065981,0.240088,2.627192
0.064512,0.173924,2.574361
-0.008767,0.101032,2.567365
0.141969,0.103743,2.562077
0.008559,-0.384565,2.615396
0.133309,-0.385889,2.514786
0.022247,-0.724995,2.686010
0.155619,-0.702182,2.451059
-0.008699,-0.795919,2.689543
0.172042,-0.775046,2.383097
0.036731,0.776915,2.563791
0.057213,0.609458,2.607337
-0.111147,0.489168,2.614239
0.207842,0.486372,2.583022
-0.202647,0.298638,2.501663
0.283130,0.224800,2.586707
-0.298976,0.146488,2.586707
0.303101,0.001566,2.347987
-0.330187,0.080496,2.321357
0.305866,-0.102860,2.518552
0.070612,0.238866,2.611762
0.067687,0.172870,2.558201
-0.005522,0.100552,2.552349
0.144108,0.103305,2.543598
0.013454,-0.377692,2.594270
0.132161,-0.385351,2.507083
0.022359,-0.726008,2.683086
0.154926,-0.702435,2.450261
-0.010016,-0.791760,2.708055
0.172482,-0.776415,2.380258
0.042034,0.780325,2.554390
0.062404,0.612638,2.592654
-0.104291,0.493823,2.604201
0.209205,0.486025,2.564766
-0.202908,0.310095,2.485508
0.290190,0.223835,2.560279
-0.295661,0.182202,2.560279
0.308884,-0.000830,2.307634
-0.321010,0.137536,2.285281
0.309083,-0.105905,2.507481
0.075535,0.237799,2.594681
0.071105,0.171194,2.540610
-0.001065,0.100184,2.535863
0.145760,0.102917,2.525065
0.016769,-0.377763,2.583211
0.135021,-0.385358,2.497658
0.021978,-0.726095,2.681971
0.154857,-0.702671,2.448699
0.011925,-0.765158,2.600351
0.172170,-0.776826,2.380161
0.045773,0.782100,2.543796
0.070819,0.616106,2.579086
-0.098652,0.495532,2.591767
0.217734,0.489257,2.552506
-0.199530,0.316001,2.467963
0.296220,0.224619,2.544536
-0.292058,0.215106,2.544536
0.319648,0.001543,2.272436
-0.317728,0.187535,2.245566
0.316242,-0.102984,2.478984
0.083171,0.240964,2.580795
0.078605,0.174412,2.526640
0.005881,0.102261,2.522222
0.153829,0.105724,2.509951
0.028131,-0.373794,2.557316
0.138753,-0.382194,2.488679
0.018812,-0.722808,2.676467
0.155049,-0.701493,2.447503
-0.008798,-0.790536,2.651687
0.169282,-0.778660,2.388984
0.049076,0.784864,2.532251
0.077382,0.618647,2.570232
-0.094022,0.492624,2.580486
0.223352,0.488594,2.533654
-0.205089,0.327286,2.444016
0.303977,0.222169,2.526117
-0.284455,0.248767,2.526117
0.324504,-0.000048,2.232276
-0.300628,0.234615,2.209092
0.321984,-0.104376,2.455407
0.088371,0.240587,2.568875
0.082174,0.173882,2.513993
0.008528,0.101225,2.510292
0.157344,0.105535,2.495149
0.031840,-0.373219,2.543150
0.140503,-0.379906,2.481588
0.014012,-0.716847,2.662453
0.155200,-0.701632,2.446640
-0.008339,-0.790002,2.653318
0.169652,-0.781910,2.396161
0.051602,0.786995,2.524120
0.084656,0.621997,2.556496
-0.089317,0.493558,2.572075
0.225638,0.489067,2.517231
-0.202938,0.328399,2.438466
0.311788,0.222363,2.507979
-0.267731,0.287336,2.507979
0.327739,0.000047,2.211014
-0.285726,0.281178,2.175430
0.324373,-0.104497,2.440915
0.093567,0.241189,2.556854
0.085513,0.173746,2.502486
0.011677,0.101403,2.501260
0.159654,0.105782,2.482284
0.032109,-0.373443,2.525665
0.140996,-0.377556,2.474813
0.010883,-0.714409,2.654704
0.155419,-0.701897,2.445982
-0.007351,-0.787352,2.638716
0.169722,-0.782183,2.396076
0.052950,0.791472,2.508122
0.089125,0.623256,2.544774
-0.085966,0.493124,2.562688
0.229492,0.490688,2.504838
-0.203508,0.334489,2.424080
0.318806,0.222645,2.488489
-0.252372,0.316741,2.488489
0.328518,0.000052,2.189567
-0.263336,0.325679,2.153524
0.326392,-0.104229,2.419995
0.097914,0.241701,2.546020
0.089185,0.173951,2.491899
0.014987,0.101424,2.492975
0.163410,0.105229,2.469542
0.027744,-0.369366,2.499298
0.142036,-0.378661,2.466452
0.007543,-0.712324,2.640339
0.154376,-0.704251,2.442991
-0.009886,-0.783691,2.618329
0.170365,-0.782647,2.398281
0.056263,0.789664,2.497128
0.092654,0.623408,2.529622
-0.083292,0.494225,2.555265
0.234173,0.492450,2.488772
-0.201904,0.334736,2.419536
0.325697,0.219884,2.469146
-0.232522,0.351277,2.469146
0.333626,-0.001168,2.181923
-0.244795,0.357181,2.129269
0.327902,-0.105580,2.399040
0.103352,0.242825,2.534605
0.093461,0.174638,2.481251
0.018956,0.101564,2.484726
0.168176,0.105194,2.457556
0.027466,-0.367342,2.479740
0.140494,-0.381082,2.460816
0.004002,-0.710360,2.618727
0.154447,-0.705052,2.442402
0.051085,-0.764891,2.543612
0.170909,-0.782903,2.397667
0.057582,0.791280,2.489746
0.103521,0.626645,2.513788
-0.077621,0.498941,2.545549
0.236141,0.491441,2.475685
-0.206455,0.338540,2.424330
0.330232,0.221702,2.455702
-0.203769,0.423410,2.455702
0.332790,0.000834,2.200850
-0.215782,0.404796,2.121272
0.334374,-0.102278,2.374168
0.108419,0.244093,2.524243
0.097028,0.174988,2.471801
0.022385,0.102273,2.476899
0.170178,0.105621,2.448607
0.028960,-0.361844,2.460952
0.140218,-0.382356,2.454907
0.008138,-0.705145,2.582783
0.154325,-0.705649,2.441642
0.057450,-0.774550,2.522771
0.168076,-0.779967,2.402201
0.060797,0.792601,2.483606
0.104832,0.626718,2.505070
-0.073753,0.502308,2.536968
0.234534,0.494598,2.461399
-0.210491,0.345664,2.421332
0.334125,0.220668,2.443260
-0.190513,0.424180,2.443260
0.336367,0.000571,2.196594
-0.195267,0.436810,2.120662
0.335760,-0.090678,2.351923
0.112320,0.244053,2.513598
0.100080,0.175041,2.461186
0.026757,0.103412,2.467065
0.172152,0.106386,2.437366
0.034420,-0.362904,2.449224
0.142336,-0.382342,2.449401
0.017338,-0.705338,2.552596
0.152171,-0.706890,2.442736
0.040267,-0.781764,2.526166
0.160888,-0.778877,2.410906
0.063857,0.793454,2.476119
0.105832,0.627163,2.497273
-0.072412,0.501973,2.527327
0.240056,0.493619,2.451704
-0.223445,0.370345,2.396375
0.335473,0.223779,2.422577
-0.194447,0.458450,2.422577
0.341761,0.006610,2.159130
-0.181476,0.457080,2.115576
0.337625,-0.085088,2.326204
0.113689,0.245130,2.505683
0.101625,0.176257,2.453149
0.027419,0.103640,2.459153
0.174718,0.106877,2.428815
0.043878,-0.366241,2.435892
0.143251,-0.384186,2.445776
0.026906,-0.716934,2.516539
0.150305,-0.707877,2.442673
0.030116,-0.779585,2.472317
0.161632,-0.778774,2.410485
0.065143,0.794757,2.471349
0.106230,0.627361,2.493544
-0.073778,0.499772,2.515228
0.235872,0.495661,2.438150
-0.242821,0.414262,2.365972
0.336629,0.226471,2.408440
-0.187233,0.493060,2.408440
0.343789,0.010777,2.148384
-0.168465,0.477005,2.118332
0.340318,-0.082665,2.314975
0.114827,0.244461,2.498544
0.102423,0.175857,2.445301
0.028158,0.102925,2.453100
0.175617,0.107139,2.417408
0.047327,-0.368251,2.430139
0.141016,-0.386087,2.441789
0.034908,-0.722633,2.492388
0.141725,-0.708014,2.445983
0.025615,-0.793692,2.465440
0.164676,-0.782803,2.423577
0.066292,0.795667,2.467232
0.109488,0.627861,2.485176
-0.075189,0.498274,2.505883
0.239578,0.494891,2.431710
-0.234139,0.451642,2.326324
0.336447,0.229529,2.396204
-0.165783,0.510282,2.396204
0.344623,0.012857,2.106086
-0.144844,0.510799,2.113029
0.342944,-0.078928,2.289404
0.115020,0.246509,2.489833
0.102666,0.178473,2.436303
0.026567,0.104019,2.444206
0.176623,0.108569,2.408054
0.049424,-0.367849,2.424753
0.141009,-0.386511,2.439149
0.046956,-0.718899,2.462869
0.141953,-0.710233,2.445683
0.023378,-0.782134,2.426984
0.167096,-0.783428,2.419428
0.068075,0.796343,2.461651
0.111477,0.628334,2.478173
-0.077641,0.499715,2.498010
0.240958,0.492489,2.424160
-0.241309,0.454293,2.323533
0.337703,0.231523,2.387925
-0.150817,0.543914,2.387925
0.345983,0.020042,2.124263
-0.136584,0.518521,2.114490
0.342815,-0.076466,2.273723
0.115135,0.247528,2.482790
0.102690,0.179689,2.429195
0.025659,0.104025,2.437953
0.176962,0.109087,2.399633
0.049852,-0.369231,2.421854
0.141041,-0.385828,2.437528
0.047626,-0.719356,2.456288
0.141471,-0.712365,2.446237
0.021588,-0.778549,2.407959
0.172336,-0.783709,2.406425
0.070635,0.797704,2.458573
0.115752,0.629141,2.471777
-0.077696,0.502137,2.491810
0.240428,0.495797,2.420218
-0.246309,0.460848,2.322139
0.337544,0.232839,2.377988
-0.141887,0.555123,2.377988
0.346152,0.021833,2.133069
-0.124961,0.528981,2.118054
0.341782,-0.075031,2.262610
0.115876,0.249248,2.475550
0.103082,0.181936,2.421570
0.025669,0.106119,2.430237
0.176372,0.111671,2.391560
0.050833,-0.369942,2.418753
0.140684,-0.386300,2.435837
0.043306,-0.730792,2.444623
0.138446,-0.716166,2.441446
0.018977,-0.787020,2.399258
0.173088,-0.784233,2.405520
0.072637,0.798471,2.456258
0.116286,0.629957,2.468587
-0.077296,0.504940,2.484231
0.239367,0.497911,2.413809
-0.251743,0.471356,2.320040
0.337221,0.232961,2.368651
-0.131034,0.565314,2.368651
0.343524,0.021793,2.141911
-0.112776,0.537217,2.122500
0.338579,-0.074953,2.250490
0.113649,0.249734,2.469518
0.100262,0.182878,2.414878
0.022529,0.107767,2.423845
0.172248,0.112307,2.383257
0.052108,-0.369519,2.415049
0.140548,-0.385875,2.434502
0.045748,-0.731636,2.438761
0.137738,-0.717025,2.439538
0.023424,-0.790321,2.395772
0.173607,-0.784639,2.405702
0.075233,0.799642,2.453767
0.116635,0.629740,2.462036
-0.078579,0.505425,2.481214
0.238113,0.496555,2.406799
-0.255110,0.476096,2.319145
0.336210,0.233791,2.360914
-0.110076,0.560310,2.360914
0.341251,0.023178,2.156458
-0.100777,0.544001,2.128226
0.332244,-0.075111,2.234317
0.112998,0.249750,2.462231
0.098842,0.183070,2.407760
0.020449,0.108308,2.416267
0.171049,0.111811,2.376695
0.052866,-0.369671,2.413288
0.139903,-0.386686,2.433275
0.045298,-0.732449,2.435513
0.137321,-0.717152,2.438902
0.024205,-0.791398,2.392502
0.173537,-0.784742,2.403843
0.077889,0.800281,2.450360
0.114538,0.630719,2.456247
-0.081074,0.506274,2.477926
0.237089,0.497352,2.401088
-0.257626,0.494127,2.313650
0.333967,0.234387,2.352957
-0.100473,0.558090,2.352957
0.335637,0.021722,2.153546
-0.090356,0.545785,2.134321
0.328218,-0.073527,2.225582
0.109505,0.252006,2.455138
0.094743,0.185895,2.400547
0.015994,0.110899,2.410260
0.166783,0.113317,2.367719
0.052959,-0.369878,2.411979
0.139370,-0.386121,2.432182
0.044186,-0.733318,2.434132
0.136611,-0.717917,2.438808
0.024814,-0.792999,2.391569
0.173984,-0.785085,2.403171
0.080167,0.798082,2.446684
0.113728,0.631030,2.450921
-0.082357,0.507196,2.476138
0.236257,0.498264,2.395962
-0.259941,0.497780,2.313354
0.331915,0.235183,2.345489
-0.097870,0.558659,2.345489
0.334600,0.021688,2.157707
-0.081334,0.545908,2.145262
0.326075,-0.074602,2.222298
0.108691,0.252939,2.449556
0.093408,0.187001,2.395053
0.014424,0.111940,2.405092
0.165527,0.113933,2.361767
0.053334,-0.370260,2.411201
0.139052,-0.385224,2.431166
0.045750,-0.733107,2.432500
0.135797,-0.718687,2.437751
0.026307,-0.793964,2.391906
0.174016,-0.785224,2.402614
0.080642,0.798510,2.444303
0.110811,0.631860,2.444947
-0.083679,0.507437,2.473989
0.237457,0.494310,2.387548
-0.262006,0.498435,2.312538
0.328347,0.232354,2.336550
-0.088262,0.552743,2.336550
0.331077,0.020865,2.168897
-0.071228,0.544904,2.154802
0.319929,-0.077493,2.215970
0.107542,0.253918,2.443875
0.091779,0.187900,2.389603
0.012295,0.112435,2.399969
0.164745,0.113817,2.355752
0.053376,-0.370320,2.411080
0.138816,-0.384980,2.430366
0.046281,-0.733025,2.432018
0.135606,-0.718928,2.437883
0.029426,-0.796230,2.394199
0.174147,-0.785400,2.402454
0.080857,0.798486,2.442432
0.112307,0.632160,2.441262
-0.085770,0.505853,2.470683
0.238048,0.489031,2.377380
-0.265871,0.501173,2.311820
0.323076,0.229253,2.327856
-0.078739,0.536420,2.327856
0.322109,0.008870,2.181291
-0.068012,0.542109,2.161018
0.316359,-0.081125,2.214657
0.107268,0.253083,2.439350
0.090168,0.186987,2.384967
0.009194,0.111499,2.394651
0.163094,0.111745,2.350774
0.052999,-0.371172,2.411387
0.137280,-0.384617,2.428704
0.046637,-0.732455,2.432010
0.135340,-0.719099,2.437890
0.037183,-0.798635,2.397092
0.174150,-0.785658,2.402704
0.080055,0.798138,2.439480
0.110969,0.632197,2.435382
-0.088355,0.505187,2.469136
0.236803,0.488212,2.373936
-0.270643,0.503729,2.313685
0.320679,0.229940,2.323562
-0.074443,0.533407,2.323562
0.316278,0.013430,2.182390
-0.063829,0.536415,2.165473
0.312391,-0.084719,2.212320
0.105501,0.253567,2.434444
0.088134,0.187438,2.380390
0.006776,0.111813,2.391003
0.161415,0.111376,2.345782
0.052126,-0.371367,2.412240
0.136903,-0.384804,2.428407
0.048718,-0.731506,2.431694
0.134583,-0.720050,2.438361
0.037189,-0.797769,2.397843
0.172896,-0.785941,2.401726
0.078225,0.797095,2.437089
0.110281,0.632003,2.433782
-0.088964,0.505002,2.468468
0.234325,0.486554,2.368138
-0.273533,0.505905,2.316774
0.316514,0.228044,2.315119
-0.082909,0.537170,2.315119
0.310919,0.007965,2.191895
-0.065347,0.534782,2.170853
0.308356,-0.087978,2.212596
0.102515,0.252045,2.429793
0.083631,0.186146,2.375330
0.002073,0.111376,2.386577
0.155558,0.109282,2.339009
0.051091,-0.372269,2.413392
0.134967,-0.385244,2.427391
0.050708,-0.731459,2.431956
0.134214,-0.720360,2.438476
0.036433,-0.796858,2.397742
0.173204,-0.785989,2.401344
0.077130,0.796387,2.436178
0.111771,0.630902,2.429630
-0.089453,0.504558,2.468421
0.225852,0.487268,2.358232
-0.283912,0.501970,2.333364
0.311478,0.225990,2.307007
-0.083857,0.535838,2.307007
0.305199,0.002325,2.193338
-0.071357,0.534306,2.175808
0.301724,-0.090760,2.211993
0.102161,0.250175,2.425838
0.080849,0.184132,2.371935
0.000140,0.110293,2.385285
0.150432,0.107558,2.333580
0.050026,-0.373535,2.415390
0.133800,-0.385503,2.427127
0.048436,-0.731144,2.432706
0.133837,-0.720186,2.438277
0.035817,-0.796100,2.397286
0.166806,-0.785443,2.398433
0.075363,0.796215,2.434478
0.113508,0.629105,2.426580
-0.090495,0.504711,2.470326
0.223894,0.488531,2.354932
-0.289162,0.500273,2.343952
0.307767,0.226531,2.301844
-0.082471,0.535399,2.301844
0.299681,-0.000302,2.193435
-0.082680,0.535621,2.186122
0.291011,-0.096067,2.210115
0.102035,0.250001,2.423746
0.079570,0.184251,2.370181
-0.001103,0.110437,2.384332
0.148100,0.107998,2.330990
0.048676,-0.374843,2.417885
0.132991,-0.386082,2.427230
0.048712,-0.731079,2.432880
0.133492,-0.720289,2.437945
0.003346,-0.785377,2.398461
0.166743,-0.785427,2.398454
0.073682,0.794322,2.432220
0.113593,0.628012,2.423695
-0.092187,0.505731,2.475886
0.213831,0.482679,2.342517
-0.291188,0.501412,2.350900
0.300741,0.224958,2.291739
-0.082055,0.535236,2.291739
0.295126,-0.001638,2.192545
-0.087406,0.536716,2.189654
0.284236,-0.098404,2.208914
0.100792,0.248454,2.420121
0.074698,0.182871,2.367725
-0.005437,0.109614,2.384219
0.140035,0.106669,2.326184
0.047079,-0.375128,2.420178
0.131605,-0.387516,2.427639
0.049812,-0.730525,2.433087
0.132599,-0.720229,2.436999
0.019094,-0.788595,2.397136
0.166390,-0.785342,2.399246
0.072398,0.792010,2.429666
0.114552,0.625649,2.418876
-0.091692,0.507375,2.481393
0.211295,0.483013,2.339146
-0.296913,0.496648,2.371597
0.295685,0.226121,2.284600
-0.105143,0.536594,2.284600
0.285176,-0.007823,2.204998
-0.098993,0.538364,2.196316
0.273258,-0.108937,2.207621
0.099486,0.247599,2.417664
0.071484,0.182144,2.366190
-0.008085,0.109087,2.384963
0.134031,0.105922,2.322457
0.047070,-0.375802,2.422592
0.131278,-0.387536,2.427871
0.049613,-0.730673,2.433552
0.132395,-0.720131,2.436914
0.019567,-0.788754,2.397263
0.166350,-0.785304,2.399292
0.071487,0.791080,2.428608
0.117281,0.623140,2.413256
-0.090888,0.508467,2.488885
0.209206,0.477778,2.330902
-0.298404,0.490133,2.387501
0.292593,0.226253,2.277857
-0.119426,0.540634,2.277857
0.276761,-0.010041,2.210568
-0.117956,0.541226,2.208062
0.265738,-0.111544,2.202035
0.099135,0.247792,2.415583
0.067977,0.182782,2.365468
-0.014568,0.108641,2.390434
0.127265,0.105152,2.317021
0.046999,-0.376502,2.425080
0.131234,-0.387544,2.427956
0.050505,-0.730289,2.433801
0.131929,-0.720128,2.436290
0.030214,-0.793251,2.399180
0.167405,-0.784854,2.400159
0.069862,0.789864,2.427092
0.119990,0.623472,2.409196
-0.088234,0.509068,2.494322
0.204800,0.477746,2.324862
-0.301123,0.486827,2.412805
0.287245,0.224569,2.269483
-0.133686,0.541926,2.269483
0.266699,-0.012735,2.221559
-0.131973,0.542806,2.217888
0.253138,-0.114350,2.197575
0.098734,0.247932,2.413453
0.064765,0.183096,2.364687
-0.016332,0.108979,2.391783
0.120769,0.106105,2.314604
0.047046,-0.377208,2.428059
0.130822,-0.387634,2.428347
0.049109,-0.728327,2.435149
0.131217,-0.720500,2.435976
0.026369,-0.789579,2.399283
0.151444,-0.785174,2.401209
0.070124,0.787783,2.424538
0.121056,0.622493,2.405172
-0.087177,0.508870,2.501205
0.203197,0.477534,2.322742
-0.305686,0.478052,2.473885
0.282248,0.224288,2.261087
-0.160025,0.535447,2.261087
0.256575,-0.015334,2.261694
-0.146339,0.543124,2.230695
0.240634,-0.111395,2.194068
0.097571,0.247781,2.411570
0.061815,0.183087,2.364056
-0.018773,0.108902,2.393401
0.116821,0.105795,2.313095
0.046451,-0.376891,2.430267
0.129274,-0.387887,2.429531
0.049334,-0.728256,2.435055
0.131170,-0.720549,2.435916
0.027051,-0.789643,2.398933
0.153655,-0.785192,2.401395
0.069626,0.786909,2.423756
0.121753,0.620192,2.401030
-0.084176,0.510293,2.506978
0.203007,0.474129,2.318268
-0.302092,0.483048,2.461648
0.277079,0.222003,2.252076
-0.158149,0.538172,2.252076
0.250211,-0.013217,2.253142
-0.149430,0.543011,2.232958
0.223335,-0.109412,2.187701
0.095025,0.247724,2.410391
0.056691,0.183570,2.364646
-0.026470,0.108684,2.401057
0.109528,0.104017,2.310814
0.046381,-0.377152,2.434205
0.128821,-0.389582,2.431673
0.050559,-0.727394,2.435277
0.130970,-0.720272,2.435681
0.016559,-0.784593,2.401731
0.147502,-0.785940,2.401818
0.078237,0.787748,2.409761
0.122726,0.619794,2.397710
-0.084433,0.511266,2.513536
0.200780,0.474326,2.315486
-0.300937,0.484507,2.457448
0.274241,0.225008,2.247058
-0.162916,0.540966,2.247058
0.237061,-0.012345,2.249715
-0.161145,0.542048,2.245292
0.209634,-0.106745,2.180709
0.092823,0.247978,2.409475
0.052564,0.183924,2.365835
-0.030297,0.108676,2.405298
0.103865,0.103380,2.311075
0.046747,-0.377722,2.436780
0.127358,-0.389258,2.433243
0.051149,-0.727054,2.435709
0.130723,-0.719666,2.435966
0.024185,-0.786363,2.399756
0.159789,-0.786164,2.402032
0.075067,0.786405,2.411658
0.124321,0.619908,2.393418
-0.084000,0.511245,2.516351
0.195571,0.474124,2.310193
-0.300566,0.487886,2.459860
0.269597,0.229749,2.240021
-0.165234,0.543759,2.240021
0.228286,-0.004627,2.250817
-0.165732,0.543439,2.252130
0.200112,-0.102458,2.174991
0.091090,0.248407,2.408030
0.049366,0.184198,2.366832
-0.033248,0.108574,2.410158
0.098220,0.102658,2.310558
0.046714,-0.378347,2.439383
0.127391,-0.389570,2.434073
0.051077,-0.727093,2.435781
0.130722,-0.719612,2.436024
0.025761,-0.786759,2.399419
0.164984,-0.785895,2.401090
0.075334,0.785667,2.408472
0.124479,0.619629,2.391714
-0.083426,0.511950,2.521056
0.193066,0.473555,2.306942
-0.298597,0.489169,2.457051
0.264682,0.229961,2.233943
-0.166572,0.547824,2.233943
0.217168,0.006340,2.249282
-0.169901,0.545425,2.258647
0.192312,-0.091909,2.167821
0.088186,0.248802,2.406977
0.045631,0.184659,2.368173
-0.034833,0.108852,2.412031
0.091395,0.102784,2.312183
0.046858,-0.378982,2.441988
0.125633,-0.388472,2.435651
0.051318,-0.727485,2.435761
0.130804,-0.718988,2.436045
0.025601,-0.786842,2.399359
0.166153,-0.785720,2.400697
0.076954,0.784403,2.404728
0.125042,0.622189,2.387159
-0.082720,0.512015,2.524098
0.191667,0.468219,2.300705
-0.289536,0.441812,2.515747
0.260452,0.230399,2.228965
-0.174213,0.540633,2.228965
0.205175,0.004482,2.283707
-0.171332,0.547833,2.261738
0.180466,-0.093545,2.161775
0.083223,0.239507,2.403780
0.039167,0.169459,2.367674
-0.039801,0.098467,2.410411
0.088457,0.092968,2.315061
0.046456,-0.378677,2.444615
0.126082,-0.388465,2.436388
0.053047,-0.727666,2.437135
0.130758,-0.718975,2.436028
0.027505,-0.785393,2.398245
0.166121,-0.785627,2.400836
0.079012,0.782600,2.400231
0.124840,0.621685,2.385919
-0.082328,0.512507,2.526518
0.189564,0.467691,2.298762
-0.287353,0.443001,2.531464
0.256328,0.231522,2.224337
-0.158085,0.568691,2.224337
0.196080,0.003957,2.393960
-0.173485,0.548788,2.265911
0.172417,-0.094444,2.157353
0.081549,0.241469,2.402461
0.037802,0.173539,2.368414
-0.040904,0.101149,2.413604
0.086487,0.094671,2.314026
0.046499,-0.379291,2.445944
0.124941,-0.387216,2.437187
0.055148,-0.726890,2.436928
0.130762,-0.718799,2.436139
0.033708,-0.787795,2.400665
0.164874,-0.784936,2.400165
0.078886,0.782687,2.399799
0.124562,0.621162,2.384762
-0.078895,0.516193,2.527428
0.187257,0.467669,2.296736
-0.280495,0.440609,2.537420
0.253399,0.236024,2.221162
-0.162915,0.568916,2.221162
0.190742,0.007305,2.391884
-0.178950,0.551411,2.271444
0.165337,-0.090524,2.153059
0.077699,0.267839,2.404750
0.035689,0.214436,2.375843
-0.039962,0.125428,2.440366
0.075493,0.110480,2.305325
0.046576,-0.379160,2.446838
0.125136,-0.385948,2.437709
0.055539,-0.726163,2.436832
0.130694,-0.718602,2.436020
0.031335,-0.785580,2.400015
0.164924,-0.784723,2.399961
0.079848,0.782080,2.397741
0.123862,0.620340,2.382867
-0.079563,0.515325,2.529083
0.187402,0.467602,2.296165
-0.270350,0.439842,2.576189
0.251724,0.238049,2.219821
-0.182705,0.552357,2.219821
0.187319,0.008654,2.397680
-0.179703,0.552434,2.270975
0.160438,-0.088786,2.150957
0.073916,0.261030,2.402417
0.031658,0.196553,2.374145
-0.044683,0.116566,2.433520
0.074594,0.106658,2.307804
0.046598,-0.379204,2.447095
0.124114,-0.385877,2.438098
0.055211,-0.725833,2.436874
0.130735,-0.719107,2.436299
0.031764,-0.785166,2.399605
0.158597,-0.783909,2.397415
0.078862,0.783851,2.395970
0.123615,0.620711,2.381798
-0.079777,0.515226,2.529107
0.188388,0.470548,2.296456
-0.272937,0.433732,2.560987
0.250595,0.240236,2.219246
-0.181547,0.557950,2.219246
0.183538,0.012898,2.393778
-0.180617,0.552557,2.270306
0.156737,-0.084426,2.147758
0.073938,0.268111,2.400405
0.034451,0.207057,2.373238
-0.043414,0.121344,2.433772
0.075591,0.112268,2.305891
0.046504,-0.379079,2.447243
0.124615,-0.386069,2.438184
0.055225,-0.725847,2.436902
0.130512,-0.719166,2.436485
0.037496,-0.788358,2.401494
0.155642,-0.784088,2.397156
0.078640,0.783029,2.395216
0.123241,0.618949,2.379407
-0.082114,0.519033,2.527555
0.188360,0.475124,2.298727
-0.284222,0.439255,2.499141
0.249784,0.241102,2.218818
-0.152462,0.585318,2.218818
0.181202,0.014130,2.393246
-0.182460,0.552706,2.268249
0.153104,-0.082768,2.146514
0.071983,0.263994,2.397370
0.033882,0.200822,2.370729
-0.044547,0.117516,2.427203
0.075919,0.111021,2.306304
0.046280,-0.379152,2.447449
0.124041,-0.384749,2.438034
0.055225,-0.726360,2.437706
0.130929,-0.718488,2.436407
0.033139,-0.786425,2.400742
0.155485,-0.783551,2.397394
0.078344,0.783796,2.394423
0.121558,0.618786,2.378917
-0.083950,0.520546,2.523302
0.187094,0.476278,2.299251
-0.283715,0.436030,2.494993
0.249226,0.242499,2.218724
-0.155432,0.583963,2.218724
0.179662,0.015539,2.388065
-0.184587,0.553344,2.266266
0.151985,-0.081380,2.145163
0.070407,0.262360,2.395045
0.033805,0.198138,2.368525
-0.043288,0.116257,2.418677
0.076159,0.110999,2.306415
0.045916,-0.378377,2.447252
0.124608,-0.384287,2.437550
0.053637,-0.725350,2.438110
0.131481,-0.718529,2.436373
0.051925,-0.791262,2.404506
0.158733,-0.782790,2.399679
0.077005,0.783837,2.393432
0.118576,0.618783,2.379394
-0.090798,0.513858,2.514702
0.184868,0.473998,2.298750
-0.296171,0.454757,2.452964
0.249356,0.242951,2.219071
-0.158674,0.587213,2.219071
0.179292,0.017293,2.337146
-0.184733,0.554387,2.258252
0.150845,-0.079350,2.144317
0.066739,0.259220,2.393272
0.031404,0.193833,2.366294
-0.046806,0.113944,2.415570
0.076270,0.109073,2.305589
0.045607,-0.378306,2.446975
0.124999,-0.384569,2.437212
0.054310,-0.725473,2.438498
0.131460,-0.718505,2.436331
0.005507,-0.779901,2.399966
0.158246,-0.782961,2.400096
0.076353,0.783720,2.392556
0.111147,0.617500,2.384993
-0.093605,0.511023,2.505957
0.184652,0.472626,2.298629
-0.299855,0.453903,2.448463
0.250097,0.243704,2.220827
-0.158075,0.578261,2.220827
0.179424,0.018201,2.329111
-0.183892,0.551818,2.248975
0.150991,-0.078467,2.144198
0.065125,0.257270,2.392873
0.031067,0.191514,2.364637
-0.046565,0.112044,2.408887
0.076859,0.108189,2.305393
0.045273,-0.378234,2.446305
0.125645,-0.384580,2.436729
0.054751,-0.725719,2.438729
0.131465,-0.718534,2.436289
0.031336,-0.785867,2.402827
0.159639,-0.782643,2.399753
0.059810,0.783778,2.396940
0.109181,0.617853,2.384824
-0.096757,0.507534,2.498516
0.185512,0.473198,2.300371
-0.299818,0.458095,2.417726
0.250806,0.243361,2.222703
-0.160920,0.559536,2.222703
0.180083,0.018767,2.273660
-0.177952,0.547755,2.230078
0.152022,-0.078297,2.144440
0.063895,0.255367,2.391562
0.031048,0.189006,2.361905
-0.046579,0.110065,2.401162
0.078050,0.107281,2.305228
0.044687,-0.378240,2.445241
0.126193,-0.384672,2.436248
0.054746,-0.725868,2.438667
0.130641,-0.718716,2.436062
0.012188,-0.780398,2.401192
0.159875,-0.782688,2.399914
0.055429,0.784283,2.396238
0.103723,0.620549,2.386286
-0.100708,0.505136,2.490484
0.185812,0.475063,2.302784
-0.301154,0.452988,2.404109
0.252603,0.241422,2.227877
-0.172817,0.547595,2.227877
0.185597,0.018668,2.213179
-0.175754,0.543996,2.222284
0.156191,-0.077613,2.146293
0.062709,0.254715,2.391145
0.030982,0.187870,2.359680
-0.047449,0.110278,2.395689
0.080606,0.106546,2.304381
0.043203,-0.378437,2.443095
0.126500,-0.385102,2.435709
0.054801,-0.726414,2.438485
0.130250,-0.718726,2.436237
0.036811,-0.788233,2.402610
0.165216,-0.785163,2.403231
0.054142,0.784985,2.393970
0.099284,0.622007,2.387737
-0.103961,0.503863,2.482448
0.188375,0.478910,2.306242
-0.295342,0.455762,2.369778
0.255766,0.242316,2.234986
-0.159205,0.538096,2.234986
0.204551,0.029415,2.187884
-0.161418,0.536289,2.192855
0.168197,-0.063871,2.150687
0.062351,0.254035,2.390289
0.032410,0.186976,2.355773
-0.046262,0.110327,2.386794
0.086902,0.106232,2.301877
0.042407,-0.378935,2.440482
0.126347,-0.386100,2.434609
0.053814,-0.726473,2.438180
0.130363,-0.718762,2.436025
0.031407,-0.785375,2.400128
0.166262,-0.784324,2.401664
0.054463,0.786077,2.390682
0.094221,0.625207,2.391447
-0.104952,0.494181,2.451928
0.188536,0.481416,2.308485
-0.302284,0.455824,2.349075
0.260781,0.240112,2.245048
-0.148141,0.537991,2.245048
0.214901,0.028372,2.173540
-0.152122,0.535167,2.180702
0.184910,-0.067280,2.158650
0.061463,0.252262,2.390227
0.035526,0.184032,2.350981
-0.041421,0.108077,2.378402
0.092643,0.105319,2.299130
0.041274,-0.379163,2.437715
0.125934,-0.387091,2.433024
0.052642,-0.726588,2.438104
0.129652,-0.719051,2.435829
0.032450,-0.786160,2.400024
0.165020,-0.784280,2.399653
0.055514,0.786892,2.388911
0.093966,0.625799,2.391918
-0.106620,0.494592,2.448121
0.189366,0.481802,2.311275
-0.292612,0.455242,2.321605
0.264600,0.239555,2.252267
-0.135447,0.535673,2.252267
0.229026,0.027979,2.156333
-0.138429,0.533816,2.160866
0.202665,-0.067563,2.162570
0.064492,0.250174,2.387705
0.040211,0.181720,2.345951
-0.036586,0.107315,2.367460
0.100933,0.104623,2.298088
0.038985,-0.378248,2.433218
0.124899,-0.387744,2.430597
0.052829,-0.726357,2.437411
0.129638,-0.719051,2.435817
0.028958,-0.784367,2.399203
0.164858,-0.784294,2.400258
0.055944,0.786694,2.387525
0.092544,0.625573,2.392652
-0.109299,0.494278,2.439286
0.192487,0.482300,2.315371
-0.295181,0.451953,2.314331
0.269149,0.238751,2.263702
-0.154720,0.538865,2.263702
0.240720,0.024636,2.163924
-0.133353,0.534785,2.151849
0.221756,-0.073765,2.174880
0.065763,0.248677,2.386440
0.043755,0.180528,2.342366
-0.033166,0.106763,2.358544
0.108080,0.104401,2.298097
0.037058,-0.376745,2.428514
0.124051,-0.387780,2.428224
0.052603,-0.726715,2.436024
0.128710,-0.718930,2.435652
0.015563,-0.782694,2.400178
0.163825,-0.783755,2.400063
0.056431,0.787664,2.385893
0.086517,0.625412,2.392739
-0.112073,0.494727,2.427078
0.194662,0.485498,2.321449
-0.285994,0.452119,2.282710
0.271149,0.237013,2.272005
-0.129020,0.527540,2.272005
0.257214,0.023833,2.144278
-0.118847,0.534189,2.133561
0.245480,-0.075519,2.185891
0.065966,0.248389,2.385458
0.047332,0.180567,2.339076
-0.028381,0.108118,2.349641
0.115110,0.105699,2.299069
0.035687,-0.374566,2.423064
0.123587,-0.386945,2.425601
0.050549,-0.727491,2.436750
0.127349,-0.719635,2.435813
0.017780,-0.783173,2.399818
0.163754,-0.783568,2.400979
0.056914,0.788652,2.385283
0.084064,0.625389,2.392574
-0.113978,0.494724,2.415006
0.196943,0.486015,2.325585
-0.284784,0.452426,2.266368
0.275238,0.233308,2.284754
-0.121232,0.537638,2.284754
0.268832,0.008647,2.144022
-0.097339,0.536165,2.111621
0.254914,-0.089845,2.190629
0.068012,0.247928,2.383871
0.053072,0.180434,2.335578
-0.022069,0.108523,2.340448
0.125016,0.106773,2.301485
0.035094,-0.373763,2.419131
0.122995,-0.385369,2.422071
0.050100,-0.727788,2.436148
0.127251,-0.719809,2.435680
0.006767,-0.785322,2.402702
0.164199,-0.783235,2.400320
0.057604,0.790427,2.383345
0.080092,0.626016,2.391931
-0.117040,0.493139,2.401093
0.200853,0.492364,2.336264
-0.280784,0.453624,2.242479
0.277478,0.231285,2.294297
-0.105008,0.516999,2.294297
0.279205,0.004892,2.124641
-0.093077,0.535133,2.109034
0.272196,-0.095269,2.204012
0.068809,0.249288,2.382584
0.058547,0.182549,2.332493
-0.015706,0.110911,2.331070
0.133518,0.110187,2.304397
0.030874,-0.370637,2.412245
0.121869,-0.385221,2.418956
0.047071,-0.727759,2.434936
0.126745,-0.720815,2.436284
0.003097,-0.784044,2.399348
0.164153,-0.783285,2.400087
0.058082,0.790881,2.381857
0.074923,0.626400,2.390559
-0.118703,0.490919,2.389382
0.201607,0.490069,2.337389
-0.282280,0.451743,2.230697
0.280953,0.230483,2.303636
-0.108069,0.527032,2.303636
0.290392,0.004291,2.118609
-0.083510,0.534803,2.100353
0.289395,-0.095449,2.217285
0.068978,0.249751,2.381761
0.061124,0.183162,2.330660
-0.012867,0.111514,2.325661
0.137269,0.111056,2.306064
0.031056,-0.370041,2.409008
0.120642,-0.384989,2.415591
0.047447,-0.727496,2.434272
0.126452,-0.720899,2.436250
0.001684,-0.784001,2.398653
0.163484,-0.783030,2.399991
0.058069,0.790308,2.379328
0.070171,0.627425,2.386458
-0.119226,0.487007,2.375986
0.202491,0.491164,2.340712
-0.282055,0.446989,2.216862
0.282811,0.230729,2.312524
-0.102540,0.533899,2.312524
0.299906,0.004166,2.103251
-0.064136,0.530182,2.087779
0.302106,-0.095905,2.230505
0.068575,0.250335,2.379938
0.063332,0.183517,2.328308
-0.010398,0.111513,2.318616
0.140320,0.111648,2.307729
0.030496,-0.370567,2.406140
0.119232,-0.384691,2.412489
0.048416,-0.726816,2.433668
0.126428,-0.720866,2.436176
0.020304,-0.785758,2.397058
0.163405,-0.782904,2.399870
0.058537,0.790723,2.375774
0.067290,0.628415,2.384110
-0.118706,0.483700,2.367479
0.205413,0.493075,2.345908
-0.274861,0.443805,2.200693
0.284918,0.227651,2.320495
-0.096243,0.532869,2.320495
0.310752,-0.000860,2.097439
-0.059513,0.529579,2.083297
0.312327,-0.100778,2.242741
0.067656,0.250546,2.378128
0.064531,0.183644,2.326000
-0.009718,0.110975,2.313092
0.141705,0.111697,2.308159
0.031199,-0.370357,2.403060
0.116123,-0.385159,2.409716
0.048754,-0.726734,2.433537
0.126016,-0.721434,2.435643
0.031513,-0.788397,2.398274
0.164915,-0.782835,2.400437
0.058354,0.792524,2.374104
0.064635,0.629671,2.381546
-0.117652,0.482055,2.361308
0.206855,0.493435,2.348973
-0.270572,0.442239,2.191145
0.287447,0.228167,2.329230
-0.092364,0.531518,2.329230
0.318149,-0.004473,2.092416
-0.057755,0.529147,2.078788
0.322765,-0.101988,2.256719
0.066425,0.250996,2.376027
0.064779,0.183984,2.323605
-0.010178,0.110986,2.307925
0.141977,0.111865,2.308250
0.032050,-0.369607,2.400556
0.111801,-0.382489,2.405899
0.047712,-0.727187,2.433493
0.125794,-0.721651,2.435701
0.001784,-0.786848,2.395822
0.164056,-0.782845,2.400150
0.058057,0.792251,2.368913
0.062194,0.629755,2.378328
-0.117393,0.478640,2.353926
0.206818,0.493103,2.349408
-0.269401,0.441049,2.182375
0.286856,0.230627,2.338912
-0.092248,0.528766,2.338912
0.328793,-0.004840,2.088563
-0.056837,0.529215,2.075722
0.329810,-0.101546,2.273746
0.064988,0.250439,2.373299
0.064618,0.183355,2.320635
-0.010971,0.109934,2.303424
0.142058,0.111818,2.308162
0.032253,-0.369113,2.398391
0.110669,-0.382351,2.404239
0.048078,-0.726832,2.433350
0.125537,-0.721571,2.435834
0.001291,-0.785931,2.395223
0.164161,-0.782800,2.400158
0.056096,0.792354,2.364646
0.058480,0.630279,2.376040
-0.117113,0.475039,2.346391
0.206448,0.490489,2.349301
-0.268073,0.439008,2.173522
0.285884,0.229443,2.343998
-0.089939,0.528651,2.343998
0.331368,-0.005867,2.084452
-0.056856,0.528434,2.073381
0.339587,-0.101533,2.291506
0.062610,0.249155,2.370945
0.063559,0.181795,2.317785
-0.012640,0.108236,2.298629
0.141891,0.111134,2.308029
0.032573,-0.368159,2.396308
0.108764,-0.382105,2.401847
0.048691,-0.726133,2.432830
0.125084,-0.721776,2.435166
-0.000497,-0.786194,2.395028
0.163734,-0.782682,2.399669
0.054583,0.792978,2.362516
0.056067,0.630565,2.373398
-0.116105,0.468317,2.337239
0.206310,0.489014,2.349446
-0.261638,0.445269,2.156546
0.286158,0.230801,2.352417
-0.077742,0.529684,2.352417
0.332098,-0.003557,2.075911
-0.006939,0.538857,2.056092
0.341882,-0.101521,2.304460
0.060582,0.248019,2.368939
0.062997,0.180391,2.315522
-0.013335,0.106399,2.295371
0.141812,0.110596,2.307885
0.032720,-0.368238,2.395334
0.107257,-0.381885,2.400128
0.046822,-0.725919,2.432120
0.124632,-0.721733,2.434302
-0.001451,-0.786226,2.395065
0.163690,-0.782580,2.399916
0.053418,0.794280,2.358626
0.051407,0.631870,2.370025
-0.116385,0.465463,2.332223
0.204234,0.494614,2.351272
-0.264236,0.441051,2.154064
0.285400,0.231205,2.355502
-0.079955,0.524397,2.355502
0.332087,-0.002041,2.073363
-0.055220,0.525110,2.068994
0.343225,-0.101436,2.315197
0.059377,0.248427,2.367857
0.063022,0.180528,2.314381
-0.012673,0.106165,2.293123
0.141896,0.110751,2.307948
0.032543,-0.368289,2.394543
0.106603,-0.381475,2.398770
0.046162,-0.725651,2.431635
0.124074,-0.722256,2.434692
-0.001910,-0.786183,2.394848
0.164705,-0.782878,2.400465
0.051676,0.794037,2.354763
0.049277,0.631781,2.367137
-0.117234,0.464315,2.328192
0.203793,0.495653,2.351135
-0.265937,0.440804,2.150809
0.284647,0.230420,2.358225
-0.069479,0.513283,2.358225
0.330361,0.007441,2.065649
-0.053334,0.519434,2.063902
0.342912,-0.091528,2.325979
0.058365,0.248256,2.366833
0.062848,0.180209,2.313411
-0.012716,0.105496,2.291843
0.141917,0.110683,2.307978
0.032632,-0.368656,2.394011
0.106164,-0.381605,2.397806
0.044391,-0.724783,2.431016
0.123643,-0.722562,2.434734
0.014102,-0.788087,2.396562
0.164606,-0.782626,2.400380
0.049921,0.794687,2.353007
0.047367,0.631491,2.362973
-0.118719,0.460357,2.322297
0.203407,0.498152,2.351413
-0.269501,0.438785,2.146781
0.283189,0.230911,2.360192
-0.079195,0.504882,2.360192
0.328358,0.011212,2.064081
-0.051131,0.514830,2.060073
0.341929,-0.087724,2.327330
0.057349,0.248696,2.365765
0.062878,0.180384,2.312548
-0.012690,0.105260,2.291210
0.142166,0.110812,2.307952
0.032630,-0.368745,2.393577
0.105426,-0.381506,2.396881
0.042900,-0.723749,2.430451
0.122396,-0.722476,2.433726
0.005227,-0.786188,2.393494
0.162725,-0.782210,2.400307
0.047781,0.795402,2.350145
0.045362,0.631506,2.360140
-0.119125,0.459776,2.320287
0.200193,0.500375,2.348827
-0.270589,0.436068,2.145857
0.281100,0.232589,2.361563
-0.080009,0.501907,2.361563
0.326699,0.013270,2.063801
-0.051939,0.511697,2.057021
0.340825,-0.085597,2.329267
0.057302,0.249110,2.364722
0.063063,0.180669,2.311534
-0.011710,0.105463,2.289180
0.142370,0.111213,2.308187
0.032795,-0.368941,2.393366
0.105237,-0.381305,2.396285
0.042493,-0.723480,2.430379
0.122208,-0.722411,2.433435
0.053058,-0.792490,2.409555
0.162096,-0.782021,2.400422
0.045012,0.796442,2.347855
0.042399,0.631230,2.358194
-0.118944,0.457626,2.317043
0.197690,0.503153,2.346869
-0.275646,0.421877,2.150819
0.279913,0.232463,2.362021
-0.090146,0.497851,2.362021
0.325506,0.013908,2.065583
-0.055366,0.506111,2.052816
0.339416,-0.084976,2.328785
0.056711,0.248886,2.364099
0.062969,0.180389,2.310930
-0.011350,0.105137,2.288792
0.142357,0.111232,2.308181
0.032728,-0.369030,2.393315
0.104321,-0.380976,2.395312
0.041445,-0.723048,2.430486
0.120764,-0.722998,2.431338
-0.006587,-0.786642,2.396842
0.158174,-0.782667,2.400011
0.043840,0.796389,2.344636
0.041227,0.630625,2.356891
-0.119542,0.455746,2.316389
0.196468,0.501949,2.344538
-0.279708,0.411087,2.156931
0.278717,0.231453,2.362025
-0.063845,0.476346,2.362025
0.323299,0.008402,2.045284
-0.064139,0.497887,2.049187
0.337260,-0.090287,2.326462
0.054900,0.247737,2.362630
0.061060,0.179218,2.309401
-0.012812,0.104354,2.288101
0.140797,0.110353,2.307441
0.032543,-0.369090,2.393254
0.103244,-0.381568,2.394696
0.039330,-0.720293,2.429851
0.121612,-0.722515,2.430636
-0.007691,-0.786664,2.395782
0.157772,-0.781073,2.398838
0.042180,0.796203,2.343032
0.038431,0.629413,2.355608
-0.113861,0.446285,2.312132
0.194567,0.499298,2.341464
-0.283155,0.389378,2.169884
0.277840,0.230300,2.360748
-0.062181,0.464345,2.360748
0.319999,0.005013,2.043074
-0.075822,0.465222,2.044229
0.332045,-0.092151,2.321600
0.052961,0.245084,2.361493
0.059579,0.176213,2.308141
-0.013081,0.103069,2.287797
0.139108,0.108824,2.306924
0.032581,-0.369524,2.393179
0.102191,-0.381981,2.394253
0.038284,-0.720776,2.429356
0.121274,-0.722692,2.430406
-0.007678,-0.786650,2.395722
0.158851,-0.781386,2.398841
0.038680,0.793383,2.341011
0.037232,0.627743,2.355005
-0.108744,0.459749,2.314254
0.193400,0.498652,2.340153
-0.274298,0.367538,2.190950
0.275965,0.228700,2.357955
-0.112529,0.431166,2.357955
0.316873,0.003599,2.054750
-0.084735,0.437825,2.043209
0.324330,-0.095464,2.311991
0.051226,0.243507,2.360976
0.057680,0.174706,2.307496
-0.013536,0.102954,2.288163
0.134653,0.107833,2.305278
0.032571,-0.370083,2.392967
0.102002,-0.381849,2.393891
0.037326,-0.721333,2.428738
0.121178,-0.722951,2.429867
-0.007534,-0.786581,2.395661
0.159030,-0.781206,2.398952
0.037591,0.792506,2.339652
0.036139,0.626308,2.353796
-0.133157,0.525517,2.340676
0.193288,0.498584,2.339952
-0.266733,0.340986,2.207868
0.273735,0.227833,2.354857
-0.110285,0.383408,2.354857
0.314083,0.005427,2.045550
-0.058092,0.397560,1.995925
0.320668,-0.093009,2.300390
0.048497,0.248356,2.360818
0.050306,0.182108,2.307483
-0.023174,0.111203,2.291337
0.128683,0.111290,2.303985
0.032567,-0.370632,2.392728
0.101663,-0.381539,2.393595
0.036615,-0.721817,2.428214
0.120350,-0.723355,2.429662
-0.007544,-0.786509,2.395531
0.159058,-0.781503,2.398846
0.036756,0.791107,2.337902
0.035765,0.625488,2.353313
-0.133673,0.518299,2.338727
0.193076,0.498380,2.339876
-0.266348,0.329158,2.215908
0.270163,0.224781,2.349815
-0.118119,0.343788,2.349815
0.306522,0.011202,2.040512
-0.114718,0.344123,2.036799
0.315182,-0.086265,2.286354
0.047019,0.249062,2.360871
0.048982,0.182893,2.307485
-0.024602,0.111642,2.291119
0.127094,0.111713,2.304340
0.032227,-0.371195,2.392588
0.100617,-0.381497,2.393229
0.035420,-0.722366,2.427809
0.119954,-0.724872,2.429646
-0.007908,-0.786590,2.395350
0.165380,-0.783054,2.397904
0.036339,0.791231,2.336384
0.035373,0.624468,2.351974
-0.136789,0.510191,2.337930
0.192890,0.497793,2.339636
-0.256499,0.337888,2.254501
0.266555,0.223550,2.345183
-0.166052,0.283418,2.345183
0.300287,0.013230,2.056035
-0.133487,0.279487,2.029119
0.308032,-0.084113,2.273472
0.046244,0.249922,2.360720
0.048155,0.183818,2.307344
-0.025489,0.112088,2.290997
0.126510,0.111922,2.304367
0.030099,-0.372580,2.391953
0.098642,-0.382456,2.392871
0.031856,-0.723632,2.426758
0.119188,-0.726129,2.429785
-0.008188,-0.786389,2.395261
0.141690,-0.786264,2.395818
0.035398,0.790478,2.333775
0.033876,0.622891,2.349758
-0.137003,0.506236,2.337485
0.191512,0.495977,2.338533
-0.296946,0.336174,2.265950
0.265268,0.221409,2.342976
-0.171537,0.245729,2.342976
0.297926,0.011316,2.052159
-0.149453,0.225874,2.028625
0.300177,-0.085674,2.256723
0.045109,0.250130,2.360413
0.047075,0.183872,2.307125
-0.026490,0.112039,2.291107
0.125092,0.111825,2.304128
0.030039,-0.372919,2.391519
0.096162,-0.382973,2.392410
0.031570,-0.723835,2.426232
0.118702,-0.726557,2.429121
-0.008110,-0.785960,2.394289
0.140614,-0.787143,2.395707
0.033849,0.788926,2.331437
0.031858,0.620335,2.346063
-0.137600,0.506590,2.338442
0.189999,0.494859,2.337636
-0.266270,0.329113,2.276748
0.261804,0.220800,2.337991
-0.188766,0.194129,2.337991
0.291580,0.012939,2.064153
-0.170559,0.155532,2.033488
0.294028,-0.082975,2.248610
0.043174,0.250796,2.360270
0.044809,0.184409,2.307300
-0.029015,0.112747,2.291999
0.122369,0.111785,2.304598
0.026201,-0.373019,2.390620
0.093493,-0.384187,2.392229
0.026673,-0.723543,2.425070
0.118673,-0.726936,2.428772
-0.008181,-0.785888,2.394298
0.167856,-0.783425,2.393596
