-0.360784,0.756194,2.210428
-0.381692,0.555188,2.223537
-0.577121,0.429831,2.179224
-0.179570,0.444052,2.275929
-0.708603,0.165308,2.194766
-0.084078,0.151331,2.283734
-0.714824,-0.089812,2.283734
-0.062440,-0.107680,2.137762
-0.707723,-0.146952,2.129345
-0.060858,-0.160395,2.168945
-0.383113,0.172073,2.251714
-0.368825,0.102330,2.202097
-0.457301,0.012695,2.169710
-0.275943,0.008250,2.218386
-0.486852,-0.457285,2.050453
-0.315972,-0.506656,2.304106
-0.479645,-0.854221,1.967713
-0.351952,-0.845793,2.335347
-0.465292,-0.908189,1.879521
-0.316474,-0.906455,2.283846
-0.367507,0.748665,2.151336
-0.387694,0.550310,2.172497
-0.582427,0.426668,2.131976
-0.185939,0.441952,2.226531
-0.712164,0.161631,2.148414
-0.088720,0.148631,2.239368
-0.716207,-0.093964,2.239368
-0.062620,-0.109261,2.098151
-0.708970,-0.153080,2.090806
-0.059879,-0.161277,2.126813
-0.385433,0.170135,2.209812
-0.370537,0.100190,2.163985
-0.458210,0.010339,2.133588
-0.276937,0.006679,2.182780
-0.482401,-0.456060,2.014442
-0.303746,-0.501455,2.258269
-0.474256,-0.855123,1.922699
-0.345469,-0.843589,2.322295
-0.457600,-0.909205,1.832133
-0.310671,-0.903913,2.271209
-0.374646,0.737829,2.087774
-0.394454,0.543341,2.118057
-0.589158,0.422577,2.082374
-0.193374,0.438229,2.173383
-0.716695,0.157673,2.100574
-0.094305,0.144451,2.190869
-0.718925,-0.098598,2.190869
-0.063319,-0.112289,2.055808
-0.711008,-0.155828,2.050670
-0.059930,-0.163718,2.082843
-0.388747,0.167350,2.166332
-0.373328,0.097326,2.125654
-0.460218,0.007305,2.098144
-0.278849,0.004508,2.147778
-0.478793,-0.455310,1.981097
-0.290891,-0.495492,2.205367
-0.469366,-0.855976,1.882185
-0.339459,-0.844827,2.307916
-0.450591,-0.910275,1.789613
-0.305629,-0.905802,2.258193
-0.379378,0.722428,2.018031
-0.400226,0.532796,2.059093
-0.595252,0.416274,2.030066
-0.200124,0.430872,2.116071
-0.721882,0.153238,2.052963
-0.099845,0.135591,2.137162
-0.721978,-0.103638,2.137162
-0.063111,-0.119680,2.015925
-0.713747,-0.158484,2.012824
-0.059755,-0.170972,2.033294
-0.392271,0.162515,2.121486
-0.376735,0.092533,2.086715
-0.463048,0.002681,2.063137
-0.281577,0.000751,2.112657
-0.476247,-0.455541,1.950313
-0.277846,-0.490921,2.145580
-0.464808,-0.857249,1.845677
-0.325463,-0.849449,2.272634
-0.443991,-0.911976,1.751610
-0.293096,-0.911746,2.222546
-0.381819,0.704715,1.949053
-0.404272,0.519863,2.001214
-0.600113,0.408639,1.980178
-0.205672,0.420389,2.058500
-0.726695,0.148753,2.009932
-0.105022,0.123778,2.082489
-0.725185,-0.108727,2.082489
-0.062908,-0.130106,1.979598
-0.716838,-0.164688,1.977837
-0.059447,-0.182237,1.982107
-0.395402,0.156659,2.079196
-0.380095,0.086823,2.050374
-0.466031,-0.002608,2.030679
-0.284522,-0.004131,2.079571
-0.474849,-0.456566,1.921593
-0.266160,-0.488229,2.088175
-0.460458,-0.858976,1.813625
-0.308657,-0.856073,2.225553
-0.437695,-0.914225,1.719005
-0.277859,-0.920154,2.173093
-0.381389,0.684471,1.882737
-0.406297,0.504024,1.944743
-0.603464,0.399440,1.932568
-0.209323,0.405626,2.001368
-0.730978,0.143468,1.969949
-0.108513,0.107628,2.026873
-0.728607,-0.114412,2.026873
-0.062774,-0.145327,1.946703
-0.720200,-0.171544,1.946346
-0.058438,-0.203826,1.927301
-0.397901,0.147851,2.036613
-0.383351,0.078379,2.013894
-0.469236,-0.009815,1.998916
-0.287788,-0.011992,2.046020
-0.475639,-0.459545,1.893421
-0.255744,-0.486531,2.034904
-0.455271,-0.861038,1.786981
-0.296627,-0.864996,2.188832
-0.430109,-0.915969,1.692720
-0.267769,-0.929369,2.134726
-0.377846,0.660171,1.818769
-0.405556,0.483931,1.890154
-0.604711,0.387220,1.886573
-0.210379,0.385864,1.945357
-0.734613,0.137770,1.933722
-0.109638,0.086047,1.969665
-0.732093,-0.120429,1.969665
-0.061824,-0.166284,1.916945
-0.723972,-0.178935,1.917642
-0.056459,-0.232123,1.871286
-0.399541,0.136253,1.995161
-0.386229,0.067618,1.978643
-0.472451,-0.018606,1.968782
-0.291076,-0.023167,2.012409
-0.478564,-0.464460,1.865831
-0.245234,-0.490826,1.978637
-0.449005,-0.862805,1.765579
-0.288849,-0.870586,2.162167
-0.421150,-0.915334,1.672432
-0.262238,-0.934424,2.107250
-0.373625,0.636886,1.762153
-0.404070,0.464085,1.841453
-0.605450,0.375430,1.845790
-0.210477,0.365688,1.894982
-0.737750,0.132045,1.901397
-0.109992,0.064510,1.918072
-0.735386,-0.126520,1.918072
-0.060805,-0.187501,1.890173
-0.727727,-0.186465,1.891877
-0.054588,-0.260264,1.820840
-0.400761,0.124359,1.957433
-0.388796,0.056443,1.946419
-0.475551,-0.027972,1.941064
-0.294176,-0.034734,1.981760
-0.482501,-0.470299,1.840300
-0.235917,-0.495675,1.928263
-0.446099,-0.863799,1.742930
-0.282007,-0.875746,2.137803
-0.421907,-0.903744,1.660305
-0.257739,-0.938627,2.081822
-0.366325,0.607393,1.706862
-0.399701,0.438169,1.793869
-0.604071,0.359437,1.805976
-0.208145,0.338559,1.845033
-0.740363,0.123194,1.870803
-0.108577,0.036121,1.866132
-0.738778,-0.135664,1.866132
-0.058296,-0.215873,1.865061
-0.730965,-0.194105,1.869267
-0.053141,-0.291103,1.772197
-0.400727,0.107523,1.919627
-0.390627,0.040620,1.914030
-0.478311,-0.041244,1.913566
-0.297120,-0.051550,1.950411
-0.489135,-0.480048,1.813231
-0.225659,-0.505081,1.874188
-0.444403,-0.865325,1.722403
-0.263584,-0.879596,2.096517
-0.421425,-0.898482,1.644687
-0.246382,-0.933235,2.044568
-0.358752,0.579295,1.658315
-0.394642,0.412256,1.751417
-0.601980,0.343535,1.770249
-0.205235,0.312065,1.800715
-0.742591,0.113699,1.843317
-0.106182,0.006447,1.818133
-0.742150,-0.145528,1.818133
-0.055665,-0.245643,1.842537
-0.734306,-0.202150,1.848813
-0.051571,-0.320903,1.728560
-0.400391,0.090632,1.885447
-0.392181,0.024739,1.884748
-0.480871,-0.054639,1.888593
-0.299899,-0.068460,1.922094
-0.495961,-0.490106,1.788621
-0.216392,-0.514230,1.826250
-0.442927,-0.866798,1.704438
-0.248505,-0.885100,2.052208
-0.421435,-0.892629,1.632501
-0.237570,-0.927941,2.005367
-0.350470,0.550457,1.614503
-0.387841,0.384088,1.712659
-0.599105,0.326539,1.737732
-0.201306,0.283789,1.760180
-0.744467,0.102928,1.818493
-0.103498,-0.021608,1.775514
-0.745614,-0.156621,1.775514
-0.052967,-0.273980,1.822527
-0.737790,-0.210948,1.830323
-0.049205,-0.354709,1.687064
-0.399359,0.072073,1.853629
-0.393241,0.007349,1.857478
-0.483180,-0.069276,1.865381
-0.302454,-0.087248,1.895561
-0.503639,-0.501383,1.765766
-0.207404,-0.525187,1.784424
-0.441857,-0.868345,1.689347
-0.240517,-0.885064,2.027713
-0.421742,-0.886243,1.624199
-0.232267,-0.921515,1.979202
-0.340468,0.517754,1.573860
-0.379392,0.351479,1.676498
-0.594361,0.304991,1.706751
-0.195660,0.251069,1.721747
-0.745885,0.087334,1.795457
-0.099271,-0.053588,1.734225
-0.749595,-0.172534,1.734225
-0.049782,-0.306398,1.803871
-0.741729,-0.223242,1.813377
-0.045748,-0.392593,1.647110
-0.397172,0.049418,1.822679
-0.393375,-0.013897,1.830787
-0.484898,-0.087761,1.842581
-0.304370,-0.109660,1.869597
-0.510919,-0.516237,1.744337
-0.198264,-0.538379,1.743828
-0.438691,-0.859198,1.685153
-0.233321,-0.880799,2.001277
-0.422535,-0.873259,1.621448
-0.226980,-0.911842,1.949901
-0.329477,0.481673,1.536791
-0.369132,0.315291,1.643606
-0.588589,0.281407,1.678503
-0.188457,0.213623,1.686148
-0.746877,0.067542,1.774429
-0.094621,-0.085331,1.696637
-0.754370,-0.192678,1.696637
-0.046033,-0.339873,1.785775
-0.746253,-0.237489,1.797293
-0.042662,-0.427004,1.611949
-0.394082,0.024502,1.793864
-0.392745,-0.037217,1.805865
-0.486112,-0.107938,1.821271
-0.305631,-0.135159,1.845082
-0.518868,-0.532540,1.724761
-0.188756,-0.553062,1.704704
-0.435769,-0.850494,1.683406
-0.226850,-0.875288,1.975023
-0.423899,-0.860854,1.620704
-0.221996,-0.901598,1.920361
-0.318379,0.445106,1.504145
-0.357603,0.276141,1.614114
-0.581848,0.254384,1.652751
-0.180864,0.175864,1.654569
-0.747584,0.045283,1.755681
-0.089346,-0.117232,1.662474
-0.758467,-0.215347,1.662474
-0.042185,-0.372265,1.768773
-0.752036,-0.252317,1.781245
-0.039609,-0.458255,1.580980
-0.389686,-0.004187,1.766562
-0.390879,-0.064175,1.782041
-0.486455,-0.131780,1.801021
-0.305761,-0.164029,1.821401
-0.528895,-0.551116,1.705790
-0.178990,-0.569468,1.665682
-0.435259,-0.844795,1.683841
-0.220762,-0.867775,1.947439
-0.426137,-0.849302,1.622037
-0.217051,-0.890258,1.889091
-0.307034,0.407166,1.475656
-0.345831,0.236540,1.588397
-0.574574,0.225451,1.629845
-0.172498,0.134766,1.626072
-0.747943,0.017279,1.738698
-0.083276,-0.150342,1.631424
-0.763409,-0.243225,1.631424
-0.037944,-0.405833,1.753520
-0.758912,-0.270234,1.766319
-0.036555,-0.486070,1.553929
-0.384541,-0.034467,1.741204
-0.388148,-0.092906,1.759562
-0.485993,-0.158620,1.780914
-0.304884,-0.194735,1.799123
-0.541230,-0.571307,1.687851
-0.169626,-0.586560,1.626898
-0.435179,-0.839012,1.686733
-0.214960,-0.859197,1.918767
-0.428362,-0.838023,1.626039
-0.212325,-0.878586,1.856384
-0.296539,0.372060,1.451597
-0.334823,0.199538,1.566621
-0.567385,0.197136,1.610100
-0.164771,0.097196,1.601823
-0.748142,-0.009658,1.724335
-0.077549,-0.180487,1.604509
-0.767896,-0.269917,1.604509
-0.033834,-0.436381,1.739902
-0.765675,-0.288182,1.752682
-0.032886,-0.515811,1.530019
-0.379500,-0.063640,1.718732
-0.385309,-0.120701,1.739506
-0.485366,-0.184303,1.763051
-0.303757,-0.224576,1.778995
-0.557145,-0.589094,1.668007
-0.164530,-0.596066,1.598878
-0.436102,-0.833406,1.689912
-0.209297,-0.853927,1.886460
-0.430691,-0.826830,1.631143
-0.203746,-0.866855,1.822721
-0.286405,0.336182,1.431297
-0.323752,0.160940,1.548088
-0.559702,0.166147,1.592870
-0.156996,0.059512,1.580916
-0.748202,-0.038398,1.711978
-0.071420,-0.210527,1.580900
-0.772483,-0.298091,1.580900
-0.029373,-0.466705,1.728073
-0.772796,-0.307602,1.740365
-0.029796,-0.540522,1.508645
-0.374243,-0.093580,1.698233
-0.382120,-0.149119,1.721012
-0.484470,-0.210943,1.746390
-0.302170,-0.254718,1.760293
-0.574462,-0.606587,1.648562
-0.159740,-0.604510,1.573678
-0.437615,-0.828085,1.693075
-0.204387,-0.849142,1.855728
-0.432675,-0.815521,1.637539
-0.195632,-0.855950,1.791103
-0.276989,0.301499,1.414648
-0.313524,0.124476,1.532743
-0.552682,0.135675,1.578622
-0.149670,0.022873,1.563107
-0.748080,-0.067165,1.701663
-0.065280,-0.239908,1.560159
-0.776708,-0.326113,1.560159
-0.024753,-0.496389,1.717171
-0.779866,-0.327641,1.728892
-0.026525,-0.564284,1.489792
-0.368833,-0.123280,1.679607
-0.378514,-0.177549,1.703830
-0.483122,-0.238483,1.730551
-0.299740,-0.285405,1.742244
-0.593520,-0.623134,1.629053
-0.155672,-0.612506,1.550763
-0.439790,-0.822981,1.695669
-0.199908,-0.845444,1.825093
-0.435925,-0.808504,1.640654
-0.187590,-0.846402,1.760197
-0.268512,0.269401,1.401231
-0.304272,0.090827,1.520187
-0.546231,0.106691,1.566975
-0.142970,-0.010825,1.548202
-0.747873,-0.094636,1.693217
-0.059447,-0.267090,1.542390
-0.780426,-0.352689,1.542390
-0.020324,-0.523738,1.707388
-0.786623,-0.347518,1.718369
-0.023300,-0.586390,1.473213
-0.363433,-0.151308,1.663088
-0.374622,-0.204498,1.688372
-0.481131,-0.265170,1.715976
-0.296823,-0.314135,1.725918
-0.613097,-0.637987,1.610819
-0.152122,-0.620031,1.530136
-0.442520,-0.817939,1.698478
-0.195553,-0.842643,1.796056
-0.439557,-0.802145,1.643719
-0.179549,-0.838091,1.731195
-0.260850,0.238627,1.391254
-0.296056,0.058597,1.510343
-0.540280,0.077716,1.557973
-0.136642,-0.043204,1.536024
-0.747651,-0.121428,1.686575
-0.053634,-0.293462,1.527278
-0.783505,-0.378543,1.527278
-0.016792,-0.546551,1.699156
-0.792967,-0.367533,1.709086
-0.020022,-0.607561,1.458627
-0.357670,-0.179031,1.648085
-0.369947,-0.231427,1.673924
-0.477657,-0.293170,1.701666
-0.292503,-0.343052,1.710035
-0.634218,-0.650259,1.593943
-0.148688,-0.627345,1.511435
-0.537680,-0.817890,1.659795
-0.190330,-0.841343,1.767504
-0.539634,-0.808066,1.601617
-0.170324,-0.831465,1.702875
-0.254037,0.210339,1.384008
-0.288729,0.029124,1.502668
-0.534904,0.050655,1.551045
-0.130927,-0.072785,1.526091
-0.747422,-0.146582,1.681454
-0.048219,-0.317750,1.514539
-0.786582,-0.402319,1.514539
-0.013470,-0.567514,1.691129
-0.799233,-0.386904,1.700147
-0.016822,-0.627211,1.445904
-0.352315,-0.204419,1.634984
-0.365519,-0.256056,1.661194
-0.474313,-0.318711,1.689019
-0.288392,-0.369231,1.695956
-0.653885,-0.661508,1.577527
-0.145724,-0.634192,1.494763
-0.625953,-0.819751,1.617263
-0.185530,-0.840418,1.741162
-0.632123,-0.816034,1.555580
-0.161615,-0.825617,1.676904
-0.248016,0.183838,1.379804
-0.282272,0.001637,1.497188
-0.529839,0.024038,1.546426
-0.125701,-0.100082,1.518329
-0.747258,-0.171014,1.678011
-0.043243,-0.340348,1.503868
-0.789616,-0.424990,1.503868
-0.010236,-0.586883,1.683998
-0.805421,-0.406128,1.691998
-0.013725,-0.645464,1.434664
-0.347085,-0.228562,1.623340
-0.360967,-0.279631,1.649598
-0.470623,-0.343392,1.677168
-0.283915,-0.394187,1.682707
-0.673474,-0.671036,1.562343
-0.143041,-0.640768,1.479812
-0.713203,-0.818012,1.577416
-0.180685,-0.840278,1.716064
-0.722379,-0.820094,1.512613
-0.152823,-0.820848,1.652328
-0.242703,0.159161,1.378527
-0.276522,-0.023980,1.493783
-0.525096,-0.000982,1.543560
-0.120851,-0.125598,1.512665
-0.747086,-0.194445,1.676050
-0.038693,-0.361661,1.495023
-0.792490,-0.446413,1.495023
-0.007057,-0.604877,1.677927
-0.811399,-0.424985,1.684794
-0.010684,-0.662552,1.424717
-0.342007,-0.251141,1.613055
-0.356386,-0.301720,1.639130
-0.466641,-0.366785,1.666121
-0.279283,-0.417395,1.670452
-0.691974,-0.679382,1.548047
-0.140572,-0.647056,1.466495
-0.793318,-0.815574,1.539503
-0.175799,-0.840712,1.692477
-0.804733,-0.823007,1.471852
-0.144009,-0.816980,1.629322
-0.238064,0.136539,1.379779
-0.271525,-0.047436,1.492022
-0.520646,-0.024390,1.542182
-0.116377,-0.149198,1.508788
-0.746836,-0.216210,1.675226
-0.034432,-0.381536,1.487911
-0.795214,-0.465891,1.487911
-0.004008,-0.621502,1.672565
-0.817112,-0.442852,1.678317
-0.007748,-0.678469,1.416023
-0.337257,-0.272016,1.603999
-0.351995,-0.322193,1.629729
-0.462730,-0.388502,1.656020
-0.274734,-0.438822,1.659164
-0.709476,-0.686663,1.534821
-0.138339,-0.653147,1.454706
-0.866049,-0.812840,1.504845
-0.171015,-0.841713,1.670384
-0.879104,-0.825140,1.434658
-0.135375,-0.813999,1.607883
-0.234097,0.116184,1.382909
-0.267244,-0.068699,1.491663
-0.516591,-0.045880,1.541925
-0.112400,-0.170706,1.506297
-0.746515,-0.236276,1.675243
-0.030538,-0.399793,1.482295
-0.797742,-0.483567,1.482295
-0.001255,-0.636712,1.667861
-0.822506,-0.459682,1.672540
-0.005107,-0.693114,1.408373
-0.332890,-0.290993,1.596076
-0.347895,-0.340802,1.621382
-0.458999,-0.408248,1.646950
-0.270449,-0.458178,1.648971
-0.725694,-0.692997,1.522706
-0.136341,-0.658982,1.444376
-0.930674,-0.810178,1.473631
-0.166448,-0.843020,1.649980
-0.944981,-0.826848,1.401211
-0.127100,-0.811662,1.588152
-0.230764,0.098079,1.387589
-0.263627,-0.087822,1.492500
-0.512911,-0.065528,1.542574
-0.108851,-0.190072,1.505051
-0.746109,-0.254763,1.675990
-0.027129,-0.416372,1.477894
-0.800120,-0.499562,1.477894
0.001349,-0.650644,1.663692
-0.827615,-0.475452,1.667368
-0.002590,-0.706609,1.401878
-0.328900,-0.308158,1.589143
-0.344112,-0.357613,1.613978
-0.455492,-0.426098,1.638813
-0.266486,-0.475559,1.639824
-0.740655,-0.698487,1.511685
-0.134580,-0.664591,1.435431
-0.987829,-0.807646,1.445894
-0.162149,-0.844566,1.631229
-1.003072,-0.828214,1.371529
-0.119263,-0.809890,1.570080
-0.228032,0.082127,1.393505
-0.260647,-0.104907,1.494375
-0.509574,-0.083437,1.543924
-0.105728,-0.207471,1.504866
-0.745668,-0.271530,1.677226
-0.024138,-0.431424,1.474642
-0.802281,-0.513931,1.474642
0.003812,-0.663399,1.660016
-0.832354,-0.490047,1.662786
-0.000194,-0.719037,1.396446
-0.325271,-0.323693,1.583087
-0.340645,-0.372805,1.607411
-0.452246,-0.442193,1.631534
-0.262865,-0.491158,1.631631
-0.754454,-0.703201,1.501695
-0.133014,-0.669995,1.427781
-1.038378,-0.805189,1.421355
-0.158083,-0.846309,1.614034
-1.054332,-0.829226,1.345299
-0.111820,-0.808626,1.553553
-0.225874,0.068259,1.400288
-0.258238,-0.120030,1.497045
-0.506614,-0.099541,1.545766
-0.103034,-0.222956,1.505619
-0.745233,-0.286727,1.678882
-0.021653,-0.444990,1.472300
-0.804282,-0.526888,1.472300
0.006035,-0.675029,1.656807
-0.836779,-0.503541,1.658765
0.001960,-0.730429,1.391917
-0.321997,-0.337697,1.577782
-0.337512,-0.386464,1.601563
-0.449318,-0.456618,1.625025
-0.259621,-0.505127,1.624274
-0.767149,-0.707248,1.492646
-0.131689,-0.675157,1.421322
-1.083039,-0.802961,1.399620
-0.154340,-0.848133,1.598335
-1.099568,-0.830072,1.322084
-0.104897,-0.807735,1.538509
-0.224283,0.056350,1.407609
-0.256420,-0.133283,1.500292
-0.504029,-0.113954,1.548051
-0.100842,-0.236716,1.507047
-0.744892,-0.300429,1.681034
-0.019632,-0.457209,1.470786
-0.806182,-0.538619,1.470786
0.008100,-0.685642,1.654169
-0.840932,-0.515985,1.655366
0.003967,-0.740895,1.388303
-0.319075,-0.350307,1.573154
-0.334718,-0.398736,1.596348
-0.446731,-0.469524,1.619212
-0.256773,-0.517647,1.617651
-0.778819,-0.710730,1.484491
-0.130625,-0.680062,1.415958
-1.122569,-0.801036,1.380404
-0.150940,-0.849977,1.584036
-1.139629,-0.830871,1.301565
-0.098523,-0.807130,1.524848
-0.223766,0.046195,1.414284
-0.255317,-0.144736,1.503563
-0.502233,-0.126542,1.550524
-0.099335,-0.248657,1.508735
-0.744718,-0.312611,1.683589
-0.018146,-0.467938,1.469907
-0.807947,-0.549160,1.469907
0.009744,-0.695188,1.651995
-0.844761,-0.527332,1.652447
0.005551,-0.750349,1.385332
-0.316553,-0.361568,1.569088
-0.332295,-0.409695,1.591650
-0.444532,-0.481013,1.614003
-0.254315,-0.528871,1.611656
-0.789773,-0.713506,1.477210
-0.129858,-0.684702,1.411571
-1.157901,-0.799220,1.363388
-0.147899,-0.851809,1.571015
-1.175449,-0.831501,1.283408
-0.092721,-0.806748,1.512448
-0.224228,0.037745,1.420568
-0.254907,-0.154435,1.506965
-0.501141,-0.137476,1.553241
-0.098560,-0.258783,1.510679
-0.744698,-0.323317,1.686431
-0.017141,-0.477094,1.469860
-0.809504,-0.558595,1.469860
0.010913,-0.703655,1.650247
-0.848192,-0.537632,1.649917
0.006701,-0.758790,1.382859
-0.314396,-0.371591,1.565661
-0.330154,-0.419512,1.587519
-0.442568,-0.491349,1.609387
-0.252105,-0.538952,1.606277
-0.799951,-0.715814,1.470917
-0.129388,-0.689027,1.408070
-1.189491,-0.797721,1.348393
-0.145202,-0.853551,1.559188
-1.207527,-0.832159,1.267376
-0.087477,-0.806490,1.501217
-0.226893,0.031569,1.426140
-0.254913,-0.162417,1.509972
-0.502181,-0.145372,1.556542
-0.099521,-0.265890,1.512826
-0.745007,-0.332387,1.689325
-0.017287,-0.483482,1.470912
-0.810644,-0.566871,1.470912
0.011541,-0.710566,1.649354
-0.851140,-0.546958,1.647866
0.007551,-0.765817,1.381426
-0.314257,-0.379041,1.563989
-0.330040,-0.426715,1.585267
-0.443372,-0.498520,1.607363
-0.252459,-0.545907,1.603286
-0.808895,-0.718642,1.465198
-0.133719,-0.691687,1.407553
-1.145241,-0.793439,1.386620
-0.145131,-0.854553,1.548589
-1.142871,-0.833452,1.323413
-0.084362,-0.805670,1.491312
-0.230730,0.027295,1.431450
-0.255574,-0.168525,1.512977
-0.503976,-0.151439,1.560111
-0.101510,-0.270567,1.515455
-0.745496,-0.340099,1.692370
-0.018187,-0.487835,1.472671
-0.811690,-0.574039,1.472671
0.011762,-0.716224,1.648905
-0.853850,-0.555395,1.646091
0.008157,-0.771709,1.380874
-0.314931,-0.384817,1.563333
-0.330730,-0.432250,1.584069
-0.445102,-0.503805,1.606636
-0.253857,-0.550839,1.601657
-0.817131,-0.721171,1.460174
-0.139623,-0.693764,1.408658
-1.091148,-0.785656,1.427981
-0.146148,-0.855445,1.539228
-1.089088,-0.829521,1.364381
-0.082342,-0.804929,1.482600
-0.237745,0.026606,1.435994
-0.257995,-0.171094,1.515721
-0.508639,-0.153608,1.564186
-0.105879,-0.270737,1.518441
-0.746587,-0.345508,1.695628
-0.020557,-0.488027,1.475497
-0.812297,-0.579256,1.475497
0.010138,-0.716993,1.649713
-0.856069,-0.562995,1.644774
0.008348,-0.775602,1.381600
-0.316438,-0.388571,1.563611
-0.332129,-0.435905,1.583834
-0.447416,-0.507220,1.607067
-0.255931,-0.553650,1.601166
-0.825524,-0.722815,1.456456
-0.145428,-0.695664,1.410485
-1.092843,-0.785105,1.432229
-0.147198,-0.856385,1.530904
-1.089136,-0.831979,1.369941
-0.080602,-0.804384,1.474864
-0.245852,0.027916,1.440026
-0.261313,-0.171352,1.518348
-0.514580,-0.153375,1.568451
-0.111408,-0.268022,1.521647
-0.747966,-0.349157,1.699097
-0.023779,-0.485577,1.478922
-0.812585,-0.582922,1.478922
0.007783,-0.715306,1.651364
-0.858142,-0.569687,1.643761
0.008266,-0.778038,1.383060
-0.321107,-0.387456,1.566730
-0.336868,-0.434395,1.586977
-0.453733,-0.504617,1.612248
-0.261970,-0.550187,1.605516
-0.809016,-0.713835,1.471009
-0.156662,-0.695292,1.417263
-0.989678,-0.792179,1.507885
-0.152289,-0.856227,1.525494
-0.988870,-0.842861,1.444053
-0.082635,-0.803040,1.470094
-0.256683,0.033364,1.443046
-0.266678,-0.167289,1.520580
-0.522590,-0.149356,1.572753
-0.119489,-0.258952,1.525319
-0.749819,-0.350163,1.702992
-0.028519,-0.478693,1.483294
-0.812322,-0.584056,1.483294
0.004012,-0.709588,1.654691
-0.859762,-0.575497,1.643468
0.007532,-0.778157,1.385618
-0.326927,-0.383506,1.570830
-0.342674,-0.430068,1.591217
-0.460883,-0.499349,1.618443
-0.269135,-0.543241,1.611596
-0.805613,-0.717421,1.474758
-0.168220,-0.693504,1.424852
-0.919447,-0.780235,1.552464
-0.157976,-0.855225,1.521255
-0.927177,-0.830665,1.489766
-0.085450,-0.801066,1.466507
-0.268353,0.040835,1.445370
-0.273162,-0.160493,1.522536
-0.531609,-0.142713,1.576923
-0.128293,-0.247475,1.528966
-0.751823,-0.349545,1.707026
-0.033858,-0.469774,1.488001
-0.811695,-0.583674,1.488001
-0.000200,-0.701907,1.658735
-0.861073,-0.580501,1.643687
0.006446,-0.776811,1.388836
-0.333982,-0.376740,1.575870
-0.349651,-0.422965,1.596527
-0.468995,-0.491282,1.625642
-0.277458,-0.533255,1.619188
-0.774958,-0.706188,1.503252
-0.178351,-0.698228,1.428312
-0.822119,-0.762919,1.607664
-0.166737,-0.852062,1.527285
-0.867808,-0.823513,1.527130
-0.096670,-0.801021,1.470934
-0.282834,0.054255,1.446490
-0.282231,-0.147417,1.524038
-0.542427,-0.131268,1.580841
-0.139412,-0.228134,1.532775
-0.754104,-0.344106,1.712019
-0.040322,-0.457263,1.493188
-0.811204,-0.582650,1.493188
-0.005266,-0.690781,1.662093
-0.861526,-0.584073,1.644799
0.002895,-0.767545,1.396319
-0.342818,-0.364582,1.582327
-0.358230,-0.410522,1.603476
-0.478423,-0.477999,1.634508
-0.286911,-0.517382,1.629033
-0.758295,-0.705200,1.519203
-0.186825,-0.695769,1.445569
-0.747325,-0.771340,1.658409
-0.170000,-0.851232,1.527138
-0.800457,-0.822279,1.576641
-0.098553,-0.800018,1.471362
-0.297267,0.068982,1.447018
-0.291705,-0.132123,1.525152
-0.553519,-0.118065,1.584394
-0.150617,-0.207424,1.536361
-0.756410,-0.337144,1.717041
-0.047003,-0.443169,1.498464
-0.810508,-0.580590,1.498464
-0.010804,-0.678054,1.665729
-0.861655,-0.586706,1.646420
-0.001463,-0.756099,1.404361
-0.351788,-0.350906,1.589005
-0.366878,-0.396702,1.610697
-0.487650,-0.463603,1.643411
-0.296213,-0.500214,1.639192
-0.730101,-0.704483,1.546781
-0.193399,-0.694477,1.456689
-0.679033,-0.779847,1.704776
-0.173123,-0.850277,1.527884
-0.738170,-0.821119,1.622349
-0.100342,-0.798918,1.472777
-0.314051,0.090073,1.446462
-0.303785,-0.109608,1.525546
-0.565825,-0.099530,1.587214
-0.164177,-0.178654,1.539817
-0.759600,-0.320236,1.722793
-0.055094,-0.422470,1.504915
-0.807169,-0.564192,1.504915
-0.018257,-0.658907,1.675568
-0.860107,-0.585237,1.650182
-0.007444,-0.741003,1.412897
-0.361856,-0.332120,1.596684
-0.376344,-0.378105,1.619099
-0.496851,-0.444987,1.653160
-0.306142,-0.476979,1.651193
-0.711591,-0.705321,1.565555
-0.200246,-0.692394,1.474990
-0.615897,-0.761691,1.746506
-0.165281,-0.842275,1.545792
-0.680854,-0.798475,1.662336
-0.096262,-0.791018,1.486717
-0.330272,0.111696,1.445502
-0.316112,-0.085933,1.525641
-0.577910,-0.079601,1.589436
-0.177200,-0.149490,1.542958
-0.762783,-0.301529,1.728198
-0.062971,-0.401625,1.511182
-0.805035,-0.553789,1.511182
-0.025648,-0.639447,1.682242
-0.858125,-0.582036,1.654846
-0.014038,-0.725085,1.421199
-0.371851,-0.312108,1.604370
-0.385657,-0.358307,1.627577
-0.505540,-0.425272,1.662829
-0.315531,-0.453462,1.662944
-0.696849,-0.705544,1.580669
-0.206647,-0.689601,1.495309
-0.560974,-0.749910,1.782887
-0.154937,-0.833368,1.565302
-0.630082,-0.780419,1.697862
-0.093788,-0.779107,1.516874
-0.346478,0.135313,1.444057
-0.328997,-0.059819,1.525424
-0.589646,-0.058565,1.591085
-0.190042,-0.118861,1.545801
-0.766075,-0.280232,1.733385
-0.070761,-0.380118,1.517447
-0.801243,-0.532418,1.517447
-0.033253,-0.619155,1.693377
-0.855599,-0.576543,1.660649
-0.023027,-0.702101,1.430890
-0.381515,-0.290980,1.611917
-0.394516,-0.337622,1.635921
-0.513407,-0.405031,1.672153
-0.324155,-0.429262,1.674302
-0.683103,-0.705511,1.594912
-0.212598,-0.685691,1.516677
-0.508637,-0.738062,1.819125
-0.141444,-0.824308,1.604235
-0.581191,-0.762476,1.733521
-0.094847,-0.770561,1.550218
-0.362419,0.160480,1.442288
-0.341996,-0.032020,1.524902
-0.601223,-0.035943,1.592249
-0.202575,-0.087404,1.548310
-0.769399,-0.258196,1.738321
-0.078557,-0.357433,1.523841
-0.797238,-0.509494,1.523841
-0.040976,-0.597517,1.705146
-0.852381,-0.569378,1.667348
-0.032794,-0.676064,1.441198
-0.391023,-0.267966,1.619417
-0.403120,-0.315135,1.644282
-0.520564,-0.383707,1.681228
-0.332388,-0.402977,1.685649
-0.670019,-0.705017,1.608693
-0.217682,-0.681422,1.539194
-0.461390,-0.727648,1.852214
-0.128099,-0.795092,1.632790
-0.537859,-0.748890,1.765955
-0.093482,-0.740463,1.587603
-0.379973,0.192299,1.440057
-0.356958,0.003488,1.524021
-0.612826,-0.007847,1.592297
-0.216241,-0.050234,1.550399
-0.773621,-0.228469,1.742789
-0.087521,-0.327378,1.531733
-0.793028,-0.478077,1.531733
-0.050488,-0.568321,1.718011
-0.847984,-0.557091,1.675439
-0.045044,-0.641073,1.454364
-0.400707,-0.241118,1.627348
-0.411587,-0.289754,1.653063
-0.526884,-0.359661,1.690572
-0.340293,-0.373471,1.697018
-0.652510,-0.696870,1.628335
-0.223275,-0.672905,1.560305
-0.424657,-0.725067,1.877107
-0.116257,-0.774663,1.659930
-0.504053,-0.740630,1.790722
-0.093147,-0.726163,1.611660
-0.398684,0.230519,1.438429
-0.373421,0.046640,1.523202
-0.625321,0.024688,1.592529
-0.230651,-0.007727,1.552392
-0.777745,-0.198325,1.747009
-0.097255,-0.291683,1.540764
-0.788968,-0.445524,1.540764
-0.061471,-0.533247,1.731464
-0.842210,-0.542527,1.685857
-0.058669,-0.598818,1.469883
-0.410562,-0.208834,1.635265
-0.419995,-0.259200,1.661898
-0.532677,-0.331692,1.699936
-0.347375,-0.339539,1.707439
-0.634758,-0.683871,1.649572
-0.228803,-0.659947,1.582445
-0.389066,-0.724465,1.901565
-0.106290,-0.759432,1.682880
-0.466226,-0.739000,1.815900
-0.093575,-0.714985,1.632995
-0.416473,0.268920,1.437330
-0.389244,0.090225,1.522723
-0.636894,0.056599,1.592686
-0.243950,0.032418,1.554114
-0.782024,-0.166255,1.750797
-0.106275,-0.257648,1.549233
-0.785288,-0.411580,1.549233
-0.072083,-0.499610,1.743540
-0.837007,-0.525357,1.695369
-0.072122,-0.555927,1.485300
-0.419665,-0.177413,1.642569
-0.427679,-0.229693,1.670029
-0.537725,-0.304207,1.708473
-0.353747,-0.307275,1.716768
-0.618076,-0.669479,1.670126
-0.233937,-0.646246,1.603289
-0.357691,-0.724677,1.923169
-0.104318,-0.754126,1.707395
-0.432901,-0.739158,1.838088
-0.099715,-0.716849,1.658833
-0.434509,0.309565,1.438046
-0.406621,0.140283,1.523790
-0.648715,0.093343,1.593380
-0.257433,0.077189,1.556036
-0.786853,-0.128648,1.754308
-0.116140,-0.217167,1.558894
-0.782965,-0.372669,1.558894
-0.084212,-0.459238,1.754666
-0.831412,-0.504103,1.705679
-0.086130,-0.513920,1.501859
-0.429149,-0.141457,1.649899
-0.435463,-0.196506,1.677942
-0.542296,-0.273774,1.716565
-0.359963,-0.272258,1.724849
-0.601566,-0.650683,1.690868
-0.239011,-0.630935,1.623561
-0.330800,-0.725736,1.941657
-0.101673,-0.749465,1.726213
-0.404780,-0.740671,1.856915
-0.104215,-0.719578,1.678375
-0.452696,0.352509,1.439074
-0.425137,0.196156,1.527201
-0.659810,0.129139,1.594623
-0.270405,0.122894,1.558357
-0.791552,-0.091194,1.757809
-0.126237,-0.172889,1.569381
-0.781522,-0.334301,1.569381
-0.096768,-0.415028,1.764616
-0.826191,-0.481168,1.715764
-0.100595,-0.468978,1.519475
-0.438200,-0.104888,1.656639
-0.442721,-0.163239,1.684994
-0.546310,-0.243607,1.723427
-0.365497,-0.237033,1.731435
-0.585963,-0.630097,1.710727
-0.244598,-0.613972,1.643910
-0.307863,-0.727473,1.957655
-0.099021,-0.745114,1.742066
-0.380366,-0.742885,1.873174
-0.107932,-0.722250,1.694435
-0.469588,0.393041,1.440787
-0.441893,0.247476,1.530959
-0.670138,0.163837,1.596243
-0.282029,0.165209,1.560710
-0.796067,-0.055501,1.761030
-0.135296,-0.132402,1.578973
-0.780784,-0.297904,1.578973
-0.108133,-0.374621,1.773370
-0.821411,-0.457465,1.725471
-0.113796,-0.428256,1.535361
-0.446507,-0.070180,1.662645
-0.449354,-0.131545,1.691168
-0.549880,-0.214664,1.729156
-0.370357,-0.204114,1.736875
-0.571617,-0.608975,1.729066
-0.249814,-0.597678,1.662528
-0.288869,-0.729923,1.971066
-0.096962,-0.741446,1.756384
-0.359387,-0.746003,1.886976
-0.111713,-0.725441,1.708688
-0.488053,0.437374,1.444928
-0.459965,0.302565,1.537643
-0.680567,0.202047,1.599045
-0.293686,0.208896,1.564519
-0.801426,-0.016563,1.764380
-0.144995,-0.088264,1.589186
-0.781506,-0.258493,1.589186
-0.119328,-0.330670,1.781205
-0.816838,-0.412519,1.737954
-0.126543,-0.384875,1.551132
-0.454952,-0.033918,1.667871
-0.455923,-0.098885,1.696129
-0.553325,-0.184396,1.732862
-0.374923,-0.170514,1.740432
-0.558757,-0.588092,1.745580
-0.255030,-0.581319,1.679390
-0.273854,-0.732542,1.981850
-0.095402,-0.737748,1.769083
-0.341652,-0.748754,1.898345
-0.115420,-0.727669,1.721019
-0.502259,0.470415,1.447659
-0.475876,0.351403,1.544198
-0.689670,0.236335,1.601680
-0.304033,0.247994,1.568209
-0.806319,0.018388,1.767384
-0.153897,-0.047131,1.598683
-0.782534,-0.223110,1.598683
-0.129396,-0.289778,1.788041
-0.812988,-0.370822,1.749128
-0.138033,-0.344789,1.565125
-0.462423,-0.001177,1.672325
-0.461732,-0.069133,1.700229
-0.556231,-0.156553,1.735533
-0.378896,-0.139798,1.742989
-0.547441,-0.568796,1.760223
-0.260000,-0.565523,1.694252
-0.262496,-0.735567,1.990212
-0.094373,-0.734572,1.780560
-0.326893,-0.752064,1.907482
-0.119098,-0.730082,1.731940
-0.515589,0.501816,1.451930
-0.489270,0.393371,1.550617
-0.697586,0.267769,1.604502
-0.313895,0.285179,1.572951
-0.811126,0.051191,1.770497
-0.162912,-0.007281,1.608152
-0.784306,-0.189994,1.608152
-0.138672,-0.250167,1.793877
-0.810603,-0.318659,1.759119
-0.149289,-0.300173,1.578140
-0.468964,0.028510,1.675924
-0.466849,-0.041425,1.703134
-0.558545,-0.129932,1.736265
-0.382447,-0.110783,1.743988
-0.537596,-0.551068,1.773107
-0.265019,-0.549586,1.706041
-0.254750,-0.738407,1.996074
-0.094043,-0.731639,1.790816
-0.314951,-0.755336,1.914357
-0.122811,-0.732165,1.741483
-0.526130,0.541286,1.469872
-0.501991,0.430330,1.559196
-0.704446,0.296364,1.607451
-0.322948,0.318947,1.578049
-0.815667,0.080808,1.773464
-0.171270,0.028643,1.616933
-0.786682,-0.160015,1.616933
-0.146794,-0.214300,1.798782
-0.809315,-0.271548,1.767501
-0.159050,-0.259481,1.589103
-0.474822,0.055336,1.678854
-0.471444,-0.015906,1.705065
-0.560358,-0.104819,1.735237
-0.385647,-0.083636,1.743559
-0.529375,-0.534820,1.784139
-0.270535,-0.532029,1.713136
-0.250225,-0.740801,1.999680
-0.094316,-0.728678,1.799673
-0.305679,-0.758257,1.919068
-0.126478,-0.733673,1.749494
-0.534983,0.576329,1.487167
-0.513173,0.462722,1.567013
-0.710602,0.323038,1.610756
-0.331034,0.348951,1.582949
-0.819838,0.107094,1.776183
-0.178830,0.060572,1.624850
-0.789147,-0.133309,1.624850
-0.153836,-0.182267,1.802930
-0.808564,-0.229769,1.774602
-0.167490,-0.223450,1.598413
-0.480113,0.079588,1.681222
-0.475606,0.007435,1.706255
-0.561888,-0.081683,1.733221
-0.388528,-0.058870,1.742348
-0.522529,-0.519784,1.793524
-0.275939,-0.514900,1.717606
-0.260118,-0.739035,1.992836
-0.095450,-0.726159,1.806732
-0.311670,-0.755251,1.914766
-0.130546,-0.735522,1.755352
-0.542620,0.608261,1.504937
-0.523223,0.491625,1.574633
-0.715986,0.346800,1.613824
-0.338339,0.375694,1.587669
-0.823708,0.130470,1.778632
-0.185671,0.088995,1.631972
-0.791857,-0.109349,1.631972
-0.160241,-0.153746,1.806155
-0.808503,-0.193223,1.780047
-0.174819,-0.191574,1.606420
-0.484910,0.101432,1.683134
-0.479403,0.028661,1.706749
-0.563272,-0.060185,1.729773
-0.391180,-0.036274,1.740300
-0.517278,-0.505394,1.800812
-0.282604,-0.496250,1.715356
-0.274071,-0.735604,1.982276
-0.098452,-0.723747,1.810642
-0.323559,-0.749910,1.907313
-0.135762,-0.737423,1.757572
-0.551224,0.635227,1.518957
-0.532188,0.517272,1.581847
-0.720720,0.367848,1.616594
-0.344865,0.399472,1.592008
-0.827231,0.151251,1.780793
-0.191745,0.114090,1.638284
-0.794752,-0.087795,1.638284
-0.166014,-0.128543,1.808495
-0.808851,-0.161067,1.784176
-0.181261,-0.163458,1.613415
-0.489210,0.120964,1.684750
-0.482811,0.047797,1.706757
-0.564435,-0.040698,1.725633
-0.393554,-0.015854,1.737656
-0.513340,-0.491794,1.806374
-0.289165,-0.478469,1.710673
-0.290905,-0.731684,1.968097
-0.102423,-0.721671,1.812473
-0.337507,-0.747234,1.897190
-0.141374,-0.739441,1.757479
-0.558852,0.658950,1.531601
-0.540197,0.540018,1.588755
-0.724913,0.386541,1.619060
-0.350690,0.420662,1.595937
-0.830428,0.169739,1.782664
-0.197138,0.136360,1.643871
-0.797739,-0.068465,1.643871
-0.171231,-0.106154,1.809995
-0.809397,-0.132701,1.787188
-0.186964,-0.138538,1.619603
-0.493089,0.138463,1.686130
-0.485891,0.065062,1.706319
-0.565448,-0.023062,1.720842
-0.395705,0.002535,1.734494
-0.510845,-0.478755,1.810015
-0.295976,-0.461363,1.702752
-0.300139,-0.731618,1.960030
-0.108797,-0.720537,1.809361
-0.342501,-0.747824,1.890645
-0.148642,-0.742371,1.751844
-0.565701,0.679810,1.542856
-0.547312,0.560059,1.595405
-0.728657,0.403154,1.621157
-0.355904,0.439622,1.599488
-0.833290,0.186188,1.784152
-0.201942,0.156238,1.648819
-0.801204,-0.051249,1.648819
-0.175967,-0.086143,1.809015
-0.810338,-0.106651,1.787533
-0.192085,-0.116302,1.625110
-0.496609,0.154220,1.687155
-0.488698,0.080709,1.705019
-0.566339,-0.007001,1.714691
-0.397690,0.019067,1.730151
-0.510730,-0.465526,1.810746
-0.303643,-0.445202,1.690408
-0.312557,-0.732021,1.949703
-0.119376,-0.720903,1.798104
-0.350310,-0.749079,1.881533
-0.159136,-0.746731,1.737456
-0.571898,0.698267,1.552418
-0.553577,0.577729,1.601607
-0.731916,0.418048,1.622863
-0.360556,0.456645,1.602608
-0.836041,0.201009,1.784925
-0.206242,0.174129,1.653193
-0.804771,-0.035738,1.653193
-0.180293,-0.068086,1.802959
-0.811454,-0.082668,1.783027
-0.196702,-0.096270,1.629898
-0.499786,0.168496,1.687493
-0.491208,0.094914,1.702304
-0.567092,0.007668,1.706411
-0.399454,0.033804,1.724250
-0.513346,-0.451947,1.808181
-0.311688,-0.430463,1.675131
-0.325635,-0.731825,1.938970
-0.135442,-0.722971,1.775654
-0.358754,-0.749831,1.871773
-0.173926,-0.752592,1.711437
-0.577482,0.714694,1.560754
-0.559022,0.593036,1.607374
-0.734487,0.431334,1.624228
-0.364667,0.471863,1.605397
-0.838649,0.214190,1.784875
-0.210139,0.190330,1.657066
-0.808200,-0.022355,1.657066
-0.184273,-0.051804,1.794797
-0.812520,-0.061358,1.776176
-0.200801,-0.078237,1.633836
-0.502602,0.181254,1.687253
-0.493383,0.107527,1.698555
-0.567637,0.020652,1.697261
-0.400978,0.046653,1.717185
-0.517145,-0.439303,1.804094
-0.319702,-0.417189,1.658383
-0.341653,-0.728301,1.925494
-0.151258,-0.725409,1.751743
-0.370600,-0.749292,1.863685
-0.188055,-0.758399,1.684126
-0.582477,0.729958,1.567775
-0.563913,0.607795,1.611796
-0.735237,0.442520,1.623911
-0.367973,0.485027,1.607474
-0.840789,0.225472,1.781752
-0.213573,0.204596,1.659346
-0.810037,-0.010795,1.659346
-0.187950,-0.037566,1.778104
-0.812172,-0.042092,1.760043
-0.204229,-0.062553,1.635203
-0.504846,0.192558,1.685208
-0.494891,0.118396,1.691859
-0.567589,0.031995,1.685020
-0.401975,0.057393,1.707026
-0.522580,-0.427201,1.797623
-0.328021,-0.405569,1.638820
-0.358324,-0.724148,1.911127
-0.167711,-0.727955,1.714922
-0.381693,-0.748728,1.855897
-0.201820,-0.764032,1.643436
-0.586602,0.743685,1.573720
-0.567601,0.620545,1.615320
-0.734289,0.451522,1.621478
-0.369841,0.495441,1.607884
-0.842038,0.234675,1.775212
-0.216325,0.216331,1.658509
-0.810291,-0.001496,1.658509
-0.190983,-0.026026,1.755989
-0.808956,-0.031334,1.731360
-0.206708,-0.049822,1.632185
-0.505887,0.202137,1.680287
-0.495104,0.127415,1.681429
-0.566343,0.041708,1.668841
-0.401728,0.065725,1.693173
-0.530146,-0.414283,1.787038
-0.336365,-0.395304,1.616046
-0.376078,-0.718460,1.894582
-0.181335,-0.730540,1.678285
-0.395137,-0.744841,1.840296
-0.212726,-0.769281,1.603071
-0.589534,0.755660,1.577587
-0.569187,0.630460,1.616050
-0.729752,0.457344,1.613628
-0.369424,0.502320,1.604537
-0.841752,0.243174,1.763444
-0.217878,0.224669,1.651785
-0.809476,0.007046,1.651785
-0.193303,-0.017988,1.731995
-0.806148,-0.015401,1.704139
-0.207938,-0.040836,1.621930
-0.505216,0.209558,1.670226
-0.493467,0.134234,1.664650
-0.563388,0.049615,1.646452
-0.399798,0.071403,1.673109
-0.538875,-0.400434,1.771481
-0.344204,-0.387056,1.589546
-0.394041,-0.711249,1.875421
-0.189470,-0.731356,1.649666
-0.409061,-0.739257,1.821208
-0.218286,-0.772345,1.570962
-0.591379,0.765885,1.579714
-0.568998,0.637763,1.614666
-0.723841,0.460956,1.603818
-0.367681,0.506672,1.599231
-0.840588,0.249911,1.749464
-0.218501,0.230352,1.642084
-0.807850,0.013742,1.642084
-0.194797,-0.012650,1.706356
-0.803755,-0.005191,1.685906
-0.208329,-0.034550,1.608476
-0.503368,0.215242,1.657991
-0.490693,0.139392,1.645675
-0.559545,0.055882,1.622684
-0.396830,0.075343,1.651160
-0.546446,-0.392714,1.758321
-0.351527,-0.380966,1.561534
-0.409630,-0.708528,1.859341
-0.211151,-0.735668,1.606405
-0.421267,-0.738078,1.804863
-0.236356,-0.778456,1.525251
-0.590810,0.773932,1.577500
-0.564630,0.641409,1.606883
-0.713888,0.462110,1.586262
-0.362760,0.507572,1.586269
-0.836527,0.252297,1.726265
-0.216714,0.231625,1.622121
-0.804904,0.016170,1.622121
-0.195008,-0.011662,1.678227
-0.800770,0.002082,1.664186
-0.206785,-0.037890,1.580806
-0.498545,0.218872,1.637655
-0.485149,0.142793,1.617898
-0.553150,0.060472,1.590713
-0.391638,0.077704,1.620717
-0.555942,-0.378794,1.731467
-0.357511,-0.377511,1.528690
-0.423484,-0.704838,1.839242
-0.231779,-0.739655,1.562543
-0.432042,-0.735753,1.783241
-0.253555,-0.783897,1.479191
-0.590658,0.779018,1.569643
-0.561610,0.640323,1.590842
-0.698724,0.460381,1.558144
-0.352959,0.505622,1.565552
-0.830202,0.254696,1.697131
-0.212556,0.229113,1.591462
-0.801268,0.018660,1.591462
-0.194174,-0.014232,1.647686
-0.797431,0.008305,1.640595
-0.204333,-0.039055,1.546073
-0.493161,0.219992,1.608515
-0.478468,0.144177,1.581206
-0.545345,0.063673,1.550518
-0.384458,0.077273,1.581651
-0.565541,-0.366337,1.695983
-0.361263,-0.375299,1.493263
-0.437808,-0.701105,1.817126
-0.249901,-0.744260,1.520031
-0.443391,-0.733289,1.759117
-0.268167,-0.789656,1.434844
-0.588689,0.779794,1.552869
-0.555848,0.632145,1.561446
-0.679861,0.457281,1.521252
-0.339247,0.499978,1.535211
-0.821158,0.253199,1.660352
-0.205676,0.223160,1.549509
-0.796222,0.017663,1.549509
-0.192052,-0.019944,1.613185
-0.793323,0.011204,1.614086
-0.202628,-0.042491,1.516297
-0.485666,0.217584,1.568695
-0.469819,0.142548,1.534604
-0.535879,0.063784,1.501746
-0.375261,0.074127,1.533561
-0.574317,-0.360021,1.653284
-0.360824,-0.373002,1.453231
-0.465821,-0.699105,1.783540
-0.263644,-0.749289,1.477252
-0.468675,-0.732688,1.722694
-0.278603,-0.795613,1.390291
-0.583831,0.775480,1.525660
-0.545823,0.616374,1.517554
-0.657640,0.451237,1.475516
-0.321653,0.490343,1.496105
-0.767028,0.222630,1.544667
-0.196248,0.215708,1.498680
-0.770502,-0.014211,1.498680
-0.189234,-0.026757,1.536493
-0.777643,-0.005706,1.562039
-0.200566,-0.047686,1.480047
-0.477177,0.211217,1.520494
-0.460826,0.137300,1.481494
-0.526562,0.060453,1.448130
-0.366399,0.067173,1.480283
-0.581445,-0.360173,1.600636
-0.360075,-0.371906,1.414265
-0.492955,-0.700434,1.742545
-0.276156,-0.754514,1.438707
-0.493267,-0.735510,1.678194
-0.288000,-0.802223,1.350262
-0.577520,0.766304,1.489544
-0.534595,0.594693,1.463674
-0.631768,0.442275,1.422395
-0.301731,0.477921,1.450936
-0.719503,0.201548,1.436938
-0.184924,0.203611,1.439544
-0.738983,-0.034807,1.439544
-0.186708,-0.037631,1.453110
-0.757198,-0.019001,1.502174
-0.198769,-0.056413,1.435409
-0.466441,0.201366,1.466071
-0.449400,0.128997,1.423946
-0.514485,0.054347,1.390439
-0.355133,0.057651,1.424237
-0.584370,-0.362317,1.537595
-0.359364,-0.373684,1.383479
-0.519003,-0.704274,1.693501
-0.286793,-0.760597,1.402840
-0.516722,-0.740821,1.625265
-0.295651,-0.808972,1.313264
-0.570439,0.755177,1.451055
-0.523487,0.572977,1.411506
-0.605013,0.418037,1.362449
-0.283095,0.465768,1.408456
-0.676440,0.167782,1.340240
-0.174296,0.191745,1.384418
-0.700072,-0.068992,1.384418
-0.184268,-0.048121,1.365778
-0.730406,-0.043358,1.435166
-0.196949,-0.065865,1.390532
-0.455783,0.190739,1.414788
-0.437931,0.119940,1.370900
-0.502324,0.045978,1.336828
-0.343305,0.047775,1.372760
-0.585613,-0.364526,1.476996
-0.358198,-0.376378,1.354747
-0.544266,-0.709805,1.644202
-0.296615,-0.766595,1.370016
-0.539080,-0.747669,1.572568
-0.302473,-0.815443,1.279632
-0.559917,0.740088,1.404178
-0.508300,0.547738,1.351449
-0.576439,0.392136,1.300693
-0.263364,0.451656,1.362093
-0.634067,0.135903,1.249488
-0.162914,0.178093,1.324604
-0.661596,-0.101277,1.324604
-0.181861,-0.059835,1.282772
-0.701575,-0.069377,1.366346
-0.193528,-0.086108,1.311386
-0.442295,0.177222,1.360364
-0.424078,0.108071,1.316990
-0.488147,0.034434,1.282898
-0.330489,0.036923,1.323847
-0.586995,-0.369481,1.429692
-0.356308,-0.380460,1.326710
-0.567785,-0.718662,1.588342
-0.305651,-0.772988,1.338357
-0.559622,-0.757847,1.513439
-0.308565,-0.822167,1.247473
