-0.510450,0.720885,3.125198
-0.501186,0.516779,3.132680
-0.668453,0.359629,3.094895
-0.331219,0.391404,3.140890
-0.717964,0.096817,3.053427
-0.250749,0.113833,3.099157
-0.707055,-0.126014,3.099157
-0.207897,-0.106302,2.959313
-0.696647,-0.216651,2.922607
-0.215043,-0.193517,2.946750
-0.489293,0.118548,3.119077
-0.479278,0.052096,3.055623
-0.551344,-0.030499,3.030884
-0.399734,-0.015748,3.050754
-0.597013,-0.523203,3.083842
-0.328542,-0.537698,3.097601
-0.603383,-0.895331,3.080047
-0.279870,-0.868888,3.059640
-0.644640,-0.950067,3.029919
-0.246202,-0.938337,2.991725
-0.510363,0.720930,3.125162
-0.501170,0.516761,3.132602
-0.668461,0.359673,3.094852
-0.331161,0.391375,3.140871
-0.717960,0.096824,3.053413
-0.250720,0.113796,3.099126
-0.707087,-0.126019,3.099126
-0.207736,-0.106413,2.959277
-0.696656,-0.216649,2.922665
-0.214925,-0.193648,2.946823
-0.489269,0.118558,3.119065
-0.479250,0.052108,3.055616
-0.551319,-0.030483,3.030866
-0.399679,-0.015769,3.050758
-0.597017,-0.523223,3.083857
-0.328574,-0.537663,3.097601
-0.603343,-0.895313,3.080045
-0.279903,-0.868835,3.059636
-0.644600,-0.950094,3.029912
-0.246203,-0.938364,2.991548
-0.510265,0.720969,3.125103
-0.501146,0.516750,3.132501
-0.668448,0.359719,3.094760
-0.331106,0.391349,3.140852
-0.717959,0.096836,3.053386
-0.250627,0.113798,3.099018
-0.707132,-0.126015,3.099018
-0.207045,-0.105980,2.959213
-0.696668,-0.216646,2.922711
-0.213986,-0.193123,2.945626
-0.489247,0.118568,3.119041
-0.479220,0.052121,3.055599
-0.551289,-0.030460,3.030828
-0.399626,-0.015793,3.050759
-0.597021,-0.523242,3.083870
-0.328603,-0.537633,3.097597
-0.603305,-0.895298,3.080045
-0.279930,-0.868792,3.059630
-0.644564,-0.950118,3.029905
-0.246205,-0.938391,2.991359
-0.510161,0.721003,3.125033
-0.501119,0.516742,3.132390
-0.668419,0.359771,3.094629
-0.331050,0.391324,3.140829
-0.717964,0.096850,3.053342
-0.250431,0.113882,3.098828
-0.707185,-0.126010,3.098828
-0.206147,-0.105307,2.959132
-0.696683,-0.216642,2.922745
-0.212677,-0.192235,2.943961
-0.489224,0.118579,3.119006
-0.479188,0.052132,3.055572
-0.551253,-0.030429,3.030765
-0.399573,-0.015818,3.050754
-0.597024,-0.523259,3.083882
-0.328628,-0.537601,3.097584
-0.603271,-0.895285,3.080044
-0.279955,-0.868755,3.059623
-0.644530,-0.950141,3.029900
-0.246214,-0.938416,2.991192
-0.510032,0.721040,3.124938
-0.501080,0.516736,3.132258
-0.668374,0.359848,3.094458
-0.330980,0.391299,3.140796
-0.717974,0.096879,3.053254
-0.250009,0.114350,3.098483
-0.707246,-0.125994,3.098483
-0.204029,-0.102825,2.959031
-0.696703,-0.216635,2.922763
-0.209709,-0.189083,2.939949
-0.489194,0.118597,3.118952
-0.479145,0.052152,3.055525
-0.551201,-0.030373,3.030648
-0.399518,-0.015844,3.050744
-0.597027,-0.523274,3.083893
-0.328649,-0.537572,3.097561
-0.603240,-0.895275,3.080042
-0.279972,-0.868742,3.059610
-0.644499,-0.950164,3.029897
-0.246222,-0.938442,2.991057
-0.509452,0.721098,3.124454
-0.500784,0.516724,3.131891
-0.668097,0.359976,3.094039
-0.330219,0.391147,3.140171
-0.717931,0.096964,3.053086
-0.247255,0.116912,3.096732
-0.707282,-0.125979,3.096732
-0.193805,-0.079571,2.958870
-0.696684,-0.216643,2.922707
-0.194438,-0.159899,2.911089
-0.488916,0.118643,3.118633
-0.478877,0.052207,3.055212
-0.550964,-0.030259,3.030238
-0.399187,-0.015929,3.050466
-0.596997,-0.523285,3.083874
-0.328589,-0.537520,3.097428
-0.603214,-0.895260,3.080028
-0.279984,-0.868727,3.059597
-0.644471,-0.950188,3.029888
-0.246228,-0.938465,2.990937
-0.508387,0.721202,3.123552
-0.499991,0.516750,3.131177
-0.667578,0.360108,3.093443
-0.329159,0.390940,3.139246
-0.717745,0.097098,3.052849
-0.240784,0.122937,3.091032
-0.707234,-0.125924,3.091032
-0.180227,-0.054157,2.958624
-0.696594,-0.216642,2.922557
-0.179513,-0.125030,2.878380
-0.488326,0.118701,3.118059
-0.478343,0.052264,3.054662
-0.550505,-0.030135,3.029595
-0.398615,-0.016048,3.049986
-0.596872,-0.523285,3.083778
-0.328408,-0.537431,3.097167
-0.603191,-0.895242,3.080007
-0.279994,-0.868716,3.059585
-0.644446,-0.950211,3.029879
-0.246233,-0.938484,2.990826
-0.506489,0.721120,3.121987
-0.498504,0.516730,3.130097
-0.666519,0.360257,3.092515
-0.327247,0.390724,3.137798
-0.717398,0.097232,3.052519
-0.235853,0.126898,3.088582
-0.707018,-0.125860,3.088582
-0.168933,-0.029073,2.958260
-0.696339,-0.216619,2.922290
-0.165555,-0.087699,2.844974
-0.487176,0.118774,3.117119
-0.477302,0.052347,3.053755
-0.549637,-0.029996,3.028622
-0.397478,-0.016190,3.049111
-0.596577,-0.523298,3.083572
-0.327838,-0.537269,3.096483
-0.603167,-0.895230,3.079990
-0.280000,-0.868705,3.059571
-0.644424,-0.950236,3.029869
-0.246237,-0.938498,2.990717
-0.504161,0.721072,3.120143
-0.496653,0.516703,3.128785
-0.665077,0.360441,3.091358
-0.324934,0.390588,3.136107
-0.716883,0.097428,3.052119
-0.230812,0.131001,3.086286
-0.706675,-0.125749,3.086286
-0.158583,-0.005337,2.957857
-0.695941,-0.216588,2.921947
-0.152708,-0.052281,2.813334
-0.485619,0.118888,3.115914
-0.475859,0.052484,3.052579
-0.548368,-0.029810,3.027349
-0.395939,-0.016300,3.047988
-0.596042,-0.523300,3.083109
-0.326853,-0.536967,3.095313
-0.603146,-0.895216,3.079964
-0.280000,-0.868692,3.059558
-0.644402,-0.950262,3.029855
-0.246242,-0.938507,2.990612
-0.501302,0.720898,3.117889
-0.494325,0.516596,3.127174
-0.663176,0.360663,3.089959
-0.321920,0.390392,3.134013
-0.716206,0.097640,3.051631
-0.224333,0.135764,3.083834
-0.706236,-0.125625,3.083834
-0.148694,0.018030,2.957411
-0.695377,-0.216553,2.921524
-0.141290,-0.019349,2.784301
-0.483602,0.119002,3.114423
-0.473984,0.052634,3.051125
-0.546701,-0.029615,3.025807
-0.393937,-0.016430,3.046564
-0.595228,-0.523384,3.082354
-0.325565,-0.536567,3.093708
-0.603124,-0.895202,3.079931
-0.279997,-0.868679,3.059544
-0.644383,-0.950288,3.029842
-0.246247,-0.938506,2.990511
-0.495669,0.720479,3.113695
-0.489160,0.516352,3.124295
-0.659399,0.360952,3.087769
-0.315741,0.390126,3.130219
-0.712776,0.097639,3.049850
-0.208012,0.145840,3.076930
-0.704082,-0.125324,3.076930
-0.134838,0.044423,2.955982
-0.693130,-0.216485,2.920015
-0.132015,0.017035,2.752803
-0.479200,0.119152,3.111675
-0.469977,0.052856,3.048455
-0.543248,-0.029373,3.023283
-0.389624,-0.016599,3.043646
-0.591574,-0.522849,3.075052
-0.323429,-0.536350,3.091440
-0.602971,-0.895122,3.079564
-0.279965,-0.868702,3.059511
-0.644363,-0.950327,3.029768
-0.246217,-0.938503,2.990281
-0.488616,0.719842,3.108437
-0.482522,0.515966,3.120678
-0.653744,0.361380,3.084961
-0.308280,0.389950,3.125425
-0.708066,0.097465,3.047424
-0.192522,0.153762,3.066991
-0.700331,-0.126404,3.066991
-0.125153,0.075420,2.952837
-0.690030,-0.216940,2.917779
-0.123640,0.057592,2.720711
-0.473325,0.119230,3.108027
-0.464649,0.053044,3.044888
-0.538444,-0.029100,3.019902
-0.384140,-0.016811,3.039791
-0.585663,-0.521197,3.061871
-0.320866,-0.536084,3.088755
-0.602072,-0.894649,3.077473
-0.279928,-0.868734,3.059473
-0.644318,-0.950376,3.029497
-0.246111,-0.938609,2.990417
-0.479884,0.718958,3.101532
-0.474146,0.515377,3.115721
-0.647218,0.361700,3.081789
-0.300107,0.390142,3.119820
-0.702402,0.097130,3.044576
-0.170065,0.164910,3.045597
-0.695837,-0.126578,3.045597
-0.114536,0.111696,2.949584
-0.685971,-0.216863,2.914812
-0.116161,0.103735,2.689435
-0.465956,0.119330,3.103294
-0.458037,0.053267,3.040312
-0.532368,-0.028743,3.015619
-0.377499,-0.016963,3.034909
-0.577212,-0.518272,3.042377
-0.318022,-0.535798,3.085821
-0.600363,-0.893509,3.073326
-0.279870,-0.868769,3.059420
-0.643746,-0.950217,3.026697
-0.246007,-0.938712,2.990606
-0.469518,0.718086,3.092465
-0.464317,0.514906,3.109199
-0.639315,0.362146,3.077438
-0.290179,0.388852,3.111046
-0.695491,0.096879,3.040722
-0.149496,0.175940,3.027168
-0.690705,-0.126610,3.027168
-0.103296,0.152526,2.945888
-0.680878,-0.216791,2.910620
-0.110672,0.159747,2.659228
-0.457361,0.119372,3.097215
-0.450501,0.053383,3.034495
-0.525432,-0.028356,3.010247
-0.370089,-0.017243,3.028851
-0.568323,-0.515540,3.019994
-0.314751,-0.535324,3.082397
-0.596431,-0.893208,3.061797
-0.279789,-0.868806,3.059354
-0.640563,-0.949866,3.014752
-0.245962,-0.938737,2.990613
-0.458826,0.716954,3.082344
-0.454039,0.514394,3.101813
-0.630847,0.362622,3.072513
-0.280096,0.387705,3.101874
-0.688023,0.096557,3.036424
-0.129803,0.186728,3.009387
-0.685174,-0.126435,3.009387
-0.095321,0.198152,2.941721
-0.675535,-0.216567,2.906065
-0.106777,0.212341,2.632918
-0.448333,0.119455,3.090410
-0.442511,0.053534,3.027965
-0.518102,-0.027903,3.004310
-0.362154,-0.017503,3.021921
-0.559437,-0.512872,2.996551
-0.311301,-0.534816,3.078789
-0.590561,-0.891997,3.040945
-0.279699,-0.868845,3.059279
-0.636250,-0.949657,2.995082
-0.245921,-0.938752,2.990615
-0.448058,0.715962,3.071769
-0.443529,0.513974,3.093794
-0.621684,0.363151,3.066715
-0.269898,0.387327,3.092383
-0.680300,0.096350,3.031861
-0.110180,0.199956,2.988936
-0.679377,-0.125842,2.988936
-0.088735,0.241343,2.937159
-0.669972,-0.216157,2.901189
-0.103903,0.265892,2.610590
-0.439013,0.119729,3.082890
-0.434146,0.053900,3.020671
-0.510384,-0.027287,2.997709
-0.353838,-0.017423,3.014091
-0.550663,-0.510661,2.972797
-0.307595,-0.534136,3.074876
-0.583766,-0.891430,3.011592
-0.279595,-0.868887,3.059192
-0.630420,-0.949789,2.964475
-0.245880,-0.938763,2.990619
-0.437052,0.714879,3.059927
-0.432893,0.513294,3.084597
-0.609686,0.363302,3.057345
-0.259009,0.387654,3.081099
-0.672336,0.096289,3.026433
-0.090365,0.214920,2.965761
-0.673138,-0.127366,2.965761
-0.083889,0.289320,2.930269
-0.664042,-0.216846,2.895328
-0.103637,0.325985,2.591867
-0.429319,0.119839,3.073885
-0.425125,0.054160,3.011742
-0.501808,-0.026700,2.989460
-0.344951,-0.017306,3.004593
-0.541349,-0.510086,2.947340
-0.303694,-0.533397,3.070525
-0.575018,-0.889220,2.966091
-0.279473,-0.868922,3.059091
-0.621682,-0.947672,2.911827
-0.245840,-0.938769,2.990624
-0.426310,0.713683,3.047366
-0.422555,0.512561,3.075218
-0.598212,0.363381,3.047867
-0.247774,0.388019,3.068523
-0.663946,0.096326,3.019670
-0.066804,0.230616,2.937368
-0.667019,-0.129035,2.937368
-0.079667,0.331971,2.923249
-0.658222,-0.217555,2.889025
-0.103880,0.380144,2.576910
-0.419674,0.119909,3.064401
-0.416249,0.054409,3.002317
-0.493343,-0.026171,2.980458
-0.336180,-0.017251,2.994594
-0.532503,-0.510343,2.922524
-0.299713,-0.532690,3.065797
-0.566172,-0.884329,2.911996
-0.279332,-0.868963,3.058975
-0.609305,-0.943478,2.848766
-0.245805,-0.938776,2.990634
-0.415268,0.712174,3.029461
-0.411463,0.511234,3.060297
-0.587087,0.363324,3.034016
-0.235681,0.387138,3.050326
-0.655582,0.095341,3.008343
-0.046592,0.252202,2.902946
-0.660185,-0.132214,2.902946
-0.078528,0.383475,2.911386
-0.651756,-0.219437,2.879461
-0.108801,0.443382,2.565636
-0.409610,0.119891,3.050407
-0.406980,0.054574,2.988501
-0.484408,-0.025760,2.966381
-0.327251,-0.017604,2.981597
-0.522766,-0.512389,2.892756
-0.295671,-0.532016,3.059348
-0.552470,-0.881513,2.844321
-0.279179,-0.869023,3.058779
-0.592364,-0.938048,2.768994
-0.245770,-0.938780,2.990644
-0.405136,0.710670,3.008568
-0.401417,0.509898,3.043119
-0.576667,0.363276,3.017796
-0.224691,0.385915,3.030050
-0.647795,0.094324,2.995144
-0.026255,0.273164,2.866920
-0.653753,-0.136105,2.866920
-0.077841,0.428920,2.897121
-0.646184,-0.221859,2.866717
-0.110771,0.488967,2.554882
-0.400274,0.119440,3.033707
-0.398318,0.054234,2.971814
-0.476051,-0.025735,2.950308
-0.318770,-0.018574,2.963966
-0.513352,-0.515096,2.861435
-0.291653,-0.531284,3.051939
-0.540354,-0.879019,2.784858
-0.279013,-0.869109,3.058408
-0.577503,-0.933988,2.700660
-0.245729,-0.938790,2.990653
-0.395836,0.709083,2.986153
-0.392549,0.509303,3.020968
-0.567799,0.363693,2.997857
-0.215526,0.385180,3.005671
-0.641002,0.092897,2.975634
-0.011341,0.296329,2.831928
-0.648674,-0.140436,2.831928
-0.078307,0.470863,2.877266
-0.641577,-0.224658,2.849786
-0.112805,0.529942,2.545760
-0.391945,0.119280,3.012520
-0.390654,0.054038,2.950726
-0.468690,-0.025535,2.929252
-0.311244,-0.019432,2.943350
-0.505548,-0.518942,2.826947
-0.287996,-0.530836,3.041757
-0.529407,-0.877444,2.731603
-0.278828,-0.869224,3.057811
-0.564491,-0.931663,2.641050
-0.245506,-0.938871,2.990392
-0.388787,0.707982,2.958683
-0.385900,0.509722,2.995078
-0.560768,0.364362,2.973061
-0.208376,0.385014,2.979396
-0.635917,0.091676,2.952268
-0.000928,0.322152,2.795473
-0.644944,-0.144329,2.795473
-0.081158,0.512255,2.852182
-0.638003,-0.226850,2.826183
-0.114806,0.566518,2.537740
-0.385436,0.119599,2.986428
-0.384475,0.054293,2.924366
-0.462636,-0.024939,2.902640
-0.305161,-0.019689,2.917053
-0.498830,-0.522602,2.793956
-0.284728,-0.529270,3.026153
-0.519913,-0.876081,2.685257
-0.278521,-0.869217,3.056446
-0.553280,-0.929758,2.589741
-0.245268,-0.938933,2.990071
-0.383426,0.707679,2.930070
-0.381800,0.510395,2.966974
-0.556688,0.364818,2.941983
-0.203706,0.385564,2.946962
-0.633402,0.091118,2.921556
0.006169,0.349837,2.758455
-0.643483,-0.145756,2.758455
-0.086917,0.550561,2.821785
-0.636005,-0.228475,2.794799
-0.119250,0.602032,2.531090
-0.381049,0.120191,2.957591
-0.380342,0.054863,2.895265
-0.458658,-0.024102,2.873111
-0.300930,-0.019814,2.887908
-0.494151,-0.524082,2.760708
-0.281759,-0.527615,3.008211
-0.511608,-0.875082,2.644362
-0.278115,-0.869090,3.053896
-0.543994,-0.928689,2.545711
-0.245015,-0.938987,2.989724
-0.379426,0.707815,2.900948
-0.379008,0.511498,2.938017
-0.553771,0.365492,2.910968
-0.200548,0.386354,2.916120
-0.631837,0.090749,2.891407
0.010959,0.375116,2.724865
-0.643039,-0.146248,2.724865
-0.097103,0.589299,2.790353
-0.634914,-0.229515,2.762990
-0.127075,0.637568,2.526823
-0.378097,0.120893,2.928306
-0.377522,0.055455,2.865764
-0.455875,-0.023202,2.843310
-0.298114,-0.019782,2.858579
-0.490322,-0.525448,2.730682
-0.279094,-0.525335,2.986034
-0.504452,-0.874045,2.608384
-0.277707,-0.868833,3.050605
-0.535948,-0.927813,2.507421
-0.244749,-0.939040,2.989467
-0.377449,0.708636,2.869752
-0.379484,0.512729,2.905269
-0.553570,0.366785,2.875054
-0.200483,0.388003,2.883748
-0.634031,0.093077,2.853298
0.011812,0.399148,2.691255
-0.644452,-0.146167,2.691255
-0.107389,0.623568,2.751326
-0.635709,-0.229341,2.724403
-0.135206,0.669695,2.523264
-0.378185,0.121816,2.894443
-0.377310,0.056363,2.831696
-0.455406,-0.021942,2.808450
-0.297924,-0.019208,2.825130
-0.487387,-0.526713,2.703269
-0.276619,-0.521785,2.953873
-0.498226,-0.873234,2.576688
-0.276975,-0.867952,3.043748
-0.528843,-0.927061,2.473579
-0.244207,-0.938702,2.987788
-0.376845,0.710374,2.837879
-0.381692,0.514743,2.870749
-0.555409,0.368661,2.837697
-0.202595,0.389647,2.850343
-0.638587,0.096181,2.810952
0.007569,0.424647,2.657119
-0.647958,-0.145511,2.657119
-0.118268,0.653573,2.706618
-0.638505,-0.228087,2.681061
-0.143497,0.698152,2.519106
-0.380062,0.123317,2.859591
-0.378775,0.057745,2.796807
-0.456917,-0.020244,2.771988
-0.299215,-0.018181,2.791544
-0.485397,-0.527749,2.677788
-0.274390,-0.515062,2.907247
-0.492785,-0.872504,2.548657
-0.275837,-0.864290,3.028636
-0.522559,-0.926356,2.443571
-0.244803,-0.931756,2.969224
-0.376845,0.712092,2.807192
-0.386956,0.516340,2.832845
-0.559500,0.370329,2.798451
-0.206666,0.391533,2.815998
-0.644441,0.099853,2.766513
0.001844,0.448251,2.625428
-0.653218,-0.143640,2.625428
-0.130200,0.679929,2.657417
-0.642189,-0.225957,2.634097
-0.152019,0.723321,2.515203
-0.383388,0.125111,2.824028
-0.381345,0.059377,2.761619
-0.459294,-0.018529,2.735486
-0.301386,-0.016878,2.758152
-0.484061,-0.528722,2.654328
-0.272229,-0.507209,2.851949
-0.487940,-0.871878,2.523711
-0.274226,-0.859447,3.003193
-0.516929,-0.925668,2.416704
-0.245338,-0.922935,2.938873
-0.378189,0.713805,2.776460
-0.392226,0.517896,2.798241
-0.564100,0.371863,2.761570
-0.211392,0.393607,2.783788
-0.650486,0.103829,2.724477
-0.004442,0.469506,2.596893
-0.658500,-0.141819,2.596893
-0.141630,0.703241,2.612156
-0.646054,-0.223712,2.589943
-0.160273,0.745842,2.511645
-0.386993,0.126920,2.790996
-0.384205,0.061093,2.728873
-0.461931,-0.016829,2.701282
-0.303889,-0.015418,2.727147
-0.483139,-0.529706,2.633068
-0.270437,-0.499834,2.799118
-0.483569,-0.871290,2.501287
-0.273567,-0.855470,2.971644
-0.511871,-0.925100,2.392479
-0.245674,-0.919742,2.915178
-0.380121,0.715026,2.746462
-0.397849,0.519276,2.765519
-0.569085,0.373335,2.726509
-0.216690,0.395819,2.753706
-0.656628,0.107905,2.685289
-0.011036,0.488560,2.571380
-0.663750,-0.139646,2.571380
-0.153482,0.723422,2.570084
-0.649979,-0.221445,2.549492
-0.168668,0.765725,2.508377
-0.390936,0.128550,2.759872
-0.387278,0.062629,2.698157
-0.464672,-0.015323,2.669354
-0.306607,-0.014063,2.698179
-0.482582,-0.530532,2.613729
-0.268834,-0.493114,2.747922
-0.479646,-0.870770,2.481020
-0.272791,-0.852680,2.933308
-0.507433,-0.924793,2.370958
-0.246383,-0.917482,2.884724
-0.382628,0.716449,2.716761
-0.404147,0.520294,2.731230
-0.574537,0.374787,2.692621
-0.222376,0.398077,2.724668
-0.663108,0.112200,2.645586
-0.021120,0.508301,2.546433
-0.668670,-0.137153,2.546433
-0.167994,0.741762,2.529507
-0.653617,-0.219080,2.510258
-0.179611,0.784343,2.505349
-0.395282,0.130318,2.729393
-0.390661,0.064201,2.668406
-0.467693,-0.013954,2.638572
-0.309553,-0.012663,2.670514
-0.482320,-0.531229,2.596094
-0.267678,-0.486580,2.693763
-0.476240,-0.870382,2.462924
-0.273444,-0.851732,2.875708
-0.503648,-0.924769,2.352305
-0.246275,-0.916507,2.832613
-0.385447,0.717701,2.688577
-0.410018,0.521196,2.700431
-0.579805,0.376114,2.661271
-0.227779,0.400162,2.697971
-0.669027,0.116085,2.610235
-0.030858,0.526013,2.524373
-0.673034,-0.134770,2.524373
-0.180888,0.758409,2.493073
-0.656941,-0.216500,2.473983
-0.188200,0.800384,2.501997
-0.399475,0.131950,2.701464
-0.393941,0.065700,2.641069
-0.470652,-0.012696,2.610295
-0.312411,-0.011320,2.644956
-0.482264,-0.531837,2.580129
-0.266816,-0.482370,2.645592
-0.473386,-0.870129,2.447091
-0.271393,-0.853108,2.810779
-0.500551,-0.925018,2.336699
-0.245247,-0.916738,2.766658
-0.387353,0.719217,2.661273
-0.415222,0.522146,2.670616
-0.584502,0.377296,2.629490
-0.232560,0.403739,2.670305
-0.674737,0.120040,2.577196
-0.039322,0.543219,2.503353
-0.676328,-0.131669,2.503353
-0.192996,0.773203,2.458459
-0.659194,-0.213579,2.439629
-0.197685,0.815195,2.499828
-0.403191,0.133685,2.672345
-0.396869,0.067487,2.612268
-0.473380,-0.011259,2.580405
-0.314835,-0.009794,2.617680
-0.482406,-0.532353,2.565359
-0.265999,-0.479981,2.599482
-0.471100,-0.870021,2.433611
-0.263194,-0.850684,2.714106
-0.498388,-0.925650,2.324691
-0.239495,-0.914040,2.668183
-0.387802,0.720806,2.631037
-0.417782,0.523147,2.638316
-0.587541,0.378717,2.599454
-0.235391,0.407013,2.641006
-0.680322,0.124587,2.546547
-0.046375,0.558544,2.482120
-0.678184,-0.125319,2.482120
-0.203474,0.785452,2.427569
-0.659466,-0.207691,2.408554
-0.204970,0.827514,2.495385
-0.404467,0.135927,2.640788
-0.397669,0.069869,2.580820
-0.474037,-0.009238,2.548403
-0.315185,-0.007600,2.586928
-0.482263,-0.532858,2.550004
-0.263687,-0.478308,2.550646
-0.469334,-0.870296,2.422446
-0.255456,-0.848992,2.625915
-0.496991,-0.926642,2.315774
-0.234203,-0.911824,2.580038
-0.386985,0.722349,2.599635
-0.417974,0.523847,2.605872
-0.588921,0.380115,2.570311
-0.235216,0.411008,2.608075
-0.685414,0.130776,2.518830
-0.051349,0.572442,2.459083
-0.678444,-0.115928,2.459083
-0.211657,0.794292,2.400216
-0.657693,-0.198293,2.380234
-0.211554,0.838038,2.489790
-0.402888,0.138655,2.607175
-0.395978,0.073067,2.547028
-0.472503,-0.006760,2.514261
-0.312616,-0.004363,2.552605
-0.481129,-0.531970,2.530488
-0.260778,-0.476695,2.506131
-0.467897,-0.870637,2.412937
-0.248942,-0.847401,2.551311
-0.496109,-0.927772,2.309213
-0.229795,-0.909762,2.505376
-0.381633,0.724129,2.564113
-0.410227,0.526063,2.567452
-0.586828,0.381783,2.540894
-0.230050,0.414521,2.569139
-0.687847,0.138936,2.494758
-0.054417,0.584759,2.428772
-0.672980,-0.101036,2.428772
-0.214809,0.801025,2.379545
-0.654540,-0.186370,2.358481
-0.215989,0.846433,2.477944
-0.397120,0.141864,2.570945
-0.391217,0.076361,2.511296
-0.468825,-0.004355,2.480816
-0.307076,-0.000826,2.514276
-0.481275,-0.528693,2.500148
-0.256508,-0.474883,2.466065
-0.466859,-0.870628,2.403114
-0.243264,-0.845142,2.487516
-0.495374,-0.928680,2.302711
-0.226088,-0.907767,2.443390
-0.376053,0.725936,2.531641
-0.402202,0.528139,2.532533
-0.584422,0.383482,2.514479
-0.224360,0.417538,2.533229
-0.689604,0.147099,2.473510
-0.056826,0.595329,2.400455
-0.661969,-0.086046,2.400455
-0.216467,0.805714,2.362158
-0.648055,-0.176198,2.339158
-0.219628,0.853147,2.465298
-0.390925,0.144978,2.537829
-0.386196,0.079532,2.478776
-0.465019,-0.002047,2.450752
-0.301435,0.002491,2.479340
-0.481786,-0.524899,2.470399
-0.252468,-0.473223,2.430782
-0.466253,-0.870600,2.394227
-0.238417,-0.843141,2.433230
-0.495345,-0.929686,2.297760
-0.222866,-0.906219,2.391096
-0.370027,0.727588,2.500835
-0.393879,0.529928,2.500009
-0.581474,0.385258,2.490492
-0.217737,0.420400,2.498773
-0.690039,0.155564,2.455359
-0.058342,0.604329,2.372211
-0.654799,-0.074879,2.372211
-0.216171,0.808382,2.346865
-0.632108,-0.158165,2.327529
-0.222261,0.858182,2.450897
-0.384000,0.148246,2.506907
-0.380640,0.082902,2.448533
-0.460870,0.000427,2.423238
-0.295031,0.006061,2.446508
-0.482480,-0.520615,2.441891
-0.248574,-0.471639,2.399236
-0.465919,-0.870677,2.385733
-0.234241,-0.841302,2.386447
-0.496069,-0.930509,2.292795
-0.220021,-0.904899,2.346035
-0.363712,0.729387,2.473126
-0.385779,0.531620,2.470684
-0.578320,0.386915,2.468940
-0.211303,0.422905,2.467568
-0.689591,0.163949,2.439967
-0.059363,0.611816,2.346037
-0.647030,-0.063799,2.346037
-0.214773,0.809488,2.334313
-0.615474,-0.140068,2.319656
-0.224123,0.861692,2.435730
-0.377224,0.151255,2.479043
-0.375257,0.085972,2.421333
-0.456778,0.002710,2.398572
-0.288999,0.009305,2.416972
-0.482839,-0.516922,2.416193
-0.245088,-0.470255,2.371308
-0.466037,-0.870991,2.377642
-0.230648,-0.839753,2.345685
-0.497473,-0.931590,2.288491
-0.217600,-0.903732,2.306653
-0.358119,0.731111,2.448191
-0.378094,0.533282,2.444488
-0.575236,0.388445,2.449725
-0.205120,0.424863,2.438374
-0.688166,0.172374,2.427615
-0.060376,0.618074,2.321319
-0.638806,-0.052779,2.321319
-0.213066,0.809441,2.324730
-0.598815,-0.122070,2.315912
-0.225305,0.863425,2.419357
-0.370481,0.153979,2.453426
-0.370009,0.088757,2.396217
-0.452751,0.004799,2.375952
-0.283193,0.012225,2.389049
-0.481788,-0.515092,2.395725
-0.241975,-0.469171,2.346324
-0.466443,-0.871470,2.370044
-0.227540,-0.838487,2.309547
-0.498735,-0.932574,2.284045
-0.215531,-0.902676,2.271616
-0.357895,0.733402,2.427069
-0.373309,0.536441,2.421953
-0.565433,0.399949,2.427905
-0.203632,0.427970,2.407348
-0.680976,0.184434,2.416952
-0.072998,0.623721,2.285856
-0.621324,-0.034786,2.285856
-0.218595,0.810482,2.319119
-0.578198,-0.101393,2.311972
-0.232887,0.865638,2.401372
-0.366543,0.157669,2.430074
-0.367588,0.092547,2.372955
-0.450667,0.007588,2.356195
-0.282316,0.017519,2.360014
-0.481660,-0.513511,2.379483
-0.239857,-0.468527,2.323554
-0.466882,-0.871819,2.363102
-0.224815,-0.837420,2.276926
-0.500499,-0.933411,2.280526
-0.213717,-0.901741,2.239861
-0.358113,0.735618,2.408235
-0.369068,0.539469,2.401944
-0.559295,0.407147,2.410334
-0.202774,0.430684,2.379579
-0.672934,0.196573,2.408324
-0.085396,0.628124,2.253318
-0.603516,-0.017006,2.253318
-0.230357,0.807776,2.315662
-0.557919,-0.081392,2.309819
-0.242320,0.866399,2.381282
-0.363111,0.160865,2.409394
-0.365550,0.095769,2.352334
-0.448751,0.010036,2.338659
-0.281974,0.022276,2.334043
-0.481543,-0.512075,2.364883
-0.237965,-0.467938,2.303150
-0.467460,-0.872178,2.356821
-0.222322,-0.836531,2.247703
-0.502537,-0.934214,2.277695
-0.212061,-0.900995,2.211344
-0.359065,0.737811,2.391473
-0.365265,0.542334,2.384100
-0.553245,0.414295,2.394529
-0.202230,0.433089,2.354845
-0.664334,0.208533,2.401500
-0.097244,0.631597,2.223991
-0.585844,0.000176,2.223991
-0.237727,0.806994,2.313957
-0.538354,-0.062399,2.309079
-0.251785,0.866521,2.361758
-0.360083,0.163695,2.390989
-0.363780,0.098642,2.333955
-0.447021,0.012293,2.322932
-0.281922,0.026646,2.310937
-0.481436,-0.510765,2.351652
-0.236284,-0.467495,2.284804
-0.468158,-0.872540,2.351156
-0.220094,-0.835843,2.222304
-0.504802,-0.934977,2.275511
-0.210578,-0.900477,2.186433
-0.359982,0.739858,2.376715
-0.361834,0.545143,2.368175
-0.543329,0.432769,2.379432
-0.201904,0.435266,2.332795
-0.654554,0.224645,2.397059
-0.108447,0.634385,2.197756
-0.567706,0.021625,2.197756
-0.244876,0.806001,2.314682
-0.518827,-0.039583,2.310443
-0.261151,0.866180,2.343055
-0.357495,0.166462,2.374620
-0.362329,0.101590,2.317605
-0.445415,0.014766,2.309005
-0.282294,0.030868,2.290354
-0.481355,-0.509601,2.339709
-0.234820,-0.467284,2.268512
-0.468967,-0.872912,2.346061
-0.218148,-0.835384,2.201070
-0.507248,-0.935696,2.273893
-0.209294,-0.900227,2.165480
-0.361174,0.741960,2.363837
-0.358736,0.547967,2.354045
-0.536481,0.444891,2.366659
-0.201704,0.437211,2.313148
-0.644607,0.240616,2.394129
-0.118794,0.636516,2.174352
-0.550257,0.042339,2.174352
-0.251700,0.804754,2.316625
-0.500404,-0.017847,2.312758
-0.270267,0.865341,2.325272
-0.355193,0.169072,2.359936
-0.361093,0.104390,2.302948
-0.443946,0.017304,2.296672
-0.282847,0.034823,2.271971
-0.481307,-0.508585,2.329078
-0.233583,-0.467335,2.254362
-0.469876,-0.873292,2.341499
-0.216475,-0.835048,2.184162
-0.509818,-0.936371,2.272798
-0.208239,-0.900167,2.148740
-0.362807,0.744043,2.352736
-0.355982,0.550799,2.341600
-0.529981,0.456670,2.355396
-0.201609,0.438945,2.295602
-0.634781,0.256082,2.392403
-0.128263,0.638150,2.153524
-0.533790,0.061939,2.153524
-0.260521,0.801792,2.319397
-0.483289,0.002499,2.315682
-0.279146,0.864127,2.308159
-0.353154,0.171546,2.346768
-0.360059,0.107036,2.289817
-0.442598,0.019888,2.285828
-0.283501,0.038482,2.255624
-0.481293,-0.507717,2.319768
-0.232570,-0.467709,2.242481
-0.470869,-0.873675,2.337435
-0.215103,-0.834886,2.171650
-0.512446,-0.937003,2.272152
-0.207397,-0.900303,2.136224
-0.364882,0.746093,2.343370
-0.353566,0.553670,2.330807
-0.522575,0.472778,2.346158
-0.201598,0.440509,2.279871
-0.625630,0.271027,2.391718
-0.136994,0.639441,2.134936
-0.518848,0.080450,2.134936
-0.268657,0.798965,2.322802
-0.467919,0.021536,2.319068
-0.287536,0.862765,2.292218
-0.351450,0.174135,2.335124
-0.359357,0.109857,2.278226
-0.441450,0.022943,2.276581
-0.284512,0.042242,2.241274
-0.481307,-0.506996,2.311787
-0.231785,-0.468384,2.232845
-0.471947,-0.874058,2.333836
-0.214023,-0.834889,2.163332
-0.515143,-0.937536,2.271863
-0.206756,-0.900616,2.127759
-0.367024,0.748008,2.335389
-0.351481,0.556589,2.321645
-0.516717,0.484000,2.337781
-0.201695,0.441919,2.265744
-0.617672,0.282914,2.391065
-0.145011,0.640452,2.118369
-0.505835,0.095332,2.118369
-0.275852,0.796450,2.325744
-0.454578,0.036919,2.321896
-0.295192,0.861429,2.277709
-0.349977,0.176624,2.324861
-0.358815,0.112492,2.267974
-0.440426,0.026040,2.268733
-0.285515,0.045651,2.228532
-0.481337,-0.506385,2.305078
-0.231214,-0.469278,2.225367
-0.473097,-0.874438,2.330674
-0.213222,-0.835029,2.158877
-0.517842,-0.937991,2.271881
-0.206196,-0.901094,2.123187
-0.369453,0.749914,2.328964
-0.349719,0.559572,2.314083
-0.510791,0.498986,2.331198
-0.201969,0.443206,2.253088
-0.609638,0.296415,2.391668
-0.152387,0.641213,2.103588
-0.493440,0.111379,2.103588
-0.282270,0.794187,2.329600
-0.442068,0.053186,2.325503
-0.302212,0.860106,2.264452
-0.348842,0.179165,2.316044
-0.358512,0.115156,2.259099
-0.439517,0.029273,2.262199
-0.286766,0.049015,2.217433
-0.481389,-0.505904,2.299614
-0.230841,-0.470304,2.219986
-0.474330,-0.874827,2.327917
-0.212695,-0.835303,2.157832
-0.520521,-0.938406,2.272157
-0.205792,-0.901677,2.121894
-0.372044,0.751990,2.324084
-0.348280,0.562580,2.308047
-0.505786,0.509245,2.325107
-0.202499,0.444370,2.241875
-0.602436,0.306968,2.392240
-0.159181,0.641734,2.090426
-0.482408,0.124135,2.090426
-0.287447,0.792598,2.333019
-0.430965,0.066230,2.328615
-0.308581,0.858831,2.252419
-0.347909,0.181660,2.308549
-0.358413,0.117754,2.251527
-0.438694,0.032519,2.256884
-0.288237,0.052276,2.207907
-0.481453,-0.505537,2.295335
-0.230645,-0.471501,2.216545
-0.475615,-0.875217,2.325537
-0.212397,-0.835721,2.159731
-0.523164,-0.938778,2.272674
-0.205532,-0.902403,2.123494
-0.374803,0.754046,2.320572
-0.347159,0.565584,2.303457
-0.501165,0.518642,2.319953
-0.203269,0.445419,2.232069
-0.595625,0.316641,2.393246
-0.165333,0.641883,2.078956
-0.472282,0.135692,2.078956
-0.290460,0.787906,2.336528
-0.420855,0.078018,2.331755
-0.311551,0.851465,2.219350
-0.347210,0.184150,2.302373
-0.358501,0.120333,2.245230
-0.437875,0.035921,2.252769
-0.289904,0.055483,2.199928
-0.481529,-0.505269,2.292161
-0.230597,-0.472692,2.214861
-0.476945,-0.875607,2.323511
-0.212289,-0.836180,2.164118
-0.525746,-0.939108,2.273397
-0.205396,-0.903141,2.127528
-0.377562,0.756190,2.318258
-0.346319,0.568556,2.300222
-0.496870,0.527317,2.315625
-0.204285,0.446349,2.223651
-0.589180,0.325537,2.394577
-0.171179,0.641710,2.068990
-0.462991,0.146190,2.068990
-0.291645,0.782892,2.340036
-0.411647,0.088698,2.334853
-0.311359,0.843361,2.184807
-0.346736,0.186519,2.297416
-0.358752,0.122746,2.240087
-0.437148,0.039229,2.249743
-0.291705,0.058420,2.193285
-0.481615,-0.505110,2.290019
-0.230687,-0.473924,2.214729
-0.478298,-0.875990,2.321822
-0.212334,-0.836501,2.170459
-0.528247,-0.939374,2.274287
-0.205398,-0.903703,2.133451
-0.380069,0.758519,2.316963
-0.345793,0.571418,2.298156
-0.495127,0.540798,2.313366
-0.205568,0.447142,2.216612
-0.584190,0.336427,2.396780
-0.177146,0.641643,2.060987
-0.455603,0.158217,2.060987
-0.282834,0.765674,2.344167
-0.404403,0.100722,2.338592
-0.303550,0.825924,2.144569
-0.346807,0.189302,2.293904
-0.359343,0.125812,2.236364
-0.436713,0.042719,2.247607
-0.293656,0.061432,2.188135
-0.481688,-0.505081,2.288846
-0.230910,-0.475088,2.215952
-0.479672,-0.876365,2.320436
-0.212492,-0.836728,2.178283
-0.530668,-0.939600,2.275335
-0.205492,-0.904148,2.140880
-0.382490,0.760806,2.316551
-0.345587,0.573800,2.296742
-0.493094,0.550779,2.310541
-0.207060,0.447756,2.210910
-0.579452,0.346823,2.400378
-0.182513,0.640855,2.054102
-0.452551,0.166481,2.054102
-0.272141,0.744153,2.354059
-0.411216,0.105451,2.362945
-0.283982,0.789397,2.106169
-0.347180,0.192091,2.291517
-0.360146,0.128883,2.233727
-0.436608,0.046102,2.246296
-0.295735,0.064307,2.184289
-0.481760,-0.505190,2.288557
-0.231284,-0.476483,2.218584
-0.481058,-0.876748,2.319342
-0.212728,-0.836965,2.187149
-0.533007,-0.939788,2.276514
-0.205666,-0.904553,2.149303
-0.384598,0.762948,2.316481
-0.345662,0.575591,2.295904
-0.491409,0.559699,2.308053
-0.208741,0.448150,2.206542
-0.575489,0.355968,2.403914
-0.186225,0.638992,2.048878
-0.451191,0.173268,2.048878
-0.269449,0.735901,2.364642
-0.413909,0.110328,2.378155
-0.279504,0.777435,2.078018
-0.347898,0.194749,2.290100
-0.361193,0.131833,2.232039
-0.436823,0.049311,2.245748
-0.297966,0.066906,2.181613
-0.481841,-0.505394,2.289022
-0.231777,-0.478036,2.222366
-0.482449,-0.877124,2.318512
-0.213028,-0.837200,2.196659
-0.535251,-0.939935,2.277794
-0.205882,-0.904910,2.158361
-0.385195,0.764190,2.316184
-0.346083,0.576591,2.295388
-0.494621,0.556285,2.314488
-0.210541,0.448358,2.203496
-0.576684,0.353442,2.416842
-0.188912,0.636741,2.045617
-0.465516,0.167463,2.045617
-0.265921,0.729737,2.379066
-0.423746,0.109598,2.388714
-0.275986,0.768495,2.062406
-0.348138,0.195840,2.288622
-0.362144,0.132974,2.230662
-0.437100,0.050827,2.245161
-0.299711,0.067827,2.180171
-0.481932,-0.505675,2.290130
-0.232349,-0.479570,2.226968
-0.483836,-0.877493,2.317914
-0.213359,-0.837388,2.206547
-0.537388,-0.940050,2.279143
-0.206141,-0.905174,2.167783
-0.385027,0.765237,2.316755
-0.346840,0.577207,2.295457
-0.499642,0.550501,2.321746
-0.212349,0.448131,2.202421
-0.581235,0.349611,2.426843
-0.188190,0.632788,2.047550
-0.478271,0.161436,2.047550
-0.261242,0.722600,2.388999
-0.432143,0.108373,2.396575
-0.272786,0.759408,2.048152
-0.348579,0.196584,2.287933
-0.363183,0.133758,2.230016
-0.437534,0.051993,2.244980
-0.301306,0.068198,2.180032
-0.482061,-0.505995,2.291624
-0.233078,-0.481477,2.232736
-0.485202,-0.877848,2.317533
-0.213681,-0.837693,2.216586
-0.539420,-0.940122,2.280550
-0.206397,-0.905503,2.177326
-0.385494,0.766017,2.316590
-0.347918,0.577354,2.296066
-0.506054,0.542916,2.328556
-0.214020,0.447537,2.203676
-0.588060,0.345231,2.434537
-0.185754,0.627929,2.052795
-0.491461,0.155576,2.052795
-0.256456,0.716321,2.396159
-0.448194,0.102114,2.402225
-0.269664,0.751080,2.036921
-0.349280,0.196996,2.287998
-0.364291,0.134217,2.230024
-0.438118,0.052821,2.245105
-0.302701,0.067964,2.181234
-0.482240,-0.506319,2.293306
-0.233912,-0.483502,2.239080
-0.486548,-0.878193,2.317342
-0.214015,-0.838092,2.226498
-0.541361,-0.940153,2.281992
-0.206629,-0.905929,2.186858
-0.385841,0.766575,2.316625
-0.349330,0.577025,2.297240
-0.511656,0.534668,2.333017
-0.215509,0.446802,2.206975
-0.598941,0.339210,2.439794
-0.180917,0.622260,2.062831
-0.507047,0.149580,2.062831
-0.251127,0.710276,2.398799
-0.459400,0.099560,2.405035
-0.266700,0.743660,2.030574
-0.350307,0.197055,2.288770
-0.365445,0.134360,2.230612
-0.438788,0.053324,2.245458
-0.303930,0.067231,2.183509
-0.482446,-0.506640,2.295110
-0.234813,-0.485475,2.245685
-0.487859,-0.878526,2.317320
-0.214354,-0.838482,2.236105
-0.543199,-0.940147,2.283460
-0.206843,-0.906333,2.196166
-0.386068,0.766904,2.316858
-0.351007,0.576318,2.298822
-0.516777,0.526152,2.336886
-0.216857,0.445961,2.212105
-0.610101,0.333179,2.443314
-0.175120,0.616495,2.074940
-0.522958,0.142981,2.074940
-0.245888,0.705063,2.398128
-0.479148,0.091653,2.399815
-0.264006,0.737263,2.027905
-0.351538,0.196777,2.290098
-0.366614,0.134168,2.231708
-0.439473,0.053554,2.245968
-0.305011,0.066010,2.186798
-0.482669,-0.506914,2.296987
-0.235814,-0.487335,2.252411
-0.489143,-0.878850,2.317451
-0.214717,-0.838805,2.245347
-0.544926,-0.940115,2.284915
-0.207062,-0.906662,2.205198
-0.386171,0.767036,2.317292
-0.353044,0.575132,2.300904
-0.521806,0.517078,2.339829
-0.218131,0.445197,2.219771
-0.624218,0.323771,2.440205
-0.167117,0.611073,2.093935
-0.542799,0.131241,2.093935
-0.242216,0.701042,2.384732
-0.503421,0.076721,2.381862
-0.261446,0.731483,2.028900
-0.353027,0.196166,2.291937
-0.367761,0.133680,2.233241
-0.440084,0.053575,2.246364
-0.305774,0.064103,2.191524
-0.482944,-0.507166,2.298910
-0.236996,-0.489196,2.259266
-0.490379,-0.879140,2.317712
-0.215082,-0.839119,2.254162
-0.546540,-0.940049,2.286387
-0.207301,-0.906970,2.213851
-0.386257,0.766939,2.317877
-0.355796,0.573481,2.303250
-0.526828,0.507531,2.341717
-0.219724,0.444547,2.229043
-0.637222,0.313655,2.431632
-0.159024,0.606004,2.115148
-0.565375,0.115433,2.115148
-0.239386,0.697890,2.355514
-0.531448,0.054017,2.341571
-0.259035,0.726348,2.033488
-0.354836,0.195252,2.294212
-0.368934,0.132919,2.235164
-0.440722,0.053379,2.246841
-0.306474,0.061720,2.197388
-0.483293,-0.507446,2.300879
-0.238292,-0.491031,2.266139
-0.491578,-0.879437,2.318095
-0.215438,-0.839434,2.262480
-0.548057,-0.939970,2.287832
-0.207534,-0.907266,2.222036
-0.386408,0.766774,2.318528
-0.359296,0.571653,2.305747
-0.531762,0.498045,2.342762
-0.221765,0.444298,2.239700
-0.649625,0.302879,2.420245
-0.151376,0.601910,2.138409
-0.584700,0.099321,2.138409
-0.238476,0.694968,2.320492
-0.553994,0.030502,2.294524
-0.257962,0.722219,2.042867
-0.357063,0.194098,2.296862
-0.370198,0.131932,2.237427
-0.441410,0.053013,2.247383
-0.307273,0.059057,2.204121
-0.483708,-0.507711,2.302866
-0.239662,-0.492839,2.272824
-0.492730,-0.879726,2.318590
-0.215802,-0.839777,2.270260
-0.549474,-0.939866,2.289259
-0.207755,-0.907572,2.229703
-0.386597,0.766495,2.319235
-0.363211,0.569650,2.308382
-0.536618,0.488572,2.343151
-0.223962,0.444164,2.250808
-0.661239,0.291091,2.406234
-0.144283,0.598290,2.161158
-0.600697,0.083255,2.161158
-0.238195,0.692775,2.284247
-0.572910,0.009421,2.250553
-0.257314,0.718876,2.054295
-0.359567,0.192767,2.299785
-0.371521,0.130776,2.239952
-0.442138,0.052495,2.247979
-0.308079,0.056276,2.211344
-0.484174,-0.507952,2.304854
-0.241102,-0.494276,2.278973
-0.493832,-0.879998,2.319161
-0.216172,-0.840041,2.277460
-0.550794,-0.939747,2.290656
-0.207965,-0.907803,2.236870
-0.386942,0.766177,2.319873
-0.368271,0.567341,2.310784
-0.542039,0.478469,2.342003
-0.226985,0.444237,2.262928
-0.671372,0.279479,2.388589
-0.138749,0.595512,2.184366
-0.611213,0.069528,2.184366
-0.240079,0.691222,2.246181
-0.582680,-0.007939,2.206488
-0.257847,0.716195,2.067616
-0.362524,0.191345,2.302904
-0.372938,0.129519,2.242722
-0.442899,0.051848,2.248621
-0.308952,0.053486,2.219458
-0.484731,-0.508135,2.306827
-0.242431,-0.495496,2.284471
-0.494891,-0.880258,2.319801
-0.216536,-0.840246,2.284033
-0.552019,-0.939617,2.292012
-0.208168,-0.907994,2.243537
-0.388065,0.765587,2.320251
-0.375353,0.564738,2.312542
-0.548223,0.468474,2.339607
-0.231813,0.444857,2.275703
-0.679238,0.266235,2.368076
-0.135029,0.593095,2.207084
-0.618409,0.057766,2.207084
-0.243432,0.690505,2.212125
-0.587387,-0.021534,2.168205
-0.259039,0.713931,2.081796
-0.365975,0.190088,2.306007
-0.374516,0.128374,2.245659
-0.443704,0.051149,2.249266
-0.309830,0.051281,2.228363
-0.485415,-0.508184,2.308843
-0.243466,-0.496150,2.288633
-0.495903,-0.880495,2.320492
-0.216845,-0.840345,2.289565
-0.553146,-0.939474,2.293305
-0.208335,-0.908084,2.249222
-0.389640,0.764746,2.320467
-0.383197,0.561885,2.313848
-0.555143,0.458238,2.335672
-0.237438,0.445547,2.287818
-0.685715,0.253177,2.347059
-0.132273,0.590557,2.228339
-0.620922,0.043984,2.228339
-0.248052,0.688712,2.180375
-0.586551,-0.037360,2.132646
-0.264105,0.712872,2.097885
-0.369623,0.188904,2.308716
-0.376123,0.127332,2.248351
-0.444514,0.050460,2.249690
-0.310667,0.049405,2.236745
-0.486118,-0.508200,2.310815
-0.244532,-0.496648,2.292355
-0.496866,-0.880717,2.321229
-0.217354,-0.840222,2.294074
-0.554186,-0.939322,2.294545
-0.208868,-0.907854,2.253645
-0.391585,0.763600,2.320360
-0.391311,0.558856,2.314620
-0.561958,0.448170,2.330908
-0.243008,0.446289,2.298970
-0.691191,0.240867,2.326610
-0.129906,0.588110,2.247715
-0.624273,0.031172,2.247715
-0.252435,0.687032,2.151521
-0.587991,-0.051906,2.102257
-0.269630,0.712270,2.113963
-0.373168,0.187711,2.310977
-0.377617,0.126322,2.250686
-0.445273,0.049684,2.249961
-0.311371,0.047747,2.244096
-0.486751,-0.508250,2.312583
-0.245666,-0.497065,2.295704
-0.497777,-0.880926,2.321996
-0.218177,-0.839914,2.297622
-0.555146,-0.939165,2.295737
-0.209751,-0.907458,2.257126
-0.393813,0.761879,2.318832
-0.398349,0.555863,2.314358
-0.568346,0.438359,2.325154
-0.246242,0.446727,2.306971
-0.694611,0.227041,2.303745
-0.126540,0.585952,2.263525
-0.628065,0.014882,2.263525
-0.255677,0.685514,2.123419
-0.591238,-0.072449,2.071382
-0.274539,0.711888,2.128238
-0.376070,0.186521,2.312333
-0.378778,0.125398,2.252241
-0.445986,0.048610,2.249707
-0.311799,0.046162,2.249127
-0.487128,-0.508333,2.313820
-0.246672,-0.497384,2.298362
-0.498629,-0.881140,2.322781
-0.219300,-0.839452,2.300053
-0.556043,-0.939010,2.296894
-0.211131,-0.906921,2.259500
-0.395101,0.760347,2.317279
-0.404349,0.553116,2.313628
-0.573351,0.429175,2.318451
-0.248926,0.447011,2.313804
-0.696545,0.213905,2.281619
-0.122993,0.583459,2.276824
-0.632110,-0.000875,2.276824
-0.257793,0.684119,2.098517
-0.595930,-0.094307,2.044142
-0.278427,0.711535,2.140472
-0.378441,0.185353,2.313155
-0.379616,0.124464,2.253392
-0.446118,0.047089,2.248399
-0.311957,0.044708,2.253557
-0.487405,-0.508542,2.314804
-0.247479,-0.497383,2.299950
-0.499407,-0.881351,2.323537
-0.220576,-0.838870,2.301644
-0.556874,-0.938859,2.298013
-0.212692,-0.906295,2.261103
-0.394819,0.757819,2.313120
-0.408333,0.550246,2.311999
-0.574900,0.420181,2.309547
-0.250303,0.446840,2.319672
-0.695716,0.200002,2.258659
-0.113347,0.575171,2.286721
-0.636449,-0.017470,2.286721
-0.256952,0.681978,2.076051
-0.601204,-0.113849,2.022043
-0.279864,0.710615,2.149824
-0.379597,0.183751,2.312508
-0.378955,0.122924,2.253062
-0.444216,0.044778,2.244457
-0.310215,0.042795,2.256614
-0.486922,-0.508755,2.312324
-0.247371,-0.496602,2.299453
-0.500063,-0.881515,2.324017
-0.221949,-0.838193,2.302403
-0.557608,-0.938758,2.298987
-0.214390,-0.905659,2.262077
-0.393531,0.754973,2.307468
-0.411254,0.547256,2.309248
-0.575159,0.411627,2.299868
-0.249738,0.445844,2.323952
-0.693952,0.186992,2.237272
-0.100221,0.563954,2.292596
-0.640287,-0.032943,2.292596
-0.255522,0.679946,2.056269
-0.605950,-0.131566,2.002910
-0.280619,0.709738,2.158022
-0.379919,0.181912,2.310871
-0.377418,0.121065,2.251782
-0.441560,0.042070,2.239499
-0.307303,0.040629,2.258479
-0.485022,-0.507498,2.303209
-0.246847,-0.495583,2.297971
-0.500771,-0.881410,2.324060
-0.223380,-0.837442,2.302470
-0.558245,-0.938574,2.299806
-0.216256,-0.904974,2.262424
-0.391141,0.751741,2.300125
-0.413142,0.544150,2.305530
-0.573717,0.403246,2.288970
-0.248157,0.444459,2.327041
-0.691169,0.174586,2.217418
-0.086194,0.551559,2.295770
-0.643554,-0.047657,2.295770
-0.246671,0.675523,2.038826
-0.610123,-0.147509,1.986336
-0.278684,0.708524,2.166141
-0.379491,0.179723,2.308156
-0.375043,0.118783,2.249449
-0.438239,0.038980,2.233584
-0.303474,0.038146,2.259028
-0.482504,-0.505772,2.291357
-0.246029,-0.494379,2.295709
-0.501412,-0.881089,2.323776
-0.224819,-0.836625,2.301913
-0.558825,-0.938345,2.300498
-0.218255,-0.904245,2.262218
-0.386165,0.748090,2.288946
-0.412158,0.540796,2.298862
-0.570545,0.395344,2.276727
-0.244757,0.442518,2.328031
-0.686996,0.163132,2.199187
-0.069575,0.534810,2.292594
-0.645951,-0.060660,2.292594
-0.228607,0.665995,2.023738
-0.613248,-0.161430,1.971859
-0.268367,0.704361,2.170145
-0.377863,0.177236,2.303638
-0.371608,0.116085,2.245544
-0.434242,0.035680,2.226527
-0.298579,0.035259,2.257588
-0.477525,-0.500644,2.269100
-0.244924,-0.493012,2.292640
-0.501418,-0.878008,2.318790
-0.226274,-0.835773,2.300802
-0.558346,-0.935856,2.297457
-0.220339,-0.903504,2.261524
-0.377932,0.744309,2.272520
-0.406576,0.537426,2.287739
-0.563507,0.388617,2.260631
-0.237543,0.440202,2.323848
-0.678928,0.152740,2.181319
-0.048965,0.512274,2.281414
-0.646740,-0.071726,2.281414
-0.201206,0.652367,2.010183
-0.614985,-0.173440,1.958847
-0.250397,0.697073,2.161276
-0.373115,0.174455,2.294901
-0.365345,0.112990,2.237721
-0.427980,0.032339,2.215863
-0.291134,0.032046,2.252144
-0.468240,-0.492734,2.235117
-0.243396,-0.491499,2.288350
-0.498183,-0.869066,2.296078
-0.227749,-0.834910,2.299220
-0.548129,-0.928216,2.275496
-0.222458,-0.902775,2.260424
-0.368012,0.740088,2.252380
-0.396676,0.533509,2.270772
-0.553330,0.382699,2.240753
-0.226668,0.436618,2.312785
-0.668108,0.143408,2.162246
-0.026510,0.489416,2.258074
-0.645716,-0.082156,2.258074
-0.166031,0.631821,1.997112
-0.615525,-0.184174,1.946770
-0.224942,0.684639,2.131562
-0.366195,0.171076,2.281942
-0.357344,0.109143,2.226038
-0.420556,0.028668,2.202250
-0.281841,0.028094,2.241760
-0.455068,-0.483733,2.191491
-0.241410,-0.489690,2.282227
-0.493814,-0.865714,2.269555
-0.229248,-0.834023,2.297096
-0.537213,-0.924548,2.241836
-0.224577,-0.902075,2.258946
-0.357475,0.735733,2.229522
-0.385481,0.529620,2.251508
-0.542093,0.377533,2.219176
-0.214379,0.432989,2.298280
-0.655657,0.135150,2.142292
-0.005770,0.465015,2.227131
-0.643669,-0.091615,2.227131
-0.129899,0.606370,1.984320
-0.615222,-0.193737,1.935372
-0.190875,0.658870,2.091299
-0.358128,0.167422,2.265923
-0.348393,0.105002,2.211436
-0.412439,0.024816,2.186138
-0.271688,0.023904,2.228076
-0.441732,-0.475629,2.148703
-0.239257,-0.488193,2.274882
-0.486217,-0.862149,2.225901
-0.230738,-0.833135,2.294512
-0.521445,-0.920990,2.186829
-0.226691,-0.901404,2.257119
-0.345828,0.729722,2.198730
-0.371656,0.524798,2.223620
-0.528924,0.372438,2.190905
-0.199643,0.428052,2.273480
-0.641017,0.126998,2.117842
0.012816,0.431216,2.191994
-0.639082,-0.100511,2.191994
-0.093303,0.566131,1.968339
-0.612752,-0.202258,1.921908
-0.155074,0.620330,2.029326
-0.347410,0.162637,2.240898
-0.336987,0.099652,2.188017
-0.402330,0.019988,2.161926
-0.258785,0.018672,2.204471
-0.424969,-0.468691,2.100070
-0.236819,-0.487877,2.264829
-0.471809,-0.857859,2.162250
-0.232405,-0.832311,2.291033
-0.497671,-0.915644,2.109015
-0.229684,-0.900706,2.254442
-0.334520,0.723597,2.165426
-0.357248,0.519899,2.191803
-0.515943,0.367716,2.160132
-0.184852,0.421757,2.241379
-0.625929,0.119443,2.091230
0.028244,0.395746,2.151451
-0.632493,-0.109040,2.151451
-0.069851,0.536949,1.949389
-0.608317,-0.209849,1.905901
-0.121638,0.573575,1.959581
-0.335936,0.157056,2.210549
-0.325132,0.093423,2.158960
-0.391921,0.014403,2.132462
-0.245589,0.012677,2.174529
-0.406876,-0.462719,2.046401
-0.233835,-0.488003,2.252354
-0.456917,-0.855452,2.099400
-0.233966,-0.832109,2.286394
-0.474884,-0.913035,2.034517
-0.232153,-0.900369,2.252449
-0.324101,0.717900,2.132561
-0.343586,0.515325,2.160008
-0.503648,0.363556,2.129405
-0.171203,0.415020,2.208243
-0.611460,0.112600,2.065342
0.041044,0.362750,2.110936
-0.625364,-0.116571,2.110936
-0.043556,0.493372,1.930433
-0.603095,-0.216309,1.889776
-0.092612,0.526205,1.890503
-0.324845,0.151461,2.179393
-0.313687,0.087168,2.128756
-0.381848,0.008868,2.102011
-0.232974,0.006782,2.143248
-0.390178,-0.457819,1.996733
-0.230528,-0.488280,2.238066
-0.442267,-0.853578,2.038241
-0.235328,-0.831858,2.281243
-0.453228,-0.910952,1.963324
-0.234539,-0.900015,2.250284
-0.314088,0.711329,2.094220
-0.330805,0.511041,2.121905
-0.491570,0.359865,2.092168
-0.158855,0.409829,2.168589
-0.596896,0.106683,2.034440
0.050959,0.328324,2.062873
-0.616660,-0.123574,2.062873
-0.026300,0.441086,1.906509
-0.595514,-0.222214,1.868612
-0.071793,0.467808,1.806423
-0.313576,0.145630,2.140040
-0.301875,0.080684,2.089878
-0.371160,0.003113,2.063391
-0.220045,0.001124,2.102191
-0.373700,-0.453711,1.943417
-0.226832,-0.488599,2.218493
-0.429649,-0.852776,1.982618
-0.236663,-0.831466,2.275091
-0.434899,-0.910109,1.900628
-0.236996,-0.899595,2.247649
-0.305422,0.704578,2.052226
-0.319547,0.507704,2.078733
-0.481025,0.357133,2.049469
-0.146561,0.404845,2.122222
-0.582556,0.101393,1.997887
0.059030,0.293622,2.010446
-0.606565,-0.130646,2.010446
-0.015082,0.382752,1.877104
-0.587256,-0.227339,1.843824
-0.055675,0.403115,1.728392
-0.303305,0.140700,2.093693
-0.291100,0.075265,2.043434
-0.361632,-0.001996,2.017388
-0.207917,-0.003662,2.052395
-0.358473,-0.450030,1.890050
-0.221867,-0.487889,2.190555
-0.418456,-0.851985,1.935608
-0.237675,-0.830298,2.266497
-0.419096,-0.908952,1.849107
-0.238498,-0.898956,2.242758
-0.299275,0.698246,2.004773
-0.310502,0.505313,2.031072
-0.472865,0.355460,2.001917
-0.136743,0.401345,2.069362
-0.568421,0.097480,1.954787
0.065837,0.264163,1.963759
-0.596145,-0.135807,1.963759
-0.005675,0.332383,1.842142
-0.578409,-0.230940,1.812938
-0.045537,0.335696,1.652949
-0.294422,0.136817,2.041000
-0.281801,0.071128,1.990027
-0.353157,-0.006178,1.964265
-0.197558,-0.006810,1.995171
-0.345344,-0.446647,1.836501
-0.213838,-0.485247,2.149613
-0.407285,-0.850647,1.895258
-0.237200,-0.827235,2.252413
-0.403783,-0.907054,1.805228
-0.237140,-0.892232,2.221478
-0.295631,0.692146,1.952652
-0.303938,0.503259,1.978539
-0.466543,0.354339,1.949528
-0.129212,0.398675,2.011535
-0.555559,0.094382,1.905640
0.064518,0.239889,1.915261
-0.584776,-0.139465,1.915261
0.000397,0.279979,1.799919
-0.568082,-0.232513,1.773962
-0.040012,0.265142,1.579967
-0.287118,0.133323,1.982726
-0.274048,0.067557,1.930665
-0.345903,-0.009972,1.905164
-0.188843,-0.009100,1.932066
-0.334566,-0.444102,1.786700
-0.200799,-0.476918,2.083564
-0.395795,-0.849339,1.858191
-0.233518,-0.819119,2.226110
-0.388454,-0.905148,1.765195
-0.231590,-0.878555,2.184362
-0.293707,0.686343,1.898719
-0.299659,0.501114,1.922593
-0.462115,0.352844,1.893347
-0.124631,0.395526,1.949350
-0.543898,0.092198,1.851872
0.057051,0.216955,1.860235
-0.572428,-0.141386,1.860235
0.002461,0.227189,1.749653
-0.556093,-0.232548,1.725727
-0.037854,0.195512,1.512301
-0.281679,0.129181,1.921283
-0.268257,0.063285,1.867976
-0.340324,-0.014281,1.842564
-0.182413,-0.012046,1.866500
-0.325555,-0.442683,1.740049
-0.184642,-0.469931,1.997853
-0.384430,-0.847777,1.825385
-0.224085,-0.803567,2.176132
-0.373484,-0.902845,1.729705
-0.219613,-0.856224,2.120604
-0.293934,0.680068,1.840932
-0.297212,0.498883,1.865603
-0.459406,0.351341,1.836268
-0.122600,0.391855,1.884238
-0.533681,0.091106,1.793982
0.043547,0.193419,1.797114
-0.559716,-0.141749,1.797114
0.000814,0.173791,1.692747
-0.543224,-0.230763,1.668642
-0.039201,0.126440,1.447484
-0.277672,0.124765,1.858196
-0.264136,0.058830,1.803435
-0.336305,-0.018609,1.778014
-0.177778,-0.015151,1.799512
-0.317855,-0.441777,1.697132
-0.166815,-0.463945,1.893861
-0.373487,-0.845830,1.796200
-0.208584,-0.777920,2.090545
-0.359267,-0.900069,1.698153
-0.209598,-0.836586,2.061060
-0.295302,0.674781,1.785311
-0.296146,0.496719,1.807760
-0.457845,0.349995,1.778559
-0.122469,0.388247,1.817878
-0.524386,0.090888,1.734385
0.025381,0.169467,1.729269
-0.547082,-0.139881,1.729269
-0.003596,0.121838,1.632383
-0.529904,-0.226248,1.606604
-0.041459,0.062826,1.388650
-0.275189,0.120476,1.794352
-0.261809,0.054592,1.737984
-0.334195,-0.022540,1.712685
-0.175039,-0.018005,1.731755
-0.311435,-0.441252,1.655467
-0.152585,-0.458802,1.784220
-0.361082,-0.842192,1.769925
-0.193079,-0.765495,2.012964
-0.343222,-0.894399,1.669827
-0.195771,-0.807624,1.985505
-0.295677,0.670443,1.740799
-0.295750,0.494682,1.749410
-0.457013,0.349371,1.722215
-0.123742,0.384517,1.750789
-0.515910,0.090640,1.674901
0.006232,0.147452,1.660752
-0.534310,-0.136293,1.660752
-0.008889,0.073883,1.569378
-0.516134,-0.219777,1.541869
-0.043689,0.006521,1.336211
-0.273332,0.116447,1.732051
-0.260419,0.050545,1.674297
-0.332819,-0.026111,1.650081
-0.173596,-0.020735,1.665788
-0.306442,-0.441177,1.615286
-0.141853,-0.454191,1.671862
-0.350638,-0.836825,1.740207
-0.175700,-0.755347,1.912951
-0.329966,-0.868522,1.633433
-0.181030,-0.778678,1.892379
-0.296923,0.666242,1.695087
-0.295509,0.492246,1.686261
-0.456105,0.348208,1.661853
-0.125868,0.380119,1.678261
-0.508761,0.091393,1.614511
-0.011965,0.126423,1.588859
-0.521655,-0.130798,1.588859
-0.014161,0.028807,1.503805
-0.501796,-0.211607,1.472414
-0.045464,-0.045167,1.285904
-0.271668,0.112324,1.666072
-0.259553,0.046451,1.607117
-0.331901,-0.029565,1.583997
-0.172927,-0.023407,1.596987
-0.302963,-0.441212,1.576571
-0.132703,-0.455984,1.581222
-0.341166,-0.831068,1.710671
-0.154520,-0.762329,1.763093
-0.318786,-0.841921,1.598836
-0.159207,-0.782260,1.727277
-0.298215,0.662532,1.653344
-0.295485,0.489973,1.629607
-0.455325,0.347071,1.608074
-0.127913,0.375837,1.613305
-0.502708,0.092020,1.561330
-0.027858,0.108852,1.526662
-0.510760,-0.125839,1.526662
-0.018673,-0.010151,1.446448
-0.489408,-0.204470,1.411518
-0.046837,-0.089747,1.242230
-0.270362,0.108662,1.607699
-0.259098,0.042806,1.547798
-0.331350,-0.032568,1.526164
-0.172749,-0.025849,1.535924
-0.300320,-0.441375,1.541717
-0.125007,-0.458176,1.500687
-0.332555,-0.825375,1.683282
-0.136533,-0.770021,1.631356
-0.309559,-0.816753,1.567996
-0.140987,-0.787553,1.582960
-0.300564,0.658530,1.610695
-0.294616,0.487059,1.570678
-0.452849,0.345566,1.551893
-0.130197,0.370429,1.546373
-0.497487,0.091887,1.508685
-0.042390,0.092163,1.463966
-0.501005,-0.122804,1.463966
-0.022787,-0.046300,1.390884
-0.478638,-0.199480,1.353442
-0.047616,-0.130487,1.200680
-0.269181,0.104162,1.548233
-0.259081,0.038222,1.487613
-0.331041,-0.035874,1.467988
-0.173635,-0.029115,1.474422
-0.299075,-0.442069,1.507075
-0.118881,-0.461850,1.423813
-0.325426,-0.819577,1.656739
-0.121606,-0.779952,1.506938
-0.302100,-0.799037,1.541220
-0.126086,-0.795986,1.447570
-0.302801,0.654131,1.566938
-0.292852,0.483065,1.510389
-0.449039,0.343581,1.494424
-0.132077,0.364237,1.479244
-0.493142,0.091277,1.459162
-0.055131,0.076773,1.400934
-0.493015,-0.121872,1.400934
-0.026793,-0.079167,1.339733
-0.470061,-0.196235,1.301718
-0.047909,-0.167131,1.161524
-0.267828,0.099363,1.488595
-0.259098,0.033453,1.427525
-0.330756,-0.039180,1.410213
-0.174833,-0.032443,1.413196
-0.299486,-0.443281,1.471385
-0.114877,-0.466316,1.348227
-0.319847,-0.813497,1.629553
-0.111336,-0.790534,1.384075
-0.296332,-0.781821,1.515081
-0.116143,-0.805716,1.315000
