-0.083228,0.870772,2.714091
-0.095549,0.683673,2.778032
-0.278915,0.565353,2.760658
0.086394,0.559511,2.786896
-0.354618,0.311168,2.774797
0.135888,0.289933,2.780880
-0.343118,0.099601,2.780880
0.116322,0.086470,2.691957
-0.332390,0.025324,2.673772
0.096495,0.021062,2.642324
-0.091936,0.318919,2.785589
-0.089235,0.247825,2.763297
-0.168032,0.166462,2.749949
-0.008033,0.164617,2.766020
-0.192735,-0.287491,2.785130
0.031495,-0.261814,2.824429
-0.207079,-0.589464,2.750199
-0.024830,-0.560708,3.070539
-0.210444,-0.657879,2.676741
-0.000190,-0.653016,3.081946
-0.086480,0.871130,2.701515
-0.105509,0.685340,2.751020
-0.281843,0.565494,2.739226
0.082381,0.561759,2.770820
-0.365898,0.319301,2.746276
0.133367,0.292416,2.768684
-0.342429,0.106784,2.768684
0.114964,0.106962,2.669419
-0.330540,0.057041,2.633200
0.094515,0.066046,2.605734
-0.097116,0.320664,2.763593
-0.093196,0.249237,2.742197
-0.170774,0.168089,2.730885
-0.011371,0.166414,2.744491
-0.194038,-0.290152,2.770381
0.033406,-0.277977,2.800135
-0.211671,-0.604350,2.738531
-0.013555,-0.595711,3.022866
-0.213610,-0.664259,2.675594
-0.002479,-0.670515,3.037187
-0.088640,0.874690,2.686534
-0.108172,0.686812,2.736107
-0.285596,0.568010,2.723898
0.079941,0.564149,2.757986
-0.368762,0.320311,2.726814
0.130581,0.302391,2.748846
-0.334881,0.115372,2.748846
0.119808,0.114400,2.631988
-0.322686,0.052231,2.589191
0.089182,0.034967,2.554951
-0.100305,0.322711,2.745034
-0.096159,0.251744,2.722457
-0.174407,0.170082,2.704980
-0.013523,0.168253,2.728856
-0.200907,-0.283069,2.744395
0.032239,-0.288608,2.757617
-0.211105,-0.604027,2.737757
-0.022108,-0.598839,2.946400
-0.214738,-0.664803,2.676997
0.005833,-0.673512,2.930273
-0.090861,0.874712,2.664255
-0.110542,0.685753,2.720672
-0.286463,0.567767,2.700995
0.074262,0.563202,2.734576
-0.371307,0.323830,2.701020
0.130380,0.312989,2.727985
-0.328141,0.126562,2.727985
0.113212,0.138060,2.592746
-0.313068,0.081296,2.549402
0.082799,0.056082,2.519435
-0.102484,0.320258,2.726631
-0.098160,0.249354,2.702373
-0.175679,0.167519,2.684887
-0.015976,0.167615,2.708031
-0.201486,-0.287219,2.735464
0.032098,-0.277917,2.705853
-0.210005,-0.605024,2.736597
-0.011250,-0.597597,2.864461
-0.214912,-0.665288,2.676396
0.013687,-0.668384,2.848371
-0.091815,0.873564,2.641421
-0.110810,0.685670,2.704456
-0.291150,0.564561,2.680130
0.072045,0.562175,2.720472
-0.371986,0.324346,2.676421
0.129061,0.312999,2.705088
-0.317458,0.131554,2.705088
0.108188,0.140992,2.564994
-0.307065,0.095863,2.523962
0.082256,0.106645,2.520826
-0.102857,0.319376,2.710597
-0.097936,0.248460,2.685434
-0.175800,0.166364,2.669595
-0.015172,0.166505,2.688651
-0.202297,-0.292686,2.725702
0.034620,-0.277932,2.677535
-0.207388,-0.606515,2.734529
0.000992,-0.603935,2.797203
-0.217798,-0.669447,2.674708
0.025380,-0.670215,2.767367
-0.090052,0.874639,2.629603
-0.113411,0.685062,2.679896
-0.292913,0.565860,2.665742
0.071140,0.562703,2.705641
-0.371889,0.326786,2.655637
0.128167,0.316897,2.693350
-0.308264,0.154017,2.693350
0.114941,0.161951,2.516345
-0.291230,0.126379,2.478978
0.081274,0.098787,2.443399
-0.103042,0.319243,2.691964
-0.097735,0.247993,2.667694
-0.175087,0.166128,2.652852
-0.014643,0.165338,2.672314
-0.200580,-0.297695,2.714836
0.030484,-0.296730,2.651720
-0.206043,-0.609518,2.731341
0.023700,-0.618853,2.723418
-0.218792,-0.671726,2.673016
0.043512,-0.679772,2.677776
-0.090463,0.876560,2.616936
-0.113815,0.684641,2.669112
-0.292054,0.564978,2.649078
0.072469,0.557583,2.689819
-0.371706,0.330554,2.636585
0.130782,0.323495,2.678497
-0.315883,0.173694,2.678497
0.115308,0.180132,2.474918
-0.265204,0.111432,2.407632
0.082105,0.127734,2.410574
-0.102847,0.317962,2.677977
-0.097193,0.246886,2.652506
-0.174284,0.165067,2.635097
-0.013843,0.163698,2.658072
-0.198879,-0.299681,2.705647
0.027247,-0.310378,2.630535
-0.203763,-0.610706,2.729467
0.045450,-0.632007,2.658624
-0.219498,-0.672274,2.672132
0.071768,-0.695299,2.594969
-0.085440,0.874743,2.602972
-0.112516,0.684440,2.652802
-0.289693,0.566203,2.635110
0.071706,0.561305,2.674041
-0.375207,0.346065,2.609365
0.132311,0.336994,2.663471
-0.281259,0.218795,2.663471
0.123909,0.215656,2.439184
-0.248456,0.174356,2.384665
0.091612,0.167330,2.375946
-0.101415,0.319147,2.663119
-0.095825,0.248285,2.637541
-0.171932,0.166921,2.619059
-0.013367,0.165662,2.644841
-0.198438,-0.300260,2.698848
0.022769,-0.314137,2.604780
-0.203270,-0.610611,2.727402
0.061388,-0.624127,2.603550
-0.219374,-0.672878,2.670216
0.074331,-0.678573,2.520515
-0.082884,0.867295,2.573895
-0.110208,0.681463,2.639498
-0.284902,0.563650,2.616132
0.075818,0.559440,2.660357
-0.378933,0.350754,2.591280
0.139454,0.345981,2.634000
-0.288984,0.230397,2.634000
0.125465,0.204872,2.413850
-0.225336,0.204966,2.334395
0.092164,0.175373,2.354145
-0.100086,0.317304,2.649774
-0.094183,0.246756,2.623813
-0.170127,0.164780,2.605834
-0.012160,0.164697,2.630382
-0.195088,-0.299806,2.689744
0.022826,-0.316082,2.589812
-0.203115,-0.611002,2.726527
0.089996,-0.618769,2.521610
-0.219648,-0.673159,2.670059
0.094644,-0.688631,2.445093
-0.078963,0.864793,2.561688
-0.107617,0.678875,2.623984
-0.282220,0.562015,2.604373
0.076929,0.557412,2.634827
-0.376976,0.353930,2.567386
0.157732,0.342551,2.609261
-0.279500,0.225412,2.609261
0.122685,0.239674,2.401257
-0.217625,0.272593,2.332058
0.075672,0.256327,2.339662
-0.097158,0.314664,2.636021
-0.092343,0.243956,2.610107
-0.168008,0.163056,2.595505
-0.011138,0.162363,2.614231
-0.193368,-0.300378,2.685925
0.027144,-0.319257,2.572916
-0.203002,-0.616648,2.723714
0.100972,-0.630613,2.468558
-0.219866,-0.674724,2.668281
0.115457,-0.689932,2.393107
-0.073367,0.860435,2.543945
-0.105602,0.675453,2.609993
-0.279194,0.558424,2.590682
0.082577,0.549361,2.620143
-0.374754,0.355642,2.542418
0.172192,0.336422,2.575073
-0.253476,0.275296,2.575073
0.092003,0.295005,2.361461
-0.206081,0.320906,2.320157
0.079018,0.288298,2.326104
-0.095344,0.311633,2.623144
-0.090652,0.240903,2.597447
-0.167212,0.160131,2.585370
-0.008366,0.158573,2.599031
-0.192605,-0.297388,2.675700
0.030921,-0.309022,2.554476
-0.202798,-0.616281,2.722287
0.102266,-0.628899,2.449414
-0.219658,-0.674427,2.668389
0.118884,-0.684197,2.374036
-0.068342,0.856366,2.527796
-0.101331,0.672243,2.591512
-0.274448,0.556961,2.579227
0.089706,0.548304,2.604283
-0.369255,0.356193,2.524510
0.173987,0.331696,2.560143
-0.230296,0.348711,2.560143
0.099435,0.336884,2.338609
-0.199931,0.366314,2.306140
0.082661,0.338051,2.291147
-0.090672,0.309823,2.605727
-0.086317,0.239245,2.580367
-0.163502,0.157639,2.569278
-0.003410,0.157209,2.581763
-0.192209,-0.297398,2.671779
0.038497,-0.312549,2.532685
-0.201829,-0.617715,2.720781
0.108788,-0.628857,2.420819
-0.220876,-0.675980,2.665833
0.130713,-0.682868,2.335022
-0.053935,0.842522,2.497213
-0.091036,0.671610,2.580448
-0.268356,0.559351,2.569793
0.101487,0.546358,2.584618
-0.361817,0.355774,2.503613
0.189481,0.330923,2.528263
-0.212945,0.367818,2.528263
0.109383,0.354285,2.326847
-0.195634,0.391090,2.310757
0.097745,0.365318,2.289346
-0.085151,0.308913,2.592717
-0.082506,0.238439,2.566513
-0.161503,0.156405,2.555058
0.000006,0.155416,2.566378
-0.188921,-0.296710,2.663997
0.040387,-0.316470,2.523025
-0.201628,-0.617627,2.719151
0.115176,-0.627639,2.406061
-0.221636,-0.676911,2.665215
0.131474,-0.683710,2.332975
-0.045680,0.842034,2.486355
-0.081357,0.666792,2.568051
-0.265061,0.563504,2.561049
0.112164,0.550800,2.566579
-0.347243,0.359878,2.467032
0.202825,0.335749,2.493195
-0.187227,0.401668,2.493195
0.111736,0.387548,2.306939
-0.200263,0.409965,2.318200
0.112291,0.410823,2.274533
-0.079061,0.307951,2.579921
-0.077907,0.238257,2.553455
-0.159311,0.154992,2.545346
0.005625,0.153763,2.548803
-0.185818,-0.297157,2.655969
0.044012,-0.321538,2.511355
-0.201699,-0.618559,2.717353
0.118784,-0.635130,2.398516
-0.222721,-0.677943,2.664562
0.135517,-0.688008,2.330314
-0.020945,0.833687,2.454983
-0.068106,0.660149,2.549898
-0.247802,0.560187,2.538008
0.121718,0.550127,2.557383
-0.337148,0.368893,2.444359
0.221485,0.354253,2.449252
-0.176630,0.457406,2.449252
0.101824,0.472654,2.307973
-0.156850,0.494747,2.281784
0.061937,0.512121,2.146241
-0.069766,0.302179,2.561018
-0.068319,0.232827,2.534316
-0.150643,0.149830,2.527665
0.013875,0.148500,2.529584
-0.180979,-0.298113,2.643446
0.049401,-0.324527,2.495295
-0.201959,-0.620453,2.714457
0.119488,-0.638593,2.396004
-0.221972,-0.678834,2.661913
0.137301,-0.691033,2.331047
-0.007596,0.832590,2.437628
-0.048597,0.650871,2.526022
-0.235145,0.562370,2.523889
0.144309,0.542537,2.532424
-0.309084,0.377895,2.401867
0.218568,0.353949,2.419189
-0.157901,0.502723,2.419189
0.133614,0.483986,2.287930
-0.149193,0.511456,2.280856
0.130322,0.552656,2.192065
-0.058129,0.299948,2.543574
-0.058872,0.231079,2.518487
-0.144111,0.148380,2.516089
0.023634,0.145282,2.510775
-0.176814,-0.303539,2.630844
0.051244,-0.326071,2.486812
-0.201244,-0.621091,2.709584
0.125230,-0.644475,2.395867
-0.220401,-0.679256,2.661285
0.138125,-0.693646,2.333186
0.014719,0.828440,2.414202
-0.021339,0.645913,2.500989
-0.204971,0.564242,2.498491
0.134665,0.477463,2.480083
-0.301869,0.385757,2.387489
0.274240,0.327355,2.373817
-0.148851,0.512290,2.373817
0.154734,0.495980,2.279741
-0.142005,0.524743,2.273931
0.143104,0.519051,2.213503
-0.044902,0.287549,2.520883
-0.050197,0.217229,2.497060
-0.136292,0.143369,2.498120
0.025790,0.134152,2.492513
-0.172945,-0.301820,2.610842
0.058563,-0.322498,2.470820
-0.199396,-0.622761,2.706291
0.125333,-0.644494,2.395759
-0.219355,-0.680891,2.656976
0.138895,-0.695147,2.333398
0.042825,0.811578,2.391647
-0.000621,0.638303,2.489371
-0.177140,0.562469,2.475351
0.145580,0.479273,2.471726
-0.286739,0.399655,2.350423
0.289471,0.338310,2.357996
-0.127787,0.533346,2.357996
0.175880,0.506528,2.266670
-0.116808,0.546411,2.261689
0.164497,0.530415,2.215244
-0.030420,0.281442,2.504969
-0.036246,0.211702,2.481297
-0.118907,0.140484,2.475461
0.035391,0.129979,2.478752
-0.161428,-0.302373,2.584165
0.069876,-0.318897,2.452875
-0.182754,-0.627547,2.692270
0.126114,-0.644044,2.395663
-0.220222,-0.683704,2.656781
0.140133,-0.697643,2.332568
0.065723,0.802765,2.371819
0.036813,0.622603,2.467943
-0.156702,0.559357,2.453644
0.177739,0.476851,2.456425
-0.257807,0.414772,2.297094
0.317686,0.332303,2.343510
-0.086043,0.569735,2.343510
0.197157,0.498155,2.230652
-0.012264,0.632003,2.210571
0.192863,0.545645,2.216806
-0.009841,0.276502,2.487778
-0.017921,0.207859,2.465791
-0.105532,0.137919,2.459770
0.051770,0.124731,2.465678
-0.151363,-0.298212,2.555811
0.083581,-0.324760,2.435117
-0.166114,-0.618622,2.673005
0.127142,-0.645478,2.394427
-0.211255,-0.681580,2.655283
0.146982,-0.703894,2.331861
0.095844,0.792583,2.361572
0.057475,0.615163,2.453413
-0.133318,0.558119,2.433861
0.197698,0.469247,2.451692
-0.245913,0.424408,2.275919
0.333554,0.312473,2.356888
-0.077120,0.569884,2.356888
0.216719,0.540736,2.227492
-0.003341,0.632152,2.207411
0.208843,0.602873,2.187721
0.007551,0.274639,2.474204
-0.000764,0.206960,2.454001
-0.090034,0.138060,2.444961
0.066924,0.121629,2.457846
-0.142700,-0.302595,2.531677
0.091792,-0.325855,2.424187
-0.155191,-0.615521,2.661882
0.129341,-0.648292,2.391891
-0.206811,-0.681508,2.651079
0.148992,-0.706369,2.330915
0.128330,0.782264,2.350768
0.076629,0.609732,2.439421
-0.102610,0.552596,2.405556
0.214628,0.468574,2.454149
-0.218568,0.439770,2.232517
0.360520,0.324981,2.352838
-0.044852,0.569557,2.352838
0.263270,0.519334,2.200519
-0.032815,0.589397,2.201807
0.256925,0.581926,2.207676
0.019288,0.271546,2.461978
0.011932,0.203735,2.443865
-0.074701,0.135742,2.429055
0.075302,0.119253,2.453287
-0.135570,-0.304002,2.505931
0.098123,-0.326383,2.416702
-0.153414,-0.615214,2.657269
0.130076,-0.651550,2.389222
-0.207016,-0.682672,2.651098
0.153502,-0.712466,2.329293
0.151288,0.776439,2.342983
0.089949,0.606369,2.427028
-0.079537,0.548574,2.384448
0.237686,0.482149,2.469289
-0.190288,0.452834,2.196588
0.361178,0.325134,2.356708
-0.013837,0.578452,2.356708
0.282919,0.511109,2.167642
0.034626,0.631375,2.194865
0.276581,0.573636,2.218464
0.030469,0.269138,2.449954
0.024793,0.201030,2.434259
-0.059504,0.134421,2.413514
0.085406,0.117414,2.450056
-0.133388,-0.304737,2.491741
0.106380,-0.327328,2.409282
-0.164448,-0.614853,2.649462
0.129282,-0.656249,2.388248
-0.210627,-0.679101,2.646555
0.154906,-0.714685,2.328827
0.185854,0.766943,2.339807
0.117739,0.597930,2.412218
-0.052034,0.550733,2.362989
0.245543,0.476485,2.474751
-0.143056,0.467930,2.157145
0.379519,0.316615,2.388629
0.035643,0.590416,2.388629
0.296794,0.564680,2.145602
0.036815,0.592868,2.137566
0.290461,0.627154,2.198134
0.040277,0.266124,2.438941
0.033161,0.197908,2.426777
-0.051177,0.133691,2.399918
0.089822,0.114509,2.448918
-0.135612,-0.303500,2.475829
0.110462,-0.326812,2.408753
-0.179876,-0.612043,2.637659
0.129997,-0.656954,2.388448
-0.222209,-0.675916,2.636964
0.155736,-0.715993,2.328336
0.228884,0.752754,2.337076
0.126908,0.589324,2.411722
-0.029395,0.542264,2.338892
0.257851,0.467486,2.490910
-0.130020,0.470641,2.124670
0.391406,0.299994,2.433912
0.056828,0.579090,2.433912
0.325511,0.485532,2.101317
0.103018,0.619163,2.101222
0.332541,0.526390,2.293873
0.045825,0.263287,2.431985
0.039409,0.195890,2.421343
-0.042907,0.132556,2.384634
0.092635,0.112217,2.448866
-0.142139,-0.301151,2.463998
0.114832,-0.325273,2.410422
-0.229283,-0.595836,2.623779
0.131502,-0.656859,2.388770
-0.256548,-0.679443,2.618319
0.157064,-0.717825,2.328797
0.265740,0.739972,2.336521
0.148747,0.581869,2.410982
-0.008869,0.506056,2.320380
0.264573,0.458953,2.513503
-0.079516,0.492067,2.079922
0.399523,0.290673,2.478936
0.117408,0.577887,2.478936
0.340657,0.466330,2.045051
0.183049,0.606494,2.038095
0.348451,0.518624,2.313100
0.053889,0.258089,2.425033
0.046790,0.190662,2.415663
-0.033187,0.124558,2.365810
0.095056,0.106282,2.451299
-0.146550,-0.301024,2.456307
0.116432,-0.324007,2.413314
-0.288711,-0.615198,2.615951
0.142085,-0.651185,2.390041
-0.292700,-0.691810,2.620618
0.157186,-0.717996,2.329244
0.289490,0.734516,2.343349
0.170196,0.575017,2.411412
-0.005941,0.476192,2.303032
0.278452,0.453155,2.519341
0.016320,0.531791,2.044515
0.397206,0.274060,2.506483
0.206776,0.630790,2.506483
0.351167,0.456537,2.048331
0.214706,0.651869,2.042542
0.364551,0.495640,2.348514
0.064180,0.258105,2.421533
0.055216,0.191265,2.412406
-0.028453,0.115512,2.346377
0.100283,0.099519,2.461648
-0.185600,-0.331820,2.459624
0.117499,-0.322081,2.419248
-0.341718,-0.621959,2.594865
0.143291,-0.649160,2.390720
-0.344280,-0.697706,2.590052
0.158042,-0.716667,2.330986
0.307826,0.736835,2.346513
0.186600,0.576734,2.409079
0.000183,0.477856,2.283685
0.294685,0.454254,2.519450
0.068676,0.548847,2.018091
0.304508,0.263612,2.590791
0.282751,0.645646,2.590791
0.354006,0.450154,2.045788
0.343684,0.694276,2.044956
0.366857,0.486625,2.377235
0.068722,0.255018,2.415289
0.058542,0.187103,2.404833
-0.030518,0.109526,2.334091
0.099019,0.091776,2.458786
-0.187907,-0.319991,2.449923
0.114986,-0.321870,2.426469
-0.367555,-0.612161,2.558788
0.142202,-0.645173,2.394146
-0.350131,-0.683226,2.579003
0.159039,-0.715500,2.332332
0.328908,0.735825,2.334469
0.204877,0.564330,2.348947
0.010989,0.484806,2.267328
0.313169,0.441420,2.461109
0.138834,0.566576,1.998974
0.267784,0.320686,2.605253
0.335500,0.645175,2.605253
0.354468,0.433692,2.020080
0.401405,0.671803,2.053649
0.361587,0.448881,2.425864
0.071959,0.243510,2.383584
0.055400,0.175984,2.379814
-0.040276,0.100630,2.308564
0.087058,0.072310,2.449564
-0.193534,-0.317042,2.439528
0.112765,-0.322257,2.429602
-0.374227,-0.610482,2.531286
0.140646,-0.644188,2.394641
-0.350799,-0.680247,2.555573
0.159794,-0.714496,2.334219
0.329907,0.722006,2.318566
0.200398,0.552086,2.337635
0.026380,0.501871,2.243082
0.308690,0.429176,2.449796
0.206168,0.581492,2.003935
0.248912,0.342906,2.609497
0.408412,0.651385,2.609497
0.350577,0.422195,2.006049
0.483152,0.680502,2.029545
0.337340,0.416530,2.468203
0.060988,0.213037,2.366494
0.040866,0.139719,2.362524
-0.046437,0.096292,2.310926
0.079134,0.039395,2.414302
-0.199005,-0.318534,2.428355
0.107515,-0.347352,2.434763
-0.379927,-0.608336,2.507470
0.136239,-0.643920,2.395105
-0.363520,-0.681174,2.542395
0.159301,-0.713173,2.336827
0.381462,0.717113,2.315129
0.246671,0.546259,2.334935
0.042635,0.505222,2.232184
0.354962,0.423349,2.447097
0.254945,0.589518,2.025543
0.253005,0.352836,2.594787
0.480413,0.653510,2.594787
0.370872,0.433494,1.997301
0.571610,0.678867,2.010382
0.337594,0.415929,2.469364
0.079880,0.217399,2.363165
0.055988,0.146402,2.360322
-0.036795,0.101648,2.331119
0.104450,0.063964,2.380479
-0.197711,-0.315908,2.415659
0.102367,-0.327676,2.436208
-0.383482,-0.596073,2.487466
0.133940,-0.644524,2.395334
-0.371494,-0.668650,2.505903
0.159298,-0.713162,2.336862
0.357995,0.679052,2.283670
0.224802,0.507996,2.303394
0.065669,0.509440,2.221321
0.333094,0.385086,2.415556
0.304027,0.593630,2.050687
0.264518,0.360939,2.596415
0.549536,0.649808,2.596415
0.384449,0.448980,1.992616
0.629995,0.665806,1.989925
0.424426,0.478326,2.375975
0.083959,0.209770,2.355447
0.059700,0.142428,2.356230
-0.031753,0.097687,2.331667
0.103708,0.061879,2.379627
-0.200313,-0.321777,2.407271
0.098356,-0.331337,2.437927
-0.382915,-0.594164,2.484427
0.130598,-0.644105,2.396292
-0.348070,-0.647971,2.422505
0.159384,-0.713153,2.336991
0.409265,0.685277,2.321483
0.276072,0.514221,2.341206
0.079713,0.508135,2.216752
0.333413,0.555729,2.391794
0.331373,0.589162,2.069341
0.269826,0.535161,2.583507
0.553070,0.643233,2.583507
0.387164,0.626600,1.994550
0.655622,0.650313,1.985315
0.431941,0.651923,2.358534
0.096189,0.208625,2.355604
0.069311,0.142502,2.355886
-0.000969,0.097705,2.331438
0.102432,0.070117,2.379611
-0.198830,-0.324002,2.404394
0.093411,-0.344239,2.438941
-0.382528,-0.594440,2.484101
0.128696,-0.644020,2.396975
-0.339306,-0.649178,2.428777
0.159399,-0.713164,2.336985
0.440472,0.692004,2.352161
0.307279,0.520948,2.371879
0.093722,0.503656,2.212721
0.364619,0.562456,2.422467
0.350773,0.583766,2.076273
0.301033,0.541888,2.614176
0.565478,0.628665,2.614176
0.418429,0.633373,2.004473
0.668214,0.634007,1.997476
0.463164,0.658672,2.389178
0.117839,0.211414,2.364215
0.088376,0.144935,2.358368
0.009415,0.099943,2.330811
0.106632,0.072667,2.380156
-0.199296,-0.326760,2.403818
0.092217,-0.348398,2.438884
-0.382999,-0.596031,2.486161
0.125520,-0.644558,2.397614
-0.386088,-0.667026,2.511966
0.159328,-0.713308,2.336857
0.441420,0.689858,2.353676
0.308227,0.518802,2.373422
0.095520,0.499290,2.214288
0.365567,0.560310,2.424010
0.356197,0.578305,2.085758
0.301981,0.539741,2.615737
0.577472,0.612137,2.615737
0.419407,0.631250,2.013314
0.679037,0.624635,2.001529
0.464097,0.656524,2.390765
0.119343,0.206507,2.365450
0.091684,0.138740,2.356892
0.012477,0.095113,2.330215
0.109069,0.067737,2.375930
-0.201373,-0.333825,2.403945
0.090594,-0.354331,2.437357
-0.383097,-0.599638,2.489687
0.124924,-0.650280,2.398215
-0.385232,-0.671671,2.512344
0.159331,-0.713306,2.336834
0.455885,0.682206,2.371696
0.322692,0.511150,2.391435
0.107974,0.493032,2.212489
0.380032,0.552658,2.442023
0.366085,0.574328,2.088495
0.316446,0.532090,2.633747
0.580882,0.600344,2.633747
0.433886,0.623610,2.020554
0.682070,0.613419,2.007103
0.478534,0.648859,2.408807
0.124928,0.195738,2.369343
0.096484,0.127487,2.358727
0.014956,0.091139,2.331673
0.115012,0.053274,2.373615
-0.200936,-0.336768,2.404765
0.090312,-0.367536,2.434896
-0.383532,-0.600464,2.492063
0.126193,-0.663161,2.397687
-0.334600,-0.654014,2.440872
0.159330,-0.713295,2.336828
0.365413,0.641949,2.298983
0.215334,0.448418,2.222816
0.130386,0.492958,2.206012
0.272674,0.489926,2.273404
0.369580,0.569054,2.092065
0.209088,0.469358,2.465128
0.585347,0.587876,2.465128
0.326514,0.560867,2.028318
0.685819,0.602014,2.011834
0.371110,0.586087,2.240273
0.088968,0.130856,2.325420
0.069297,0.062087,2.337293
0.035887,0.042072,2.333692
0.083071,0.026870,2.356611
-0.207361,-0.339902,2.404827
0.091430,-0.374068,2.432802
-0.383516,-0.600896,2.494604
0.125153,-0.669781,2.397777
-0.354727,-0.657479,2.432664
0.159295,-0.713740,2.336373
0.392454,0.645809,2.312553
0.242393,0.452302,2.236428
0.132371,0.491895,2.205661
0.299733,0.493810,2.287016
0.374997,0.562069,2.094454
0.236147,0.473242,2.478766
0.612493,0.573138,2.478766
0.353561,0.564741,2.028706
0.712418,0.590562,2.012950
0.398095,0.589926,2.254017
0.100652,0.134953,2.325640
0.078760,0.066709,2.337128
0.040708,0.043243,2.333786
0.087956,0.026954,2.356180
-0.226920,-0.362125,2.417338
0.091628,-0.379653,2.430577
-0.383645,-0.601219,2.499359
0.124003,-0.675264,2.397976
-0.353428,-0.657517,2.437974
0.159309,-0.713756,2.336376
0.388336,0.642007,2.298463
0.239111,0.446106,2.231973
0.133173,0.483726,2.204441
0.296451,0.487614,2.282562
0.376841,0.556997,2.092442
0.232865,0.467046,2.474317
0.613399,0.569367,2.474317
0.350270,0.558537,2.028467
0.714962,0.580139,2.019053
0.394767,0.583702,2.249629
0.101441,0.134669,2.324456
0.079339,0.067117,2.336855
0.040598,0.044464,2.332901
0.090723,0.025767,2.356835
-0.228321,-0.365871,2.420733
0.092670,-0.380442,2.430172
-0.381677,-0.601440,2.505312
0.123935,-0.675860,2.397966
-0.351750,-0.658103,2.444264
0.159143,-0.713697,2.336584
0.383287,0.634896,2.292421
0.232315,0.440946,2.219974
0.133746,0.480839,2.203304
0.289655,0.482454,2.270562
0.398956,0.536056,2.071703
0.226069,0.461886,2.462319
0.636903,0.561556,2.462319
0.343375,0.553300,2.025909
0.738042,0.577609,2.019841
0.387881,0.578470,2.237752
0.102659,0.132856,2.322166
0.080138,0.066108,2.336020
0.042028,0.043320,2.332371
0.091590,0.024958,2.356056
-0.227670,-0.366754,2.423064
0.094245,-0.381309,2.428892
-0.375549,-0.597648,2.511755
0.123743,-0.676604,2.398306
-0.348554,-0.654661,2.449797
0.159462,-0.713716,2.336813
0.385044,0.635016,2.287015
0.232782,0.440959,2.220094
0.135652,0.482292,2.200441
0.290122,0.482467,2.270683
0.400017,0.533249,2.064314
0.226536,0.461899,2.462442
0.609397,0.545885,2.462442
0.343886,0.553348,2.004994
0.710084,0.563112,2.013273
0.388349,0.578493,2.237871
0.103391,0.130977,2.320662
0.080685,0.064393,2.335298
0.040109,0.037958,2.331398
0.094567,0.024207,2.354954
-0.226203,-0.371815,2.433510
0.098372,-0.381369,2.427653
-0.364457,-0.601527,2.532552
0.123916,-0.676694,2.398592
-0.336467,-0.658504,2.471094
0.159689,-0.713796,2.336811
0.389101,0.637717,2.284829
0.237218,0.442592,2.221914
0.135357,0.482522,2.198719
0.294559,0.484100,2.272502
0.389209,0.523841,2.036981
0.335286,0.352790,2.500617
0.602033,0.547195,2.500617
0.382605,0.258197,2.010530
0.701596,0.562412,2.028995
0.427030,0.283321,2.244195
0.102221,0.128359,2.319777
0.077733,0.060719,2.334943
0.010825,0.012450,2.307615
0.093212,0.009858,2.374936
-0.208865,-0.376446,2.450465
0.100299,-0.379383,2.427003
-0.358322,-0.601349,2.544513
0.126952,-0.674271,2.400429
-0.329698,-0.658271,2.483417
0.160278,-0.713843,2.336696
0.379013,0.640269,2.264717
0.217022,0.453759,2.197013
0.130677,0.480553,2.196596
0.274363,0.495267,2.247602
0.375928,0.516737,2.018793
0.331661,0.367244,2.473973
0.588144,0.545862,2.473973
0.484146,0.256935,2.011765
0.684252,0.562380,2.042696
0.534974,0.220165,2.596718
0.098598,0.124147,2.316927
0.074818,0.055728,2.334516
0.012556,0.009551,2.307915
0.092632,0.008659,2.377438
-0.209034,-0.379195,2.459263
0.101701,-0.378014,2.426650
-0.340988,-0.608710,2.563670
0.128484,-0.672530,2.401953
-0.316040,-0.665921,2.501327
0.160411,-0.713766,2.336200
0.379018,0.640678,2.261034
0.217117,0.453361,2.196391
0.126178,0.477819,2.192516
0.274457,0.494869,2.246979
0.350991,0.508791,1.993136
0.343014,0.364510,2.469035
0.559966,0.542409,2.469035
0.489210,0.262597,2.011564
0.639504,0.567466,2.057312
0.537942,0.228627,2.613343
0.099611,0.123931,2.315525
0.076590,0.055790,2.334124
0.029732,0.015981,2.318808
0.097684,0.013261,2.371667
-0.177791,-0.365112,2.466840
0.102794,-0.377903,2.426796
-0.325532,-0.605766,2.574003
0.129786,-0.672093,2.403110
-0.299594,-0.663081,2.512156
0.160350,-0.712572,2.335456
0.376857,0.642208,2.249460
0.213132,0.455116,2.196270
0.123104,0.475385,2.189465
0.270472,0.496624,2.246858
0.318455,0.504188,1.981085
0.343328,0.362180,2.465169
0.538095,0.543628,2.465169
0.550043,0.408849,2.014856
0.623374,0.571093,2.063401
0.591424,0.346061,2.426393
0.120747,0.170067,2.304445
0.106528,0.109791,2.324371
0.063204,0.053910,2.300279
0.121007,0.061828,2.382421
-0.176122,-0.365675,2.470761
0.104304,-0.378688,2.427182
-0.305707,-0.602025,2.582149
0.130255,-0.672632,2.404010
-0.277852,-0.659540,2.521288
0.159833,-0.711488,2.335389
0.365438,0.633745,2.240402
0.191188,0.456257,2.191286
0.115011,0.475070,2.187654
0.248528,0.497765,2.241874
0.291510,0.497193,1.968494
0.344874,0.357013,2.447918
0.522260,0.550627,2.447918
0.550825,0.413650,2.024831
0.566316,0.595961,2.065588
0.425944,0.371195,2.421898
0.119323,0.170454,2.303683
0.105761,0.110452,2.324279
0.061350,0.050213,2.297559
0.118343,0.059649,2.391197
-0.169571,-0.366196,2.480160
0.105889,-0.378376,2.428161
-0.293558,-0.600500,2.595947
0.133171,-0.671845,2.405359
-0.264138,-0.657626,2.535412
0.158523,-0.709768,2.335626
0.419986,0.650569,2.266546
0.268396,0.459097,2.273908
0.111206,0.474353,2.187633
0.325736,0.500606,2.324496
0.260492,0.493211,1.962265
0.350461,0.306123,2.495333
0.502356,0.568257,2.495333
0.468681,0.425125,2.049338
0.569716,0.591616,2.073099
0.443982,0.385089,2.386571
0.140005,0.177703,2.323010
0.115710,0.116842,2.332343
0.059164,0.051372,2.298369
0.128023,0.057773,2.394326
-0.163654,-0.369659,2.490532
0.108610,-0.376990,2.429312
-0.277302,-0.598349,2.609568
0.133875,-0.670229,2.406205
-0.237687,-0.653459,2.552911
0.157081,-0.707932,2.336719
0.417196,0.663220,2.294462
0.273309,0.461404,2.279837
0.105391,0.473091,2.189686
0.330649,0.502912,2.330425
0.205569,0.482275,1.952392
0.351867,0.304889,2.494151
0.397776,0.546179,2.494151
0.479900,0.391768,2.006744
0.483398,0.577402,2.051853
0.451583,0.390377,2.364232
0.143773,0.177248,2.325714
0.119671,0.117039,2.335110
0.056854,0.052631,2.299224
0.138300,0.050827,2.394868
-0.156440,-0.368822,2.494076
0.113865,-0.375726,2.429976
-0.251936,-0.603420,2.615845
0.134771,-0.668868,2.407495
-0.212496,-0.658260,2.558530
0.155932,-0.706129,2.337710
0.450224,0.705208,2.279916
0.303983,0.516612,2.291811
0.101127,0.478909,2.191056
0.361323,0.558120,2.342399
0.176925,0.476515,1.952980
0.370787,0.313670,2.469426
0.368909,0.540926,2.469426
0.498668,0.398603,2.007661
0.452334,0.574497,2.055009
0.537968,0.457518,2.233780
0.155468,0.194706,2.326971
0.128563,0.130267,2.335196
0.052706,0.067325,2.293071
0.144860,0.053095,2.394345
-0.148426,-0.364517,2.493228
0.122325,-0.364582,2.427966
-0.226958,-0.606874,2.611769
0.135347,-0.657727,2.409885
-0.186189,-0.660751,2.554343
0.155564,-0.704931,2.337702
0.448234,0.699725,2.255265
0.302194,0.521190,2.289790
0.105722,0.545582,2.179777
0.359535,0.562698,2.340378
0.126926,0.474584,1.951861
0.383535,0.311245,2.454016
0.369728,0.568751,2.454016
0.484956,0.398453,2.037487
0.453154,0.602322,2.084835
0.511763,0.453207,2.229384
0.157868,0.206079,2.323344
0.131534,0.142698,2.331043
0.053079,0.087665,2.285483
0.149561,0.061826,2.388959
-0.132488,-0.351491,2.484939
0.130464,-0.347667,2.422970
-0.208380,-0.594236,2.603591
0.134981,-0.640551,2.409764
-0.169136,-0.647616,2.544506
0.155279,-0.704554,2.337705
0.437673,0.696480,2.229160
0.311458,0.569494,2.277555
0.114183,0.549657,2.178085
0.368798,0.611002,2.328143
0.075835,0.459663,1.960522
0.409959,0.341950,2.399022
0.334591,0.556936,2.399022
0.495402,0.438564,2.032129
0.417976,0.590491,2.079454
0.523508,0.489146,2.166622
0.169846,0.236670,2.317358
0.142972,0.169270,2.326111
0.063391,0.101690,2.281655
0.157611,0.087006,2.384299
-0.118215,-0.341983,2.474973
0.135835,-0.342953,2.419636
-0.188400,-0.584081,2.596792
0.135336,-0.635309,2.410176
-0.148168,-0.637578,2.538176
0.155266,-0.704247,2.337944
0.427402,0.699716,2.208552
0.305025,0.572979,2.268118
0.125675,0.553778,2.176994
0.379956,0.441137,2.395262
0.050556,0.459571,1.973321
0.454529,0.242214,2.389557
0.269354,0.570374,2.389557
0.476244,0.461333,2.014967
0.352682,0.603906,2.062260
0.478381,0.438919,2.226054
0.166383,0.234106,2.313447
0.139635,0.165733,2.322992
0.058279,0.102716,2.280111
0.158765,0.075955,2.378514
-0.114483,-0.346521,2.469105
0.140844,-0.335658,2.413846
-0.186669,-0.584039,2.596597
0.135421,-0.631133,2.410075
-0.145997,-0.637845,2.538280
0.155082,-0.703174,2.339807
0.420345,0.705297,2.189056
0.299443,0.575780,2.261146
0.129484,0.555938,2.179319
0.381079,0.438943,2.385144
0.008225,0.465148,2.001915
0.473898,0.247729,2.341085
0.265494,0.571822,2.341085
0.478072,0.455151,2.017332
0.348809,0.605348,2.064617
0.472926,0.432364,2.213228
0.164678,0.242655,2.304311
0.138960,0.175664,2.313824
0.055270,0.114092,2.273382
0.164745,0.092145,2.364921
-0.080317,-0.340884,2.447378
0.146705,-0.328702,2.404418
-0.187535,-0.588671,2.594471
0.135572,-0.631042,2.409873
-0.148205,-0.642056,2.534691
0.154836,-0.703257,2.339917
0.399217,0.717086,2.162477
0.291458,0.575546,2.243030
0.128585,0.556132,2.179837
0.385682,0.448159,2.370763
-0.003217,0.464846,2.012222
0.446897,0.245656,2.384404
0.201497,0.523488,2.384404
0.448279,0.401239,1.992954
0.284751,0.556990,2.040205
0.448740,0.453100,2.164565
0.164762,0.249766,2.294186
0.140180,0.184148,2.304850
0.053708,0.123250,2.269419
0.171951,0.102037,2.353647
-0.098105,-0.339894,2.440386
0.158893,-0.310816,2.385020
-0.187856,-0.590533,2.591113
0.135711,-0.631202,2.409750
-0.151083,-0.644081,2.529742
0.154852,-0.703200,2.340016
0.394226,0.717642,2.153805
0.285679,0.576214,2.235481
0.125461,0.554883,2.181055
0.386644,0.454830,2.348086
-0.019937,0.464692,2.027013
0.470049,0.260067,2.301973
0.184545,0.519285,2.301973
0.442558,0.437920,1.991928
0.267838,0.552802,2.039201
0.433394,0.497205,2.136875
0.163019,0.252474,2.287447
0.139106,0.187133,2.298931
0.052120,0.126992,2.267655
0.174034,0.107163,2.342473
-0.086212,-0.313679,2.417273
0.160928,-0.309067,2.379761
-0.181974,-0.584021,2.579355
0.135235,-0.632479,2.406487
-0.148805,-0.637002,2.515357
0.154355,-0.703423,2.339831
0.373295,0.725307,2.129717
0.266070,0.588403,2.219984
0.112753,0.542778,2.182254
0.383667,0.454927,2.330449
-0.046399,0.457827,2.042866
0.469782,0.260877,2.297853
0.156503,0.508856,2.297853
0.438163,0.424068,1.992525
0.226169,0.532658,1.978493
0.433102,0.475206,2.097202
0.159567,0.252457,2.280160
0.137246,0.186031,2.292897
0.051654,0.127237,2.267226
0.176439,0.106404,2.329790
-0.085639,-0.310040,2.409863
0.167167,-0.301489,2.367050
-0.185040,-0.591982,2.573272
0.135516,-0.634177,2.404007
-0.155035,-0.644288,2.506981
0.154592,-0.703879,2.339867
0.357269,0.725277,2.111670
0.260077,0.591918,2.217989
0.100661,0.539670,2.181278
0.379908,0.462555,2.312474
-0.071467,0.446381,2.072556
0.464265,0.269732,2.259494
0.143076,0.504473,2.259494
0.427135,0.442586,1.986796
0.199647,0.552706,1.995757
0.430086,0.457966,2.103119
0.157001,0.254871,2.274154
0.135908,0.187801,2.286789
0.050613,0.128999,2.265853
0.178837,0.109017,2.318436
-0.085392,-0.304559,2.396374
0.168481,-0.299596,2.360904
-0.180579,-0.595174,2.564672
0.135755,-0.634222,2.403689
-0.153458,-0.646544,2.496363
0.154440,-0.704095,2.339864
0.342853,0.731443,2.100128
0.251707,0.595771,2.213363
0.084311,0.540375,2.181952
0.371477,0.465725,2.285765
-0.096877,0.438512,2.114342
0.461040,0.273895,2.261089
0.142913,0.502284,2.261089
0.399028,0.443549,1.986630
0.128355,0.492060,1.987146
0.392181,0.498504,2.017133
0.155793,0.256889,2.267568
0.136067,0.189425,2.279810
0.050216,0.130138,2.264226
0.183947,0.110756,2.306000
-0.080363,-0.300708,2.378929
0.172186,-0.294597,2.353465
-0.172045,-0.597675,2.553075
0.136110,-0.634019,2.402901
-0.150592,-0.647817,2.481844
0.154375,-0.704354,2.339627
0.326302,0.733887,2.088881
0.241170,0.596852,2.207507
0.074828,0.541605,2.184302
0.364268,0.454676,2.274843
-0.104397,0.431811,2.133913
0.463264,0.268616,2.264548
0.082797,0.447259,2.264548
0.391164,0.444534,2.000345
0.095817,0.449221,1.987265
0.384321,0.499461,2.007639
0.154272,0.256202,2.260781
0.136094,0.188243,2.272743
0.049983,0.130089,2.262818
0.188075,0.107396,2.293239
-0.079303,-0.303453,2.364645
0.173314,-0.295072,2.351096
-0.154951,-0.595971,2.531517
0.136572,-0.634713,2.401727
-0.136763,-0.645390,2.458701
0.154422,-0.704638,2.339513
0.307646,0.733215,2.073892
0.234098,0.597978,2.203433
0.064807,0.544598,2.188578
0.378758,0.472367,2.271779
-0.106989,0.421600,2.159199
0.440748,0.271409,2.225271
0.051541,0.400728,2.225271
0.357074,0.434862,1.989881
0.053492,0.392049,1.986484
0.350235,0.489754,1.978010
0.153748,0.262024,2.251804
0.137654,0.195384,2.262578
0.049276,0.134288,2.257607
0.193178,0.110390,2.282641
-0.065224,-0.287086,2.323159
0.174489,-0.295543,2.347502
-0.136764,-0.594580,2.495214
0.136269,-0.634639,2.401012
-0.188918,-0.681472,2.516225
0.154329,-0.704377,2.340537
0.293642,0.736943,2.065489
0.228850,0.597466,2.197784
0.059732,0.544462,2.190634
0.400396,0.521084,2.269009
-0.118143,0.417377,2.205690
0.426252,0.295069,2.211434
0.037042,0.331370,2.211434
0.344834,0.427717,1.983817
0.021688,0.330982,1.992844
0.337999,0.482585,1.967369
0.157700,0.267956,2.243820
0.144498,0.203181,2.253978
0.053528,0.137853,2.252493
0.204754,0.116713,2.272423
-0.060321,-0.291770,2.315554
0.174685,-0.297782,2.344693
-0.110269,-0.608176,2.462333
0.136279,-0.634491,2.400812
-0.167447,-0.694097,2.453552
0.154628,-0.704799,2.340542
0.277692,0.736657,2.055487
0.222021,0.596269,2.192202
0.051050,0.545739,2.193679
0.400357,0.511672,2.260822
-0.159895,0.427877,2.231197
0.428428,0.296492,2.215019
-0.068466,0.287056,2.215019
0.320835,0.413680,2.089563
-0.029022,0.252481,2.019664
0.314001,0.468541,1.952555
0.157105,0.270813,2.237050
0.144655,0.206328,2.247543
0.052731,0.140047,2.247249
0.206925,0.117061,2.264691
-0.055162,-0.305256,2.298312
0.172383,-0.300414,2.339836
-0.101873,-0.615224,2.417827
0.137152,-0.633760,2.400327
-0.144415,-0.697112,2.403173
0.154922,-0.705553,2.339766
0.262214,0.736816,2.047305
0.218625,0.594693,2.186744
0.046390,0.545250,2.194180
0.392572,0.508030,2.243995
-0.099873,0.378194,2.241235
0.427175,0.295664,2.208896
-0.097782,0.218410,2.208896
0.306680,0.409014,2.089835
-0.074040,0.195829,2.054971
0.299848,0.463850,1.949485
0.156887,0.271514,2.230287
0.144885,0.207229,2.240997
0.052691,0.141094,2.242630
0.208518,0.117383,2.254737
-0.046277,-0.309574,2.272638
0.168569,-0.302576,2.336296
-0.085913,-0.631042,2.367301
0.137199,-0.633793,2.399998
-0.124345,-0.696252,2.355811
0.155918,-0.706447,2.339658
0.245259,0.734952,2.039405
0.212192,0.593757,2.178589
0.036897,0.541548,2.193255
0.386109,0.497145,2.223673
-0.102946,0.350677,2.249408
0.423727,0.289829,2.196676
-0.118872,0.169942,2.196676
0.280780,0.355639,2.128393
-0.116774,0.110668,2.083213
0.273960,0.410385,1.946702
0.154918,0.271122,2.223704
0.143490,0.206777,2.234982
0.050833,0.140767,2.238504
0.208744,0.115481,2.247338
-0.039813,-0.312054,2.248931
0.167638,-0.308058,2.334066
-0.075993,-0.643181,2.314297
0.137034,-0.634327,2.399939
-0.109446,-0.702854,2.278008
0.156200,-0.706508,2.339213
0.229271,0.732834,2.029983
0.205834,0.592555,2.167473
0.029026,0.539749,2.190441
0.378478,0.489794,2.207737
-0.112658,0.330680,2.260051
0.423345,0.284159,2.188903
-0.125523,0.128289,2.188903
0.257309,0.352701,2.174273
-0.154837,0.073208,2.133787
0.250505,0.407315,1.930458
0.152494,0.270698,2.215183
0.141699,0.206377,2.227196
0.049129,0.140450,2.233622
0.208215,0.114385,2.238326
-0.032660,-0.317613,2.220341
0.164834,-0.316432,2.332465
-0.076002,-0.658238,2.249954
0.133893,-0.637932,2.399590
-0.102452,-0.718147,2.210393
0.158946,-0.707867,2.337327
0.213538,0.729038,2.021178
0.198944,0.590890,2.155505
0.019155,0.536439,2.185543
0.371331,0.486575,2.192848
-0.115512,0.325852,2.264579
0.420216,0.281866,2.172866
-0.164498,0.122628,2.172866
0.266768,0.332575,2.225244
-0.175849,0.053937,2.199556
0.229498,0.344613,1.968198
0.149865,0.269345,2.204738
0.139853,0.205025,2.217180
0.047367,0.138364,2.226087
0.207974,0.113183,2.227008
-0.028719,-0.321750,2.195613
0.162007,-0.320635,2.330100
-0.076291,-0.663356,2.193231
0.130603,-0.643724,2.399889
-0.088399,-0.709304,2.133303
0.159975,-0.708639,2.336878
0.196206,0.726459,2.011481
0.191108,0.588412,2.143521
0.006014,0.532469,2.178453
0.361187,0.480012,2.172276
-0.116988,0.322615,2.266686
0.416220,0.277457,2.161289
-0.173150,0.119725,2.161289
0.248516,0.329241,2.251386
-0.184309,0.046683,2.244830
0.224579,0.341469,1.965264
0.146382,0.267881,2.192631
0.137236,0.203717,2.205128
0.045386,0.135975,2.217818
0.206594,0.111551,2.211026
-0.025645,-0.322306,2.176461
0.159898,-0.324256,2.326819
-0.086988,-0.653576,2.120772
0.129733,-0.644780,2.399367
-0.090209,-0.701179,2.056322
0.161607,-0.709392,2.335460
0.182257,0.724121,2.001002
0.179237,0.584865,2.124963
-0.007161,0.525016,2.170127
0.353327,0.477950,2.155467
-0.119442,0.318272,2.267499
0.408950,0.275878,2.147313
-0.178791,0.118371,2.147313
0.200259,0.331901,2.282052
-0.187710,0.046205,2.267486
0.202092,0.331284,1.949519
0.142850,0.265927,2.177975
0.135111,0.202006,2.191173
0.044052,0.132348,2.206684
0.206679,0.110298,2.196467
-0.022949,-0.337936,2.151799
0.153258,-0.328490,2.314603
-0.079052,-0.657617,2.053439
0.130219,-0.647819,2.396966
-0.104989,-0.700788,1.974986
0.163669,-0.710884,2.333755
0.165432,0.718499,1.984110
0.171299,0.582921,2.109534
-0.018656,0.520226,2.157465
0.342154,0.477337,2.134354
-0.122816,0.312670,2.263999
0.404797,0.276747,2.116832
-0.183033,0.115140,2.116832
0.194558,0.328018,2.290272
-0.191579,0.041915,2.282433
0.192274,0.324702,1.936081
0.138800,0.264498,2.162098
0.132065,0.200727,2.175493
0.041468,0.130025,2.192773
0.205626,0.109343,2.180083
-0.021484,-0.336518,2.137659
0.153775,-0.331138,2.309809
-0.065275,-0.631348,2.012956
0.130043,-0.649915,2.395071
-0.092768,-0.676794,1.923995
0.164140,-0.711395,2.333093
0.150908,0.712438,1.970613
0.159062,0.582010,2.091790
-0.032157,0.512113,2.138529
0.332547,0.477479,2.115755
-0.126717,0.306117,2.258420
0.409452,0.274651,2.109162
-0.185911,0.110302,2.109162
0.186052,0.319319,2.293540
-0.194575,0.036842,2.288863
0.184264,0.315084,1.921103
0.133094,0.261346,2.144410
0.127645,0.197148,2.157701
0.038576,0.123931,2.175461
0.202851,0.107284,2.161157
-0.020315,-0.326164,2.118623
0.157432,-0.336461,2.306515
-0.078751,-0.644254,1.959897
0.129399,-0.651681,2.392383
-0.101207,-0.676205,1.870860
0.164398,-0.712191,2.332554
0.138604,0.706783,1.957053
0.147369,0.582394,2.070277
-0.042979,0.508559,2.121334
0.326107,0.474874,2.100077
-0.134864,0.298447,2.244243
0.448928,0.300447,2.099862
-0.189689,0.104399,2.099862
0.210685,0.312247,2.290212
-0.196538,0.030732,2.286097
0.174455,0.307513,1.900409
0.127564,0.260695,2.124464
0.123381,0.196320,2.138221
0.034197,0.121498,2.156051
0.201685,0.106182,2.143214
-0.017107,-0.321124,2.103283
0.160402,-0.341483,2.299834
-0.073913,-0.630851,1.940948
0.124509,-0.656936,2.388171
-0.093082,-0.664879,1.846414
0.164061,-0.712653,2.332766
0.124302,0.700622,1.939340
0.134929,0.575947,2.046735
-0.056137,0.501779,2.101744
0.310496,0.472020,2.072623
-0.139995,0.288895,2.223442
0.417167,0.291138,2.055872
-0.193602,0.094986,2.055872
0.220900,0.286064,2.270703
-0.194450,0.032647,2.262730
0.167394,0.297082,1.879513
0.120213,0.255651,2.098972
0.117162,0.191537,2.112371
0.029075,0.114737,2.130057
0.197375,0.103245,2.116539
-0.017741,-0.320861,2.076520
0.161077,-0.347184,2.290621
-0.070767,-0.640166,1.910655
0.124731,-0.655868,2.386763
-0.090180,-0.668762,1.825877
0.163698,-0.712705,2.332875
0.108292,0.692661,1.917074
0.121329,0.572194,2.022873
-0.071364,0.494903,2.078796
0.298845,0.469427,2.052072
-0.151076,0.283523,2.189721
0.422215,0.300749,2.052480
-0.194652,0.081943,2.052480
0.218556,0.282617,2.216468
-0.195040,0.017172,2.210855
0.159581,0.291700,1.852954
0.112518,0.250424,2.077356
0.110590,0.186046,2.091227
0.024648,0.108705,2.109292
0.191538,0.098168,2.096311
-0.018297,-0.323503,2.063505
0.160148,-0.349579,2.273308
-0.070331,-0.644508,1.902191
0.124288,-0.656711,2.380150
-0.090621,-0.677463,1.806090
0.163131,-0.716335,2.330722
0.097379,0.685244,1.897900
0.106797,0.567091,2.001544
-0.084657,0.484503,2.053120
0.286474,0.466761,2.028856
-0.165445,0.264628,2.155901
0.425676,0.303328,2.042088
-0.200560,0.060425,2.042088
0.213057,0.275038,2.177233
-0.192933,-0.001706,2.161491
0.157584,0.285861,1.834589
0.103726,0.243974,2.049372
0.103117,0.179264,2.061743
0.019486,0.099352,2.076208
0.185347,0.092971,2.066055
-0.028788,-0.357499,2.019244
0.157206,-0.354243,2.256580
-0.068121,-0.645340,1.894165
0.124250,-0.662570,2.373174
-0.090209,-0.680110,1.804503
0.163918,-0.718369,2.329418
0.082648,0.681095,1.877262
0.093643,0.563221,1.977448
-0.096798,0.474571,2.024818
0.274714,0.466279,2.007415
-0.177134,0.251996,2.118487
0.420427,0.304678,2.024757
-0.202622,0.044387,2.024757
0.209921,0.271202,2.124841
-0.198807,-0.019756,2.107379
0.150267,0.279222,1.803357
0.095177,0.238888,2.023446
0.095502,0.173994,2.035768
0.013281,0.093988,2.050442
0.178663,0.088455,2.040234
-0.030045,-0.357864,2.014220
0.151696,-0.357828,2.229034
-0.069658,-0.646864,1.890781
0.123852,-0.662922,2.367122
-0.090237,-0.682611,1.806193
0.162918,-0.719552,2.328298
0.070971,0.681321,1.857171
0.078689,0.564622,1.958251
-0.110087,0.469767,1.999187
0.261761,0.468031,1.984548
-0.185527,0.245306,2.074549
0.410791,0.296257,2.012859
-0.203218,0.035988,2.012859
0.208379,0.267134,2.065933
-0.198238,-0.022837,2.048490
0.147462,0.269665,1.778394
0.084060,0.236598,1.997980
0.085111,0.170885,2.008736
0.004179,0.089362,2.020560
0.168748,0.085935,2.011259
-0.039371,-0.355722,1.993433
0.145092,-0.356112,2.192921
-0.070683,-0.646181,1.890081
0.122786,-0.669709,2.355768
-0.088629,-0.684730,1.814635
0.162990,-0.726610,2.323968
0.060833,0.685488,1.832449
0.064098,0.569229,1.934192
-0.120041,0.472508,1.964981
0.246389,0.468332,1.958974
-0.193498,0.239354,2.027345
0.388166,0.304732,1.977764
-0.204951,0.029603,1.977764
0.205579,0.259664,2.010392
-0.198744,-0.023776,1.980724
0.141213,0.256816,1.745350
0.073595,0.235397,1.970804
0.075497,0.168577,1.981196
-0.002549,0.087665,1.994313
0.158098,0.085434,1.981362
-0.044756,-0.353825,1.979202
0.153112,-0.344860,2.159074
-0.073788,-0.646176,1.888548
0.129019,-0.666801,2.337246
-0.088527,-0.685704,1.818481
0.165807,-0.730525,2.316296
0.049095,0.691701,1.809653
0.046697,0.574324,1.910607
-0.132739,0.476423,1.938123
0.235118,0.471506,1.939089
-0.200530,0.240870,1.981633
0.376384,0.310763,1.954494
-0.200224,0.032468,1.954494
0.203504,0.252517,1.941848
-0.198604,-0.036536,1.916232
0.140391,0.245464,1.721520
0.060903,0.238681,1.942260
0.063733,0.171531,1.951609
-0.012489,0.089038,1.963950
0.146857,0.089565,1.949856
-0.049836,-0.352070,1.964841
0.152062,-0.344830,2.123060
-0.075991,-0.644614,1.887402
0.132638,-0.664577,2.327677
-0.088122,-0.686089,1.819296
0.167434,-0.731352,2.314676
0.037525,0.691958,1.787357
0.036959,0.579290,1.892219
-0.143709,0.477593,1.914150
0.224529,0.473908,1.918828
-0.204972,0.247459,1.940769
0.371592,0.309002,1.941500
-0.199563,0.043120,1.941500
0.200044,0.242318,1.879089
-0.193289,-0.009927,1.847984
0.143647,0.233067,1.702138
0.051258,0.240033,1.918758
0.054133,0.172090,1.927145
-0.022884,0.088961,1.935135
0.138083,0.090240,1.927133
-0.060315,-0.346503,1.945420
0.153491,-0.337378,2.072971
-0.077161,-0.642927,1.885791
0.138682,-0.643941,2.270491
-0.087272,-0.686139,1.820326
0.138569,-0.688590,2.192552
0.020722,0.692428,1.756337
0.026371,0.587586,1.866930
-0.154348,0.478029,1.883029
0.210406,0.479426,1.896526
-0.214592,0.250236,1.897688
0.362351,0.318444,1.924249
-0.202606,0.050635,1.924249
0.200015,0.229634,1.820181
-0.187744,0.002594,1.782833
0.151687,0.211535,1.679585
0.043103,0.239509,1.892852
0.046369,0.169899,1.900972
-0.028433,0.085948,1.908557
0.128779,0.090557,1.900666
-0.068686,-0.348295,1.930604
0.159313,-0.331270,2.030166
-0.081403,-0.639410,1.882028
0.134662,-0.638753,2.250334
-0.086133,-0.686378,1.821560
0.170276,-0.715078,2.293853
0.012195,0.690429,1.739815
0.020187,0.588766,1.852537
-0.164876,0.480500,1.859883
0.201096,0.480405,1.881100
-0.222557,0.255000,1.859146
0.284888,0.288155,1.853109
-0.204941,0.063507,1.853109
0.157120,0.179330,1.761684
-0.184479,0.013468,1.721900
0.109921,0.158191,1.597898
0.036023,0.239379,1.869903
0.039246,0.169433,1.876454
-0.034868,0.083616,1.880402
0.120914,0.091623,1.875841
-0.074904,-0.347955,1.916609
0.165449,-0.323587,1.973904
-0.082819,-0.639897,1.880104
0.133584,-0.629654,2.195033
-0.086256,-0.687858,1.820900
0.175027,-0.708553,2.226203
0.006511,0.688126,1.718758
0.011202,0.591088,1.834610
-0.172170,0.477440,1.835678
0.194739,0.480470,1.867707
-0.233748,0.264567,1.820890
0.283439,0.290985,1.852290
-0.206483,0.078431,1.852290
0.201525,0.176681,1.714809
-0.179764,0.004697,1.654109
0.168955,0.137447,1.630497
0.030161,0.237436,1.848307
0.034000,0.166616,1.854108
-0.038971,0.079231,1.852170
0.116087,0.089975,1.857427
-0.079780,-0.346545,1.900657
0.167984,-0.324938,1.929887
-0.083893,-0.638669,1.878470
0.137614,-0.635229,2.143852
-0.086390,-0.688678,1.821043
0.171544,-0.703199,2.159257
0.002203,0.686023,1.700825
0.002201,0.591969,1.818588
-0.176577,0.474079,1.812991
0.184974,0.483581,1.850908
-0.242924,0.268412,1.774971
0.270799,0.293341,1.847235
-0.208786,0.082605,1.847235
0.208710,0.165232,1.670911
-0.180586,0.015162,1.603958
0.183337,0.117697,1.630266
0.023222,0.234616,1.826837
0.027525,0.163020,1.831443
-0.043936,0.075824,1.827217
0.108985,0.088209,1.835240
-0.083150,-0.354380,1.888394
0.163369,-0.341814,1.901936
-0.084419,-0.645991,1.877249
0.129190,-0.630138,2.082676
-0.086894,-0.692190,1.816758
0.173155,-0.712305,2.094869
0.007138,0.691445,1.685243
-0.010872,0.591363,1.798256
-0.178254,0.470054,1.784644
0.174800,0.481991,1.832414
-0.248530,0.272010,1.737797
0.259201,0.287116,1.838601
-0.217446,0.093514,1.838601
0.226147,0.139333,1.619403
-0.184648,0.021559,1.559578
0.213410,0.081788,1.636896
0.017239,0.229724,1.805824
0.022845,0.157344,1.810017
-0.046457,0.071579,1.800649
0.104739,0.084623,1.818303
-0.083233,-0.371602,1.874866
0.155853,-0.355174,1.854690
-0.083935,-0.661951,1.876986
0.125070,-0.637206,2.019802
-0.087881,-0.696039,1.809058
0.167208,-0.715931,2.016529
0.006251,0.685545,1.667747
-0.017622,0.591913,1.784041
-0.181992,0.468100,1.761024
0.166778,0.483708,1.816938
-0.249129,0.270910,1.697863
0.248431,0.274077,1.823198
-0.219373,0.091740,1.823198
0.236135,0.113212,1.580498
-0.187371,0.021965,1.517635
0.226906,0.071148,1.648147
0.014401,0.229312,1.790256
0.020924,0.156784,1.793898
-0.047122,0.071672,1.780763
0.103137,0.084667,1.804952
-0.085249,-0.371203,1.860007
0.150196,-0.363836,1.821541
-0.083654,-0.659567,1.876027
0.123117,-0.658812,1.951202
-0.087900,-0.697378,1.810226
0.159469,-0.721648,1.928672
0.019424,0.698917,1.655838
-0.028434,0.591145,1.756940
-0.185282,0.465236,1.737755
0.160745,0.484282,1.800488
-0.250195,0.271536,1.666729
0.245727,0.269625,1.816754
-0.222396,0.098049,1.816754
0.245913,0.096512,1.539819
-0.192757,0.045183,1.495115
0.238709,0.046965,1.651868
0.009600,0.226620,1.766800
0.017210,0.153762,1.771263
-0.050769,0.069051,1.756272
0.101234,0.082066,1.786212
-0.082792,-0.380653,1.847851
0.142851,-0.373526,1.772967
-0.082435,-0.666664,1.875732
0.125517,-0.658281,1.873719
-0.088344,-0.697610,1.806664
0.163363,-0.718964,1.848261
0.025688,0.697675,1.642436
-0.029734,0.591592,1.742156
-0.184432,0.466328,1.716162
0.148499,0.487506,1.774741
-0.251475,0.274097,1.632901
0.242157,0.270240,1.810862
-0.225013,0.098626,1.810862
0.257247,0.084371,1.508948
-0.196527,0.044422,1.461542
0.261763,0.018818,1.668616
0.002980,0.236374,1.741917
0.009539,0.166141,1.742370
-0.059603,0.086879,1.725323
0.091471,0.096700,1.752527
-0.080674,-0.372103,1.825650
0.130507,-0.346900,1.725702
-0.083115,-0.655935,1.862659
0.131025,-0.655107,1.792616
-0.088943,-0.705620,1.805522
0.150243,-0.717499,1.753820
0.031930,0.693915,1.622761
-0.033359,0.589003,1.719200
-0.182681,0.464538,1.690187
0.146074,0.485075,1.761599
-0.252520,0.270622,1.606072
0.238007,0.261770,1.795543
-0.226959,0.093423,1.795543
0.270888,0.067460,1.484851
-0.199782,0.044389,1.437128
0.276076,0.001073,1.681467
-0.000954,0.236236,1.724940
0.006061,0.166004,1.726651
-0.063050,0.087046,1.709603
0.088864,0.096180,1.741153
-0.080802,-0.370697,1.815203
0.126001,-0.356926,1.698121
-0.082944,-0.656554,1.860944
0.141528,-0.644832,1.707351
-0.090017,-0.706866,1.804460
0.087544,-0.698275,1.706164
0.035922,0.690482,1.604489
-0.035884,0.587216,1.699033
-0.180629,0.459953,1.666411
0.142956,0.479532,1.738882
-0.253319,0.269218,1.580748
0.236299,0.254970,1.785267
-0.228669,0.092627,1.785267
0.278858,0.056901,1.458449
-0.203641,0.043930,1.415012
0.292074,-0.013494,1.702091
-0.004269,0.232318,1.704855
0.002756,0.161518,1.706034
-0.067072,0.082380,1.687148
0.085988,0.092770,1.722844
-0.081951,-0.368023,1.799048
0.116242,-0.352552,1.656694
-0.082936,-0.657436,1.859516
0.160405,-0.695322,1.640463
-0.091653,-0.708100,1.803534
0.176864,-0.737706,1.563467
0.038134,0.684118,1.582455
-0.036634,0.584525,1.678278
-0.181168,0.455151,1.643909
0.140781,0.480023,1.722113
-0.253972,0.267002,1.563516
0.236162,0.247534,1.773306
-0.231511,0.089707,1.773306
0.287340,0.047579,1.441996
-0.206761,0.040097,1.394809
0.301480,-0.022471,1.712554
-0.006161,0.230371,1.682986
0.000873,0.159736,1.683304
-0.069714,0.079915,1.663297
0.084450,0.091702,1.700064
-0.082217,-0.369535,1.788589
0.113411,-0.345689,1.627053
-0.081966,-0.660633,1.856015
0.152552,-0.694608,1.568166
-0.095157,-0.712468,1.801966
0.170383,-0.736907,1.491381
0.038296,0.672017,1.554662
-0.035490,0.580981,1.656970
-0.179734,0.451257,1.621582
0.140241,0.477824,1.698732
-0.254693,0.260180,1.542391
0.236174,0.241929,1.762192
-0.232806,0.081956,1.762192
0.291518,0.041419,1.422346
-0.208190,0.034678,1.381232
0.304784,-0.029207,1.718064
-0.007063,0.228850,1.661703
-0.000272,0.158633,1.661275
-0.071660,0.078976,1.639920
0.083374,0.090619,1.679193
-0.082730,-0.370660,1.775080
0.108068,-0.324519,1.592928
-0.079633,-0.661950,1.853095
0.148077,-0.690862,1.512406
-0.098224,-0.714519,1.801340
0.165760,-0.733170,1.435543
0.046014,0.670754,1.532620
-0.033004,0.574361,1.628600
-0.176909,0.451464,1.603643
0.141941,0.473327,1.676447
-0.254626,0.256160,1.528049
0.236853,0.235961,1.751270
-0.234657,0.075773,1.751270
0.294432,0.035468,1.411331
-0.209670,0.026445,1.370090
0.307648,-0.034978,1.720380
-0.008711,0.224776,1.636743
-0.002684,0.154965,1.636745
-0.073958,0.076846,1.617124
0.079271,0.086080,1.654052
-0.083817,-0.372797,1.757639
0.101164,-0.318200,1.580470
-0.078652,-0.667229,1.850346
0.144022,-0.693103,1.478150
-0.103793,-0.719136,1.800689
0.160834,-0.735684,1.401202
