0.175577,0.722304,2.337451
0.139638,0.542079,2.385646
-0.011177,0.435889,2.372150
0.314379,0.424592,2.409450
-0.091981,0.178513,2.359966
0.391318,0.210639,2.364927
-0.103416,-0.041840,2.364927
0.369427,0.078833,2.288851
-0.097827,-0.111334,2.276307
0.348716,0.023324,2.092725
0.134243,0.192148,2.380690
0.139908,0.131915,2.327182
0.067964,0.060227,2.300587
0.211923,0.056245,2.328007
0.007177,-0.353393,2.324179
0.209667,-0.359859,2.255880
0.011193,-0.665131,2.533229
0.183727,-0.678512,2.207524
0.000406,-0.747394,2.551193
0.212645,-0.751908,2.150297
0.185288,0.726837,2.312357
0.146141,0.549352,2.364915
-0.006171,0.442274,2.353992
0.325808,0.429925,2.389988
-0.087229,0.178039,2.348822
0.398263,0.214382,2.349941
-0.100060,-0.044058,2.349941
0.385479,0.129204,2.286474
-0.095207,-0.108377,2.277780
0.355900,0.073590,2.054234
0.140650,0.198162,2.361470
0.145990,0.137470,2.307992
0.072589,0.065055,2.282728
0.219399,0.060150,2.307768
0.010651,-0.351718,2.298616
0.211842,-0.359617,2.250913
0.006051,-0.671472,2.500335
0.183418,-0.678902,2.206794
0.004807,-0.747603,2.487893
0.211685,-0.752887,2.149879
0.193374,0.731190,2.295373
0.152637,0.550159,2.346588
0.000396,0.446460,2.336748
0.332255,0.434501,2.375006
-0.080463,0.180311,2.339750
0.418278,0.226757,2.314310
-0.096240,-0.042467,2.314310
0.383363,0.136791,2.283070
-0.092537,-0.105655,2.278090
0.346904,0.094470,2.048021
0.145123,0.201181,2.347560
0.150462,0.140226,2.294684
0.076778,0.067928,2.268703
0.223448,0.062211,2.296551
0.011515,-0.352258,2.266482
0.215070,-0.356851,2.244304
0.010986,-0.685163,2.444566
0.183364,-0.679669,2.206060
0.003496,-0.756425,2.427616
0.205720,-0.760203,2.155714
0.199982,0.723989,2.269699
0.155262,0.550518,2.332788
0.006273,0.447002,2.318031
0.335749,0.438514,2.358797
-0.075247,0.180574,2.330580
0.434926,0.240213,2.283051
-0.090892,-0.041843,2.283051
0.378337,0.163835,2.273422
-0.086967,-0.098372,2.274556
0.339981,0.130789,2.012448
0.147876,0.201867,2.334908
0.153595,0.140838,2.282245
0.080167,0.069443,2.257962
0.226379,0.062826,2.283232
0.014237,-0.351464,2.237664
0.217246,-0.355943,2.239617
0.007389,-0.681949,2.391102
0.183225,-0.680933,2.204659
-0.002013,-0.762714,2.365757
0.207326,-0.763492,2.158346
0.203733,0.730565,2.258782
0.159610,0.551782,2.313418
0.012573,0.446342,2.300000
0.341942,0.436755,2.342620
-0.070234,0.181481,2.318914
0.449446,0.245602,2.258148
-0.086858,-0.041172,2.258148
0.393988,0.187239,2.264740
-0.076726,-0.082192,2.263735
0.340646,0.147847,1.999781
0.152779,0.203600,2.318309
0.158946,0.142282,2.266042
0.086305,0.071557,2.240558
0.231335,0.063456,2.269181
0.017306,-0.351596,2.215950
0.219761,-0.354179,2.234475
0.008658,-0.692573,2.345733
0.183665,-0.683166,2.203061
-0.000342,-0.768042,2.309762
0.208428,-0.765592,2.156658
0.209036,0.732231,2.246653
0.162593,0.552904,2.302345
0.015993,0.446035,2.286812
0.347486,0.435794,2.330399
-0.063691,0.182106,2.299577
0.457239,0.252490,2.228484
-0.080240,-0.042177,2.228484
0.394999,0.184923,2.257189
-0.070969,-0.079492,2.252309
0.329623,0.178234,1.971529
0.156016,0.204924,2.307017
0.162381,0.143721,2.254663
0.089428,0.072604,2.229267
0.235247,0.064364,2.257612
0.019021,-0.351868,2.194203
0.222665,-0.352193,2.227437
0.005415,-0.695356,2.286956
0.184312,-0.688040,2.200216
-0.002856,-0.768653,2.254227
0.210185,-0.769201,2.155090
0.215860,0.727305,2.226121
0.169802,0.550238,2.291034
0.022289,0.445488,2.269205
0.356822,0.428032,2.315670
-0.059169,0.182501,2.286218
0.470467,0.250240,2.207392
-0.069552,-0.039045,2.207392
0.333864,0.202587,2.226934
-0.068891,-0.134430,2.221461
0.330717,0.190345,1.967135
0.159836,0.203192,2.294951
0.166172,0.142252,2.242382
0.091821,0.071294,2.217494
0.239421,0.061688,2.243686
0.020062,-0.350783,2.173491
0.224461,-0.350838,2.220787
0.003306,-0.693001,2.251267
0.184196,-0.688937,2.199058
-0.001838,-0.766594,2.198838
0.210655,-0.769087,2.154105
0.215404,0.729271,2.221921
0.172865,0.551211,2.281888
0.023881,0.445035,2.257780
0.359712,0.429026,2.308942
-0.054176,0.188417,2.269865
0.474567,0.253014,2.199295
-0.065828,-0.033584,2.199295
0.350462,0.231587,2.214619
-0.060437,-0.082318,2.214024
0.331385,0.214812,1.951522
0.162556,0.204165,2.284734
0.169517,0.143391,2.232061
0.094560,0.071967,2.205775
0.243236,0.062258,2.234519
0.023513,-0.350791,2.156021
0.226937,-0.349195,2.214236
0.003354,-0.691358,2.199944
0.183500,-0.691671,2.198829
-0.010379,-0.769608,2.145306
0.210192,-0.769082,2.155190
0.219429,0.733131,2.210095
0.174913,0.552689,2.266922
0.027820,0.446877,2.242259
0.362194,0.429918,2.298366
-0.048864,0.182956,2.249162
0.480050,0.254609,2.192228
-0.056493,-0.037755,2.192228
0.353843,0.244889,2.188087
-0.056547,-0.108326,2.186788
0.338198,0.230598,1.950542
0.165321,0.204769,2.271491
0.173288,0.143559,2.219156
0.098955,0.072300,2.192325
0.246947,0.062406,2.223180
0.026312,-0.366661,2.142195
0.229675,-0.349330,2.207989
0.007441,-0.694335,2.167736
0.182518,-0.693558,2.197860
-0.008086,-0.764322,2.100530
0.214258,-0.769562,2.150802
0.222682,0.732517,2.203061
0.176295,0.553051,2.256842
0.031455,0.444177,2.227571
0.363555,0.431982,2.292191
-0.045475,0.183659,2.232057
0.506178,0.278585,2.182094
-0.052771,-0.037565,2.182094
0.367924,0.257506,2.174480
-0.051784,-0.107111,2.162569
0.341973,0.245651,1.946387
0.167787,0.203884,2.259648
0.177387,0.142669,2.207169
0.104041,0.071005,2.179138
0.251198,0.062384,2.211919
0.029037,-0.372523,2.131216
0.231411,-0.350789,2.202178
0.010392,-0.703721,2.115940
0.182485,-0.696840,2.196319
-0.009005,-0.769139,2.044956
0.215921,-0.771089,2.151286
0.223850,0.737032,2.196194
0.177133,0.555454,2.248509
0.033783,0.442837,2.216910
0.363769,0.434187,2.286530
-0.044585,0.183167,2.215709
0.508974,0.283732,2.175909
-0.048609,-0.035428,2.175909
0.373634,0.262494,2.146839
-0.047495,-0.105109,2.135862
0.332633,0.254471,1.926617
0.170840,0.203606,2.249696
0.181781,0.142080,2.196930
0.110193,0.070245,2.168263
0.255321,0.062943,2.201901
0.034609,-0.374973,2.118917
0.233402,-0.348548,2.196844
0.011854,-0.702642,2.100258
0.182369,-0.696905,2.196370
-0.007635,-0.769944,2.030865
0.216277,-0.771154,2.151413
0.226685,0.737660,2.189120
0.178042,0.555359,2.240195
0.037165,0.441681,2.204077
0.364177,0.435783,2.281243
-0.043074,0.184755,2.194426
0.500954,0.285042,2.152948
-0.046985,-0.035130,2.152948
0.363664,0.272857,2.131425
-0.043385,-0.089227,2.119533
0.348662,0.271525,1.941792
0.173301,0.202708,2.239375
0.185810,0.141377,2.186585
0.115779,0.069520,2.156195
0.258992,0.063062,2.192708
0.039459,-0.378824,2.107804
0.235041,-0.347083,2.192321
0.010246,-0.705514,2.074231
0.182181,-0.697224,2.196571
-0.001724,-0.768151,2.007248
0.215246,-0.772241,2.154214
0.229729,0.735558,2.180707
0.178901,0.555966,2.233898
0.038081,0.442511,2.193913
0.361786,0.439051,2.274630
-0.044091,0.184480,2.176570
0.503924,0.287527,2.151894
-0.038387,-0.032920,2.151894
0.373680,0.316133,2.104220
-0.040525,-0.103319,2.097738
0.350050,0.287586,1.937077
0.175229,0.201298,2.230960
0.188597,0.139846,2.177883
0.119522,0.068491,2.146931
0.261296,0.062482,2.184548
0.043007,-0.379512,2.097229
0.236246,-0.347363,2.188381
0.014946,-0.703306,2.058266
0.182384,-0.698862,2.195431
0.005434,-0.760827,1.989296
0.216859,-0.772263,2.152212
0.230481,0.736210,2.176045
0.178570,0.557199,2.228832
0.040373,0.441059,2.183101
0.360707,0.440798,2.267371
-0.041552,0.184311,2.159955
0.502453,0.293092,2.140325
-0.036427,-0.033517,2.140325
0.369066,0.325755,2.089595
-0.035949,-0.095010,2.076164
0.353388,0.297520,1.936255
0.176778,0.200023,2.221756
0.191246,0.138640,2.167892
0.123244,0.067943,2.134829
0.264127,0.061856,2.174873
0.046434,-0.378155,2.086308
0.236283,-0.347905,2.184333
0.017588,-0.694140,2.034937
0.181839,-0.701428,2.196567
0.011464,-0.757274,1.978030
0.216809,-0.773732,2.156115
0.230708,0.735842,2.171223
0.172820,0.558852,2.213768
0.041074,0.439123,2.170965
0.357870,0.442566,2.261481
-0.042254,0.184507,2.143381
0.503554,0.297166,2.136998
-0.034702,-0.031842,2.136998
0.372777,0.334888,2.068329
-0.033002,-0.088849,2.054676
0.356032,0.307477,1.934327
0.175943,0.198738,2.211009
0.192139,0.136468,2.158026
0.125126,0.066586,2.126131
0.265404,0.060611,2.166098
0.050930,-0.381548,2.075541
0.236126,-0.348202,2.178745
0.019593,-0.696364,2.028854
0.181587,-0.701723,2.195681
0.016412,-0.758292,1.975235
0.217537,-0.773758,2.153822
0.230587,0.735338,2.164757
0.171305,0.558406,2.204494
0.040686,0.438080,2.159720
0.353798,0.443096,2.254105
-0.041357,0.186134,2.124754
0.498786,0.299453,2.133518
-0.032575,-0.028604,2.133518
0.377700,0.348094,2.045026
-0.030098,-0.091294,2.027079
0.356858,0.320403,1.926971
0.176252,0.197609,2.201375
0.193612,0.135305,2.148776
0.127966,0.065751,2.115730
0.266712,0.060175,2.158249
0.054398,-0.381344,2.065810
0.235660,-0.348403,2.173212
0.022761,-0.695849,2.015915
0.180854,-0.703717,2.195720
0.024175,-0.755834,1.967862
0.217605,-0.774247,2.156725
0.231984,0.731751,2.158545
0.172422,0.557353,2.199767
0.040651,0.437051,2.153825
0.351543,0.442267,2.248146
-0.042803,0.190193,2.114657
0.500878,0.298802,2.134778
-0.029133,-0.022764,2.134778
0.381198,0.352461,2.030812
-0.028584,-0.086357,2.017439
0.359493,0.328909,1.925442
0.177432,0.195983,2.193473
0.194891,0.134050,2.140315
0.129786,0.064964,2.105628
0.267563,0.058957,2.150082
0.056907,-0.382999,2.061355
0.234627,-0.349969,2.168612
0.023608,-0.695399,2.015122
0.180592,-0.707734,2.194129
0.026386,-0.755584,1.966937
0.217162,-0.774930,2.155437
0.231800,0.732747,2.154243
0.170709,0.559164,2.190643
0.041526,0.436800,2.145439
0.348060,0.443518,2.242026
-0.044001,0.189930,2.099578
0.502028,0.299978,2.137839
-0.025629,-0.021918,2.137839
0.400748,0.377378,2.014149
-0.018638,-0.087613,1.992583
0.362959,0.337645,1.924136
0.177793,0.196028,2.182901
0.196261,0.133991,2.129623
0.131753,0.065676,2.092235
0.269324,0.059394,2.141780
0.058578,-0.383634,2.055807
0.234224,-0.350850,2.164282
0.024042,-0.695310,2.014683
0.180829,-0.708275,2.192136
0.026989,-0.755876,1.966901
0.217166,-0.774609,2.154297
0.231542,0.732648,2.150882
0.170307,0.559745,2.185037
0.042544,0.435026,2.134070
0.345585,0.440571,2.237290
-0.043244,0.190937,2.085509
0.517925,0.310174,2.150792
-0.021429,-0.019394,2.150792
0.401256,0.361523,1.997102
-0.013864,-0.089265,1.978984
0.364968,0.344671,1.921680
0.177464,0.195840,2.174079
0.197262,0.134104,2.120645
0.133404,0.066145,2.078597
0.270302,0.059175,2.135643
0.057925,-0.383988,2.050250
0.233724,-0.347748,2.158320
0.024116,-0.696031,2.014532
0.180634,-0.708208,2.192119
0.027338,-0.755781,1.967528
0.216981,-0.774587,2.154924
0.232055,0.734889,2.147130
0.170264,0.560619,2.178551
0.042942,0.434395,2.124141
0.343836,0.439956,2.234616
-0.042986,0.192831,2.072648
0.527239,0.316398,2.146714
-0.020159,-0.016528,2.146714
0.394651,0.345100,1.982238
-0.008820,-0.087350,1.965433
0.366213,0.351256,1.916557
0.176823,0.196562,2.166367
0.197761,0.134945,2.113207
0.134331,0.067090,2.069871
0.270564,0.059626,2.129705
0.057684,-0.383896,2.045055
0.232230,-0.351661,2.154872
0.024885,-0.695451,2.013640
0.179469,-0.710043,2.192337
0.028369,-0.755263,1.966632
0.216846,-0.774699,2.154153
0.230839,0.734995,2.142025
0.167420,0.562679,2.171808
0.041905,0.434701,2.116400
0.342914,0.439336,2.232230
-0.043886,0.195013,2.059093
0.508833,0.310790,2.127981
-0.016197,-0.014337,2.127981
0.376804,0.354103,1.971117
-0.004393,-0.083494,1.951813
0.366740,0.354755,1.914959
0.174513,0.196584,2.159416
0.196390,0.134599,2.106451
0.134136,0.066596,2.063963
0.268263,0.058606,2.122022
0.058104,-0.383444,2.042012
0.231277,-0.352220,2.152097
0.025097,-0.695621,2.013290
0.178953,-0.710756,2.191451
0.029099,-0.755297,1.965936
0.216561,-0.774798,2.154731
0.230656,0.736024,2.138861
0.166553,0.563603,2.165686
0.042988,0.435105,2.106049
0.343220,0.438422,2.229693
-0.043317,0.193795,2.045284
0.518500,0.312835,2.143710
-0.012650,-0.015970,2.143710
0.391337,0.355301,1.960256
0.001871,-0.083951,1.938645
0.368963,0.361300,1.912970
0.173053,0.197552,2.152508
0.196111,0.135649,2.099941
0.133418,0.067473,2.054947
0.268582,0.058831,2.117521
0.058119,-0.382629,2.038064
0.229448,-0.353950,2.148731
0.025111,-0.695822,2.013008
0.178071,-0.711525,2.190058
0.029495,-0.755949,1.966550
0.216333,-0.775852,2.154464
0.228916,0.739475,2.134326
0.165039,0.566862,2.159712
0.042028,0.435630,2.096750
0.343129,0.439962,2.226367
-0.042695,0.195345,2.035313
0.510387,0.313320,2.123155
-0.009644,-0.013781,2.123155
0.404970,0.400861,1.950298
0.006510,-0.084122,1.929369
0.368620,0.365647,1.910779
0.172617,0.199644,2.146626
0.196682,0.137568,2.094353
0.133991,0.068689,2.048826
0.269886,0.060284,2.112694
0.058065,-0.382492,2.035026
0.228395,-0.354194,2.146837
0.025049,-0.695893,2.012933
0.178007,-0.711567,2.189368
0.030708,-0.755948,1.966301
0.215886,-0.776519,2.153977
0.227406,0.741020,2.130666
0.162207,0.568607,2.154377
0.041090,0.435585,2.088239
0.339077,0.440927,2.217366
-0.043308,0.194100,2.022988
0.510309,0.314173,2.124490
-0.007223,-0.014682,2.124490
0.380734,0.365248,1.939253
0.010461,-0.083935,1.920352
0.367267,0.368563,1.908565
0.171845,0.200128,2.140655
0.196402,0.137993,2.088240
0.134395,0.069176,2.040735
0.269891,0.060578,2.108171
0.056750,-0.384367,2.030927
0.227106,-0.353493,2.144236
0.025137,-0.696021,2.012557
0.177641,-0.710044,2.188898
0.031135,-0.755656,1.966157
0.216228,-0.776186,2.152496
0.226214,0.741804,2.126435
0.160831,0.569414,2.147764
0.040087,0.435611,2.081221
0.337422,0.441919,2.213438
-0.042687,0.194033,2.014483
0.513837,0.321083,2.123837
-0.002640,-0.013412,2.123837
0.360782,0.386625,1.929599
0.013646,-0.084019,1.910336
0.366346,0.370184,1.906045
0.170927,0.199983,2.134863
0.196062,0.137556,2.082825
0.134528,0.068591,2.036004
0.269390,0.060304,2.102912
0.056863,-0.383379,2.027877
0.226725,-0.353415,2.142872
0.025470,-0.696068,2.011941
0.177769,-0.709647,2.187359
0.032302,-0.754420,1.965589
0.216819,-0.774718,2.151583
0.226257,0.742058,2.120546
0.159587,0.571333,2.142178
0.038780,0.436092,2.074158
0.336890,0.440763,2.209890
-0.041359,0.193126,2.007114
0.511668,0.317386,2.121483
0.000698,-0.013411,2.121483
0.357749,0.383008,1.921495
0.017428,-0.084625,1.902070
0.366066,0.372504,1.902351
0.171518,0.201276,2.131002
0.197499,0.138638,2.079377
0.136069,0.069077,2.031743
0.271633,0.061240,2.100421
0.056455,-0.383707,2.024881
0.226151,-0.352355,2.141004
0.025459,-0.696271,2.011682
0.177829,-0.709563,2.187267
0.032611,-0.754635,1.965227
0.215976,-0.774251,2.150816
0.224990,0.743792,2.116631
0.158236,0.572039,2.138479
0.039162,0.436965,2.069063
0.335582,0.439702,2.204132
-0.039754,0.191593,1.999358
0.533683,0.334871,2.133778
0.004108,-0.014617,2.133778
0.357564,0.384270,1.914189
0.020094,-0.085519,1.894989
0.365458,0.374308,1.900474
0.171180,0.201235,2.127201
0.197464,0.138486,2.075642
0.136335,0.069035,2.027813
0.271723,0.061205,2.097331
0.056902,-0.382308,2.022701
0.225566,-0.352376,2.139890
0.025783,-0.696195,2.010896
0.178463,-0.709283,2.185918
0.034515,-0.753608,1.962627
0.216298,-0.773859,2.150261
0.224227,0.744014,2.112074
0.157505,0.572064,2.135025
0.038911,0.437738,2.064686
0.336684,0.439245,2.200932
-0.038567,0.191265,1.995133
0.525737,0.333664,2.123184
0.007533,-0.013845,2.123184
0.394061,0.370223,1.908599
0.025956,-0.085827,1.887919
0.361674,0.379138,1.890510
0.170755,0.201532,2.123966
0.197248,0.138814,2.072550
0.135851,0.069146,2.024898
0.272052,0.061213,2.094124
0.057275,-0.382416,2.022286
0.224970,-0.352893,2.139287
0.026161,-0.696696,2.010701
0.178308,-0.709101,2.185915
0.034588,-0.753688,1.962653
0.216421,-0.773809,2.150406
0.224989,0.743880,2.107522
0.156036,0.572779,2.131308
0.039348,0.438266,2.060904
0.336667,0.437037,2.196646
-0.037362,0.190598,1.991982
0.519977,0.325176,2.112497
0.010430,-0.013374,2.112497
0.387224,0.371979,1.903849
0.029936,-0.087575,1.883410
0.360784,0.380475,1.887479
0.170209,0.201253,2.120872
0.196928,0.138301,2.069551
0.135689,0.068768,2.022146
0.271892,0.060697,2.091380
0.057640,-0.382586,2.021706
0.224337,-0.353151,2.138511
0.026980,-0.697265,2.010464
0.178320,-0.709335,2.185553
0.034707,-0.753170,1.962826
0.216493,-0.774508,2.149513
0.224563,0.741623,2.103474
0.155361,0.573391,2.129154
0.039320,0.438918,2.057494
0.336813,0.438069,2.194438
-0.036270,0.189443,1.988788
0.518767,0.323809,2.111279
0.013131,-0.014062,2.111279
0.387057,0.372594,1.900883
0.032282,-0.087555,1.880948
0.360166,0.381576,1.884341
0.169872,0.201405,2.118755
0.196827,0.138366,2.067515
0.135883,0.068775,2.020705
0.271614,0.060848,2.088755
0.057799,-0.382629,2.021395
0.224223,-0.352407,2.137751
0.026959,-0.697258,2.010068
0.178313,-0.709409,2.185688
0.034798,-0.753129,1.963157
0.216710,-0.774608,2.149670
0.223740,0.742024,2.100606
0.155294,0.573165,2.123722
0.039490,0.439099,2.055092
0.337037,0.438937,2.192984
-0.034820,0.187771,1.985052
0.519693,0.325682,2.110617
0.015039,-0.015832,2.110617
0.388180,0.372976,1.898146
0.033360,-0.087158,1.879687
0.359959,0.382255,1.882161
0.169538,0.201819,2.115800
0.196617,0.138542,2.064976
0.135850,0.068848,2.019013
0.271225,0.061079,2.086135
0.058387,-0.382458,2.020717
0.224044,-0.352461,2.137628
0.027932,-0.698577,2.009426
0.178198,-0.709058,2.185456
0.035304,-0.753226,1.962645
0.214658,-0.773413,2.149769
0.223410,0.741970,2.098516
0.154791,0.572903,2.120263
0.039577,0.438787,2.053003
0.337320,0.438789,2.191171
-0.033644,0.186783,1.982596
0.522218,0.327615,2.112608
0.016295,-0.017011,2.112608
0.390945,0.372842,1.896664
0.034456,-0.087517,1.878380
0.359828,0.382805,1.880246
0.169664,0.202006,2.113998
0.196871,0.138625,2.063434
0.135879,0.068700,2.017718
0.271930,0.061422,2.084804
0.058764,-0.382425,2.020505
0.223953,-0.352518,2.137543
0.028193,-0.700060,2.008616
0.178107,-0.708982,2.185644
0.035682,-0.754297,1.961468
0.215068,-0.773180,2.149498
0.222666,0.742079,2.094408
0.155433,0.572085,2.116273
0.039885,0.438696,2.051329
0.337472,0.439216,2.188381
-0.032983,0.186268,1.981547
0.512741,0.322284,2.093053
0.017485,-0.017257,2.093053
0.376837,0.378311,1.896002
0.035792,-0.088055,1.877824
0.359349,0.383446,1.876844
0.170322,0.202048,2.112681
0.197385,0.138467,2.062381
0.136221,0.068428,2.016949
0.272573,0.061478,2.084129
0.059249,-0.382398,2.020512
0.223211,-0.354025,2.137743
0.028543,-0.699880,2.008281
0.178128,-0.709004,2.185644
0.036188,-0.754225,1.961373
0.215841,-0.773193,2.149342
0.221507,0.741317,2.091193
0.155170,0.571143,2.113797
0.039821,0.438278,2.049804
0.337470,0.439712,2.186527
-0.032092,0.184536,1.980592
0.522350,0.332070,2.102329
0.018422,-0.019001,2.102329
0.390331,0.373491,1.895418
0.036705,-0.088549,1.877717
0.359115,0.383103,1.873782
0.170624,0.202052,2.111900
0.197686,0.138426,2.061785
0.136429,0.068182,2.016558
0.273171,0.061710,2.083652
0.059441,-0.383022,2.020309
0.223110,-0.354463,2.137794
0.028557,-0.700310,2.007696
0.177238,-0.710823,2.186267
0.035659,-0.755402,1.961671
0.217390,-0.774582,2.150314
0.220274,0.742484,2.088585
0.155329,0.570970,2.111498
0.040068,0.438150,2.048844
0.337873,0.439647,2.184962
-0.031973,0.184497,1.980635
0.521275,0.322895,2.116256
0.018586,-0.018987,2.116256
0.393956,0.371307,1.895774
0.037245,-0.088992,1.877759
0.359898,0.382943,1.873277
0.170968,0.202396,2.111246
0.197977,0.138643,2.061299
0.136664,0.068291,2.016111
0.273539,0.061846,2.083525
0.059599,-0.382807,2.019959
0.223315,-0.354138,2.137682
0.028775,-0.699883,2.007203
0.177573,-0.711160,2.185393
0.035725,-0.755372,1.961731
0.217705,-0.775047,2.149880
0.219707,0.743533,2.086527
0.155364,0.570787,2.110339
0.040345,0.438134,2.048172
0.338057,0.441153,2.183056
-0.031602,0.183831,1.980816
0.517039,0.321713,2.105036
0.018895,-0.019907,2.105036
0.386753,0.373484,1.897241
0.037958,-0.091485,1.878957
0.360600,0.381717,1.871651
0.171413,0.202517,2.111068
0.198307,0.138719,2.061137
0.137058,0.068278,2.016057
0.274026,0.062055,2.083533
0.059972,-0.383061,2.019793
0.223372,-0.354101,2.137602
0.028747,-0.699896,2.007183
0.177404,-0.711523,2.184805
0.035797,-0.755450,1.961897
0.218168,-0.775295,2.149606
0.218703,0.743684,2.085164
0.155538,0.570048,2.108878
0.040519,0.437939,2.047631
0.338610,0.441961,2.181672
-0.031077,0.182534,1.981516
0.517034,0.321612,2.104658
0.019202,-0.021391,2.104658
0.387443,0.372612,1.898940
0.038077,-0.093782,1.880473
0.361993,0.380365,1.870512
0.171787,0.202417,2.110672
0.198541,0.138603,2.060841
0.137160,0.068173,2.016113
0.274523,0.062167,2.082976
0.060227,-0.383201,2.019713
0.223355,-0.354104,2.137583
0.028687,-0.700012,2.007090
0.177648,-0.710985,2.184348
0.035916,-0.756269,1.961657
0.218969,-0.774358,2.149313
0.217217,0.744215,2.082613
0.156163,0.569926,2.107797
0.040538,0.437815,2.047337
0.339026,0.443921,2.179455
-0.030682,0.181518,1.982329
0.516383,0.321745,2.103899
0.019031,-0.022831,2.103899
0.387841,0.370499,1.901206
0.037868,-0.094665,1.882009
0.362408,0.377627,1.867604
0.172352,0.202591,2.110526
0.198768,0.138690,2.060671
0.137255,0.068134,2.016250
0.275038,0.062725,2.082525
0.060498,-0.383041,2.019592
0.223954,-0.352853,2.137151
0.028677,-0.700075,2.007033
0.177032,-0.711010,2.185569
0.035890,-0.755554,1.961825
0.219483,-0.774341,2.149025
0.217309,0.744062,2.081090
0.156924,0.569648,2.106834
0.040514,0.437755,2.047243
0.338700,0.445953,2.177504
-0.030190,0.180904,1.983914
0.514473,0.321348,2.103215
0.017406,-0.024492,2.103215
0.387448,0.367963,1.905092
0.036544,-0.096002,1.885512
0.361698,0.374587,1.863994
0.172866,0.202775,2.110501
0.198996,0.138802,2.060617
0.137398,0.068143,2.016358
0.275321,0.062997,2.082561
0.060862,-0.382890,2.019581
0.224127,-0.352850,2.137096
0.028826,-0.700460,2.006964
0.176911,-0.711761,2.185432
0.035966,-0.755846,1.961704
0.220092,-0.774480,2.149931
0.216774,0.743827,2.079643
0.157399,0.569253,2.106255
0.040521,0.437703,2.047118
0.336872,0.450021,2.174617
-0.029916,0.179787,1.985397
0.510503,0.322188,2.101837
0.016127,-0.026446,2.101837
0.386512,0.366254,1.908714
0.032814,-0.094798,1.890890
0.361240,0.372433,1.862003
0.173440,0.202720,2.110437
0.199188,0.138742,2.060493
0.137655,0.068124,2.016631
0.275462,0.063238,2.082258
0.061486,-0.381664,2.019213
0.224175,-0.352761,2.137014
0.028979,-0.700071,2.006871
0.177165,-0.710706,2.185525
0.035941,-0.755547,1.961760
0.219756,-0.774003,2.148792
0.216469,0.743686,2.077437
0.158062,0.568896,2.105115
0.040223,0.437837,2.047039
0.337023,0.451630,2.173507
-0.029811,0.179588,1.986905
0.521735,0.326513,2.098525
0.014485,-0.027671,2.098525
0.394966,0.360003,1.912569
0.026687,-0.088731,1.899009
0.360484,0.369112,1.859658
0.173709,0.202852,2.110393
0.199231,0.138761,2.060457
0.137600,0.068067,2.017050
0.275586,0.063436,2.082034
0.061533,-0.381651,2.019219
0.224478,-0.352667,2.136919
0.028888,-0.699163,2.006306
0.177291,-0.710620,2.185797
0.035879,-0.755139,1.961889
0.219339,-0.773915,2.147851
0.216700,0.743497,2.076493
0.158842,0.568743,2.104548
0.040306,0.437674,2.046979
0.337676,0.456612,2.172070
-0.029792,0.179980,1.989444
0.504243,0.323553,2.089972
0.012275,-0.027883,2.089972
0.381927,0.360662,1.916057
0.025198,-0.089200,1.901128
0.359148,0.365943,1.857730
0.174205,0.202981,2.110414
0.199348,0.138824,2.060410
0.137646,0.068082,2.017448
0.275786,0.063844,2.081740
0.061866,-0.381073,2.019205
0.224516,-0.352691,2.136899
0.028875,-0.699178,2.006292
0.176124,-0.712946,2.186885
0.035857,-0.755082,1.961854
0.219435,-0.773846,2.147432
0.216698,0.742926,2.075106
0.159272,0.568241,2.103812
0.040321,0.437665,2.046970
0.337842,0.459620,2.170808
-0.029909,0.180025,1.992547
0.508935,0.329845,2.089952
0.010713,-0.028041,2.089952
0.385591,0.355499,1.919160
0.023628,-0.088176,1.904096
0.357371,0.361369,1.854534
0.174459,0.203071,2.110458
0.199355,0.138846,2.060402
0.137598,0.068107,2.017913
0.275730,0.064075,2.081582
0.062024,-0.381003,2.019243
0.224559,-0.352709,2.136874
0.028937,-0.699271,2.006231
0.176218,-0.712826,2.187175
0.036276,-0.755316,1.962102
0.220220,-0.773817,2.147316
0.217264,0.742451,2.073320
0.159833,0.567767,2.103132
0.040331,0.437642,2.046971
0.338004,0.460409,2.170028
-0.030055,0.179432,1.994673
0.513420,0.328355,2.089190
0.008946,-0.028807,2.089190
0.387289,0.353296,1.921039
0.022454,-0.088746,1.905891
0.356724,0.359340,1.853696
0.174620,0.203008,2.110352
0.199353,0.138780,2.060344
0.137307,0.067937,2.018975
0.275621,0.064286,2.080742
0.062024,-0.381014,2.019278
0.225446,-0.350778,2.136242
0.029101,-0.699082,2.006200
0.176354,-0.710695,2.186401
0.036131,-0.755393,1.962431
0.220119,-0.773207,2.148170
0.217372,0.742381,2.072963
0.160204,0.567505,2.102579
0.040284,0.437721,2.046990
0.337861,0.459333,2.167999
-0.030252,0.179001,1.996147
0.509041,0.335304,2.080231
0.006731,-0.029777,2.080231
0.381374,0.354185,1.923381
0.021633,-0.089011,1.907048
0.356402,0.357850,1.853536
0.174759,0.202851,2.110200
0.199202,0.138595,2.060184
0.136827,0.067812,2.019304
0.275395,0.064179,2.080355
0.061979,-0.380638,2.019207
0.225611,-0.350536,2.136083
0.029204,-0.698798,2.006311
0.175994,-0.712179,2.187607
0.035961,-0.755150,1.962625
0.220191,-0.772941,2.148294
0.217966,0.742120,2.071666
0.160271,0.567378,2.102358
0.040277,0.437738,2.047036
0.338224,0.458298,2.166181
-0.030527,0.178620,1.997309
0.496539,0.318750,2.077660
0.005124,-0.030241,2.077660
0.385249,0.361003,1.924487
0.020684,-0.090114,1.908149
0.356223,0.355985,1.853121
0.174729,0.202544,2.109915
0.198839,0.138268,2.059846
0.136129,0.067614,2.019824
0.274732,0.064013,2.079004
0.061993,-0.380629,2.019245
0.225633,-0.350990,2.136033
0.029202,-0.698944,2.006599
0.175777,-0.712104,2.188117
0.036016,-0.754999,1.962606
0.220844,-0.773669,2.147167
0.218128,0.741845,2.070725
0.160894,0.566848,2.102090
0.040091,0.437781,2.047106
0.338125,0.456657,2.164238
-0.030592,0.178723,1.998563
0.534358,0.318121,2.090848
0.002896,-0.030505,2.090848
0.399023,0.344428,1.925808
0.017141,-0.089838,1.910562
0.355911,0.352808,1.851385
0.174822,0.202214,2.109736
0.198564,0.137918,2.059600
0.135491,0.067273,2.019954
0.274402,0.063707,2.078566
0.061956,-0.380673,2.019261
0.226318,-0.350050,2.135725
0.029222,-0.698605,2.006478
0.175976,-0.710478,2.187340
0.035926,-0.754697,1.962583
0.219148,-0.772721,2.149230
0.218111,0.742196,2.070112
0.161026,0.566835,2.101753
0.040136,0.437732,2.047175
0.338983,0.457597,2.163822
-0.030865,0.178648,1.999601
0.534301,0.318176,2.090373
0.001906,-0.030570,2.090373
0.399012,0.342182,1.926449
0.015610,-0.090220,1.911579
0.355586,0.349888,1.850016
0.174936,0.202242,2.109677
0.198544,0.137919,2.059547
0.135290,0.067107,2.020169
0.274438,0.063901,2.078322
0.061713,-0.380835,2.019205
0.226359,-0.349985,2.135587
0.029337,-0.698405,2.006280
0.176093,-0.710374,2.187005
0.036001,-0.754346,1.962255
0.219170,-0.772898,2.149463
0.218182,0.741854,2.069136
0.161146,0.566694,2.101329
0.040093,0.437716,2.047196
0.339912,0.456188,2.162556
-0.031294,0.179085,2.000470
0.533966,0.317812,2.090877
0.001000,-0.030148,2.090877
0.401677,0.345798,1.927171
0.014549,-0.093442,1.912024
0.355367,0.345426,1.848100
0.174875,0.202006,2.109393
0.198206,0.137641,2.059247
0.134569,0.066819,2.020525
0.274072,0.063587,2.077481
0.061706,-0.380976,2.019260
0.226405,-0.349642,2.135367
0.029399,-0.698708,2.006242
0.175916,-0.710137,2.186570
0.036055,-0.754479,1.962061
0.219654,-0.773374,2.150324
0.218388,0.741173,2.068410
0.161279,0.566492,2.100924
0.040027,0.437689,2.047187
0.340566,0.455469,2.161607
-0.031541,0.179124,2.000995
0.488247,0.311366,2.059412
0.000188,-0.030015,2.059412
0.366000,0.338888,1.927493
0.013696,-0.095604,1.912397
0.354133,0.340523,1.845089
0.174774,0.201742,2.109119
0.197869,0.137340,2.058967
0.133876,0.066490,2.020757
0.273780,0.063242,2.076881
0.061577,-0.381163,2.019202
0.226444,-0.349854,2.135267
0.029437,-0.698742,2.006184
0.175724,-0.710734,2.186882
0.035724,-0.754529,1.962034
0.219407,-0.773093,2.149888
0.218237,0.740928,2.067695
0.161361,0.566311,2.100470
0.039859,0.437644,2.047215
0.340842,0.455313,2.161126
-0.031907,0.179565,2.001742
0.488702,0.310933,2.060138
-0.001064,-0.029472,2.060138
0.367053,0.335137,1.927835
0.012613,-0.095092,1.912335
0.353818,0.336620,1.842670
0.174805,0.201729,2.109064
0.197810,0.137304,2.058928
0.133691,0.066334,2.020830
0.273767,0.063217,2.076873
0.061281,-0.380905,2.018949
0.226406,-0.349861,2.135024
0.029367,-0.698081,2.005843
0.175715,-0.710839,2.186872
0.035834,-0.754199,1.962204
0.219484,-0.773460,2.150010
0.218507,0.739469,2.065651
0.161869,0.565295,2.099532
0.039698,0.437626,2.047147
0.341271,0.454811,2.160165
-0.032248,0.179232,2.001835
0.489282,0.310032,2.060588
-0.001521,-0.029644,2.060588
0.368259,0.332981,1.927729
0.012013,-0.094828,1.912012
0.354191,0.334391,1.841042
0.174706,0.201224,2.108669
0.197469,0.136793,2.058584
0.133020,0.065842,2.021141
0.273442,0.062610,2.076047
0.061036,-0.381041,2.018812
0.226445,-0.349749,2.134909
0.029326,-0.697705,2.005343
0.175789,-0.711538,2.187179
0.035921,-0.754368,1.962006
0.219699,-0.773968,2.150419
0.218299,0.739406,2.064797
0.162176,0.564840,2.098937
0.039653,0.437650,2.046981
0.342441,0.452619,2.157826
-0.032426,0.179207,2.001935
0.489574,0.307349,2.057785
-0.002475,-0.029494,2.057785
0.369181,0.324294,1.927241
0.011318,-0.094340,1.911629
0.353519,0.325136,1.834591
0.174708,0.200949,2.108366
0.197033,0.136486,2.058213
0.132282,0.065507,2.021071
0.273034,0.062241,2.075573
0.060896,-0.380271,2.018373
0.226417,-0.349701,2.134740
0.029374,-0.697732,2.005124
0.176175,-0.711012,2.186991
0.036295,-0.754628,1.961904
0.219771,-0.774018,2.150072
0.217690,0.738223,2.062679
0.162351,0.564672,2.098443
0.038819,0.438013,2.046591
0.343485,0.449376,2.154392
-0.033055,0.179482,2.001907
0.492374,0.304181,2.031821
-0.004250,-0.029133,2.031821
0.363949,0.315635,1.926550
0.009539,-0.093273,1.911170
0.354349,0.316491,1.827557
0.174509,0.201036,2.107897
0.196124,0.136640,2.057561
0.130589,0.065418,2.020623
0.272342,0.062243,2.074850
0.060355,-0.380600,2.017629
0.226475,-0.349721,2.134511
0.029375,-0.697960,2.003206
0.176033,-0.711181,2.187262
0.036173,-0.755500,1.961694
0.218403,-0.773207,2.148885
0.216960,0.737834,2.058999
0.162548,0.564299,2.097113
0.038360,0.438114,2.045793
0.344240,0.447180,2.150796
-0.033907,0.179765,2.001725
0.495041,0.299386,2.028520
-0.005901,-0.028717,2.028520
0.371725,0.299108,1.925709
0.007137,-0.092047,1.910581
0.333259,0.299021,1.777000
0.174199,0.201111,2.107104
0.195239,0.136709,2.056711
0.129363,0.065438,2.020161
0.271526,0.062153,2.073859
0.059407,-0.380485,2.015909
0.226141,-0.350719,2.133981
0.029374,-0.698046,2.002880
0.175123,-0.714550,2.187663
0.036639,-0.754739,1.960362
0.219543,-0.774854,2.148026
0.216229,0.737572,2.055672
0.162073,0.563549,2.093288
0.037053,0.438084,2.043659
0.344646,0.445627,2.148510
-0.034797,0.179979,2.001473
0.495815,0.293506,2.026509
-0.008359,-0.028372,2.026509
0.376478,0.284886,1.924468
0.005948,-0.094049,1.908485
0.339365,0.282205,1.772014
0.172664,0.201318,2.105056
0.193462,0.136806,2.054938
0.127132,0.065287,2.019163
0.269981,0.062036,2.071950
0.056639,-0.379862,2.011703
0.225863,-0.350655,2.133140
0.029357,-0.697998,2.001179
0.175045,-0.714808,2.187778
0.037072,-0.755377,1.959737
0.221828,-0.776214,2.150166
0.214280,0.736197,2.049581
0.161468,0.561948,2.088493
0.035229,0.438281,2.041085
0.344960,0.441128,2.142598
-0.036737,0.180899,2.000515
0.494957,0.295987,2.029233
-0.010561,-0.027281,2.029233
0.389146,0.260949,1.923040
0.002443,-0.093361,1.906632
0.356231,0.250049,1.768163
0.170783,0.201228,2.102015
0.190799,0.136701,2.052039
0.123764,0.065249,2.017354
0.267416,0.061306,2.068441
0.055198,-0.379505,2.007080
0.224887,-0.350869,2.131818
0.030242,-0.698268,2.000154
0.175350,-0.710258,2.186064
0.037386,-0.755732,1.956573
0.220300,-0.774866,2.149464
0.209594,0.736654,2.042012
0.158054,0.561072,2.081518
0.032334,0.438776,2.037328
0.341636,0.438800,2.136524
-0.039622,0.180478,1.998573
0.494368,0.295432,2.029096
-0.013030,-0.027843,2.029096
0.398757,0.243649,1.921938
-0.001976,-0.091129,1.905531
0.385175,0.236292,1.798242
0.167354,0.200309,2.097817
0.187024,0.135309,2.048623
0.121055,0.064374,2.015411
0.262707,0.059523,2.064952
0.053787,-0.372753,2.000361
0.223937,-0.351100,2.130047
0.031829,-0.698293,1.998473
0.175421,-0.709977,2.185761
0.037989,-0.755294,1.956345
0.219172,-0.773659,2.147558
0.205193,0.735251,2.033666
0.155795,0.558791,2.074814
0.028748,0.437978,2.031737
0.338985,0.437855,2.130773
-0.043639,0.179718,1.995279
0.492693,0.289548,2.026632
-0.016387,-0.028968,2.026632
0.409323,0.208780,1.920335
-0.007061,-0.091477,1.903236
0.387959,0.208248,1.789779
0.164143,0.199273,2.092999
0.183386,0.134032,2.044782
0.117579,0.063179,2.012386
0.258586,0.057964,2.061352
0.053018,-0.370513,1.994822
0.222830,-0.350757,2.127154
0.033079,-0.698510,1.997558
0.175152,-0.708662,2.185804
0.038199,-0.755740,1.955653
0.219351,-0.773507,2.147454
0.201972,0.733251,2.026348
0.152108,0.556725,2.067250
0.024345,0.437675,2.026297
0.334899,0.437940,2.123579
-0.047313,0.180252,1.992282
0.466433,0.264059,2.076426
-0.023345,-0.028403,2.076426
0.418152,0.197953,1.916798
-0.012386,-0.091695,1.900658
0.395657,0.178681,1.785671
0.159840,0.198111,2.086414
0.178420,0.132684,2.039160
0.113067,0.062232,2.008143
0.252869,0.056218,2.055280
0.054012,-0.344143,1.983654
0.220135,-0.351951,2.123057
0.036366,-0.698756,1.993428
0.174937,-0.709474,2.185036
0.039180,-0.756988,1.952763
0.219576,-0.773674,2.147424
0.193722,0.731833,2.017856
0.147786,0.555840,2.060270
0.018855,0.435706,2.019168
0.328329,0.436855,2.112983
-0.053566,0.179599,1.987320
0.469564,0.272830,2.054712
-0.031205,-0.029197,2.054712
0.420737,0.182157,1.912452
-0.021257,-0.092436,1.896417
0.400760,0.140359,1.784931
0.153953,0.196357,2.077686
0.171481,0.130772,2.030543
0.105509,0.060591,1.999785
0.245710,0.054462,2.046403
0.050684,-0.350940,1.980658
0.217521,-0.352193,2.117937
0.036723,-0.699052,1.993742
0.174997,-0.709585,2.184459
0.039044,-0.757707,1.953709
0.221960,-0.774796,2.147017
0.186842,0.728648,2.004340
0.143769,0.554828,2.052571
0.011916,0.435302,2.011721
0.320497,0.433196,2.100240
-0.059043,0.177634,1.982088
0.451369,0.267845,2.016048
-0.038351,-0.031375,2.016048
0.415963,0.143470,1.907702
-0.028605,-0.091054,1.892601
0.406834,0.100295,1.788109
0.148048,0.194703,2.068933
0.164288,0.128945,2.021738
0.097558,0.058969,1.991106
0.237980,0.052548,2.037165
0.044067,-0.360509,1.975080
0.215368,-0.354005,2.112496
0.037166,-0.700097,1.993947
0.174573,-0.711852,2.182767
0.039289,-0.758216,1.953155
0.231070,-0.782206,2.153603
0.179784,0.725896,1.993679
0.136720,0.553920,2.044085
0.005644,0.433248,2.002903
0.311585,0.432917,2.086380
-0.065026,0.175335,1.976512
0.444843,0.263032,2.025982
-0.045532,-0.033990,2.025982
0.418178,0.125824,1.903229
-0.037422,-0.093010,1.889112
0.406260,0.064040,1.777268
0.142072,0.193160,2.059634
0.157778,0.127378,2.012329
0.091595,0.057365,1.982085
0.231195,0.052187,2.027377
0.043516,-0.361756,1.974817
0.211375,-0.352580,2.103029
0.037225,-0.699287,1.992726
0.174149,-0.712031,2.181053
0.040247,-0.757573,1.952257
0.230486,-0.781291,2.151939
0.171517,0.720364,1.982109
0.131633,0.551289,2.033753
-0.002869,0.432143,1.994088
0.308727,0.431834,2.078762
-0.070837,0.175075,1.970456
0.411264,0.239247,2.041729
-0.053895,-0.034498,2.041729
0.418226,0.100846,1.897878
-0.045679,-0.095004,1.884856
0.407116,0.043008,1.801117
0.134835,0.192608,2.049423
0.149942,0.127144,2.002280
0.082867,0.056284,1.972900
0.223020,0.051632,2.015846
0.038921,-0.350161,1.968323
0.206015,-0.349737,2.089071
0.037194,-0.699083,1.992406
0.173760,-0.711756,2.180110
0.040333,-0.757577,1.952278
0.229204,-0.780137,2.151405
0.162443,0.716211,1.971576
0.125610,0.549989,2.023454
-0.010941,0.431683,1.985395
0.301185,0.431117,2.064676
-0.078656,0.174294,1.962825
0.404286,0.238704,2.040143
-0.059700,-0.035862,2.040143
0.415061,0.087186,1.893591
-0.052629,-0.100740,1.879630
0.403377,0.016039,1.810348
0.127006,0.192120,2.038117
0.140863,0.126906,1.990635
0.073676,0.055958,1.962691
0.213186,0.051567,2.002463
0.034478,-0.360129,1.964907
0.202622,-0.350340,2.078237
0.037017,-0.698992,1.992562
0.173816,-0.710668,2.177695
0.040099,-0.757482,1.952458
0.228566,-0.779294,2.150091
0.157770,0.713004,1.962372
0.118917,0.548865,2.011892
-0.019526,0.431256,1.976063
0.292098,0.428067,2.047591
-0.088342,0.172407,1.953862
0.380841,0.228852,2.028241
-0.066351,-0.038108,2.028241
0.405546,0.062775,1.887592
-0.064333,-0.099364,1.874806
0.396625,-0.014437,1.819649
0.120988,0.191681,2.027471
0.133796,0.126439,1.980038
0.066305,0.055485,1.952480
0.206413,0.051201,1.991940
0.030440,-0.364207,1.961388
0.200956,-0.354019,2.067501
0.036913,-0.699289,1.992302
0.174227,-0.710241,2.174582
0.039812,-0.758077,1.952652
0.230588,-0.779962,2.152208
0.126971,0.701299,1.922730
0.096707,0.546536,1.977784
-0.048043,0.433689,1.948650
0.267452,0.430585,2.009869
-0.111098,0.176626,1.928656
0.335553,0.196562,2.003330
-0.096979,-0.033980,2.003330
0.374932,0.005005,1.860711
-0.090416,-0.097295,1.852835
0.368046,-0.071454,1.859452
0.099757,0.191985,1.994214
0.110868,0.127102,1.946863
0.042709,0.055815,1.921854
0.183943,0.052318,1.956393
0.020589,-0.371195,1.956788
0.212902,-0.361719,1.981889
0.035554,-0.699302,1.992695
0.178663,-0.704074,2.150031
0.038315,-0.758430,1.953707
0.231636,-0.772206,2.135801
0.119823,0.697888,1.910122
0.088969,0.545708,1.964532
-0.056021,0.433051,1.937167
0.259167,0.430842,1.994509
-0.120072,0.176319,1.917214
0.324131,0.187531,1.996890
-0.101640,-0.035202,1.996890
0.364091,-0.009589,1.854254
-0.096041,-0.102157,1.846442
0.358972,-0.084748,1.870477
0.095017,0.191799,1.983445
0.105933,0.126606,1.937011
0.038060,0.054635,1.912526
0.179570,0.052673,1.947123
0.016542,-0.371611,1.956103
0.213293,-0.364652,1.962975
0.035038,-0.699092,1.992965
0.179023,-0.671302,2.106177
0.037875,-0.758108,1.953827
0.228304,-0.753501,2.103262
0.113852,0.695671,1.900369
0.085074,0.545673,1.953989
-0.062933,0.434482,1.927339
0.253940,0.431394,1.982700
-0.125537,0.176267,1.908268
0.311607,0.178217,1.989067
-0.108005,-0.035510,1.989067
0.351933,-0.023685,1.845883
-0.100980,-0.101057,1.838641
0.344502,-0.092979,1.880470
0.090638,0.192396,1.972833
0.101024,0.127186,1.926957
0.032907,0.054925,1.903351
0.174671,0.053296,1.936399
0.014307,-0.371640,1.955236
0.213558,-0.363672,1.930405
0.034602,-0.699380,1.993496
0.179956,-0.673234,2.091000
0.037604,-0.758149,1.954000
0.228208,-0.755172,2.078678
0.108537,0.692185,1.887574
0.078094,0.545058,1.938574
-0.067660,0.434321,1.916656
0.248947,0.431827,1.970064
-0.133590,0.180111,1.897702
0.303481,0.174059,1.983743
-0.115575,-0.031931,1.983743
0.337745,-0.031939,1.836424
-0.107807,-0.102885,1.829836
0.329898,-0.121165,1.884039
0.085601,0.192266,1.958872
0.095907,0.126794,1.914037
0.028473,0.054373,1.892528
0.169480,0.053755,1.922248
0.012188,-0.371091,1.953393
0.208538,-0.365337,1.902491
0.034488,-0.699457,1.993554
0.186590,-0.683401,2.042919
0.037122,-0.758615,1.954670
0.218862,-0.762482,2.011808
0.099429,0.686585,1.871914
0.074323,0.542218,1.925685
-0.072625,0.432336,1.903935
0.244501,0.430593,1.955309
-0.138566,0.178324,1.886928
0.296538,0.172440,1.977641
-0.122008,-0.033707,1.977641
0.329076,-0.036327,1.824846
-0.114671,-0.107975,1.818086
0.327137,-0.125996,1.886724
0.083021,0.191423,1.947211
0.093049,0.125953,1.903564
0.025682,0.052858,1.882648
0.166873,0.053708,1.911896
0.008798,-0.369487,1.949988
0.202629,-0.357879,1.864363
0.034727,-0.699374,1.993187
0.181882,-0.691674,2.020424
0.037032,-0.758688,1.954595
0.217938,-0.764197,1.992035
0.095404,0.685752,1.859607
0.072243,0.540073,1.910913
-0.078686,0.431986,1.893110
0.240561,0.430411,1.940501
-0.142051,0.176447,1.873884
0.291874,0.172182,1.971208
-0.126498,-0.036272,1.971208
0.321381,-0.039177,1.814256
-0.120396,-0.109495,1.808181
0.322974,-0.128947,1.889160
0.081363,0.192079,1.934668
0.090615,0.126534,1.892658
0.022771,0.052146,1.872305
0.164911,0.054708,1.901514
0.005579,-0.366904,1.944696
0.197434,-0.351706,1.837626
0.034769,-0.699632,1.992586
0.177590,-0.680581,1.945781
0.036504,-0.759201,1.954283
0.185948,-0.747579,1.924334
0.091919,0.683901,1.844102
0.071380,0.537617,1.894666
-0.081909,0.431963,1.881024
0.237279,0.428846,1.923169
-0.146433,0.176141,1.862408
0.286618,0.172301,1.962050
-0.131475,-0.036370,1.962050
0.308337,-0.041253,1.801369
-0.125357,-0.110390,1.792179
0.313762,-0.110014,1.894454
0.079340,0.191416,1.919823
0.087402,0.125695,1.879613
0.019453,0.050874,1.861329
0.161099,0.054598,1.887495
0.003012,-0.365772,1.938507
0.189095,-0.347615,1.811151
0.035530,-0.699970,1.991524
0.173814,-0.670889,1.886370
0.036840,-0.759369,1.952876
0.184199,-0.707863,1.812355
0.091292,0.675162,1.819689
0.069847,0.536682,1.881301
-0.084285,0.430656,1.866853
0.236012,0.427214,1.908033
-0.148584,0.178849,1.851496
0.281485,0.174778,1.946184
-0.137370,-0.034002,1.946184
0.302848,-0.040620,1.785097
-0.129111,-0.108199,1.778733
0.308236,-0.109404,1.891429
0.078122,0.190941,1.906529
0.085851,0.125011,1.868049
0.017592,0.049404,1.850034
0.159835,0.054515,1.876510
0.002810,-0.364338,1.931255
0.182117,-0.337968,1.780823
0.035223,-0.700935,1.989762
0.175510,-0.652658,1.825133
0.036170,-0.761302,1.952571
0.185636,-0.689741,1.751094
0.089348,0.678753,1.811302
0.069272,0.532511,1.861767
-0.086784,0.428231,1.853421
0.233017,0.425539,1.887261
-0.151175,0.176218,1.836558
0.278064,0.174787,1.930610
-0.141188,-0.035728,1.930610
0.296888,-0.041372,1.771580
-0.131952,-0.109220,1.762750
0.302044,-0.110164,1.881959
0.077863,0.189221,1.889204
0.084385,0.123097,1.853025
0.015711,0.046951,1.837135
0.158534,0.053606,1.860725
0.002196,-0.366771,1.925375
0.177329,-0.332022,1.758802
0.034996,-0.701446,1.988921
0.174003,-0.633930,1.763946
0.035504,-0.762241,1.952368
0.182397,-0.671289,1.689790
