-0.054263,0.150024,3.240214
-0.059435,-0.030472,3.253220
-0.203663,-0.155164,3.221004
0.115154,-0.153302,3.253322
-0.266004,-0.382269,3.158012
0.180070,-0.384105,3.176257
-0.275754,-0.562527,3.176257
0.182492,-0.547149,3.029629
-0.270202,-0.592493,3.027386
0.172985,-0.601442,2.961027
-0.039963,-0.366967,3.202722
-0.030700,-0.416329,3.141579
-0.095945,-0.485215,3.104521
0.044527,-0.486688,3.129068
-0.088054,-0.877840,3.012931
0.010521,-0.881749,3.082595
-0.102961,-1.211408,3.122413
0.013780,-1.172770,3.088293
-0.131758,-1.267658,3.133260
0.017726,-1.229582,3.058835
-0.053749,0.153160,3.226658
-0.049971,-0.025928,3.229091
-0.201214,-0.151170,3.194641
0.123024,-0.153418,3.242280
-0.264173,-0.378646,3.146958
0.183598,-0.375181,3.163450
-0.274490,-0.554491,3.163450
0.181058,-0.507603,3.012357
-0.270196,-0.587310,3.015001
0.175091,-0.560952,2.917508
-0.039044,-0.360178,3.186690
-0.028514,-0.410368,3.126801
-0.095794,-0.479216,3.088916
0.046628,-0.484826,3.120400
-0.084680,-0.852711,2.981533
0.014307,-0.881155,3.077478
-0.100161,-1.195971,3.054666
-0.001228,-1.192773,3.073270
-0.090085,-1.215680,2.982282
0.022622,-1.251460,3.062022
-0.052263,0.156608,3.217101
-0.049874,-0.024184,3.203004
-0.197833,-0.145098,3.180958
0.129427,-0.148745,3.229845
-0.262460,-0.366655,3.139314
0.191207,-0.373323,3.145469
-0.271424,-0.543436,3.145469
0.177989,-0.501205,3.006342
-0.266782,-0.581340,2.989417
0.168527,-0.551924,2.894685
-0.039066,-0.355140,3.171204
-0.028458,-0.406340,3.112976
-0.096302,-0.476539,3.079164
0.047538,-0.481198,3.106581
-0.087002,-0.836316,2.961381
0.026052,-0.869633,3.076638
-0.098024,-1.167434,2.999772
0.002460,-1.190490,3.073429
-0.081122,-1.228478,2.987332
0.012798,-1.210753,3.000973
-0.051848,0.157697,3.199104
-0.055732,-0.021985,3.179877
-0.195386,-0.140327,3.164194
0.131505,-0.143123,3.213693
-0.261321,-0.368002,3.125808
0.191178,-0.360793,3.110234
-0.268384,-0.546421,3.110234
0.182989,-0.483159,2.995470
-0.265992,-0.580388,2.980043
0.171675,-0.493732,2.893612
-0.039934,-0.352712,3.152475
-0.028434,-0.404357,3.095231
-0.096372,-0.473921,3.067012
0.049664,-0.479143,3.085855
-0.091568,-0.817443,2.934495
0.031188,-0.875349,3.074500
-0.114761,-1.146970,2.935870
0.006553,-1.189810,3.071992
-0.085476,-1.201885,2.963094
0.017004,-1.210353,2.999382
-0.054209,0.155353,3.159511
-0.053131,-0.022175,3.173492
-0.194246,-0.137902,3.149878
0.131128,-0.141393,3.182942
-0.258678,-0.362852,3.116675
0.195471,-0.352961,3.082129
-0.265627,-0.542395,3.082129
0.189606,-0.481091,2.988452
-0.267655,-0.581871,2.974967
0.171047,-0.475961,2.856948
-0.036843,-0.354408,3.136922
-0.028125,-0.404931,3.077384
-0.096898,-0.473695,3.051269
0.049286,-0.478140,3.061937
-0.089773,-0.817894,2.925299
0.032063,-0.874730,3.072484
-0.115462,-1.090515,2.856798
0.015104,-1.185444,3.073544
-0.108207,-1.110605,2.783445
0.022359,-1.205534,3.000190
-0.053659,0.158272,3.144015
-0.051796,-0.020847,3.154779
-0.196234,-0.134191,3.138524
0.128221,-0.138555,3.164608
-0.254213,-0.363463,3.097628
0.193373,-0.345868,3.065520
-0.266496,-0.550183,3.065520
0.188215,-0.449726,2.982380
-0.271903,-0.586450,2.960886
0.169076,-0.472216,2.847394
-0.036997,-0.351979,3.115193
-0.029526,-0.401885,3.055771
-0.098437,-0.468821,3.028673
0.047391,-0.475929,3.041634
-0.094861,-0.815448,2.887372
0.035973,-0.864180,3.065568
-0.115514,-1.078854,2.828638
0.015543,-1.185875,3.072732
-0.101798,-1.128700,2.789049
0.021461,-1.205890,2.999024
-0.050263,0.161576,3.130067
-0.051871,-0.018975,3.127246
-0.194499,-0.134418,3.108524
0.131023,-0.136322,3.142406
-0.253505,-0.375657,3.065748
0.192590,-0.339249,3.039313
-0.263304,-0.569009,3.039313
0.190067,-0.444060,2.963738
-0.274990,-0.625253,2.937169
0.165707,-0.446953,2.788598
-0.036670,-0.351716,3.098325
-0.027927,-0.403425,3.040175
-0.096633,-0.470657,3.017030
0.049252,-0.477458,3.025540
-0.094127,-0.815511,2.885471
0.042051,-0.867368,3.058536
-0.127759,-1.142555,2.722961
0.018062,-1.183630,3.069622
-0.120405,-1.163196,2.649338
0.025417,-1.204271,2.996000
-0.052063,0.161975,3.085363
-0.049567,-0.015928,3.086909
-0.191287,-0.140962,3.047523
0.127306,-0.132276,3.082750
-0.256604,-0.385685,3.039598
0.206701,-0.320761,2.977977
-0.270253,-0.581364,2.977977
0.192587,-0.401102,2.943798
-0.277276,-0.610555,2.935285
0.169656,-0.419851,2.718397
-0.039622,-0.356570,3.050350
-0.032073,-0.409410,2.991279
-0.100302,-0.476529,2.965775
0.042630,-0.481404,2.982152
-0.109084,-0.806342,2.846753
0.045436,-0.865981,3.046207
-0.124545,-1.119664,2.646532
0.021461,-1.180928,3.067297
-0.117996,-1.150790,2.565447
0.028654,-1.201371,2.993385
-0.053728,0.157598,3.052758
-0.058689,-0.020350,3.060566
-0.193281,-0.141227,3.043401
0.126691,-0.136417,3.071035
-0.255768,-0.387063,3.026314
0.202548,-0.318787,2.959654
-0.273020,-0.586932,2.959654
0.196308,-0.394139,2.942553
-0.278385,-0.618662,2.932065
0.170377,-0.411870,2.705568
-0.040413,-0.356457,3.038146
-0.032738,-0.410391,2.980572
-0.100429,-0.477847,2.959977
0.043374,-0.482891,2.964459
-0.107008,-0.807659,2.842838
0.045149,-0.860253,3.008539
-0.126599,-1.105259,2.618303
0.022458,-1.178180,3.062715
-0.121629,-1.134496,2.536234
0.028303,-1.199371,2.988689
-0.053342,0.156275,3.040014
-0.052557,-0.021770,3.039433
-0.195128,-0.142579,3.020546
0.129028,-0.149872,3.040013
-0.257413,-0.389632,3.012016
0.215553,-0.319674,2.920593
-0.276121,-0.591421,2.920593
0.181604,-0.358983,2.935111
-0.278611,-0.628578,2.929334
0.168067,-0.380459,2.662695
-0.039282,-0.361978,3.008042
-0.033321,-0.415480,2.949548
-0.102842,-0.483690,2.931151
0.042561,-0.488769,2.931792
-0.109067,-0.802727,2.786150
0.044179,-0.862019,3.005504
-0.131378,-1.127038,2.610952
0.023228,-1.175168,3.054689
-0.128078,-1.160318,2.530543
0.027937,-1.195889,2.980611
-0.055626,0.156714,3.007459
-0.063041,-0.018165,3.005271
-0.197802,-0.142470,2.985133
0.129633,-0.146795,3.023813
-0.261165,-0.391209,2.978335
0.220479,-0.308877,2.879672
-0.277214,-0.599117,2.879672
0.178130,-0.357199,2.925130
-0.278987,-0.630992,2.921692
0.169125,-0.362783,2.649687
-0.045858,-0.357746,2.986852
-0.036105,-0.412873,2.930395
-0.105402,-0.482006,2.911634
0.041824,-0.486708,2.915913
-0.102895,-0.803023,2.772806
0.041456,-0.861655,2.989346
-0.136105,-1.104845,2.558946
0.023377,-1.172255,3.051472
-0.130554,-1.135065,2.475961
0.031816,-1.193788,2.977720
-0.056954,0.157671,2.994517
-0.062282,-0.017150,2.997102
-0.200756,-0.137398,2.967111
0.129946,-0.144987,2.996432
-0.263246,-0.394055,2.957393
0.213532,-0.298105,2.850186
-0.283251,-0.603409,2.850186
0.191306,-0.333219,2.916028
-0.280216,-0.634025,2.912566
0.167596,-0.332050,2.616789
-0.050765,-0.355110,2.964551
-0.044017,-0.407409,2.905258
-0.116577,-0.474957,2.882042
0.033391,-0.483469,2.888007
-0.103281,-0.794746,2.742045
0.037611,-0.860902,2.970350
-0.132206,-1.109328,2.550686
0.022398,-1.174412,3.048888
-0.128010,-1.140981,2.469050
0.038252,-1.227552,3.013305
-0.059328,0.161657,2.956600
-0.064801,-0.017350,2.946957
-0.202463,-0.137526,2.934432
0.120687,-0.144189,2.946540
-0.265481,-0.393148,2.942415
0.234482,-0.282833,2.808083
-0.288909,-0.601067,2.808083
0.169324,-0.312891,2.895185
-0.280139,-0.635803,2.897798
0.154535,-0.304043,2.567389
-0.047475,-0.353260,2.930021
-0.041982,-0.407914,2.873909
-0.112237,-0.475923,2.856875
0.035400,-0.481751,2.859739
-0.100254,-0.800691,2.731663
0.037899,-0.855208,2.934444
-0.132834,-1.106612,2.526242
0.024072,-1.174985,3.037157
-0.132931,-1.136799,2.442858
0.037668,-1.235204,3.013652
-0.061116,0.164539,2.938956
-0.065061,-0.014583,2.934213
-0.208381,-0.135675,2.905332
0.121942,-0.137837,2.930562
-0.274270,-0.387517,2.917032
0.238550,-0.275859,2.794731
-0.289385,-0.594518,2.794731
0.168763,-0.295313,2.862054
-0.281923,-0.630128,2.854527
0.148739,-0.279264,2.540799
-0.053618,-0.348286,2.901143
-0.047419,-0.399424,2.841725
-0.120849,-0.468333,2.817257
0.031489,-0.473980,2.824697
-0.103165,-0.792641,2.692849
0.024433,-0.840264,2.892736
-0.131252,-1.121395,2.533472
0.026676,-1.165493,3.012414
-0.128301,-1.154049,2.453037
0.032265,-1.186182,2.937593
-0.066381,0.172454,2.909177
-0.060198,0.000706,2.908485
-0.205585,-0.120329,2.871556
0.114937,-0.123134,2.902308
-0.282650,-0.374201,2.871201
0.223497,-0.258610,2.743782
-0.294171,-0.584872,2.743782
0.148928,-0.294229,2.840891
-0.280106,-0.626797,2.833142
0.137866,-0.229644,2.508566
-0.056613,-0.338521,2.874450
-0.050482,-0.391348,2.815762
-0.123718,-0.457038,2.791907
0.026276,-0.465723,2.801630
-0.120511,-0.772856,2.641671
0.024834,-0.840305,2.877035
-0.118414,-1.118409,2.531927
0.026501,-1.162882,3.001564
-0.111370,-1.150775,2.454259
0.033475,-1.183741,2.926706
-0.069275,0.180358,2.881882
-0.072010,0.005550,2.870401
-0.214104,-0.114756,2.860072
0.108220,-0.104765,2.883842
-0.284497,-0.369555,2.853355
0.208787,-0.251168,2.672093
-0.300192,-0.578870,2.672093
0.101639,-0.243160,2.811844
-0.298464,-0.611649,2.795662
0.128884,-0.175166,2.487049
-0.060313,-0.323274,2.833232
-0.054381,-0.372523,2.773432
-0.126585,-0.441492,2.751301
0.024799,-0.444838,2.755193
-0.119637,-0.773118,2.621791
0.018153,-0.828418,2.820554
-0.122129,-1.118605,2.513462
0.030623,-1.145434,2.955183
-0.117478,-1.144064,2.436959
0.035310,-1.165931,2.879872
-0.067214,0.187301,2.870969
-0.074173,0.011264,2.857956
-0.220565,-0.106486,2.830592
0.083330,-0.087719,2.848174
-0.287076,-0.363370,2.828264
0.193954,-0.229018,2.628612
-0.309741,-0.562692,2.628612
0.104740,-0.121158,2.746709
-0.309609,-0.585995,2.748181
0.123037,-0.133983,2.477035
-0.063166,-0.322922,2.819588
-0.058769,-0.373604,2.759674
-0.128701,-0.439484,2.738639
0.016702,-0.444186,2.741980
-0.116162,-0.770335,2.616162
0.018995,-0.824629,2.776554
-0.128567,-1.111613,2.494180
0.027403,-1.133581,2.922774
-0.125845,-1.139611,2.416576
0.030394,-1.154152,2.847273
-0.068126,0.209749,2.825677
-0.077763,0.026734,2.817694
-0.225883,-0.099381,2.806749
0.065800,-0.090601,2.821752
-0.295382,-0.343485,2.775989
0.212307,-0.239777,2.682317
-0.309009,-0.552245,2.682317
0.131965,-0.100934,2.728817
-0.321804,-0.570146,2.701346
0.105023,-0.059068,2.456414
-0.067213,-0.318946,2.778186
-0.062746,-0.372368,2.718101
-0.129024,-0.433153,2.695220
0.008772,-0.438235,2.706324
-0.115654,-0.765280,2.600645
0.016612,-0.810736,2.715647
-0.130747,-1.112388,2.505078
0.021353,-1.112851,2.862919
-0.128160,-1.146690,2.426772
0.024554,-1.133574,2.787347
-0.069791,0.210092,2.816683
-0.074150,0.028736,2.809960
-0.223195,-0.090025,2.770921
0.066067,-0.093779,2.790354
-0.296155,-0.337216,2.762057
0.185506,-0.176458,2.603076
-0.326651,-0.531425,2.603076
0.114256,-0.021514,2.670118
-0.327330,-0.558672,2.661135
0.096267,0.019847,2.455746
-0.070886,-0.314541,2.756972
-0.067115,-0.364911,2.693989
-0.135752,-0.422821,2.665201
0.001861,-0.430248,2.678873
-0.113845,-0.760924,2.588119
0.014730,-0.793450,2.665110
-0.136363,-1.108218,2.497872
0.020286,-1.091645,2.810967
-0.131895,-1.138810,2.420450
0.025440,-1.111644,2.735524
-0.070409,0.209348,2.792489
-0.077826,0.032334,2.786763
-0.227819,-0.083601,2.760158
0.068808,-0.089336,2.771687
-0.301941,-0.323245,2.725491
0.189958,-0.170067,2.592677
-0.326990,-0.518605,2.592677
0.111867,0.004887,2.635016
-0.334124,-0.543879,2.613645
0.093734,0.038031,2.465666
-0.069724,-0.304399,2.736997
-0.065948,-0.354274,2.675584
-0.134463,-0.414976,2.646434
0.005373,-0.422749,2.664211
-0.111539,-0.761486,2.573457
0.014541,-0.782248,2.620178
-0.143956,-1.110316,2.501646
0.019279,-1.067796,2.749521
-0.140862,-1.133129,2.425751
0.022627,-1.087866,2.673992
-0.070848,0.217422,2.766492
-0.073291,0.040572,2.769408
-0.218493,-0.060692,2.718501
0.068472,-0.071705,2.747968
-0.301786,-0.314593,2.693740
0.190712,-0.165385,2.577620
-0.329719,-0.510382,2.577620
0.113624,0.016301,2.605770
-0.337395,-0.531457,2.579918
0.094355,0.081752,2.495559
-0.070146,-0.296640,2.714482
-0.063393,-0.345777,2.652451
-0.129759,-0.403629,2.620374
0.006011,-0.412497,2.641468
-0.111430,-0.757436,2.562828
0.012755,-0.768768,2.583806
-0.145152,-1.105108,2.506627
0.019217,-1.040915,2.685130
-0.136981,-1.125044,2.431333
0.027388,-1.060850,2.609836
-0.068334,0.220954,2.746439
-0.072468,0.046192,2.746206
-0.219426,-0.057286,2.702411
0.067991,-0.067388,2.727247
-0.306162,-0.299019,2.671897
0.191180,-0.092631,2.532119
-0.342443,-0.477148,2.532119
0.079204,0.084095,2.551293
-0.343071,-0.515352,2.530592
0.093870,0.113844,2.506138
-0.068330,-0.290146,2.693842
-0.062234,-0.339471,2.632276
-0.128797,-0.398110,2.599559
0.007519,-0.406026,2.623976
-0.118148,-0.751911,2.548351
0.015476,-0.756380,2.550567
-0.137021,-1.102125,2.518542
0.004860,-1.010885,2.612048
-0.130036,-1.122157,2.443057
0.011845,-1.030917,2.536563
-0.066166,0.223870,2.725363
-0.070335,0.054169,2.726670
-0.211554,-0.055564,2.671372
0.068994,-0.042504,2.712795
-0.306532,-0.272571,2.638528
0.191482,-0.078477,2.519522
-0.344892,-0.455537,2.519522
0.081393,0.101475,2.527858
-0.344856,-0.500567,2.499171
0.092202,0.117613,2.511207
-0.067059,-0.279411,2.673229
-0.059293,-0.327824,2.611706
-0.123859,-0.386936,2.575064
0.009055,-0.392259,2.606210
-0.124489,-0.728357,2.535827
0.015658,-0.745040,2.512883
-0.127084,-1.078859,2.526020
-0.010692,-1.069257,2.581466
-0.117894,-1.111189,2.451244
-0.001409,-1.089260,2.506145
-0.066059,0.230721,2.697286
-0.067221,0.058521,2.709446
-0.201457,-0.051544,2.648350
0.068588,-0.033633,2.696135
-0.311763,-0.259566,2.617241
0.192001,-0.068220,2.503700
-0.350370,-0.433062,2.503700
0.075685,0.105102,2.491352
-0.353560,-0.501836,2.437279
0.087988,0.121502,2.515984
-0.066537,-0.275796,2.656585
-0.058062,-0.324593,2.595324
-0.121654,-0.382247,2.564294
0.008004,-0.386419,2.586120
-0.132171,-0.721749,2.527576
0.019255,-0.717654,2.495145
-0.122887,-1.071348,2.520895
-0.004575,-1.064563,2.511540
-0.111034,-1.105017,2.447906
0.004986,-1.093779,2.439688
-0.066165,0.239001,2.687629
-0.059579,0.062001,2.685616
-0.202538,-0.048687,2.625525
0.082271,-0.053809,2.625456
-0.312471,-0.257169,2.597083
0.240652,-0.059986,2.462357
-0.349528,-0.420870,2.462357
0.079249,0.110233,2.457937
-0.354389,-0.488056,2.401897
0.056935,0.175063,2.535222
-0.058084,-0.271589,2.638061
-0.057318,-0.320920,2.576841
-0.124278,-0.378238,2.535306
0.009521,-0.386646,2.575314
-0.133380,-0.718174,2.518901
0.022188,-0.715592,2.477072
-0.127185,-1.066815,2.517444
0.006362,-1.064425,2.436863
-0.125699,-1.101025,2.443567
0.005124,-1.097116,2.363753
-0.064576,0.243482,2.667897
-0.058889,0.066508,2.659256
-0.202981,-0.046456,2.608476
0.078489,-0.028467,2.618955
-0.314486,-0.247288,2.568394
0.222285,-0.061253,2.444919
-0.350150,-0.407975,2.444919
0.079109,0.109912,2.425947
-0.357561,-0.472027,2.366479
0.056796,0.174742,2.534278
-0.055086,-0.265107,2.615476
-0.053362,-0.314613,2.555027
-0.120363,-0.375957,2.526829
0.013896,-0.374968,2.541378
-0.134626,-0.715315,2.509938
0.013103,-0.718005,2.433956
-0.128847,-1.062802,2.511483
0.033551,-1.062457,2.386682
-0.126611,-1.097108,2.437501
0.035010,-1.082829,2.310795
-0.060527,0.245910,2.630583
-0.058608,0.067454,2.646415
-0.201864,-0.042142,2.589708
0.079857,-0.020314,2.594770
-0.313879,-0.242873,2.550090
0.230653,-0.062084,2.431165
-0.346513,-0.398090,2.431165
0.077564,0.103399,2.401338
-0.351880,-0.463579,2.343135
0.055251,0.168229,2.519860
-0.052983,-0.264626,2.600378
-0.052193,-0.313897,2.539581
-0.118312,-0.374780,2.505941
0.015163,-0.375646,2.533028
-0.133851,-0.713731,2.493013
0.013999,-0.708152,2.430457
-0.135792,-1.059752,2.501422
0.045086,-1.048384,2.340802
-0.135733,-1.094013,2.427659
0.045691,-1.077457,2.263203
-0.056699,0.246604,2.621194
-0.050855,0.069220,2.623756
-0.198810,-0.044952,2.557155
0.084517,-0.029462,2.565509
-0.311039,-0.241119,2.524064
0.240846,-0.050299,2.404362
-0.346402,-0.391879,2.404362
0.078665,0.102029,2.372060
-0.349064,-0.458761,2.315159
0.056351,0.166858,2.505791
-0.050457,-0.265610,2.578875
-0.049621,-0.315692,2.518137
-0.116880,-0.377604,2.481765
0.017706,-0.378460,2.515487
-0.132215,-0.715917,2.482902
0.016063,-0.706182,2.415157
-0.134194,-1.059772,2.501337
0.049320,-1.039466,2.300644
-0.133051,-1.094282,2.427466
0.051780,-1.073292,2.221138
-0.051279,0.246501,2.602560
-0.047503,0.065837,2.598197
-0.194791,-0.042552,2.540960
0.091041,-0.032294,2.536263
-0.308274,-0.237903,2.506494
0.252460,-0.053154,2.382288
-0.343888,-0.388624,2.382288
0.081488,0.100640,2.355517
-0.344820,-0.452664,2.295556
0.059175,0.165470,2.483786
-0.046621,-0.267100,2.558311
-0.047883,-0.317555,2.498470
-0.115740,-0.378586,2.465832
0.019857,-0.382061,2.493560
-0.132248,-0.716393,2.470458
0.018522,-0.711836,2.403907
-0.131324,-1.058261,2.495590
0.064649,-1.035339,2.266256
-0.132920,-1.092916,2.421842
0.065743,-1.068289,2.185391
-0.047934,0.248858,2.580944
-0.045639,0.070210,2.584574
-0.192162,-0.043440,2.521418
0.101985,0.011768,2.490817
-0.304266,-0.234732,2.483195
0.252248,-0.103102,2.382015
-0.333801,-0.390797,2.382015
0.097191,0.088655,2.337941
-0.335770,-0.457372,2.281046
0.074877,0.153485,2.438341
-0.036348,-0.261485,2.539298
-0.043171,-0.311082,2.479201
-0.110950,-0.375024,2.447184
0.025568,-0.375874,2.471029
-0.133308,-0.721152,2.457367
0.026129,-0.707855,2.393834
-0.127371,-1.060942,2.489083
0.065269,-1.014047,2.215487
-0.138137,-1.086221,2.414840
0.058030,-1.041728,2.130337
-0.043557,0.248362,2.559563
-0.042511,0.071268,2.564082
-0.189812,-0.042375,2.503359
0.105530,0.013610,2.482147
-0.302260,-0.235899,2.463431
0.246383,-0.095376,2.353196
-0.326969,-0.392725,2.353196
0.095893,0.081630,2.319155
-0.326074,-0.461865,2.265310
0.073580,0.146460,2.432405
-0.034584,-0.255596,2.520601
-0.040033,-0.304175,2.460623
-0.108311,-0.369147,2.424328
0.029049,-0.371546,2.455400
-0.130655,-0.721885,2.439247
0.028073,-0.702463,2.374624
-0.126235,-1.054756,2.487953
0.068017,-1.005516,2.192636
-0.134954,-1.075240,2.412639
0.061915,-1.034535,2.109452
-0.042329,0.246774,2.538581
-0.038260,0.072015,2.532579
-0.187116,-0.046681,2.476674
0.100406,0.025088,2.475490
-0.294155,-0.240286,2.439150
0.231706,-0.082810,2.334769
-0.323090,-0.402107,2.334769
0.095070,0.087541,2.302997
-0.317116,-0.445005,2.271015
0.072757,0.152371,2.410520
-0.031645,-0.257107,2.493061
-0.034591,-0.306751,2.433523
-0.101799,-0.371988,2.406052
0.033062,-0.370893,2.422308
-0.128658,-0.724741,2.426915
0.034037,-0.700886,2.338827
-0.119633,-1.054641,2.478405
0.079189,-0.994603,2.143373
-0.124764,-1.075260,2.402817
0.075853,-1.023924,2.061633
-0.033913,0.246894,2.524613
-0.033428,0.071804,2.519474
-0.182027,-0.044738,2.460463
0.108987,0.020060,2.450854
-0.287122,-0.242073,2.420729
0.242083,-0.073821,2.301431
-0.316524,-0.409423,2.301431
0.105134,0.072857,2.293447
-0.311838,-0.450300,2.261723
0.082821,0.137687,2.382018
-0.026967,-0.256724,2.474117
-0.031333,-0.305307,2.413678
-0.098354,-0.370096,2.380257
0.035968,-0.370212,2.405164
-0.122144,-0.722984,2.406641
0.040401,-0.697235,2.310576
-0.111617,-1.047921,2.469719
0.077214,-1.003990,2.140165
-0.118463,-1.068276,2.394214
0.072365,-1.035632,2.057966
-0.028789,0.247927,2.503977
-0.027008,0.080027,2.495865
-0.175311,-0.043476,2.438756
0.117474,-0.019957,2.423892
-0.278218,-0.249068,2.401383
0.275479,-0.042581,2.271406
-0.310041,-0.421292,2.271406
0.102839,0.087828,2.283592
-0.303938,-0.461268,2.253755
0.080526,0.152658,2.373135
-0.025685,-0.258838,2.446605
-0.029591,-0.309465,2.385002
-0.098511,-0.372777,2.354722
0.038273,-0.373626,2.376776
-0.115776,-0.722936,2.384035
0.043375,-0.701726,2.287948
-0.107701,-1.045299,2.460661
0.084863,-1.007285,2.118771
-0.112722,-1.065557,2.384994
0.082688,-1.037866,2.035357
-0.023414,0.250156,2.481324
-0.023360,0.078557,2.481131
-0.168227,-0.043028,2.419808
0.125918,0.032897,2.401071
-0.266626,-0.259363,2.374645
0.256263,-0.070881,2.258935
-0.300555,-0.439178,2.258935
0.113363,0.090421,2.272568
-0.298732,-0.469238,2.248461
0.091049,0.155250,2.347100
-0.015007,-0.253384,2.425205
-0.021347,-0.301077,2.363329
-0.088762,-0.366528,2.331776
0.047620,-0.363534,2.348711
-0.111272,-0.719969,2.367160
0.049093,-0.694199,2.273470
-0.098812,-1.037817,2.439749
0.080698,-1.003006,2.111330
-0.108963,-1.057888,2.364562
0.072632,-1.033713,2.028829
-0.016370,0.252645,2.463501
-0.011784,0.089516,2.456726
-0.165797,-0.040051,2.402455
0.127251,0.032033,2.394255
-0.259408,-0.258385,2.366286
0.254989,-0.052995,2.236187
-0.291654,-0.439634,2.236187
0.121947,0.098672,2.267810
-0.294814,-0.476751,2.245539
0.099633,0.163502,2.328654
-0.007145,-0.248743,2.399828
-0.012204,-0.298004,2.337820
-0.080497,-0.365793,2.309745
0.055732,-0.359560,2.322567
-0.104472,-0.720433,2.338298
0.056031,-0.691121,2.254254
-0.081472,-1.029658,2.426726
0.077199,-1.005394,2.106018
-0.088883,-1.049687,2.351217
0.071081,-1.037360,2.024179
-0.011156,0.256842,2.447789
-0.009304,0.093559,2.440472
-0.156419,-0.035527,2.379304
0.137061,0.035900,2.357718
-0.251478,-0.258922,2.348468
0.275178,-0.025736,2.197960
-0.284812,-0.444555,2.197960
0.115399,0.108828,2.261856
-0.286769,-0.481228,2.241677
0.093085,0.173657,2.322959
0.001064,-0.244936,2.376545
-0.005276,-0.293548,2.313620
-0.071396,-0.360325,2.280809
0.062622,-0.355398,2.299258
-0.095631,-0.718003,2.319350
0.078497,-0.693732,2.219990
-0.081950,-1.024065,2.405819
0.040606,-1.025279,2.140827
-0.092656,-1.043993,2.330679
0.029320,-1.050279,2.064860
-0.005398,0.264129,2.423823
0.006835,0.101926,2.418378
-0.149236,-0.031599,2.358994
0.140740,0.040981,2.345239
-0.244309,-0.259234,2.334352
0.277451,-0.024687,2.186739
-0.277025,-0.447859,2.186739
0.136878,0.108966,2.257011
-0.280917,-0.483617,2.239712
0.114565,0.173796,2.280334
0.008955,-0.235840,2.354341
0.002167,-0.284057,2.291420
-0.065724,-0.351644,2.265594
0.068711,-0.344063,2.269519
-0.086574,-0.690917,2.275311
0.080206,-0.693210,2.210316
-0.085684,-0.996421,2.392684
0.046927,-1.016182,2.103743
-0.094867,-1.021496,2.319765
0.037730,-1.036022,2.028384
0.001094,0.268420,2.409768
0.007983,0.104726,2.404331
-0.144797,-0.027225,2.343444
0.150135,0.037006,2.297049
-0.239670,-0.257790,2.324139
0.309851,-0.006394,2.157166
-0.270383,-0.448271,2.157166
0.146539,0.117967,2.253406
-0.271292,-0.483720,2.237441
0.124226,0.182796,2.254227
0.019386,-0.233292,2.331958
0.009430,-0.280972,2.268499
-0.058069,-0.347370,2.239928
0.077524,-0.340950,2.248508
-0.081740,-0.690850,2.259139
0.087085,-0.691489,2.192834
-0.070274,-1.007897,2.347587
0.040736,-1.015351,2.103227
-0.086062,-1.030442,2.274303
0.024854,-1.035285,2.029009
0.007735,0.270794,2.395303
0.013580,0.105140,2.384268
-0.136219,-0.018247,2.322880
0.150897,0.038404,2.292912
-0.233113,-0.253957,2.313306
0.295638,0.006603,2.132200
-0.259481,-0.445994,2.132200
0.154557,0.115014,2.247548
-0.263283,-0.483739,2.234976
0.142599,0.171886,2.214398
0.025324,-0.229203,2.312845
0.018300,-0.275880,2.249272
-0.046741,-0.340346,2.219503
0.085206,-0.335206,2.230723
-0.073166,-0.678225,2.209269
0.089666,-0.688280,2.178745
-0.029471,-0.987304,2.310705
0.049378,-1.012528,2.098830
-0.040734,-1.011976,2.237721
0.037421,-1.032295,2.023840
0.013241,0.276126,2.375681
0.019639,0.112134,2.367640
-0.131231,-0.015477,2.308632
0.153839,0.044353,2.277569
-0.223857,-0.248308,2.297995
0.294574,0.017390,2.112437
-0.251460,-0.441183,2.112437
0.153681,0.134095,2.238213
-0.250591,-0.482830,2.220959
0.131367,0.198924,2.214415
0.032602,-0.225731,2.292807
0.025285,-0.272939,2.228675
-0.040316,-0.337318,2.203592
0.092531,-0.330999,2.205510
-0.067597,-0.723599,2.182732
0.092687,-0.689546,2.167896
-0.082762,-1.009699,2.244134
0.063367,-1.010498,2.086833
-0.095412,-1.029465,2.169223
0.050717,-1.030264,2.011923
0.019628,0.280152,2.357351
0.021633,0.116493,2.351279
-0.124040,-0.012854,2.289525
0.158067,0.043594,2.254053
-0.216677,-0.248407,2.278984
0.301453,0.031187,2.090275
-0.242814,-0.441752,2.090275
0.159780,0.139293,2.222528
-0.243167,-0.482833,2.209985
0.137467,0.204123,2.197439
0.036729,-0.223936,2.275780
0.029181,-0.271819,2.211666
-0.034942,-0.334440,2.182729
0.095625,-0.330207,2.193041
-0.057334,-0.703976,2.146480
0.099940,-0.686415,2.156082
-0.081354,-1.013430,2.175245
0.044019,-1.008166,2.092536
-0.094821,-1.033248,2.100470
0.030552,-1.027984,2.017762
0.020945,0.285537,2.347868
0.026939,0.119618,2.335858
-0.122731,-0.011273,2.280730
0.158075,0.043670,2.247687
-0.213295,-0.245797,2.270171
0.292724,0.037842,2.075611
-0.236761,-0.437542,2.075611
0.158283,0.142007,2.207606
-0.236703,-0.479420,2.193566
0.135969,0.206837,2.183200
0.042774,-0.219429,2.262067
0.035880,-0.267183,2.198173
-0.028993,-0.331398,2.175226
0.103441,-0.322271,2.172560
-0.051083,-0.696021,2.118259
0.099124,-0.686133,2.147749
-0.091667,-1.011604,2.095459
0.055749,-1.003642,2.090953
-0.104455,-1.031426,2.020541
0.042961,-1.023464,2.016035
0.031727,0.286678,2.327974
0.033971,0.122289,2.319084
-0.119044,-0.009785,2.265272
0.163847,0.040586,2.221160
-0.205683,-0.242314,2.258132
0.297071,0.050360,2.048635
-0.230845,-0.429760,2.048635
0.163776,0.144906,2.183414
-0.232195,-0.468689,2.164862
0.141647,0.209605,2.157695
0.048675,-0.219791,2.246157
0.040055,-0.268495,2.182584
-0.024869,-0.330924,2.155504
0.106679,-0.325475,2.162622
-0.054840,-0.696405,2.078532
0.101194,-0.687532,2.138433
-0.050859,-1.009923,2.047531
0.052222,-1.005977,2.083327
-0.065640,-1.029872,1.972985
0.037441,-1.025926,2.008780
0.036629,0.283757,2.312307
0.039576,0.124013,2.301715
-0.117116,-0.006129,2.256329
0.164110,0.039333,2.213533
-0.197039,-0.236628,2.240242
0.291681,0.053345,2.037006
-0.226225,-0.423346,2.037006
0.159502,0.149080,2.166518
-0.229350,-0.462218,2.145573
0.143911,0.209041,2.140002
0.049995,-0.218519,2.232144
0.041131,-0.267645,2.169019
-0.024807,-0.329868,2.148274
0.107850,-0.324825,2.144066
-0.057353,-0.685061,2.055453
0.103679,-0.686002,2.128997
-0.032236,-1.000674,1.983555
0.050967,-1.005835,2.089012
-0.046309,-1.020662,1.908846
0.036893,-1.025823,2.014303
0.036037,0.290728,2.300668
0.042967,0.128946,2.288232
-0.113656,-0.000709,2.245254
0.163305,0.033946,2.207876
-0.192711,-0.232265,2.228256
0.280807,0.062580,2.025898
-0.221356,-0.416133,2.025898
0.144660,0.147531,2.147363
-0.225389,-0.455227,2.130328
0.141659,0.200311,2.121301
0.048803,-0.216263,2.220098
0.040595,-0.266000,2.156895
-0.025332,-0.325567,2.136170
0.106273,-0.323900,2.134578
-0.057768,-0.672853,2.033900
0.105211,-0.686515,2.122521
-0.001992,-0.984304,1.936407
0.049237,-1.004488,2.094199
-0.014026,-1.004258,1.861302
0.037203,-1.024442,2.019094
0.035324,0.298121,2.285545
0.049343,0.135164,2.275945
-0.112563,0.002474,2.237087
0.163474,0.030795,2.193774
-0.189658,-0.227500,2.216532
0.280227,0.068930,2.013778
-0.218983,-0.407551,2.013778
0.132372,0.137457,2.127407
-0.223695,-0.447159,2.106070
0.083087,0.160300,2.150467
0.052776,-0.212202,2.209094
0.043404,-0.262647,2.146280
-0.023077,-0.321959,2.124713
0.108503,-0.320578,2.125686
-0.056669,-0.667700,2.020003
0.106869,-0.711135,2.109520
0.003468,-0.980142,1.927869
0.055084,-1.001341,2.103797
-0.009452,-1.000188,1.852877
0.042164,-1.021387,2.028805
0.040055,0.300704,2.270495
0.051323,0.135448,2.265089
-0.110496,0.004245,2.225920
0.166144,0.018979,2.188400
-0.187349,-0.220487,2.204099
0.273174,0.079118,2.008846
-0.218416,-0.398305,2.008846
0.125450,0.134283,2.111494
-0.220636,-0.440076,2.094063
0.076209,0.152671,2.154442
0.052817,-0.212497,2.198045
0.045000,-0.262983,2.134951
-0.022341,-0.320670,2.109991
0.110488,-0.322299,2.117121
-0.055331,-0.661605,2.005527
0.106841,-0.712563,2.106534
0.101983,-0.835413,2.063809
0.055926,-1.003524,2.096166
0.041350,-0.801682,2.005845
0.045607,-1.023457,2.020821
0.043627,0.303468,2.260804
0.055973,0.136169,2.253350
-0.108559,0.008049,2.216445
0.167825,0.013698,2.181427
-0.185688,-0.216037,2.193534
0.270868,0.081453,2.002773
-0.217409,-0.390326,2.002773
0.121138,0.134039,2.094543
-0.219079,-0.432827,2.075366
0.071228,0.151567,2.145771
0.053207,-0.211964,2.187316
0.045649,-0.262535,2.124180
-0.022561,-0.318982,2.099146
0.110915,-0.323170,2.107069
-0.053867,-0.660809,1.997809
0.106158,-0.714118,2.102483
0.168524,-0.870661,1.892560
0.051009,-1.003685,2.089432
0.159594,-0.890582,1.816977
0.042078,-1.023605,2.013850
0.046651,0.306042,2.248573
0.059385,0.137579,2.242808
-0.105246,0.009046,2.201812
0.171844,0.007521,2.170149
-0.182812,-0.212232,2.183682
0.270675,0.087456,1.995091
-0.218252,-0.384818,1.995091
0.120084,0.133300,2.083554
-0.218994,-0.427568,2.065425
0.069887,0.148581,2.139576
0.055979,-0.211647,2.176436
0.049373,-0.262450,2.113197
-0.019274,-0.318719,2.088168
0.115085,-0.323785,2.096259
-0.053227,-0.661365,1.992374
0.104965,-0.714255,2.096485
0.175773,-0.870851,1.912462
0.049397,-1.004173,2.079566
0.168309,-0.890754,1.836659
0.041932,-1.024076,2.003763
0.050271,0.307027,2.236612
0.061247,0.139097,2.232005
-0.102920,0.010060,2.190154
0.170234,0.021429,2.155419
-0.182495,-0.209054,2.171194
0.281349,0.080708,1.979875
-0.218289,-0.380990,1.979875
0.124913,0.116925,2.070792
-0.220186,-0.424129,2.051640
0.072767,0.128998,2.117687
0.057746,-0.210719,2.169008
0.049609,-0.262128,2.106382
-0.018551,-0.318396,2.083276
0.114354,-0.322598,2.089025
-0.052779,-0.661681,1.989381
0.105986,-0.716671,2.091621
0.180914,-0.867324,1.921480
0.046420,-1.002091,2.076883
0.171444,-0.887389,1.845890
0.036949,-1.022156,2.001292
0.052978,0.309909,2.230048
0.065114,0.141550,2.222903
-0.101089,0.011604,2.180484
0.174030,0.006419,2.141813
-0.182103,-0.208260,2.158212
0.278301,0.090783,1.974021
-0.221576,-0.378275,1.974021
0.120551,0.110278,2.056480
-0.222371,-0.418387,2.036756
0.067967,0.116777,2.114022
0.057932,-0.210643,2.160276
0.049477,-0.262600,2.097542
-0.019408,-0.318683,2.074157
0.113900,-0.323458,2.080741
-0.052425,-0.660037,1.984524
0.105268,-0.715595,2.086527
0.200853,-0.840055,1.963507
0.049364,-1.003341,2.076833
0.191892,-0.860139,1.887809
0.040403,-1.023425,2.001135
0.054631,0.313729,2.221549
0.066602,0.140825,2.216181
-0.098889,0.013889,2.170303
0.176223,0.000671,2.136273
-0.182254,-0.205026,2.148035
0.274598,0.090517,1.968113
-0.223344,-0.375146,1.968113
0.120938,0.115624,2.048004
-0.223860,-0.416345,2.028404
0.069718,0.123993,2.113207
0.056596,-0.210529,2.152448
0.048945,-0.262095,2.089500
-0.020847,-0.317647,2.063792
0.113457,-0.323664,2.073981
-0.052200,-0.660269,1.980594
0.101358,-0.657651,2.060709
0.196741,-0.848646,1.957217
0.065432,-0.986066,2.100311
0.189630,-0.868644,1.881294
0.055448,-1.018123,2.030970
0.056718,0.314273,2.212170
0.067660,0.141114,2.208708
-0.098474,0.016131,2.161808
0.177061,0.026937,2.115023
-0.182932,-0.203797,2.140805
0.294027,0.085491,1.945208
-0.226209,-0.372085,1.945208
0.142984,0.116352,2.039232
-0.224516,-0.413979,2.021939
0.092636,0.126638,2.092049
0.060732,-0.208283,2.144432
0.049704,-0.259385,2.082032
-0.019871,-0.315549,2.057947
0.113843,-0.320283,2.064879
-0.051950,-0.659692,1.978471
0.101366,-0.704796,2.056529
0.188900,-0.857846,1.976076
0.074639,-1.001644,2.074124
0.176614,-0.877956,1.900800
0.062352,-1.021754,1.998848
0.058432,0.315327,2.206516
0.068757,0.142476,2.198814
-0.097332,0.017812,2.150932
0.176534,0.029894,2.111822
-0.182973,-0.201909,2.134989
0.291355,0.082946,1.938741
-0.227231,-0.370329,1.938741
0.138474,0.106622,2.035028
-0.225499,-0.412175,2.016526
0.087513,0.114513,2.083788
0.060001,-0.206628,2.136679
0.049912,-0.257938,2.074446
-0.019288,-0.314274,2.051929
0.113468,-0.318229,2.056782
-0.052179,-0.658919,1.976131
0.100642,-0.704882,2.055654
0.183155,-0.863296,1.983851
0.078924,-1.001657,2.058414
0.172554,-0.883423,1.908274
0.068323,-1.021785,1.982837
0.060738,0.313481,2.195887
0.064954,0.138210,2.193840
-0.096829,0.019089,2.143151
0.175810,0.047171,2.094005
-0.186184,-0.198713,2.125128
0.305126,0.073177,1.926288
-0.228132,-0.370274,1.926288
0.152282,0.113499,2.031274
-0.228443,-0.410224,2.010610
0.101334,0.126939,2.064348
0.062581,-0.206003,2.131113
0.050709,-0.256201,2.068801
-0.017258,-0.312370,2.044551
0.114567,-0.316140,2.050986
-0.052413,-0.657201,1.972221
0.100478,-0.703806,2.052378
0.175187,-0.870523,1.987039
0.080370,-1.000494,2.042254
0.160701,-0.890736,1.912086
0.065884,-1.020706,1.967301
0.061030,0.314226,2.187699
0.060233,0.134917,2.184491
-0.096503,0.019355,2.133259
0.177065,0.041151,2.089586
-0.185813,-0.197308,2.117717
0.302510,0.075003,1.920628
-0.229352,-0.369556,1.920628
0.154734,0.140005,2.027209
-0.229660,-0.409524,2.006443
0.105475,0.161672,2.051226
0.060000,-0.206487,2.123137
0.049960,-0.256308,2.061115
-0.017814,-0.312305,2.036887
0.114522,-0.316771,2.043755
-0.053201,-0.654047,1.964051
0.099512,-0.703244,2.047739
0.174704,-0.858884,2.006692
0.081623,-1.001049,2.038838
0.162128,-0.879072,1.931345
0.069047,-1.021238,1.963491
0.061796,0.315206,2.179262
0.058310,0.133440,2.176678
-0.096063,0.020282,2.126308
0.174925,0.076974,2.073304
-0.185554,-0.197131,2.110411
0.308700,0.042592,1.912737
-0.230154,-0.370055,1.912737
0.172277,0.137259,2.023030
-0.230664,-0.410012,2.002765
0.156331,0.198015,2.012139
0.063259,-0.203467,2.115789
0.050205,-0.252478,2.054592
-0.016784,-0.309687,2.031795
0.114490,-0.312074,2.035749
-0.052827,-0.647622,1.950467
0.100213,-0.702061,2.044760
0.091356,-0.846549,1.965233
0.083483,-0.996048,2.037932
0.032388,-0.788497,1.927591
0.065592,-1.016463,1.963688
0.062075,0.319512,2.170642
0.057880,0.132973,2.167603
-0.096261,0.021443,2.119877
0.172006,0.108626,2.082290
-0.186961,-0.195631,2.102683
0.285577,0.033777,1.920041
-0.229012,-0.370275,1.920041
0.163578,0.150795,2.018682
-0.231241,-0.411300,1.998110
0.150173,0.210965,2.018369
0.063143,-0.199128,2.109397
0.050942,-0.247201,2.048448
-0.015715,-0.307332,2.029091
0.114858,-0.305174,2.025440
-0.052945,-0.642853,1.932063
0.100961,-0.701507,2.042906
0.124214,-0.817396,1.915927
0.043138,-0.983716,2.025486
0.049156,-0.772560,1.890908
0.026219,-1.004123,1.950984
0.061049,0.317973,2.156561
0.064568,0.153490,2.143550
-0.095815,0.022645,2.110676
0.170510,0.112333,2.070656
-0.187886,-0.194906,2.096591
0.282489,0.033675,1.909628
-0.227987,-0.370642,1.909628
0.162627,0.153875,2.014941
-0.230882,-0.411607,1.994581
0.152735,0.212491,2.012461
0.065635,-0.191318,2.099107
0.052799,-0.243412,2.039867
-0.013865,-0.304701,2.023726
0.115939,-0.302066,2.017923
-0.051124,-0.635893,1.916039
0.102019,-0.701102,2.041586
0.108875,-0.799746,1.793739
0.042927,-0.979612,2.029324
0.035827,-0.757610,1.827873
0.026108,-1.000683,1.954951
0.058305,0.318231,2.141123
0.065886,0.155648,2.137174
-0.097506,0.022290,2.099909
0.167877,0.115512,2.064822
-0.186974,-0.196499,2.090822
0.275844,0.037207,1.900759
-0.226809,-0.372678,1.900759
0.154969,0.158803,2.010912
-0.230185,-0.412677,1.992085
0.148048,0.216872,2.001957
0.066382,-0.188814,2.090960
0.053918,-0.241175,2.032000
-0.012362,-0.302748,2.016424
0.116455,-0.300228,2.011060
-0.055641,-0.632394,1.897107
0.103153,-0.699646,2.038380
0.116430,-0.801035,1.809916
0.040529,-0.976029,2.035925
0.039140,-0.754128,1.820392
0.024507,-0.997015,1.961316
0.056683,0.320627,2.130688
0.064900,0.157409,2.122612
-0.099283,0.024474,2.090359
0.167168,0.119642,2.052707
-0.186487,-0.197456,2.083547
0.271867,0.046892,1.883574
-0.225738,-0.374714,1.883574
0.150759,0.159006,2.006941
-0.229623,-0.414789,1.988159
0.144971,0.217017,1.996078
0.063880,-0.184363,2.080023
0.050692,-0.236853,2.021737
-0.015259,-0.298681,2.008294
0.112275,-0.297127,1.999587
-0.057910,-0.624928,1.886907
0.103351,-0.697855,2.033736
0.086821,-0.795437,1.752889
0.036213,-0.970071,2.042453
0.019504,-0.745558,1.788531
0.019642,-0.991205,1.967974
0.055167,0.319847,2.113194
0.063357,0.161052,2.108337
-0.101328,0.028750,2.081813
0.168601,0.034538,2.031248
-0.186897,-0.198628,2.072634
0.278350,0.086894,1.857506
-0.224316,-0.378170,1.857506
0.136725,0.152373,2.002563
-0.228266,-0.416106,1.984649
0.133043,0.211311,1.981234
0.055996,-0.188550,2.065556
0.043953,-0.243033,2.006202
-0.025626,-0.300219,1.987734
0.107597,-0.304331,1.990335
-0.059188,-0.620533,1.878065
0.103297,-0.695661,2.028712
0.088161,-0.797340,1.758660
0.021982,-0.972414,2.042071
0.019908,-0.744603,1.787872
0.008917,-0.993454,1.966855
0.048995,0.325865,2.101082
0.061225,0.163850,2.094838
-0.104091,0.031884,2.070041
0.168804,0.032683,2.027486
-0.187042,-0.200239,2.063479
0.265570,0.085460,1.845441
-0.221843,-0.380821,1.845441
0.129827,0.157813,1.995917
-0.227498,-0.416630,1.981923
0.126911,0.216030,1.973355
0.053017,-0.188492,2.056301
0.042793,-0.244025,1.997577
-0.027073,-0.300289,1.981176
0.107184,-0.306986,1.981136
-0.060600,-0.617991,1.871261
0.102238,-0.693199,2.023309
0.083807,-0.800607,1.758658
0.018811,-0.973336,2.040381
0.015984,-0.744233,1.781474
0.008200,-0.994587,1.964811
0.043868,0.330620,2.083465
0.059341,0.164268,2.078835
-0.106706,0.034476,2.056921
0.167236,0.031574,2.021149
-0.185625,-0.199462,2.054137
0.252616,0.096126,1.837175
-0.221349,-0.380740,1.837175
0.111848,0.161117,1.990348
-0.225356,-0.421089,1.975557
0.107385,0.222143,1.954861
0.046556,-0.187711,2.043140
0.037073,-0.243536,1.984807
-0.032455,-0.298737,1.970716
0.100109,-0.307616,1.967243
-0.063148,-0.618028,1.865411
0.101227,-0.691573,2.017516
0.059835,-0.812712,1.746398
0.025773,-0.974253,2.038798
0.003080,-0.747029,1.774119
0.017127,-0.995602,1.962980
0.036623,0.328031,2.064594
0.055031,0.164310,2.061334
-0.108815,0.037142,2.042499
0.164772,0.032701,2.008116
-0.185392,-0.200819,2.042385
0.244656,0.103602,1.824218
-0.218919,-0.383026,1.824218
0.099297,0.157883,1.981175
-0.223176,-0.423376,1.969288
0.095248,0.218269,1.943306
0.043353,-0.186446,2.029363
0.034394,-0.242604,1.971651
-0.034849,-0.297348,1.959035
0.097577,-0.307120,1.954086
-0.065953,-0.618480,1.860754
0.099530,-0.689281,2.010402
0.052236,-0.818791,1.747652
0.032944,-0.972668,2.043582
-0.002301,-0.750010,1.772224
0.024718,-0.994227,1.967752
0.032063,0.327929,2.050522
0.050317,0.164744,2.045419
-0.112353,0.035333,2.024972
0.159573,0.034963,1.994142
-0.189720,-0.205761,2.022518
0.239410,0.104711,1.809901
-0.219704,-0.390844,1.809901
0.092526,0.158499,1.971586
-0.223682,-0.425992,1.960282
0.088170,0.217502,1.930523
0.038172,-0.187554,2.011593
0.029600,-0.243814,1.953561
-0.039276,-0.298691,1.943239
0.092589,-0.307265,1.933807
-0.070238,-0.622151,1.854576
0.097783,-0.684756,1.998201
0.052374,-0.827313,1.760918
0.053540,-0.973841,2.039004
-0.001650,-0.755493,1.776270
0.045896,-0.995312,1.963070
0.025921,0.325242,2.024980
0.044334,0.161988,2.025015
-0.115481,0.034913,2.007494
0.153163,0.038809,1.975598
-0.192520,-0.209737,2.010647
0.237115,0.104076,1.791750
-0.220417,-0.395192,1.791750
0.064327,0.115669,1.960668
-0.224631,-0.428802,1.950573
0.006732,0.119534,1.887135
0.035112,-0.186817,1.994733
0.026546,-0.242873,1.937273
-0.041539,-0.297699,1.927507
0.089367,-0.305475,1.917659
-0.074899,-0.622295,1.845503
0.096480,-0.677686,1.982399
0.043029,-0.832570,1.759517
0.044151,-0.972388,2.013732
-0.007400,-0.757644,1.772269
0.035855,-0.994051,1.937885
0.021551,0.325276,2.014244
0.040440,0.161440,2.007254
-0.118369,0.034664,1.988454
0.149899,0.041276,1.944014
-0.194334,-0.210489,1.993959
0.239982,0.109836,1.765211
-0.222676,-0.396335,1.765211
0.083019,0.143302,1.947343
-0.225774,-0.434910,1.932831
0.074623,0.199922,1.883456
0.033918,-0.187310,1.976285
0.023316,-0.243258,1.919222
-0.044628,-0.298571,1.911470
0.086257,-0.305715,1.897453
-0.082236,-0.621757,1.826388
0.094492,-0.636488,1.949702
0.034949,-0.833498,1.744467
0.039437,-0.949921,2.033755
-0.012940,-0.756717,1.755929
0.026252,-0.980282,1.961373
0.015556,0.327117,1.997955
0.034129,0.162944,1.989815
-0.123324,0.035190,1.972518
0.146228,0.035540,1.933623
-0.197389,-0.210722,1.974909
0.225689,0.106025,1.750080
-0.226637,-0.396387,1.750080
0.083257,0.160851,1.928823
-0.229767,-0.435664,1.920508
0.074236,0.219521,1.874170
0.026695,-0.186794,1.953939
0.017407,-0.242200,1.895735
-0.051310,-0.297320,1.886326
0.081305,-0.304900,1.873983
-0.084538,-0.621899,1.806607
0.092699,-0.635982,1.940973
0.032186,-0.836524,1.736207
0.025012,-0.954920,1.998138
-0.014272,-0.758385,1.743425
0.014076,-0.981628,1.923780
0.010537,0.328608,1.977893
0.030163,0.163387,1.968125
-0.127272,0.038437,1.952924
0.141417,0.000874,1.882536
-0.201079,-0.206890,1.959081
0.222594,0.122137,1.734774
-0.232228,-0.391544,1.734774
0.064217,0.136176,1.910098
-0.236464,-0.431379,1.900591
0.053637,0.195322,1.847294
0.023254,-0.189630,1.931296
0.009926,-0.245726,1.873699
-0.060000,-0.299189,1.866098
0.073813,-0.312047,1.849346
-0.087384,-0.623698,1.784690
0.087605,-0.634610,1.917524
0.039330,-0.836500,1.740777
-0.009325,-0.948388,1.963945
-0.008957,-0.759168,1.739789
-0.028425,-0.979876,1.891350
0.006346,0.328787,1.953644
0.021935,0.165495,1.946036
-0.132804,0.041276,1.933177
0.124259,0.045247,1.893520
-0.209854,-0.203669,1.932212
0.217008,0.104812,1.713115
-0.239605,-0.389383,1.713115
0.063788,0.151726,1.888563
-0.244984,-0.428217,1.880076
0.054600,0.213372,1.814031
0.015564,-0.187443,1.908898
0.005736,-0.243456,1.850636
-0.060900,-0.297014,1.844615
0.067604,-0.305656,1.826193
-0.086172,-0.621540,1.763764
0.079933,-0.629536,1.888031
-0.111695,-0.949291,1.670023
0.008114,-0.945317,1.952218
-0.123562,-0.985189,1.591418
-0.005340,-0.978502,1.880000
0.006059,0.330073,1.937912
0.019378,0.168888,1.929858
-0.137920,0.045230,1.911353
0.115501,0.112625,1.833429
-0.214899,-0.198719,1.916515
0.241593,0.083224,1.668997
-0.246874,-0.383383,1.668997
0.100194,0.152124,1.870396
-0.254155,-0.427024,1.855206
0.090714,0.211061,1.784021
0.024132,-0.177809,1.884040
0.005528,-0.231540,1.827052
-0.058545,-0.287213,1.821003
0.065573,-0.290100,1.799422
-0.098037,-0.610814,1.743768
0.075403,-0.622779,1.858649
-0.137928,-0.937690,1.653681
-0.084653,-0.913889,1.870206
-0.164824,-0.973763,1.578831
-0.109782,-0.935491,1.798244
0.003146,0.335663,1.916978
0.018355,0.173813,1.910416
-0.142589,0.048822,1.893170
0.103104,0.191851,1.793012
-0.224977,-0.193946,1.890879
0.216112,0.062675,1.686122
-0.258401,-0.377482,1.686122
0.098151,0.202449,1.841033
-0.264351,-0.418602,1.831901
0.085549,0.261027,1.745323
0.031236,-0.158900,1.857324
0.005917,-0.209153,1.803078
-0.055033,-0.273237,1.799597
0.062423,-0.267828,1.771572
-0.103172,-0.596543,1.728416
0.066978,-0.610624,1.821326
-0.151821,-0.923277,1.644415
-0.040032,-0.910988,1.885158
-0.189991,-0.959906,1.574825
-0.076052,-0.933181,1.818180
-0.000527,0.341651,1.902839
0.012988,0.177606,1.894945
-0.149437,0.052969,1.869339
0.101475,0.192896,1.787172
-0.235422,-0.188145,1.868918
0.209358,0.069509,1.666089
-0.267382,-0.371147,1.666089
0.098052,0.206025,1.816084
-0.277578,-0.406904,1.800247
0.085796,0.264153,1.745711
0.023552,-0.153973,1.843987
0.001156,-0.204228,1.788732
-0.059273,-0.269490,1.783836
0.057010,-0.262198,1.754904
-0.107022,-0.592811,1.714094
0.063845,-0.604190,1.792210
-0.155296,-0.919684,1.631538
0.070477,-0.936023,1.815845
-0.189083,-0.955902,1.559744
0.038837,-0.958694,1.746725
-0.003533,0.346762,1.885271
0.007508,0.180863,1.877315
-0.153677,0.057571,1.853042
0.097223,0.201238,1.776089
-0.242652,-0.180733,1.848370
0.199160,0.078697,1.647997
-0.279569,-0.359839,1.647997
0.088382,0.214640,1.784435
-0.287541,-0.400208,1.771441
0.076223,0.272634,1.729392
0.017432,-0.147947,1.820801
-0.004896,-0.196747,1.764430
-0.064891,-0.263126,1.755832
0.050917,-0.254544,1.731473
-0.107651,-0.592241,1.699320
0.057683,-0.597490,1.751050
-0.150482,-0.921900,1.630559
0.064268,-0.931277,1.757591
-0.183396,-0.954681,1.559626
0.032852,-0.954488,1.688320
-0.007731,0.350013,1.866789
-0.000137,0.182865,1.857875
-0.157445,0.061123,1.827923
0.084789,0.182727,1.730228
-0.252365,-0.171412,1.823753
0.218311,0.071773,1.628915
-0.289059,-0.349751,1.628915
0.093661,0.198967,1.757831
-0.298564,-0.390352,1.736310
0.081521,0.256914,1.702724
0.012771,-0.148882,1.800062
-0.011647,-0.198946,1.744766
-0.069939,-0.262588,1.738214
0.043690,-0.254806,1.713905
-0.110459,-0.589153,1.688422
0.050277,-0.589403,1.711557
-0.151482,-0.919769,1.625992
0.056873,-0.924447,1.697045
-0.188172,-0.956169,1.556684
0.022199,-0.957383,1.629727
