0.292104,0.446160,3.064618
0.297210,0.281771,3.072581
0.151864,0.170268,3.063324
0.456661,0.145009,3.017942
0.077155,-0.100826,3.055832
0.514891,-0.106083,2.931703
0.056387,-0.332506,2.931703
0.526725,-0.262901,2.952061
0.059516,-0.416229,2.917245
0.518212,-0.316700,2.635027
0.291716,-0.090504,3.039071
0.282634,-0.150043,2.977222
0.210164,-0.216046,2.974276
0.350467,-0.220082,2.945224
0.200059,-0.612990,2.852180
0.362144,-0.644914,2.918655
0.194740,-0.842830,2.849602
0.362329,-0.923504,2.900073
0.190245,-0.856031,2.783098
0.351295,-0.946140,2.816062
0.284535,0.451097,3.004067
0.290020,0.286720,3.010331
0.144865,0.173500,3.001332
0.449537,0.149549,2.955516
0.069613,-0.098877,2.997481
0.506209,-0.094679,2.862255
0.048655,-0.329542,2.862255
0.516837,-0.230761,2.891470
0.051279,-0.410815,2.857407
0.503790,-0.279069,2.524682
0.283710,-0.085975,2.978506
0.274559,-0.145698,2.916870
0.201644,-0.212259,2.914757
0.342414,-0.215283,2.884669
0.193171,-0.607704,2.781363
0.355598,-0.644670,2.865493
0.182588,-0.840465,2.760265
0.357681,-0.919430,2.850807
0.178008,-0.851324,2.687358
0.346492,-0.934229,2.768260
0.278111,0.455459,2.950670
0.283909,0.291063,2.956133
0.138877,0.176316,2.946016
0.443231,0.153320,2.900123
0.062382,-0.097568,2.942722
0.498366,-0.084679,2.801304
0.041638,-0.326386,2.801304
0.508274,-0.201723,2.838101
0.044058,-0.406064,2.804951
0.491791,-0.246280,2.432842
0.276665,-0.082157,2.924596
0.267430,-0.142004,2.862884
0.194118,-0.208931,2.861048
0.335234,-0.211162,2.830573
0.187249,-0.603354,2.719939
0.349468,-0.642651,2.815353
0.171989,-0.838237,2.682194
0.353118,-0.916601,2.810099
0.167382,-0.847357,2.603969
0.342141,-0.928959,2.726983
0.272162,0.459653,2.901314
0.278489,0.294955,2.907788
0.133476,0.178951,2.896171
0.437538,0.157056,2.850801
0.055974,-0.096208,2.894103
0.491614,-0.075114,2.746822
0.034299,-0.322464,2.746822
0.501568,-0.179146,2.788505
0.037029,-0.401732,2.756313
0.480788,-0.214763,2.351643
0.270367,-0.078756,2.876027
0.261101,-0.138687,2.814223
0.187458,-0.205919,2.812483
0.328855,-0.207408,2.781863
0.181955,-0.599527,2.666497
0.344177,-0.640707,2.771783
0.163368,-0.837530,2.612784
0.348843,-0.911617,2.770449
0.158858,-0.845497,2.530022
0.338592,-0.915690,2.687797
0.266895,0.463175,2.858094
0.273386,0.298409,2.864132
0.128501,0.181251,2.851871
0.432316,0.160563,2.806839
0.050015,-0.094901,2.849567
0.485490,-0.065868,2.696955
0.027780,-0.319342,2.696955
0.495625,-0.158057,2.745305
0.030800,-0.398248,2.713804
0.471109,-0.184986,2.280314
0.264651,-0.075694,2.832338
0.255366,-0.135699,2.770476
0.181477,-0.203267,2.768932
0.323074,-0.203971,2.737961
0.177170,-0.596332,2.619157
0.339276,-0.639587,2.733032
0.155734,-0.836765,2.552104
0.345187,-0.907778,2.735933
0.151259,-0.843848,2.465594
0.335441,-0.904147,2.653885
0.262013,0.466370,2.818906
0.268635,0.301512,2.824919
0.123883,0.183324,2.812187
0.427519,0.163442,2.767257
0.044515,-0.093724,2.808809
0.480227,-0.058265,2.653569
0.021713,-0.316438,2.653569
0.490168,-0.140138,2.705603
0.024809,-0.395029,2.674135
0.462343,-0.157204,2.217373
0.259385,-0.072957,2.792882
0.250083,-0.133018,2.730942
0.175950,-0.200848,2.729380
0.317795,-0.200955,2.698406
0.172897,-0.593535,2.577173
0.334788,-0.638091,2.697737
0.149042,-0.835720,2.499645
0.341983,-0.903447,2.704687
0.144620,-0.841965,2.410083
0.332684,-0.891975,2.623349
0.257644,0.469090,2.784137
0.264273,0.304292,2.789930
0.119738,0.185128,2.775222
0.423091,0.165880,2.731543
0.039337,-0.092673,2.771457
0.475460,-0.051719,2.614592
0.016123,-0.313951,2.614592
0.483423,-0.116730,2.669956
0.019240,-0.392322,2.638522
0.454602,-0.128850,2.161413
0.254478,-0.070648,2.757137
0.245269,-0.130759,2.694992
0.170963,-0.198742,2.693116
0.312999,-0.198344,2.662674
0.168989,-0.591034,2.539551
0.330865,-0.637203,2.666398
0.143022,-0.834651,2.453584
0.339117,-0.900117,2.676799
0.138815,-0.840109,2.361376
0.329713,-0.881343,2.596892
0.253032,0.471968,2.751186
0.259873,0.306951,2.757237
0.115343,0.186923,2.741011
0.418608,0.168139,2.697604
0.033810,-0.091265,2.735067
0.471574,-0.044683,2.575419
0.010263,-0.310986,2.575419
0.476109,-0.086949,2.634400
0.013343,-0.389439,2.603121
0.447428,-0.095769,2.110673
0.249541,-0.068396,2.722911
0.240358,-0.128479,2.660513
0.165842,-0.196626,2.658014
0.308142,-0.195790,2.628392
0.165261,-0.588799,2.505211
0.326860,-0.635185,2.635509
0.137557,-0.833570,2.412416
0.336037,-0.895112,2.649953
0.133451,-0.838364,2.317887
0.326920,-0.873795,2.570558
0.248928,0.474386,2.721804
0.255793,0.309321,2.727773
0.111189,0.188520,2.710147
0.414600,0.170157,2.667442
0.028564,-0.089720,2.702071
0.468300,-0.037558,2.539685
0.004857,-0.308193,2.539685
0.470436,-0.062045,2.602669
0.007948,-0.386757,2.571574
0.441369,-0.063493,2.067363
0.245041,-0.066382,2.692337
0.235926,-0.126449,2.629720
0.161213,-0.194747,2.626650
0.303777,-0.193536,2.597766
0.161946,-0.586792,2.474397
0.323246,-0.633187,2.607504
0.132616,-0.832516,2.375277
0.333223,-0.890186,2.624328
0.128645,-0.836827,2.278836
0.324475,-0.867259,2.546496
0.245058,0.476647,2.695062
0.251645,0.311584,2.700721
0.107173,0.190092,2.682101
0.410803,0.171930,2.639939
0.023483,-0.088304,2.671710
0.466507,-0.030452,2.505296
-0.000290,-0.305644,2.505296
0.466095,-0.033429,2.573490
0.002755,-0.384370,2.542444
0.436231,-0.028554,2.030070
0.240680,-0.064476,2.664279
0.231659,-0.124529,2.601461
0.156691,-0.192910,2.597431
0.299694,-0.191471,2.569983
0.158924,-0.585021,2.446484
0.319750,-0.630447,2.580033
0.128170,-0.831765,2.342022
0.330152,-0.884408,2.599835
0.124309,-0.835913,2.244160
0.322037,-0.861071,2.524028
0.241572,0.478647,2.671073
0.247635,0.313638,2.675966
0.103348,0.191618,2.656357
0.407163,0.173512,2.614805
0.018467,-0.086807,2.643775
0.464989,-0.022688,2.473438
-0.005412,-0.302929,2.473438
0.463290,-0.005683,2.546025
-0.002900,-0.381580,2.513917
0.432222,0.007368,1.999522
0.236580,-0.062769,2.638743
0.227681,-0.122819,2.575777
0.152570,-0.191275,2.571119
0.295848,-0.189617,2.544633
0.156056,-0.583533,2.421284
0.316584,-0.627973,2.554680
0.124128,-0.831270,2.312968
0.326653,-0.878908,2.577611
0.121068,-0.838396,2.218001
0.319531,-0.855490,2.503561
0.237388,0.480650,2.647769
0.243207,0.315709,2.652273
0.098737,0.193084,2.630033
0.402988,0.175154,2.590410
0.011436,-0.084477,2.612772
0.464656,-0.009047,2.438366
-0.012301,-0.300291,2.438366
0.460131,0.039930,2.515223
-0.010369,-0.377969,2.482306
0.427627,0.072348,1.978007
0.231843,-0.061187,2.613333
0.223179,-0.121196,2.550068
0.147941,-0.189613,2.544203
0.291522,-0.187823,2.519571
0.153240,-0.582365,2.398347
0.312814,-0.623244,2.523148
0.120586,-0.831273,2.287852
0.322604,-0.873556,2.555340
0.117855,-0.839329,2.192762
0.314538,-0.849294,2.477949
0.232720,0.482694,2.625187
0.237897,0.317816,2.628811
0.093056,0.194722,2.604529
0.398321,0.177224,2.566966
0.003852,-0.081576,2.581483
0.466047,0.013484,2.402172
-0.020604,-0.295523,2.402172
0.455611,0.103636,2.482154
-0.019302,-0.373206,2.447195
0.417912,0.163591,1.974474
0.226760,-0.059327,2.588865
0.218397,-0.119281,2.525435
0.142950,-0.187724,2.518217
0.287110,-0.185851,2.495836
0.150562,-0.581297,2.377464
0.308415,-0.617642,2.490880
0.117458,-0.831376,2.266376
0.319897,-0.864129,2.521403
0.114973,-0.840524,2.171314
0.310540,-0.845697,2.457041
0.228183,0.484575,2.604369
0.232266,0.320048,2.606302
0.087203,0.196381,2.580076
0.393613,0.179796,2.545023
-0.003767,-0.078738,2.551110
0.470944,0.042582,2.367620
-0.028750,-0.291017,2.367620
0.446144,0.187563,2.450209
-0.028159,-0.368167,2.411748
0.405813,0.259373,1.986301
0.221549,-0.057263,2.565703
0.213560,-0.117176,2.502198
0.137909,-0.185631,2.493708
0.282720,-0.183764,2.473566
0.147968,-0.580369,2.358634
0.304015,-0.613151,2.461176
0.114810,-0.831709,2.248662
0.318285,-0.856088,2.489901
0.115292,-0.846313,2.162325
0.307140,-0.843722,2.436875
0.223299,0.486307,2.584115
0.226802,0.322180,2.585721
0.081274,0.198076,2.557686
0.389058,0.182487,2.524844
-0.010873,-0.075890,2.523206
0.474195,0.080078,2.337627
-0.035936,-0.286835,2.337627
0.437283,0.266759,2.421374
-0.036049,-0.363462,2.379624
0.393684,0.350324,2.009748
0.216563,-0.055138,2.544396
0.208914,-0.114950,2.480780
0.133100,-0.183517,2.471258
0.278511,-0.181573,2.452832
0.145408,-0.579615,2.341808
0.299846,-0.608797,2.434016
0.112937,-0.831712,2.234524
0.317703,-0.847623,2.455790
0.113953,-0.848199,2.149251
0.305854,-0.839867,2.411383
0.218221,0.487843,2.565089
0.221034,0.324233,2.566300
0.075167,0.200008,2.537164
0.384484,0.185470,2.506056
-0.017527,-0.073129,2.497770
0.478090,0.118740,2.313036
-0.042544,-0.282817,2.313036
0.427791,0.340320,2.394981
-0.043169,-0.359012,2.350276
0.379267,0.435206,2.041402
0.211705,-0.052906,2.524702
0.204394,-0.112613,2.461028
0.128474,-0.181402,2.450667
0.274482,-0.179313,2.433704
0.142935,-0.578942,2.326728
0.295816,-0.603519,2.408088
0.111594,-0.831283,2.223995
0.315244,-0.839070,2.425214
0.112905,-0.849655,2.139390
0.303127,-0.837431,2.393942
0.212628,0.489781,2.546177
0.215097,0.326220,2.547511
0.068885,0.202150,2.517771
0.379780,0.188949,2.488288
-0.023694,-0.070491,2.474637
0.482286,0.155922,2.292478
-0.048290,-0.279320,2.292478
0.417693,0.406487,2.371753
-0.049024,-0.355557,2.325451
0.368828,0.496187,2.063358
0.206704,-0.050358,2.505891
0.199724,-0.109897,2.442203
0.123706,-0.179009,2.431243
0.270337,-0.176692,2.415341
0.140632,-0.578425,2.313173
0.292063,-0.598567,2.384811
0.110980,-0.830949,2.216515
0.312554,-0.831408,2.398372
0.112425,-0.851155,2.132261
0.296792,-0.831905,2.374811
0.207623,0.491578,2.529234
0.209682,0.328138,2.530333
0.063154,0.204052,2.499724
0.375285,0.192406,2.472004
-0.029308,-0.067980,2.453709
0.485951,0.190338,2.274796
-0.053192,-0.276764,2.274796
0.407731,0.462999,2.351573
-0.054046,-0.352784,2.304070
0.355739,0.555330,2.110625
0.202039,-0.047897,2.488601
0.195389,-0.107272,2.424893
0.119263,-0.176640,2.413349
0.266482,-0.174134,2.398489
0.138367,-0.578142,2.301269
0.288559,-0.593802,2.363997
0.111544,-0.830742,2.212295
0.309799,-0.824345,2.374771
0.114331,-0.848312,2.131222
0.293770,-0.828357,2.355863
0.204363,0.493695,2.514729
0.205037,0.329999,2.514900
0.057950,0.205891,2.483500
0.371163,0.195673,2.457326
-0.034358,-0.065685,2.434994
0.488986,0.221810,2.259429
-0.057557,-0.274433,2.259429
0.398647,0.511501,2.333643
-0.058475,-0.350440,2.285203
0.346208,0.602633,2.138766
0.197846,-0.045548,2.472938
0.191472,-0.104760,2.409189
0.115211,-0.174330,2.397034
0.262989,-0.171693,2.383223
0.136160,-0.577978,2.290977
0.285388,-0.589412,2.345430
0.112270,-0.830526,2.210057
0.307310,-0.817971,2.353806
0.119805,-0.852679,2.140172
0.289407,-0.826634,2.341475
0.201393,0.495597,2.501671
0.200817,0.331691,2.500968
0.053228,0.207616,2.468943
0.367345,0.198823,2.444066
-0.038883,-0.063613,2.418231
0.491384,0.250506,2.245971
-0.061608,-0.272185,2.245971
0.389979,0.552784,2.317574
-0.062500,-0.348232,2.268232
0.335934,0.643156,2.179748
0.194042,-0.043366,2.458794
0.187907,-0.102417,2.395007
0.111534,-0.172180,2.382337
0.259805,-0.169405,2.369414
0.134005,-0.577940,2.282254
0.282525,-0.585240,2.328789
0.113775,-0.830206,2.210570
0.305005,-0.812100,2.335096
0.121741,-0.853925,2.141476
0.286012,-0.824745,2.328720
0.198666,0.497361,2.489752
0.197004,0.333330,2.488244
0.048962,0.209298,2.455814
0.363841,0.201732,2.431892
-0.042916,-0.061760,2.403133
0.492990,0.276501,2.233653
-0.065191,-0.270183,2.233653
0.381532,0.587630,2.303058
-0.066153,-0.346267,2.252968
0.326436,0.676065,2.217542
0.190608,-0.041306,2.445914
0.184660,-0.100214,2.382094
0.108188,-0.170151,2.368985
0.256893,-0.167258,2.356829
0.131938,-0.578012,2.274922
0.279922,-0.581332,2.313849
0.115881,-0.829824,2.213255
0.302925,-0.806787,2.318409
0.123862,-0.855031,2.144176
0.282769,-0.823147,2.317265
0.196217,0.498988,2.479016
0.193561,0.334823,2.476752
0.045153,0.210823,2.443981
0.360604,0.204474,2.420874
-0.046532,-0.060106,2.389551
0.494392,0.299734,2.222950
-0.068465,-0.268344,2.222950
0.373813,0.616830,2.289953
-0.069491,-0.344537,2.239395
0.318797,0.705936,2.244715
0.187515,-0.039443,2.434271
0.181732,-0.098224,2.370420
0.105176,-0.168307,2.356946
0.254257,-0.165301,2.345440
0.129937,-0.578183,2.269025
0.277592,-0.578080,2.300472
0.118268,-0.829396,2.217731
0.301122,-0.802279,2.303693
0.124433,-0.854421,2.146850
0.280123,-0.821126,2.304026
0.194011,0.500501,2.469330
0.190439,0.336182,2.466377
0.041695,0.212235,2.433334
0.357600,0.207102,2.410905
-0.049788,-0.058618,2.377287
0.495669,0.320606,2.213728
-0.071432,-0.266646,2.213728
0.366771,0.640752,2.278175
-0.072475,-0.343041,2.227480
0.311452,0.726279,2.276520
0.184722,-0.037740,2.423773
0.179076,-0.096401,2.359895
0.102453,-0.166626,2.346110
0.251851,-0.163488,2.335136
0.128007,-0.578289,2.264353
0.275470,-0.575087,2.288436
0.120646,-0.828691,2.223160
0.299417,-0.798167,2.290456
0.126161,-0.854818,2.151164
0.276290,-0.821271,2.295403
0.192037,0.501933,2.460602
0.187587,0.337436,2.456968
0.038545,0.213549,2.423744
0.354847,0.209587,2.401910
-0.052752,-0.057249,2.366206
0.496806,0.339430,2.205841
-0.074113,-0.265074,2.205841
0.360354,0.659584,2.267719
-0.075092,-0.341725,2.217007
0.305206,0.746212,2.301220
0.182190,-0.036178,2.414284
0.176665,-0.094731,2.350387
0.099984,-0.165090,2.336338
0.249665,-0.161818,2.325804
0.126201,-0.578500,2.260920
0.273532,-0.572306,2.277632
0.122859,-0.828085,2.229274
0.297810,-0.794523,2.278650
0.127651,-0.855231,2.155920
0.272593,-0.822557,2.288399
0.190282,0.503320,2.452777
0.184994,0.338578,2.448449
0.035663,0.214804,2.415121
0.352311,0.211939,2.393821
-0.055464,-0.055968,2.356252
0.497791,0.356399,2.199227
-0.076502,-0.263623,2.199227
0.354544,0.673475,2.258530
-0.077329,-0.340584,2.207942
0.299631,0.761861,2.324276
0.179889,-0.034742,2.405703
0.174470,-0.093194,2.341794
0.097733,-0.163666,2.327522
0.247672,-0.160280,2.317365
0.124481,-0.578676,2.258604
0.271792,-0.569576,2.267974
0.125289,-0.827258,2.236618
0.296543,-0.791128,2.267686
0.129237,-0.855393,2.161625
0.269749,-0.822895,2.281602
0.188707,0.504658,2.445782
0.182643,0.339615,2.440747
0.033025,0.215956,2.407379
0.349984,0.214171,2.386554
-0.057920,-0.054756,2.347366
0.498661,0.371684,2.193884
-0.078584,-0.262265,2.193884
0.349403,0.682835,2.250431
-0.079200,-0.339525,2.199926
0.294749,0.773546,2.345613
0.177799,-0.033419,2.397949
0.172471,-0.091774,2.334034
0.095676,-0.162338,2.319582
0.245868,-0.158867,2.309724
0.122847,-0.578873,2.257325
0.270221,-0.566963,2.259441
0.127966,-0.826354,2.244576
0.295208,-0.788027,2.258244
0.137950,-0.848956,2.179159
0.267661,-0.822357,2.273309
0.187183,0.505921,2.439504
0.180502,0.340567,2.433784
0.030611,0.217019,2.400447
0.347843,0.216306,2.380060
-0.060125,-0.053615,2.339517
0.499426,0.385354,2.189835
-0.080347,-0.261009,2.189835
0.344961,0.688043,2.243442
-0.080700,-0.338601,2.193098
0.290555,0.781497,2.365224
0.175897,-0.032187,2.390953
0.170651,-0.090449,2.327038
0.093800,-0.161091,2.312454
0.244230,-0.157558,2.302816
0.121337,-0.579029,2.256907
0.268809,-0.564466,2.252005
0.130377,-0.825460,2.252345
0.294270,-0.785111,2.249728
0.140458,-0.847967,2.186490
0.265527,-0.823301,2.268730
0.185770,0.507161,2.433978
0.178542,0.341453,2.427512
0.028388,0.218037,2.394340
0.345896,0.218352,2.374273
-0.062082,-0.052523,2.332658
0.500152,0.397493,2.187155
-0.081788,-0.259824,2.187155
0.341193,0.689603,2.237484
-0.081818,-0.337789,2.187419
0.287005,0.786036,2.383082
0.174168,-0.031020,2.384677
0.168989,-0.089189,2.320769
0.092084,-0.159899,2.306108
0.242740,-0.156327,2.296591
0.119951,-0.579209,2.257287
0.267553,-0.562084,2.245616
0.132648,-0.824621,2.260157
0.293310,-0.782447,2.242489
0.142662,-0.847108,2.193526
0.263597,-0.824897,2.265583
0.184522,0.508342,2.429110
0.176754,0.342285,2.421903
0.026349,0.219025,2.389025
0.344125,0.220321,2.369165
-0.063761,-0.051467,2.326694
0.500822,0.408114,2.185802
-0.082867,-0.258693,2.185802
0.338091,0.688116,2.232465
-0.082511,-0.337039,2.182711
0.284077,0.787540,2.399191
0.172605,-0.029905,2.379086
0.167483,-0.087984,2.315190
0.090529,-0.158756,2.300498
0.241395,-0.155158,2.291008
0.118680,-0.579389,2.258346
0.266475,-0.559736,2.240196
0.134787,-0.823811,2.267905
0.292509,-0.779955,2.236336
0.149379,-0.850361,2.209169
0.261804,-0.825072,2.260833
0.183474,0.509527,2.424941
0.175125,0.343061,2.416916
0.024539,0.219850,2.384249
0.342507,0.222220,2.364704
-0.065178,-0.050455,2.321585
0.501435,0.417211,2.185725
-0.083614,-0.257628,2.185725
0.335674,0.684051,2.228350
-0.082831,-0.336390,2.178996
0.281774,0.786335,2.413625
0.171206,-0.028862,2.374119
0.166144,-0.086856,2.310234
0.089161,-0.157691,2.295558
0.240196,-0.154055,2.286016
0.117538,-0.579532,2.259941
0.265575,-0.557396,2.235722
0.137003,-0.822963,2.275498
0.291689,-0.777622,2.231261
0.150820,-0.849350,2.218212
0.259838,-0.824926,2.256609
0.182598,0.510689,2.421417
0.173655,0.343787,2.412541
0.022916,0.220594,2.380108
0.341037,0.224067,2.360865
-0.066321,-0.049478,2.317282
0.501993,0.424864,2.186827
-0.084070,-0.256626,2.186827
0.333875,0.677950,2.225094
-0.082800,-0.335821,2.176203
0.280046,0.782807,2.426466
0.169968,-0.027874,2.369760
0.164960,-0.085786,2.305885
0.087962,-0.156684,2.291265
0.239136,-0.153004,2.281590
0.116516,-0.579646,2.261978
0.264829,-0.555087,2.232125
0.139100,-0.822134,2.282807
0.290906,-0.775445,2.227210
0.151793,-0.849993,2.228163
0.257909,-0.824677,2.252837
0.181866,0.511830,2.418509
0.172334,0.344467,2.408745
0.021468,0.221272,2.376606
0.339726,0.225857,2.357606
-0.067194,-0.048518,2.313784
0.502561,0.431107,2.189014
-0.084246,-0.255662,2.189014
0.332729,0.670211,2.222698
-0.082433,-0.335303,2.174320
0.278912,0.777269,2.437797
0.168882,-0.026933,2.365979
0.163921,-0.084765,2.302117
0.086917,-0.155727,2.287595
0.238210,-0.151998,2.277703
0.115611,-0.579753,2.264385
0.264228,-0.552855,2.229358
0.141145,-0.821343,2.289781
0.290180,-0.773461,2.224150
0.151280,-0.849022,2.237926
0.255643,-0.824337,2.252271
0.181301,0.512939,2.416179
0.171157,0.345096,2.405483
0.020195,0.221892,2.373703
0.338566,0.227594,2.354903
-0.067832,-0.047596,2.311036
0.503122,0.436039,2.192120
-0.084178,-0.254759,2.192120
0.332199,0.661254,2.221075
-0.081783,-0.334860,2.173254
0.278341,0.770070,2.447766
0.167949,-0.026041,2.362745
0.163033,-0.083794,2.298898
0.086035,-0.154822,2.284510
0.237423,-0.151036,2.274331
0.114873,-0.579846,2.267057
0.263769,-0.550708,2.227355
0.142962,-0.820629,2.296312
0.289520,-0.771665,2.222012
0.152432,-0.850431,2.247899
0.253834,-0.824147,2.251087
0.180945,0.514025,2.414458
0.170122,0.345679,2.402727
0.019103,0.222464,2.371350
0.337568,0.229262,2.352720
-0.068239,-0.046697,2.308989
0.503719,0.439742,2.196118
-0.083882,-0.253899,2.196118
0.332149,0.651564,2.220166
-0.080869,-0.334469,2.172945
0.278236,0.761612,2.456407
0.167154,-0.025197,2.360027
0.162280,-0.082873,2.296198
0.085299,-0.153967,2.281974
0.236758,-0.150120,2.271451
0.114241,-0.579933,2.269947
0.263451,-0.548938,2.226038
0.144632,-0.819972,2.302472
0.288956,-0.770362,2.220849
0.152725,-0.851608,2.256877
0.252939,-0.823899,2.248242
0.180735,0.515075,2.413245
0.169217,0.346218,2.400454
0.018435,0.223026,2.369341
0.336707,0.230874,2.351032
-0.068435,-0.045846,2.307578
0.504348,0.442281,2.200845
-0.083395,-0.253104,2.200845
0.332561,0.641450,2.219882
-0.079753,-0.334152,2.173287
0.278579,0.752197,2.463822
0.166479,-0.024432,2.357770
0.161665,-0.082046,2.293955
0.084733,-0.153175,2.279939
0.236205,-0.149261,2.269030
0.113746,-0.580088,2.273003
0.263235,-0.547512,2.225375
0.146006,-0.819614,2.307997
0.288208,-0.769544,2.220585
0.153523,-0.851941,2.263210
0.252104,-0.823775,2.245624
0.180732,0.516078,2.412463
0.168454,0.346722,2.398640
0.017933,0.223555,2.367850
0.336003,0.232440,2.349828
-0.068450,-0.045060,2.306724
0.505068,0.443799,2.206274
-0.082747,-0.252391,2.206274
0.333340,0.631180,2.220122
-0.078480,-0.333922,2.174168
0.279298,0.742110,2.470161
0.165934,-0.023712,2.355967
0.161174,-0.081269,2.292166
0.084301,-0.152428,2.278379
0.235762,-0.148444,2.267046
0.113345,-0.580241,2.276153
0.263149,-0.546175,2.225234
0.147350,-0.819154,2.313211
0.287550,-0.769156,2.221255
0.156053,-0.853503,2.272439
0.251451,-0.823720,2.243222
0.180863,0.517038,2.412086
0.167823,0.347191,2.397219
0.017689,0.224047,2.366780
0.335466,0.233957,2.349077
-0.068303,-0.044335,2.306385
0.505914,0.444407,2.212337
-0.081951,-0.251752,2.212337
0.334414,0.620931,2.220852
-0.077075,-0.333762,2.175526
0.280332,0.731570,2.475545
0.165510,-0.023046,2.354569
0.160809,-0.080551,2.290786
0.084017,-0.151730,2.277248
0.235424,-0.147673,2.265467
0.113028,-0.580393,2.279353
0.263194,-0.544909,2.225577
0.148583,-0.818729,2.318052
0.287155,-0.768593,2.222388
0.157044,-0.853971,2.278265
0.250742,-0.824138,2.242680
0.181173,0.517952,2.412120
0.167327,0.347606,2.396191
0.017562,0.224457,2.366101
0.335079,0.235409,2.348737
-0.068012,-0.043683,2.306494
0.506826,0.444229,2.218758
-0.081053,-0.251192,2.218758
0.335748,0.610867,2.221953
-0.075569,-0.333684,2.177280
0.281647,0.720784,2.480055
0.165211,-0.022425,2.353557
0.160569,-0.079879,2.289793
0.083857,-0.151081,2.276506
0.235207,-0.146942,2.264267
0.112787,-0.580544,2.282559
0.263329,-0.543732,2.226338
0.149747,-0.818340,2.322544
0.286695,-0.768155,2.223932
0.157707,-0.855220,2.284663
0.249899,-0.824525,2.242509
0.181412,0.518734,2.412204
0.166961,0.347990,2.395533
0.017675,0.225032,2.365934
0.334809,0.236794,2.348745
-0.067598,-0.043082,2.307006
0.507765,0.443381,2.225349
-0.080064,-0.250691,2.225349
0.337248,0.601139,2.223406
-0.073989,-0.333669,2.179412
0.283167,0.709946,2.483719
0.165022,-0.021849,2.352898
0.160433,-0.079255,2.289152
0.083818,-0.150462,2.276114
0.235083,-0.146251,2.263417
0.112637,-0.580725,2.285742
0.263542,-0.542674,2.227468
0.150728,-0.818020,2.326631
0.286291,-0.768479,2.226658
0.158423,-0.855734,2.289591
0.248604,-0.827522,2.245938
0.181815,0.519455,2.412557
0.166702,0.348332,2.395190
0.017951,0.225501,2.366025
0.334645,0.238107,2.349063
-0.067063,-0.042553,2.307866
0.508682,0.442020,2.231946
-0.079006,-0.250265,2.231946
0.338846,0.591845,2.225137
-0.072378,-0.333721,2.181805
0.284827,0.699212,2.486647
0.164932,-0.021329,2.352549
0.160399,-0.078691,2.288823
0.083891,-0.149895,2.276035
0.235045,-0.145607,2.262884
0.112563,-0.580882,2.288833
0.263851,-0.541663,2.228908
0.151642,-0.817712,2.330391
0.285907,-0.768295,2.229203
0.158610,-0.857231,2.295484
0.247545,-0.828861,2.247425
0.182405,0.520114,2.413257
0.166563,0.348636,2.395132
0.018365,0.225914,2.366372
0.334596,0.239346,2.349659
-0.066418,-0.042063,2.309013
0.509599,0.440248,2.238432
-0.077890,-0.249880,2.238432
0.340572,0.583052,2.227107
-0.070746,-0.333803,2.184414
0.286645,0.688714,2.488926
0.164967,-0.020861,2.352488
0.160494,-0.078184,2.288783
0.084117,-0.149384,2.276242
0.235118,-0.145007,2.262650
0.112543,-0.581033,2.291843
0.264248,-0.540669,2.230603
0.152501,-0.817422,2.333861
0.285637,-0.768089,2.231830
0.158731,-0.858522,2.300618
0.247498,-0.829083,2.246900
0.182898,0.520653,2.413901
0.166525,0.348901,2.395316
0.018926,0.226297,2.366977
0.334650,0.240508,2.350507
-0.065686,-0.041622,2.310400
0.510490,0.438153,2.244711
-0.076729,-0.249542,2.244711
0.342357,0.574730,2.229244
-0.069109,-0.333920,2.187169
0.288554,0.678482,2.490618
0.165090,-0.020440,2.352675
0.160677,-0.077727,2.288994
0.084442,-0.148912,2.276693
0.235265,-0.144449,2.262676
0.112566,-0.581178,2.294761
0.264686,-0.539996,2.232574
0.153228,-0.817163,2.337084
0.285824,-0.768190,2.234524
0.159130,-0.859901,2.305476
0.247888,-0.831653,2.250464
0.183353,0.521127,2.414619
0.166608,0.349133,2.395759
0.019520,0.226622,2.367823
0.334791,0.241595,2.351563
-0.064892,-0.041227,2.311987
0.511351,0.435812,2.250745
-0.075539,-0.249244,2.250745
0.344174,0.566893,2.231503
-0.067490,-0.334061,2.190012
0.291601,0.665163,2.490411
0.165301,-0.020058,2.353090
0.160939,-0.077310,2.289430
0.084843,-0.148481,2.277359
0.235485,-0.143930,2.262933
0.112624,-0.581316,2.297574
0.265157,-0.539394,2.234705
0.153912,-0.816917,2.340121
0.285957,-0.768340,2.237282
0.156340,-0.857621,2.311217
0.247689,-0.833295,2.252753
0.183799,0.521531,2.415458
0.166819,0.349331,2.396434
0.020163,0.226931,2.368885
0.335014,0.242587,2.352773
-0.064030,-0.040863,2.313706
0.512196,0.433199,2.256437
-0.074322,-0.248963,2.256437
0.346102,0.559470,2.233823
-0.065870,-0.334206,2.192912
0.293812,0.655073,2.490868
0.165593,-0.019716,2.353699
0.161273,-0.076934,2.290057
0.085313,-0.148085,2.278193
0.235769,-0.143452,2.263392
0.112719,-0.581457,2.300270
0.265663,-0.538837,2.236934
0.154455,-0.816717,2.342785
0.286123,-0.768490,2.240158
0.155859,-0.857639,2.314421
0.247368,-0.834823,2.254992
0.184463,0.521843,2.416607
0.167120,0.349494,2.397275
0.020832,0.227208,2.370117
0.335296,0.243503,2.354112
-0.063122,-0.040582,2.315507
0.512990,0.430464,2.261791
-0.073112,-0.248758,2.261791
0.348036,0.552557,2.236164
-0.064284,-0.334410,2.195802
0.296006,0.645504,2.490955
0.165945,-0.019411,2.354473
0.161660,-0.076595,2.290847
0.085827,-0.147725,2.279173
0.236101,-0.143011,2.264023
0.112841,-0.581589,2.302841
0.266191,-0.538357,2.239247
0.154929,-0.816533,2.345232
0.286284,-0.768674,2.243208
0.155343,-0.857603,2.317097
0.248033,-0.835235,2.255170
0.185002,0.522059,2.417696
0.167489,0.349629,2.398262
0.021508,0.227442,2.371471
0.335625,0.244344,2.355539
-0.062192,-0.040332,2.317378
0.513711,0.427707,2.266767
-0.071914,-0.248578,2.266767
0.349928,0.546150,2.238521
-0.062739,-0.334617,2.198674
0.298144,0.636481,2.490746
0.166349,-0.019139,2.355387
0.162092,-0.076292,2.291774
0.086379,-0.147401,2.280274
0.236476,-0.142607,2.264799
0.112982,-0.581718,2.305284
0.266736,-0.537906,2.241617
0.155449,-0.816354,2.347493
0.286413,-0.768855,2.246202
0.153329,-0.857268,2.320601
0.253314,-0.834869,2.258035
0.185733,0.522262,2.418990
0.167897,0.349745,2.399340
0.022268,0.227605,2.372821
0.335994,0.245117,2.357041
-0.061255,-0.040114,2.319298
0.514367,0.424943,2.271366
-0.070716,-0.248422,2.271366
0.351786,0.540234,2.240879
-0.061241,-0.334826,2.201497
0.300885,0.626065,2.488917
0.166778,-0.018903,2.356399
0.162553,-0.076031,2.292799
0.086960,-0.147112,2.281468
0.236878,-0.142241,2.265689
0.113141,-0.581842,2.307596
0.267288,-0.537517,2.244010
0.155876,-0.816203,2.349493
0.286582,-0.769048,2.249262
0.152622,-0.857104,2.322359
0.254965,-0.834796,2.258246
0.186261,0.522398,2.420107
0.168332,0.349842,2.400478
0.022992,0.227738,2.374242
0.336395,0.245822,2.358589
-0.060319,-0.039928,2.321244
0.514966,0.422203,2.275614
-0.069546,-0.248291,2.275614
0.353590,0.534775,2.243212
-0.059806,-0.335037,2.204250
0.302920,0.617775,2.487909
0.167238,-0.018695,2.357498
0.163040,-0.075801,2.293911
0.087557,-0.146853,2.282732
0.237305,-0.141911,2.266678
0.113312,-0.581960,2.309781
0.267804,-0.537428,2.246548
0.156259,-0.816063,2.351327
0.287169,-0.769499,2.252488
0.154157,-0.858544,2.325963
0.256588,-0.836938,2.261902
0.186725,0.522516,2.421209
0.168784,0.349914,2.401672
0.023738,0.227853,2.375679
0.336812,0.246470,2.360154
-0.059409,-0.039731,2.323179
0.515489,0.419531,2.279476
-0.068421,-0.248146,2.279476
0.355333,0.529747,2.245518
-0.058436,-0.335212,2.206942
0.304833,0.610023,2.486700
0.167713,-0.018519,2.358656
0.163542,-0.075607,2.295081
0.088168,-0.146625,2.284040
0.237746,-0.141617,2.267741
0.113491,-0.582077,2.311834
0.268341,-0.537196,2.249069
0.156605,-0.815938,2.352998
0.287259,-0.769780,2.255572
0.152786,-0.859019,2.328458
0.257804,-0.837303,2.262748
0.187162,0.522587,2.422289
0.169208,0.349950,2.402863
0.024497,0.227944,2.377075
0.337220,0.247029,2.361650
-0.058540,-0.039579,2.325061
0.515916,0.416922,2.282934
-0.067349,-0.248042,2.282934
0.357001,0.525090,2.247747
-0.057137,-0.335406,2.209527
0.306611,0.602737,2.485297
0.168181,-0.018390,2.359832
0.164039,-0.075462,2.296272
0.088780,-0.146432,2.285373
0.238178,-0.141375,2.268833
0.113673,-0.582189,2.313757
0.268877,-0.536976,2.251560
0.156916,-0.815827,2.354523
0.287318,-0.770038,2.258571
0.151190,-0.859248,2.330472
0.257954,-0.837637,2.266058
0.187637,0.522645,2.423388
0.169621,0.349970,2.404053
0.025248,0.228012,2.378434
0.337622,0.247521,2.363096
-0.057699,-0.039448,2.326882
0.516233,0.414359,2.285945
-0.066339,-0.247956,2.285945
0.358617,0.520749,2.249900
-0.055927,-0.335595,2.211993
0.308281,0.595873,2.483696
0.168634,-0.018292,2.361001
0.164519,-0.075352,2.297452
0.089369,-0.146269,2.286679
0.238596,-0.141173,2.269932
0.113853,-0.582297,2.315552
0.269354,-0.536975,2.254103
0.157174,-0.815728,2.355922
0.287615,-0.770968,2.262239
0.147899,-0.857223,2.332738
0.259195,-0.837997,2.266925
0.188109,0.522684,2.424462
0.170030,0.349980,2.405249
0.025981,0.228057,2.379695
0.337994,0.247937,2.364445
-0.056898,-0.039351,2.328619
0.516439,0.411804,2.288564
-0.065390,-0.247902,2.288564
0.360171,0.516723,2.251959
-0.054807,-0.335799,2.214339
0.309843,0.589436,2.481942
0.169061,-0.018230,2.362145
0.164967,-0.075285,2.298598
0.089929,-0.146137,2.287944
0.238967,-0.141020,2.271000
0.114023,-0.582403,2.317213
0.269789,-0.537158,2.256648
0.157399,-0.815642,2.357197
0.288229,-0.771627,2.265503
0.144402,-0.854512,2.334778
0.260505,-0.840149,2.270952
0.188581,0.522715,2.425521
0.170421,0.349984,2.406413
0.026662,0.228070,2.380857
0.338330,0.248302,2.365685
-0.056160,-0.039273,2.330239
0.516460,0.409120,2.290615
-0.064509,-0.247872,2.290615
0.361688,0.512882,2.253927
-0.053780,-0.336008,2.216565
0.311317,0.583293,2.479934
0.169464,-0.018194,2.363245
0.165388,-0.075247,2.299698
0.090457,-0.146036,2.289157
0.239312,-0.140897,2.272020
0.114187,-0.582520,2.318743
0.270186,-0.537267,2.259044
0.157594,-0.815573,2.358360
0.288379,-0.772186,2.268492
0.143041,-0.853796,2.335091
0.261487,-0.840590,2.272055
0.188901,0.522766,2.426353
0.170803,0.349986,2.407543
0.027298,0.228056,2.381912
0.338616,0.248578,2.366766
-0.055483,-0.039209,2.331751
0.516145,0.406126,2.291917
-0.063719,-0.247855,2.291917
0.363194,0.509198,2.255787
-0.052865,-0.336210,2.218649
0.312725,0.577422,2.477668
0.169841,-0.018184,2.364292
0.165773,-0.075240,2.300738
0.090937,-0.145962,2.290301
0.239620,-0.140809,2.272981
0.114281,-0.582598,2.320111
0.270539,-0.537375,2.261306
0.157794,-0.815495,2.359405
0.288507,-0.772700,2.271229
0.141931,-0.853471,2.336390
0.262436,-0.840894,2.272847
0.189081,0.522774,2.427063
0.171132,0.349991,2.408558
0.027792,0.228023,2.382800
0.338832,0.248791,2.367712
-0.054915,-0.039149,2.333079
0.514473,0.399652,2.289700
-0.063061,-0.247837,2.289700
0.364443,0.505699,2.257436
-0.052102,-0.336398,2.220521
0.313895,0.571827,2.474973
0.170165,-0.018197,2.365242
0.166107,-0.075261,2.301688
0.091350,-0.145929,2.291332
0.239884,-0.140752,2.273870
0.114340,-0.582668,2.321350
0.270845,-0.537365,2.263003
0.157961,-0.815421,2.360353
0.288577,-0.773060,2.273224
0.140678,-0.853425,2.337517
0.262896,-0.841693,2.274309
0.188684,0.522515,2.427423
0.171156,0.349908,2.409296
0.028091,0.227825,2.383478
0.338196,0.247963,2.367894
-0.054479,-0.039131,2.334135
0.508582,0.377169,2.278859
-0.062534,-0.247901,2.278859
0.367306,0.499143,2.258830
-0.051470,-0.336676,2.222162
0.318321,0.562120,2.458403
0.170337,-0.018385,2.365997
0.166270,-0.075534,2.302464
0.091664,-0.146045,2.292198
0.239973,-0.140919,2.274618
0.114343,-0.582829,2.322475
0.271050,-0.537360,2.263145
0.157933,-0.815477,2.361160
0.288206,-0.773484,2.272705
0.139392,-0.854103,2.338454
0.263121,-0.842471,2.274984
0.188100,0.522190,2.427491
0.171090,0.349789,2.409865
0.028305,0.227579,2.383889
0.337559,0.245495,2.367019
-0.054163,-0.039221,2.334988
0.501298,0.336366,2.263867
-0.062112,-0.248050,2.263867
0.375248,0.468278,2.260047
-0.050959,-0.337039,2.223608
0.332453,0.532165,2.408066
0.170400,-0.018705,2.366596
0.166317,-0.075979,2.303076
0.091839,-0.146376,2.292819
0.239944,-0.141286,2.275268
0.114265,-0.583225,2.323466
0.271079,-0.537424,2.261893
0.157829,-0.815739,2.361881
0.286988,-0.774075,2.268307
0.137910,-0.855186,2.338844
0.263224,-0.841804,2.267459
0.187198,0.521775,2.426823
0.170847,0.349614,2.409963
0.028239,0.227384,2.383618
0.336748,0.243085,2.365839
-0.054088,-0.039456,2.335310
0.490269,0.286732,2.253130
-0.061835,-0.248294,2.253130
0.382773,0.416977,2.261004
-0.050609,-0.337489,2.224810
0.347834,0.477469,2.327484
0.170283,-0.019092,2.366892
0.166230,-0.076484,2.303390
0.091867,-0.146798,2.293087
0.239810,-0.141698,2.275735
0.113995,-0.584743,2.324250
0.270403,-0.537544,2.257422
0.158702,-0.816566,2.362431
0.285450,-0.774735,2.260314
0.136519,-0.853803,2.339272
0.263388,-0.839562,2.246178
0.185921,0.521235,2.425184
0.170372,0.349393,2.409486
0.027922,0.226987,2.382348
0.335831,0.240872,2.364442
-0.054194,-0.039827,2.335163
0.479517,0.240355,2.243970
-0.061741,-0.248666,2.243970
0.387825,0.362293,2.261638
-0.050396,-0.338034,2.225745
0.359576,0.414131,2.245428
0.169980,-0.019599,2.366798
0.166023,-0.077122,2.303345
0.091783,-0.147361,2.292937
0.239584,-0.142199,2.275965
0.113691,-0.586380,2.324877
0.269445,-0.537459,2.251994
0.159584,-0.817478,2.362880
0.283356,-0.774907,2.246463
0.135198,-0.852211,2.339569
0.267568,-0.831244,2.231481
0.184409,0.520581,2.422676
0.169726,0.349153,2.408390
0.027331,0.226665,2.380394
0.334814,0.238530,2.362638
-0.054526,-0.040301,2.334427
0.467475,0.191176,2.238966
-0.061859,-0.249149,2.238966
0.393616,0.291382,2.261831
-0.050421,-0.338680,2.226194
0.369528,0.341394,2.164507
0.169486,-0.020156,2.366230
0.165664,-0.077814,2.302858
0.091495,-0.148027,2.292156
0.239244,-0.142763,2.275914
0.113363,-0.587974,2.325321
0.268148,-0.537291,2.245051
0.160407,-0.818356,2.363211
0.281705,-0.777758,2.235909
0.133944,-0.850448,2.339739
0.268208,-0.831764,2.212571
0.181808,0.519330,2.413776
0.168255,0.348638,2.401714
0.025949,0.225781,2.372413
0.332573,0.235667,2.355921
-0.055870,-0.041403,2.329334
0.453058,0.143501,2.232703
-0.063067,-0.250325,2.232703
0.395270,0.172447,2.258119
-0.051407,-0.340038,2.223246
0.376622,0.180833,2.083479
0.168251,-0.021403,2.361365
0.164672,-0.079381,2.298234
0.090755,-0.149454,2.287118
0.238165,-0.144045,2.272484
0.112120,-0.586928,2.322062
0.265680,-0.536563,2.230613
0.159747,-0.816852,2.361054
0.278255,-0.781757,2.215750
0.132461,-0.849605,2.339627
0.266884,-0.833310,2.181386
0.178365,0.517533,2.397858
0.166152,0.347660,2.388465
0.023900,0.224737,2.358843
0.329372,0.231921,2.343806
-0.057910,-0.043096,2.319494
0.439828,0.100495,2.225512
-0.065182,-0.252162,2.225512
0.395818,0.057589,2.250267
-0.053441,-0.341995,2.215380
0.385081,0.027960,2.028009
0.166539,-0.023156,2.351748
0.163279,-0.081599,2.289107
0.089766,-0.151493,2.277494
0.236595,-0.145883,2.265245
0.111264,-0.588880,2.319473
0.262570,-0.536662,2.209662
0.159821,-0.817572,2.360021
0.274030,-0.786653,2.191661
0.131196,-0.848160,2.338968
0.264615,-0.835758,2.146260
0.174098,0.515577,2.369728
0.163531,0.346776,2.363589
0.021514,0.223178,2.332740
0.324811,0.227803,2.318684
-0.060772,-0.045467,2.298964
0.428114,0.063290,2.214884
-0.067748,-0.254843,2.214884
0.398338,-0.035591,2.232601
-0.055957,-0.344867,2.198181
0.395107,-0.098068,1.990861
0.164324,-0.025656,2.330665
0.161338,-0.084782,2.268532
0.088475,-0.154309,2.256264
0.234199,-0.148538,2.247203
0.109541,-0.591966,2.309365
0.258699,-0.536460,2.179048
0.158950,-0.818755,2.354621
0.268585,-0.792624,2.163650
0.128706,-0.843679,2.331307
0.260768,-0.839388,2.107479
0.169576,0.515058,2.323339
0.160565,0.347570,2.321805
0.019438,0.223859,2.287494
0.319101,0.225275,2.275637
-0.063641,-0.045679,2.262978
0.417563,0.028465,2.196971
-0.069991,-0.255612,2.196971
0.403248,-0.111532,2.199865
-0.057489,-0.345903,2.166999
0.405438,-0.197381,1.956602
0.161679,-0.027264,2.291836
0.159119,-0.087243,2.230144
0.087293,-0.155991,2.217675
0.231129,-0.150260,2.211039
0.105350,-0.592415,2.269040
0.255114,-0.538315,2.136396
0.155011,-0.817114,2.323433
0.262821,-0.798573,2.131535
0.118767,-0.834799,2.301129
0.256620,-0.842970,2.065088
0.165493,0.515074,2.276142
0.157960,0.349593,2.276433
0.017228,0.225018,2.241230
0.314269,0.223586,2.231087
-0.066254,-0.045099,2.223350
0.408310,-0.003136,2.175163
-0.072017,-0.255545,2.175163
0.407586,-0.175702,2.162327
-0.058587,-0.345857,2.129835
0.414341,-0.278856,1.924346
0.159532,-0.027831,2.249009
0.157385,-0.088693,2.187697
0.086433,-0.156714,2.173882
0.228702,-0.151376,2.171408
0.100966,-0.594445,2.218813
0.251844,-0.540296,2.093457
0.152088,-0.818413,2.296232
0.257014,-0.804205,2.099895
0.116080,-0.834804,2.264931
0.252262,-0.846375,2.024343
0.161608,0.515744,2.225889
0.155662,0.351934,2.229747
0.015432,0.226773,2.192667
0.310575,0.222417,2.185002
-0.068446,-0.043666,2.181627
0.399998,-0.031368,2.149769
-0.073736,-0.254628,2.149769
0.411717,-0.231039,2.122248
-0.059635,-0.344880,2.089479
0.422026,-0.347643,1.894341
0.157499,-0.027711,2.204174
0.155823,-0.089340,2.143152
0.085631,-0.156761,2.129391
0.226531,-0.151849,2.127793
0.096517,-0.594403,2.158322
0.248071,-0.544004,2.050349
0.146202,-0.820159,2.260338
0.252014,-0.809413,2.070464
0.111034,-0.835830,2.218871
0.248701,-0.849533,1.987048
0.158320,0.516799,2.177749
0.153766,0.354596,2.183179
0.013762,0.229276,2.146403
0.307534,0.222334,2.139385
-0.070121,-0.041462,2.139187
0.392591,-0.055367,2.120613
-0.075222,-0.253351,2.120613
0.415650,-0.279845,2.080362
-0.060698,-0.343324,2.047085
0.428749,-0.407772,1.866587
0.155778,-0.026834,2.158912
0.154379,-0.089102,2.098102
0.084806,-0.155899,2.083888
0.224535,-0.151674,2.083993
0.091307,-0.588843,2.091957
0.244730,-0.547583,2.010231
0.139651,-0.821665,2.216722
0.246714,-0.814196,2.041328
0.105848,-0.837053,2.164559
0.244600,-0.852399,1.951052
0.155308,0.518575,2.130634
0.152036,0.357723,2.137024
0.012557,0.232505,2.100377
0.305426,0.222802,2.096306
-0.071532,-0.038612,2.096645
0.386103,-0.075204,2.087220
-0.076463,-0.251151,2.087220
0.419623,-0.321679,2.038269
-0.061848,-0.340984,2.004678
0.435488,-0.460339,1.839311
0.153929,-0.025268,2.114010
0.152994,-0.088127,2.053427
0.083899,-0.154433,2.039415
0.222717,-0.150918,2.039655
0.085868,-0.581083,2.022067
0.241868,-0.550779,1.972431
0.132258,-0.822661,2.166238
0.241400,-0.818420,2.013541
0.100732,-0.838124,2.103631
0.240585,-0.854858,1.917438
0.151759,0.521615,2.078725
0.150468,0.362077,2.086618
0.011433,0.236716,2.051267
0.304028,0.224532,2.047645
-0.072511,-0.034325,2.050227
0.380138,-0.088678,2.041688
-0.077669,-0.247651,2.041688
0.423833,-0.353460,1.991435
-0.063747,-0.337558,1.957603
0.442436,-0.498441,1.801297
0.152089,-0.022010,2.064464
0.151356,-0.085336,2.004043
0.082622,-0.151148,1.990760
0.220627,-0.148586,1.989852
0.078115,-0.567617,1.939088
0.239310,-0.550860,1.933349
0.126521,-0.821145,2.096225
0.236548,-0.821558,1.987505
0.098008,-0.837103,2.022808
0.236786,-0.856403,1.886418
0.148717,0.524556,2.031628
0.149205,0.366298,2.040088
0.010604,0.240888,2.005819
0.302698,0.226491,2.001121
-0.073296,-0.030146,2.007472
0.374831,-0.097933,1.993559
-0.078712,-0.244112,1.993559
0.428112,-0.374386,1.948366
-0.065564,-0.334086,1.914253
0.448048,-0.520992,1.755340
0.150457,-0.018778,2.018750
0.149740,-0.082530,1.958474
0.081353,-0.147821,1.946102
0.218496,-0.146216,1.943680
0.070873,-0.553622,1.862514
0.237082,-0.550718,1.898075
0.120407,-0.817873,2.012137
0.232034,-0.824345,1.962573
0.095101,-0.834717,1.929000
0.233150,-0.857765,1.857304
0.145672,0.528315,1.980813
0.148049,0.371334,1.989384
0.009924,0.245652,1.956513
0.301385,0.229501,1.949544
-0.074091,-0.025581,1.960908
0.369117,-0.099941,1.933175
-0.080219,-0.240021,1.933175
0.428983,-0.376271,1.901864
-0.068028,-0.330190,1.867819
0.448596,-0.518331,1.687193
0.148490,-0.014629,1.968646
0.147560,-0.078771,1.908492
0.079447,-0.143488,1.897815
0.215675,-0.142936,1.892186
0.063912,-0.537772,1.784439
0.234400,-0.551085,1.860710
0.115524,-0.812639,1.919680
0.229174,-0.826441,1.937214
0.093447,-0.830634,1.828423
0.230950,-0.858603,1.828596
0.142661,0.532141,1.928133
0.146533,0.376329,1.936367
0.009475,0.250385,1.904089
0.299805,0.232375,1.893939
-0.075363,-0.021306,1.912061
0.362922,-0.096965,1.862654
-0.082370,-0.236522,1.862654
0.424306,-0.361563,1.853709
-0.070884,-0.326910,1.821006
0.441591,-0.491740,1.598776
0.145970,-0.010685,1.915417
0.144676,-0.075190,1.855236
0.076867,-0.139148,1.846290
0.212026,-0.139798,1.837210
0.057436,-0.523457,1.711426
0.232263,-0.550850,1.824496
0.117847,-0.802038,1.815989
0.224903,-0.828197,1.909835
0.099034,-0.821417,1.718169
0.227243,-0.859243,1.798708
0.140055,0.535513,1.879929
0.145296,0.380820,1.887725
0.009101,0.254513,1.855349
0.298277,0.234876,1.842810
-0.076603,-0.017452,1.867083
0.356942,-0.091847,1.795354
-0.084531,-0.233439,1.795354
0.417571,-0.341133,1.809691
-0.073669,-0.323918,1.777829
0.431085,-0.456684,1.511285
0.143577,-0.007220,1.865898
0.141918,-0.072018,1.805551
0.074362,-0.135240,1.798085
0.208515,-0.136995,1.785916
0.051842,-0.510966,1.648001
0.230230,-0.550216,1.789576
0.123481,-0.789929,1.720240
0.220704,-0.829498,1.884458
0.107654,-0.810710,1.617435
0.223582,-0.859584,1.771380
