0.023267,0.933044,2.849383
-0.016998,0.780907,2.962790
-0.190906,0.675836,2.945858
0.178848,0.658344,3.013186
-0.280024,0.408119,2.963753
0.220182,0.387322,3.093963
-0.273680,0.167084,3.093963
0.212928,0.151608,2.860133
-0.262631,0.089092,2.817008
0.213506,0.072249,2.954387
-0.014606,0.412138,2.965971
-0.013552,0.338111,2.963045
-0.095776,0.258629,2.950628
0.070319,0.250262,2.969684
-0.111796,-0.223146,2.904699
0.043596,-0.236730,3.005147
-0.102516,-0.599219,2.706980
-0.024158,-0.580352,3.241630
-0.093336,-0.666080,2.604682
0.000469,-0.653741,3.222525
0.018252,0.931003,2.807498
-0.020963,0.778025,2.920970
-0.193068,0.672228,2.902168
0.175009,0.657564,2.971796
-0.279134,0.404296,2.911182
0.218099,0.389016,3.050221
-0.267505,0.166293,3.050221
0.211030,0.157402,2.797255
-0.250111,0.087617,2.750734
0.210052,0.083051,2.883638
-0.015670,0.409483,2.923527
-0.013909,0.335537,2.919199
-0.095215,0.255504,2.905324
0.070340,0.248978,2.926405
-0.108370,-0.226474,2.879533
0.052872,-0.236121,2.935200
-0.098182,-0.601096,2.679953
-0.012958,-0.585290,3.177405
-0.088388,-0.667931,2.581418
0.013956,-0.657559,3.160797
0.013676,0.929195,2.767277
-0.024872,0.775091,2.879518
-0.195299,0.668540,2.857768
0.171254,0.657021,2.932089
-0.278287,0.401674,2.856188
0.215641,0.391833,3.003580
-0.256213,0.169152,3.003580
0.203514,0.171923,2.730854
-0.233797,0.091727,2.684098
0.200874,0.104665,2.802034
-0.016827,0.406886,2.880670
-0.014294,0.333100,2.874786
-0.094659,0.252505,2.859860
0.070311,0.247906,2.882119
-0.105526,-0.229556,2.856995
0.060611,-0.238330,2.867722
-0.094464,-0.603084,2.658636
0.000447,-0.592392,3.087806
-0.084613,-0.669931,2.566011
0.032154,-0.663953,3.061467
0.009630,0.927517,2.730767
-0.028432,0.772545,2.842346
-0.197339,0.665310,2.818454
0.167774,0.656351,2.895099
-0.277741,0.399394,2.805578
0.213988,0.394674,2.962232
-0.244435,0.173418,2.962232
0.200738,0.185984,2.669055
-0.216715,0.099584,2.622649
0.192727,0.126949,2.724998
-0.017906,0.404574,2.842640
-0.014697,0.330918,2.835262
-0.094187,0.249805,2.819211
0.070198,0.246926,2.842836
-0.103079,-0.232340,2.836815
0.067195,-0.240407,2.809169
-0.091491,-0.604885,2.643133
0.017433,-0.599087,2.987007
-0.081934,-0.671945,2.558023
0.050684,-0.671258,2.951531
0.005944,0.925752,2.697545
-0.031515,0.770248,2.808392
-0.199215,0.662293,2.782509
0.164530,0.655635,2.860978
-0.276878,0.397577,2.758465
0.212933,0.397320,2.921238
-0.232237,0.178184,2.921238
0.192137,0.203017,2.612517
-0.200484,0.108943,2.567540
0.179043,0.156490,2.654212
-0.018984,0.402383,2.808217
-0.015200,0.328818,2.799467
-0.093895,0.247293,2.782470
0.069847,0.245839,2.807271
-0.100973,-0.234847,2.818631
0.073003,-0.242509,2.756572
-0.089194,-0.606398,2.633310
0.034430,-0.607095,2.887261
-0.080260,-0.673842,2.556432
0.068780,-0.679419,2.839799
0.002709,0.924191,2.667710
-0.034071,0.768182,2.777569
-0.200704,0.659435,2.749228
0.161727,0.654953,2.829686
-0.276151,0.396229,2.715472
0.212255,0.399787,2.882383
-0.218855,0.185878,2.882383
0.181979,0.223489,2.558666
-0.184088,0.122038,2.514781
0.162282,0.187969,2.586045
-0.019904,0.400313,2.776969
-0.015610,0.326815,2.766941
-0.093545,0.244981,2.749321
0.069438,0.244715,2.774751
-0.099106,-0.237023,2.802012
0.078151,-0.244411,2.710270
-0.087556,-0.607652,2.628650
0.050383,-0.611989,2.796073
-0.079500,-0.675564,2.560095
0.084146,-0.685355,2.740113
-0.000103,0.922773,2.638747
-0.036119,0.766358,2.748852
-0.201816,0.656916,2.719122
0.159375,0.654355,2.801265
-0.275113,0.395018,2.675238
0.211569,0.402007,2.844311
-0.205103,0.193177,2.844311
0.165427,0.246102,2.510212
-0.162385,0.133782,2.462882
0.147181,0.218161,2.527158
-0.020568,0.398398,2.748198
-0.015808,0.324945,2.737045
-0.092984,0.242890,2.718932
0.069139,0.243625,2.744941
-0.097474,-0.239141,2.786898
0.082761,-0.246760,2.668475
-0.086564,-0.608780,2.628668
0.064378,-0.617979,2.713520
-0.079156,-0.677422,2.567391
0.096944,-0.691498,2.653020
-0.002429,0.921270,2.612799
-0.037823,0.764565,2.722858
-0.202561,0.654407,2.691300
0.157790,0.653520,2.774610
-0.273814,0.393839,2.638323
0.211282,0.403520,2.807929
-0.190588,0.201642,2.807929
0.147736,0.269284,2.465289
-0.140021,0.146319,2.415406
0.121809,0.251246,2.461958
-0.021088,0.396566,2.721932
-0.015912,0.323172,2.709630
-0.092375,0.240893,2.690800
0.068902,0.242463,2.717600
-0.096071,-0.241166,2.772969
0.086919,-0.249042,2.631075
-0.086032,-0.609627,2.631516
0.076170,-0.623139,2.643330
-0.079219,-0.679227,2.577652
0.107666,-0.697198,2.577981
-0.004277,0.919930,2.589407
-0.038857,0.762829,2.698547
-0.202924,0.652145,2.665874
0.156695,0.652563,2.749981
-0.272205,0.392972,2.604442
0.212008,0.404742,2.770982
-0.172486,0.215275,2.770982
0.133276,0.289387,2.423354
-0.117255,0.162472,2.373670
0.106714,0.274015,2.413668
-0.021360,0.394873,2.697541
-0.015834,0.321549,2.684147
-0.091665,0.239131,2.664901
0.068737,0.241320,2.692066
-0.094872,-0.243156,2.759922
0.090619,-0.251081,2.597684
-0.085809,-0.610270,2.636415
0.086127,-0.627570,2.583501
-0.079774,-0.680859,2.590037
0.116763,-0.701995,2.514697
-0.005677,0.918665,2.567784
-0.039521,0.761215,2.676409
-0.202855,0.649882,2.642298
0.156041,0.651470,2.727029
-0.270241,0.392373,2.573145
0.212818,0.405477,2.736471
-0.154839,0.229267,2.736471
0.120822,0.307337,2.384656
-0.095524,0.178782,2.336070
0.093285,0.294690,2.370772
-0.021360,0.393178,2.675086
-0.015483,0.319896,2.660515
-0.090746,0.237405,2.640949
0.068840,0.240073,2.668211
-0.093570,-0.245662,2.746726
0.094031,-0.253116,2.567307
-0.085938,-0.610845,2.642977
0.094705,-0.631382,2.532032
-0.080864,-0.682280,2.603912
0.124717,-0.706078,2.460326
-0.006799,0.917493,2.548148
-0.039698,0.759686,2.655999
-0.202491,0.647775,2.620706
0.155950,0.650300,2.705515
-0.267472,0.391835,2.543121
0.214116,0.405949,2.703369
-0.134562,0.246162,2.703369
0.110305,0.323765,2.349078
-0.074631,0.195131,2.302079
0.081500,0.313659,2.332232
-0.021089,0.391580,2.654481
-0.014881,0.318344,2.638747
-0.089673,0.235801,2.619069
0.069214,0.238870,2.645986
-0.092437,-0.248047,2.734616
0.097095,-0.254974,2.539992
-0.086241,-0.611661,2.649771
0.102272,-0.634687,2.486828
-0.082197,-0.684095,2.618615
0.131918,-0.709607,2.412502
-0.006336,0.915476,2.528246
-0.038249,0.757775,2.635185
-0.201090,0.645637,2.599386
0.157624,0.648963,2.683057
-0.263822,0.391760,2.514052
0.215675,0.405689,2.666868
-0.114428,0.262620,2.666868
0.098876,0.339460,2.316013
-0.051038,0.214427,2.269334
0.069290,0.331344,2.294637
-0.020049,0.389887,2.633852
-0.013612,0.316764,2.616860
-0.088122,0.234229,2.597350
0.070140,0.237435,2.623420
-0.091412,-0.250773,2.719620
0.099873,-0.256681,2.515195
-0.086327,-0.612320,2.655752
0.109122,-0.637635,2.446181
-0.083664,-0.685665,2.632054
0.138415,-0.712779,2.369480
-0.005562,0.913506,2.510089
-0.036370,0.756010,2.616101
-0.199403,0.643622,2.579765
0.159574,0.647749,2.662314
-0.260172,0.391806,2.487687
0.217959,0.405610,2.634419
-0.095845,0.278049,2.634419
0.088679,0.353477,2.286740
-0.029443,0.232366,2.240608
0.057928,0.347404,2.260841
-0.018886,0.388409,2.615162
-0.012237,0.315414,2.596959
-0.086528,0.232906,2.577688
0.071155,0.236210,2.602829
-0.090654,-0.253322,2.704395
0.102345,-0.258271,2.492829
-0.086416,-0.612906,2.661307
0.115168,-0.640286,2.409856
-0.085221,-0.687034,2.644008
0.143858,-0.715719,2.331574
-0.003797,0.911266,2.492376
-0.034059,0.754402,2.598373
-0.197282,0.641838,2.561548
0.162416,0.646196,2.641904
-0.256534,0.392050,2.463780
0.220973,0.405282,2.604622
-0.079069,0.292205,2.604622
0.079608,0.366004,2.260596
-0.009306,0.249568,2.214781
0.047396,0.362022,2.230321
-0.017518,0.387088,2.597963
-0.010703,0.314229,2.578593
-0.084862,0.231783,2.559686
0.072333,0.235088,2.583713
-0.090344,-0.255781,2.687059
0.104526,-0.259800,2.472732
-0.086739,-0.613506,2.666152
0.120273,-0.642565,2.378580
-0.086714,-0.688422,2.655170
0.148122,-0.718383,2.299537
-0.001564,0.909008,2.475830
-0.031161,0.752793,2.581534
-0.194910,0.640196,2.544752
0.165692,0.644676,2.622829
-0.252609,0.392446,2.441678
0.224335,0.404950,2.577477
-0.063437,0.305300,2.577477
0.071282,0.377522,2.237088
0.009353,0.265768,2.191499
0.037427,0.375529,2.202337
-0.015930,0.385914,2.582035
-0.009000,0.313204,2.561609
-0.083136,0.230832,2.543194
0.073690,0.234044,2.566001
-0.090363,-0.258053,2.668707
0.106411,-0.261363,2.454904
-0.087127,-0.613878,2.669516
0.124350,-0.644447,2.352915
-0.087942,-0.689420,2.663967
0.151114,-0.720733,2.274053
0.001163,0.906606,2.459821
-0.027960,0.751238,2.565636
-0.192168,0.638731,2.529106
0.169296,0.643187,2.604848
-0.248581,0.393004,2.421391
0.227945,0.404614,2.552657
-0.048896,0.317559,2.552657
0.063169,0.387317,2.216184
0.026588,0.280723,2.170884
0.029209,0.387480,2.177988
-0.014214,0.384856,2.567302
-0.007222,0.312295,2.545954
-0.081387,0.230024,2.528091
0.075104,0.233077,2.549705
-0.090496,-0.259976,2.648943
0.108046,-0.262941,2.439349
-0.087505,-0.614280,2.672404
0.127334,-0.645831,2.333117
-0.088964,-0.690396,2.671264
0.152843,-0.722715,2.255376
0.004144,0.904235,2.445032
-0.024326,0.749681,2.550678
-0.189175,0.637375,2.514537
0.173168,0.641778,2.587983
-0.243527,0.393925,2.401702
0.231635,0.404293,2.529770
-0.034556,0.329381,2.529770
0.056735,0.396229,2.196985
0.042988,0.294687,2.151910
0.022586,0.397971,2.155388
-0.012346,0.383905,2.553641
-0.005355,0.311503,2.531481
-0.079609,0.229347,2.514195
0.076581,0.232184,2.534657
-0.090901,-0.261582,2.629343
0.109451,-0.264496,2.425998
-0.087827,-0.614694,2.674660
0.129238,-0.646756,2.319165
-0.090081,-0.691260,2.677168
0.153383,-0.724314,2.243294
0.007574,0.901727,2.430779
-0.020096,0.748223,2.536273
-0.185224,0.635867,2.499604
0.177620,0.640346,2.571394
-0.237126,0.394912,2.381554
0.235328,0.403852,2.508452
-0.019732,0.341583,2.508452
0.051198,0.404248,2.179126
0.058343,0.308023,2.134706
0.018011,0.407085,2.134600
-0.010204,0.383015,2.540682
-0.003253,0.310764,2.517805
-0.077692,0.228772,2.501192
0.078267,0.231284,2.520427
-0.091468,-0.263046,2.608633
0.110642,-0.266080,2.414852
-0.088967,-0.615072,2.674920
0.130120,-0.647334,2.310786
-0.093078,-0.692024,2.678792
0.152884,-0.725553,2.237298
0.011198,0.899138,2.417361
-0.015647,0.746785,2.522730
-0.181311,0.634501,2.485928
0.182039,0.639048,2.556011
-0.232729,0.396241,2.363621
0.238877,0.403435,2.488772
-0.007754,0.352530,2.488772
0.045740,0.412195,2.163795
0.073063,0.320756,2.119023
0.011570,0.416557,2.116174
-0.007990,0.382230,2.528684
-0.001147,0.310131,2.505212
-0.075798,0.228304,2.489249
0.079936,0.230478,2.507378
-0.092017,-0.264380,2.589080
0.111691,-0.267602,2.405807
-0.090614,-0.615619,2.673111
0.130092,-0.647556,2.307459
-0.098107,-0.693634,2.674887
0.151432,-0.726462,2.236642
0.014851,0.896495,2.404740
-0.011327,0.745398,2.510072
-0.177434,0.633246,2.473109
0.186391,0.637796,2.541694
-0.228689,0.397564,2.347177
0.242197,0.403055,2.471025
0.003142,0.364031,2.471025
0.040939,0.419352,2.150156
0.086785,0.332710,2.105051
0.010326,0.424899,2.099075
-0.005801,0.381525,2.517595
0.000904,0.309572,2.493653
-0.073974,0.227905,2.478323
0.081560,0.229736,2.495440
-0.092530,-0.265541,2.570950
0.112572,-0.269136,2.398860
-0.092900,-0.616238,2.668126
0.129246,-0.647655,2.308577
-0.103886,-0.695380,2.666870
0.149293,-0.727057,2.240380
0.018374,0.893980,2.393235
-0.007177,0.744134,2.498405
-0.173656,0.632111,2.461084
0.190570,0.636606,2.528471
-0.224880,0.399039,2.331720
0.245251,0.402683,2.454987
0.012967,0.374949,2.454987
0.036821,0.425830,2.138028
0.099560,0.344146,2.092669
0.010660,0.432320,2.084088
-0.003688,0.380905,2.507354
0.002859,0.309090,2.483025
-0.072259,0.227577,2.468324
0.083116,0.229058,2.484442
-0.093047,-0.266616,2.554377
0.113274,-0.270633,2.393878
-0.095951,-0.617601,2.658513
0.127745,-0.647506,2.313177
-0.110598,-0.698021,2.649978
0.146609,-0.727344,2.248320
0.021720,0.891592,2.382739
-0.003254,0.742987,2.487717
-0.169978,0.631169,2.449811
0.194515,0.635501,2.516298
-0.221345,0.400576,2.317492
0.248048,0.402343,2.440572
0.021776,0.385150,2.440572
0.033280,0.431767,2.127381
0.111389,0.355050,2.081801
0.015797,0.439206,2.071030
-0.001686,0.380358,2.497937
0.004697,0.308673,2.473284
-0.070656,0.227317,2.459181
0.084571,0.228441,2.474351
-0.093561,-0.267623,2.539357
0.113810,-0.272094,2.390701
-0.099205,-0.619208,2.646802
0.125573,-0.647325,2.321167
-0.117065,-0.700605,2.631036
0.143616,-0.727430,2.258875
0.024873,0.889338,2.373149
0.000340,0.741937,2.477740
-0.166244,0.630417,2.438670
0.198129,0.634538,2.505250
-0.218063,0.403299,2.302252
0.250594,0.402067,2.427468
0.029702,0.394693,2.427468
0.030165,0.437217,2.117984
0.121534,0.366141,2.072838
0.022886,0.445369,2.060201
0.000174,0.379649,2.489056
0.006427,0.308043,2.464110
-0.069150,0.226834,2.450407
0.085947,0.227699,2.465043
-0.094065,-0.268568,2.525821
0.114141,-0.273492,2.388981
-0.102471,-0.620758,2.634576
0.123060,-0.647011,2.331184
-0.123197,-0.703036,2.611970
0.140453,-0.727339,2.271166
0.027785,0.887236,2.364435
0.003555,0.740991,2.468615
-0.162724,0.629820,2.428329
0.201376,0.633658,2.495231
-0.212146,0.406269,2.286664
0.252976,0.401824,2.415712
0.038817,0.404217,2.415712
0.027898,0.442417,2.109602
0.133178,0.377402,2.065192
0.031760,0.450903,2.051737
0.001881,0.378937,2.480886
0.008020,0.307399,2.455700
-0.067758,0.226348,2.442331
0.087217,0.226949,2.456552
-0.094581,-0.269466,2.513656
0.114263,-0.274803,2.388549
-0.105658,-0.622242,2.622270
0.120343,-0.646605,2.342564
-0.128905,-0.705248,2.593211
0.137233,-0.727118,2.284530
0.030446,0.885280,2.356469
0.006472,0.740141,2.460308
-0.159464,0.629369,2.418706
0.204274,0.632870,2.486185
-0.206560,0.409144,2.272341
0.255259,0.401623,2.405165
0.047059,0.413025,2.405165
0.026359,0.447193,2.102241
0.143843,0.388016,2.058879
0.041777,0.455832,2.045470
0.003436,0.378231,2.473378
0.009476,0.306749,2.447981
-0.066497,0.225860,2.434900
0.088383,0.226190,2.448774
-0.095101,-0.270305,2.502715
0.114217,-0.276065,2.389262
-0.108714,-0.623651,2.610164
0.117506,-0.646175,2.354739
-0.134134,-0.707269,2.575177
0.134053,-0.726803,2.298356
0.032838,0.883487,2.349262
0.009022,0.739395,2.452728
-0.156464,0.629032,2.409705
0.206826,0.632176,2.478005
-0.201293,0.411901,2.259115
0.257035,0.401369,2.395528
0.054552,0.421172,2.395528
0.023823,0.451006,2.095879
0.153620,0.398029,2.053831
0.052441,0.460172,2.041132
0.004788,0.377685,2.466459
0.010747,0.306277,2.440871
-0.065363,0.225556,2.428081
0.089360,0.225621,2.441545
-0.095599,-0.271067,2.492870
0.113980,-0.277158,2.390763
-0.111636,-0.624933,2.598439
0.114599,-0.645750,2.367204
-0.138897,-0.709087,2.558163
0.130971,-0.726429,2.312269
0.034938,0.881875,2.342758
0.011275,0.738760,2.445828
-0.153721,0.628800,2.401315
0.209075,0.631555,2.470610
-0.196370,0.414556,2.246921
0.258641,0.401113,2.386820
0.061352,0.428676,2.386820
0.021487,0.454276,2.090445
0.162528,0.407332,2.049961
0.063314,0.463929,2.038486
0.005987,0.377135,2.460119
0.011883,0.305770,2.434349
-0.064357,0.225188,2.421710
0.090236,0.225041,2.434992
-0.096078,-0.271769,2.484025
0.113553,-0.278157,2.393005
-0.114354,-0.626077,2.587271
0.111720,-0.645290,2.379646
-0.143211,-0.710690,2.542309
0.128019,-0.726002,2.325840
0.036827,0.880394,2.336858
0.013293,0.738181,2.439536
-0.151244,0.628648,2.393442
0.211051,0.631002,2.463919
-0.191916,0.417016,2.235751
0.260076,0.400855,2.378968
0.067439,0.435578,2.378968
0.018722,0.457788,2.085875
0.170505,0.415945,2.047180
0.059526,0.468835,2.040096
0.007038,0.376561,2.454269
0.012887,0.305224,2.428338
-0.063472,0.224775,2.415768
0.091008,0.224455,2.429024
-0.096527,-0.272397,2.476059
0.112970,-0.278999,2.395761
-0.116881,-0.627125,2.576735
0.108947,-0.644803,2.391675
-0.147101,-0.712110,2.527674
0.125221,-0.725556,2.338927
0.038530,0.879036,2.331505
0.015077,0.737671,2.433795
-0.149013,0.628554,2.386138
0.212824,0.630502,2.457852
-0.187825,0.419347,2.225488
0.261336,0.400593,2.371917
0.072911,0.441920,2.371917
0.016259,0.460810,2.082102
0.177656,0.423886,2.045365
0.054878,0.473043,2.042002
0.007921,0.376188,2.448865
0.013736,0.304933,2.422774
-0.062665,0.224688,2.410152
0.091617,0.224083,2.423551
-0.096967,-0.272961,2.468857
0.112200,-0.279742,2.398897
-0.119214,-0.628053,2.566880
0.106281,-0.644390,2.403265
-0.150580,-0.713358,2.514249
0.122612,-0.725109,2.351388
0.040055,0.877790,2.326631
0.016643,0.737214,2.428547
-0.147013,0.628496,2.379383
0.214424,0.630047,2.452348
-0.184080,0.421519,2.216100
0.262418,0.400310,2.365680
0.077799,0.447715,2.365680
0.013803,0.463552,2.079005
0.184014,0.431142,2.044369
0.062546,0.475399,2.043916
0.008681,0.375883,2.443923
0.014480,0.304705,2.417695
-0.061947,0.224669,2.404985
0.092140,0.223769,2.418576
-0.097403,-0.273476,2.462347
0.111234,-0.280376,2.402256
-0.121359,-0.628895,2.557728
0.103729,-0.643972,2.414256
-0.153689,-0.714463,2.501975
0.120190,-0.724663,2.363062
0.041428,0.876640,2.322196
0.018028,0.736810,2.423763
-0.145228,0.628445,2.373054
0.215853,0.629633,2.447349
-0.180699,0.423468,2.207530
0.263036,0.399914,2.360101
0.082102,0.453054,2.360101
0.010800,0.466065,2.076609
0.189567,0.437809,2.044179
0.070573,0.477176,2.046548
0.009333,0.375578,2.439407
0.015131,0.304448,2.413059
-0.061339,0.224553,2.400148
0.092612,0.223442,2.414083
-0.097872,-0.273942,2.456479
0.110166,-0.280919,2.405815
-0.123344,-0.629654,2.549263
0.101332,-0.643576,2.424617
-0.156459,-0.715421,2.490796
0.117962,-0.724226,2.373960
0.042661,0.875593,2.318167
0.019236,0.736454,2.419389
-0.143644,0.628422,2.367212
0.217096,0.629255,2.442819
-0.177630,0.425285,2.199700
0.263416,0.399469,2.355244
0.085867,0.457910,2.355244
0.007838,0.468245,2.074831
0.194380,0.443848,2.044657
0.078641,0.478460,2.049661
0.009875,0.375205,2.435266
0.015684,0.304086,2.408811
-0.060967,0.224036,2.395342
0.093051,0.223056,2.410053
-0.098370,-0.274360,2.451213
0.109006,-0.281394,2.409502
-0.125162,-0.630335,2.541457
0.099100,-0.643200,2.434299
-0.158928,-0.716264,2.480653
0.115925,-0.723805,2.384056
0.043777,0.874633,2.314517
0.020269,0.736143,2.415391
-0.142246,0.628428,2.361837
0.218167,0.628915,2.438735
-0.174863,0.426953,2.192605
0.263570,0.398989,2.351093
0.089116,0.462288,2.351093
0.005450,0.469986,2.073521
0.198486,0.449265,2.045609
0.072599,0.480683,2.054144
0.010330,0.374858,2.431487
0.016162,0.303749,2.404942
-0.060658,0.223602,2.390944
0.093423,0.222691,2.406399
-0.098909,-0.274733,2.446510
0.107771,-0.281786,2.413205
-0.126815,-0.630905,2.534287
0.097023,-0.642820,2.443273
-0.161126,-0.717006,2.471462
0.114063,-0.723366,2.393438
0.044784,0.873748,2.311210
0.021131,0.735882,2.411744
-0.141013,0.628454,2.356889
0.219038,0.628599,2.435069
-0.172375,0.428487,2.186162
0.263487,0.398467,2.347610
0.091852,0.466216,2.347610
0.002181,0.471162,2.072743
0.201898,0.454084,2.047061
0.078216,0.481379,2.057910
0.010698,0.374528,2.428037
0.016567,0.303427,2.401415
-0.060414,0.223189,2.386900
0.093722,0.222334,2.403091
-0.099502,-0.275061,2.442341
0.106476,-0.282112,2.416890
-0.128317,-0.631413,2.527730
0.095104,-0.642465,2.451550
-0.163088,-0.717665,2.463149
0.112369,-0.722948,2.402058
0.045689,0.872927,2.308222
0.021828,0.735664,2.408424
-0.139934,0.628494,2.352301
0.219724,0.628315,2.431805
-0.170131,0.429886,2.180305
0.263184,0.397914,2.344761
0.094112,0.469707,2.344761
0.010312,0.470857,2.072436
0.204681,0.458325,2.048930
0.083915,0.481724,2.061783
0.010983,0.374216,2.424887
0.016904,0.303122,2.398200
-0.060227,0.222800,2.383180
0.093952,0.221987,2.400104
-0.100146,-0.275354,2.438685
0.105165,-0.282384,2.420524
-0.129686,-0.631872,2.521743
0.093342,-0.642149,2.459121
-0.164843,-0.718255,2.455624
0.110834,-0.722565,2.409951
0.046499,0.872165,2.305527
0.022350,0.735483,2.405395
-0.138994,0.628549,2.348094
0.220229,0.628059,2.428930
-0.168101,0.431162,2.175001
0.262697,0.397340,2.342498
0.095950,0.472771,2.342498
0.010621,0.471637,2.072502
0.206909,0.462034,2.051107
0.089532,0.481792,2.065636
0.011147,0.373874,2.421989
0.017138,0.302779,2.395246
-0.060106,0.222410,2.379768
0.094078,0.221591,2.397401
-0.100843,-0.275608,2.435505
0.103849,-0.282603,2.424083
-0.130931,-0.632280,2.516291
0.091727,-0.641830,2.466003
-0.166414,-0.718776,2.448812
0.109445,-0.722210,2.417135
0.047220,0.871456,2.303106
0.022692,0.735346,2.402638
-0.138178,0.628623,2.344241
0.220551,0.627827,2.426425
-0.166284,0.432335,2.170195
0.262023,0.396753,2.340741
0.097291,0.475408,2.340741
0.010829,0.472311,2.072996
0.208449,0.465045,2.053757
0.095057,0.481585,2.069461
0.011234,0.373521,2.419350
0.017306,0.302414,2.392559
-0.060084,0.221918,2.376559
0.094160,0.221161,2.395020
-0.101620,-0.275829,2.432773
0.102546,-0.282779,2.427546
-0.132059,-0.632649,2.511346
0.090254,-0.641536,2.472281
-0.167826,-0.719246,2.442654
0.108190,-0.721881,2.423671
0.047841,0.870794,2.300909
0.022873,0.735249,2.400139
-0.137476,0.628707,2.340710
0.220693,0.627619,2.424263
-0.164634,0.433403,2.165839
0.261186,0.396165,2.339455
0.098281,0.477670,2.339455
0.010999,0.472616,2.073809
0.209481,0.467439,2.056715
0.100448,0.481043,2.073294
0.011227,0.373157,2.416939
0.017394,0.302033,2.390109
-0.060113,0.221434,2.373619
0.094153,0.220709,2.392879
-0.102446,-0.276024,2.430464
0.101261,-0.282908,2.430889
-0.133081,-0.632983,2.506843
0.088908,-0.641271,2.477997
-0.169084,-0.719665,2.437061
0.107059,-0.721582,2.429572
0.048378,0.870174,2.298940
0.022895,0.735179,2.397864
-0.136876,0.628799,2.337472
0.220664,0.627431,2.422423
-0.163137,0.434378,2.161889
0.260210,0.395570,2.338626
0.098952,0.479561,2.338626
0.011424,0.472871,2.074876
0.210040,0.469209,2.059907
0.105654,0.480173,2.077059
0.011087,0.372669,2.414731
0.017347,0.301467,2.387875
-0.060306,0.220732,2.370848
0.094074,0.220111,2.391045
-0.103315,-0.276187,2.428551
0.099973,-0.283007,2.434119
-0.134006,-0.633273,2.502753
0.087677,-0.641031,2.483217
-0.170208,-0.720034,2.431989
0.106039,-0.721307,2.434920
0.048828,0.869586,2.297163
0.022778,0.735135,2.395797
-0.136369,0.628889,2.334495
0.220456,0.627263,2.420883
-0.161782,0.435265,2.158305
0.259123,0.394974,2.338202
0.099306,0.481070,2.338202
0.011743,0.472789,2.076134
0.210147,0.470391,2.063259
0.101217,0.479029,2.079207
0.010883,0.372169,2.412729
0.017243,0.300875,2.385858
-0.060549,0.219999,2.368291
0.093957,0.219493,2.389487
-0.104217,-0.276321,2.427007
0.098714,-0.283070,2.437208
-0.134845,-0.633527,2.499039
0.086559,-0.640811,2.487962
-0.171206,-0.720357,2.427390
0.105117,-0.721057,2.439764
0.049199,0.869027,2.295563
0.022465,0.735109,2.393892
-0.135956,0.628984,2.331763
0.220087,0.627103,2.419619
-0.160570,0.436082,2.155061
0.257935,0.394380,2.338148
0.099321,0.482241,2.338148
0.012139,0.472600,2.077560
0.209801,0.471085,2.066689
0.096063,0.477819,2.080800
0.010624,0.371661,2.410912
0.017085,0.300264,2.384044
-0.060839,0.219242,2.365935
0.093800,0.218854,2.388172
-0.105149,-0.276428,2.425807
0.097492,-0.283091,2.440139
-0.135606,-0.633752,2.495668
0.085545,-0.640602,2.492251
-0.172082,-0.720636,2.423225
0.104284,-0.720830,2.444130
0.049504,0.868492,2.294126
0.022012,0.735102,2.392158
-0.135650,0.629079,2.329243
0.219593,0.626957,2.418616
-0.159499,0.436829,2.152140
0.256626,0.393771,2.338496
0.098990,0.483094,2.338496
0.012596,0.472262,2.079173
0.208967,0.471221,2.070162
0.093318,0.476989,2.082293
0.010318,0.371150,2.409265
0.016881,0.299641,2.382417
-0.061177,0.218470,2.363768
0.093613,0.218198,2.387092
-0.106113,-0.276507,2.424922
0.096311,-0.283083,2.442916
-0.136296,-0.633953,2.492618
0.084628,-0.640411,2.496138
-0.172841,-0.720870,2.419463
0.103528,-0.720623,2.448083
0.049742,0.867964,2.292825
0.021437,0.735112,2.390581
-0.135443,0.629167,2.326919
0.218983,0.626818,2.417851
-0.158762,0.437522,2.149605
0.255199,0.393200,2.339224
0.097824,0.483451,2.339224
0.013164,0.472044,2.081088
0.207114,0.470664,2.073828
0.091198,0.476166,2.083199
0.009974,0.370718,2.407754
0.016665,0.299158,2.380936
-0.061457,0.217900,2.361814
0.093366,0.217650,2.386145
-0.107096,-0.276559,2.424327
0.095172,-0.283051,2.445547
-0.136920,-0.634132,2.489850
0.083794,-0.640237,2.499667
-0.173486,-0.721061,2.416078
0.102843,-0.720435,2.451670
0.049912,0.867438,2.291637
0.020726,0.735132,2.389125
-0.135334,0.629247,2.324775
0.218260,0.626693,2.417306
-0.158292,0.438130,2.147433
0.253625,0.392616,2.340527
0.096133,0.483299,2.340527
0.013740,0.471600,2.083132
0.204673,0.469508,2.077471
0.088508,0.474973,2.083993
0.009578,0.370317,2.406372
0.016406,0.298708,2.379601
-0.061746,0.217380,2.360035
0.093055,0.217140,2.385350
-0.108105,-0.276587,2.423998
0.094078,-0.282993,2.448026
-0.137487,-0.634293,2.487335
0.083038,-0.640079,2.502867
-0.174024,-0.721210,2.413047
0.102222,-0.720265,2.454925
0.050005,0.866897,2.290523
0.019824,0.735130,2.387699
-0.135364,0.629289,2.322771
0.217429,0.626580,2.416959
-0.158792,0.438491,2.146061
0.251970,0.392128,2.342319
0.092562,0.481478,2.342319
0.015596,0.468583,2.086059
0.198598,0.466067,2.082285
0.085779,0.472395,2.084237
0.009129,0.369941,2.405095
0.016100,0.298284,2.378399
-0.062047,0.216896,2.358412
0.092683,0.216652,2.384701
-0.109134,-0.276583,2.423902
0.093009,-0.282915,2.450381
-0.138001,-0.634434,2.485052
0.082351,-0.639935,2.505769
-0.174458,-0.721318,2.410351
0.101656,-0.720111,2.457879
0.050009,0.866307,2.289471
0.018736,0.735090,2.386294
-0.135540,0.629271,2.320888
0.216493,0.626467,2.416773
-0.160058,0.438542,2.145396
0.250256,0.391736,2.344636
0.088158,0.477561,2.344636
0.016932,0.466595,2.089625
0.191124,0.460322,2.087313
0.083028,0.469637,2.084375
0.008629,0.369577,2.403906
0.015748,0.297873,2.377322
-0.062361,0.216438,2.356934
0.092255,0.216173,2.384195
-0.110179,-0.276556,2.424017
0.091986,-0.282817,2.452591
-0.138467,-0.634555,2.482982
0.081727,-0.639805,2.508403
-0.174793,-0.721387,2.407971
0.101145,-0.719969,2.460562
0.049920,0.865669,2.288440
0.017514,0.735032,2.384931
-0.135853,0.629216,2.319133
0.215469,0.626352,2.416726
-0.162068,0.438273,2.145601
0.248487,0.391437,2.347352
0.083292,0.472466,2.347352
0.019311,0.461769,2.093762
0.182960,0.453147,2.092532
0.079886,0.465710,2.084374
0.008070,0.369225,2.402789
0.015334,0.297474,2.376356
-0.062697,0.216004,2.355589
0.091744,0.215697,2.383809
-0.111233,-0.276509,2.424326
0.091010,-0.282701,2.454663
-0.138887,-0.634656,2.481106
0.081160,-0.639689,2.510795
-0.175036,-0.721421,2.405889
0.100685,-0.719836,2.462994
0.049744,0.864971,2.287442
0.016186,0.734978,2.383589
-0.136291,0.629131,2.317506
0.214346,0.626241,2.416777
-0.166006,0.437269,2.147723
0.246610,0.391128,2.350307
0.075207,0.463817,2.350307
0.021551,0.456571,2.099871
0.172757,0.445226,2.098551
0.076446,0.461425,2.084273
0.007472,0.368888,2.401733
0.014872,0.297087,2.375494
-0.063048,0.215595,2.354370
0.091169,0.215231,2.383524
-0.112290,-0.276440,2.424792
0.090079,-0.282573,2.456605
-0.139266,-0.634733,2.479413
0.080645,-0.639582,2.512969
-0.175175,-0.721405,2.404094
0.100274,-0.719712,2.465189
0.049459,0.864187,2.286376
0.014672,0.734930,2.382083
-0.136912,0.629012,2.315979
0.213099,0.626151,2.416859
-0.171648,0.435372,2.151971
0.244477,0.391105,2.353688
0.063074,0.449342,2.353688
0.027044,0.448171,2.109084
0.163284,0.437067,2.104738
0.074326,0.455940,2.086530
0.006827,0.368556,2.400699
0.014363,0.296703,2.374712
-0.063415,0.215203,2.353268
0.090556,0.214773,2.383297
-0.113341,-0.276348,2.425390
0.089180,-0.282424,2.458428
-0.139604,-0.634786,2.477889
0.080175,-0.639483,2.514946
-0.175232,-0.721354,2.402559
0.099908,-0.719596,2.467168
0.049067,0.863316,2.285229
0.012987,0.734871,2.380457
-0.137780,0.628852,2.314528
0.211709,0.626023,2.416935
-0.178480,0.432729,2.158054
0.242230,0.391184,2.357327
0.042452,0.425583,2.357327
0.036606,0.433811,2.119437
0.132554,0.410832,2.115238
0.075242,0.438620,2.093195
0.006132,0.368219,2.399659
0.013811,0.296318,2.373987
-0.063804,0.214823,2.352269
0.089935,0.214324,2.383095
-0.114388,-0.276237,2.426093
0.088308,-0.282252,2.460142
-0.139907,-0.634819,2.476522
0.079747,-0.639393,2.516741
-0.175215,-0.721274,2.401265
0.099586,-0.719487,2.468941
0.048563,0.862377,2.284004
0.011129,0.734823,2.378700
-0.138822,0.628673,2.313155
0.210247,0.625901,2.417025
-0.186325,0.429713,2.165662
0.239857,0.391394,2.361387
0.014248,0.394740,2.361387
0.046645,0.418017,2.132597
0.097943,0.371517,2.125860
0.076797,0.418642,2.101804
0.005360,0.367874,2.398565
0.013203,0.295927,2.373288
-0.064242,0.214445,2.351351
0.089320,0.213888,2.382882
-0.115425,-0.276103,2.426870
0.087468,-0.282066,2.461746
-0.140177,-0.634835,2.475300
0.079358,-0.639310,2.518367
-0.175133,-0.721168,2.400194
0.099304,-0.719385,2.470524
0.047938,0.861359,2.282673
0.009116,0.734801,2.376780
-0.140027,0.628494,2.311840
0.208630,0.625845,2.417057
-0.195162,0.426416,2.174997
0.237333,0.391872,2.365787
-0.016220,0.363459,2.365787
0.061647,0.396029,2.146311
0.059420,0.329539,2.137181
0.080391,0.400075,2.110757
0.004508,0.367532,2.397360
0.012541,0.295542,2.372578
-0.064731,0.214073,2.350482
0.088726,0.213493,2.382632
-0.116433,-0.275954,2.427694
0.086666,-0.281865,2.463246
-0.140415,-0.634833,2.474211
0.079003,-0.639235,2.519839
-0.174990,-0.721038,2.399329
0.099060,-0.719290,2.471930
0.047162,0.860259,2.281185
0.006974,0.734782,2.374724
-0.141422,0.628286,2.310552
0.206813,0.625895,2.416948
-0.204294,0.422764,2.185282
0.234772,0.392457,2.370299
-0.051857,0.329045,2.370299
0.077283,0.373417,2.162948
0.014055,0.282757,2.151372
0.085192,0.380219,2.121055
0.003580,0.367181,2.396037
0.011819,0.295151,2.371847
-0.065291,0.213696,2.349642
0.088136,0.213117,2.382362
-0.117430,-0.275815,2.428544
0.085899,-0.281656,2.464645
-0.140628,-0.634819,2.473242
0.078681,-0.639168,2.521170
-0.174793,-0.720887,2.398654
0.098851,-0.719202,2.473173
0.046002,0.859077,2.279278
0.004431,0.734731,2.372155
-0.143260,0.628035,2.309198
0.204683,0.625987,2.416517
-0.214932,0.417079,2.198974
0.232089,0.392299,2.375204
-0.093718,0.290341,2.375204
0.095800,0.343230,2.185080
-0.042674,0.235332,2.172124
0.098752,0.336884,2.148988
0.002469,0.366802,2.394477
0.010945,0.294733,2.371040
-0.066005,0.213293,2.348804
0.087480,0.212737,2.382039
-0.118406,-0.275655,2.429346
0.085170,-0.281445,2.465945
-0.140815,-0.634796,2.472385
0.078389,-0.639110,2.522372
-0.174547,-0.720718,2.398155
0.098676,-0.719118,2.474264
0.044546,0.857846,2.277116
0.001810,0.734688,2.369469
-0.145400,0.627744,2.307843
0.202282,0.626088,2.415769
-0.225226,0.411353,2.212542
0.229462,0.391825,2.380112
-0.133605,0.254793,2.380112
0.113941,0.312690,2.207266
-0.097085,0.191064,2.193365
0.114310,0.286357,2.181384
0.001265,0.366412,2.392793
0.009972,0.294299,2.370197
-0.066829,0.212873,2.347988
0.086764,0.212355,2.381675
-0.119379,-0.275470,2.430112
0.084468,-0.281235,2.467142
-0.140978,-0.634759,2.471637
0.078124,-0.639060,2.523456
-0.174251,-0.720529,2.397835
0.098533,-0.719039,2.475206
0.042760,0.856607,2.274672
-0.000988,0.734606,2.366514
-0.147906,0.627411,2.306474
0.199574,0.626215,2.414635
-0.235366,0.405583,2.226266
0.226862,0.391123,2.384939
-0.171651,0.222520,2.384939
0.131790,0.282239,2.229887
-0.148617,0.150283,2.217882
0.131174,0.236778,2.216489
-0.000081,0.366008,2.390930
0.008862,0.293853,2.369288
-0.067791,0.212436,2.347184
0.085959,0.211969,2.381240
-0.120328,-0.275255,2.430847
0.083771,-0.281006,2.468211
-0.141118,-0.634711,2.470984
0.077885,-0.639012,2.524421
-0.173918,-0.720329,2.397653
0.098417,-0.718963,2.476043
0.040330,0.855364,2.271781
-0.004031,0.734488,2.363243
-0.150868,0.626992,2.305070
0.196587,0.626335,2.413100
-0.245381,0.399912,2.240036
0.224316,0.390257,2.389565
-0.206982,0.193889,2.389565
0.148292,0.253634,2.252288
-0.193872,0.116061,2.240492
0.146787,0.191441,2.250410
-0.001591,0.365585,2.388850
0.007598,0.293386,2.368282
-0.068899,0.211973,2.346380
0.085045,0.211572,2.380688
-0.121261,-0.275029,2.431559
0.083070,-0.280777,2.469159
-0.141240,-0.634653,2.470420
0.077667,-0.638970,2.525280
-0.173554,-0.720117,2.397600
0.098329,-0.718891,2.476759
0.037218,0.854232,2.268259
-0.007576,0.734391,2.359284
-0.154593,0.626464,2.303536
0.192799,0.626457,2.410335
-0.255416,0.394655,2.254043
0.221720,0.389109,2.393749
-0.240561,0.169023,2.393749
0.163626,0.223741,2.275667
-0.235784,0.085409,2.265073
0.162280,0.149139,2.288164
-0.003594,0.365132,2.386215
0.005827,0.292866,2.366930
-0.070563,0.211427,2.345412
0.083729,0.211114,2.379784
-0.122204,-0.274774,2.432234
0.082285,-0.280568,2.469863
-0.141345,-0.634580,2.469938
0.077470,-0.638938,2.526027
-0.173162,-0.719890,2.397669
0.098265,-0.718824,2.477361
0.033418,0.853174,2.264148
-0.011522,0.734265,2.354758
-0.158798,0.625888,2.301883
0.187414,0.626360,2.405369
-0.265013,0.389830,2.267578
0.219143,0.388068,2.397439
-0.270300,0.147622,2.397439
0.176951,0.197397,2.296828
-0.271905,0.059249,2.286514
0.175934,0.112470,2.323239
-0.005980,0.364615,2.383188
0.003642,0.292270,2.365324
-0.072552,0.210834,2.344373
0.081959,0.210600,2.378556
-0.123175,-0.274517,2.432879
0.081366,-0.280438,2.470205
-0.141434,-0.634496,2.469532
0.077287,-0.638918,2.526610
-0.172750,-0.719659,2.397874
0.098223,-0.718762,2.477868
0.029165,0.852284,2.259764
-0.015681,0.734084,2.349856
-0.163409,0.625333,2.300107
0.181946,0.626258,2.400150
-0.274131,0.385503,2.280410
0.216430,0.386848,2.400801
-0.296402,0.129170,2.400801
0.188468,0.174285,2.315577
-0.303260,0.036610,2.305256
0.187836,0.080959,2.354654
-0.008697,0.364103,2.379827
0.001093,0.291675,2.363490
-0.074959,0.210231,2.343214
0.079875,0.210088,2.377096
-0.124171,-0.274261,2.433497
0.080231,-0.280444,2.469948
-0.141511,-0.634400,2.469195
0.077105,-0.638960,2.526987
-0.172327,-0.719425,2.398183
0.098202,-0.718708,2.478258
0.024226,0.851356,2.254741
-0.020074,0.733841,2.344548
-0.168387,0.624736,2.298185
0.176206,0.625978,2.394374
-0.282709,0.381582,2.292385
0.213679,0.385519,2.403884
-0.319355,0.113057,2.403884
0.198398,0.153948,2.332161
-0.330753,0.016807,2.321755
0.197967,0.053660,2.382630
-0.011836,0.363528,2.376109
-0.001946,0.291004,2.361392
-0.077886,0.209565,2.341956
0.077256,0.209495,2.375290
-0.125219,-0.274031,2.434093
0.078695,-0.280575,2.468660
-0.141576,-0.634298,2.468918
0.076935,-0.639067,2.527064
-0.171894,-0.719190,2.398572
0.098206,-0.718667,2.478527
0.018508,0.850339,2.249032
-0.024856,0.733480,2.338729
-0.173896,0.624033,2.296039
0.169703,0.625625,2.387437
-0.290683,0.378038,2.303392
0.210847,0.384242,2.406590
-0.339663,0.098876,2.406590
0.206927,0.136088,2.346892
-0.355103,-0.000631,2.336480
0.206447,0.029893,2.406725
-0.015424,0.362874,2.372021
-0.005473,0.290254,2.359022
-0.081307,0.208835,2.340569
0.074179,0.208842,2.373185
-0.126334,-0.273775,2.434637
0.076467,-0.280940,2.465476
-0.141635,-0.634186,2.468697
0.076786,-0.639190,2.526584
-0.171456,-0.718951,2.399045
0.098234,-0.718630,2.478676
0.012064,0.849534,2.242936
-0.030129,0.732935,2.332212
-0.179766,0.623275,2.293679
0.162626,0.625168,2.379579
-0.298046,0.374836,2.313327
0.207899,0.382958,2.408915
-0.357858,0.086327,2.408915
0.214211,0.120480,2.359974
-0.376840,-0.016472,2.349719
0.213773,0.009178,2.427674
-0.019513,0.362108,2.367515
-0.009538,0.289393,2.356336
-0.085233,0.208034,2.339042
0.070548,0.208102,2.370714
-0.127497,-0.273524,2.435138
0.073495,-0.281647,2.460072
-0.141688,-0.634066,2.468525
0.076482,-0.639302,2.525658
-0.171021,-0.718722,2.399566
0.098276,-0.718604,2.478684
0.004612,0.848603,2.235542
-0.036497,0.732052,2.324117
-0.186732,0.622118,2.290514
0.155254,0.624432,2.370983
-0.304931,0.371803,2.321705
0.204475,0.381815,2.410389
-0.374115,0.074845,2.410389
0.220312,0.106566,2.371066
-0.396375,-0.030838,2.360782
0.220040,-0.009410,2.445385
-0.024647,0.361183,2.361844
-0.014648,0.288393,2.352726
-0.090290,0.207042,2.336850
0.066039,0.207239,2.367369
-0.128833,-0.273263,2.435495
0.067809,-0.282270,2.447586
-0.141737,-0.633944,2.468394
0.074440,-0.639353,2.519863
-0.170599,-0.718496,2.400131
0.097220,-0.718211,2.474874
-0.003406,0.847498,2.227385
-0.043059,0.731052,2.315598
-0.194002,0.620801,2.286964
0.147793,0.623539,2.361939
-0.311224,0.369017,2.329069
0.200970,0.380657,2.411455
-0.388696,0.064868,2.411455
0.225148,0.094141,2.380784
-0.413427,-0.043206,2.370405
0.224897,-0.025618,2.460916
-0.030204,0.360197,2.355606
-0.020241,0.287339,2.348583
-0.095893,0.205964,2.334216
0.061057,0.206331,2.363455
-0.130286,-0.273109,2.435729
0.061491,-0.282838,2.433220
-0.141781,-0.633822,2.468293
0.071044,-0.638928,2.509889
-0.170189,-0.718270,2.400745
0.094117,-0.717349,2.465622
-0.011760,0.846308,2.218603
-0.049825,0.729859,2.306465
-0.201909,0.619155,2.282686
0.140127,0.622422,2.352174
-0.317056,0.366366,2.335405
0.197016,0.379300,2.411637
-0.401427,0.056589,2.411637
0.228282,0.083195,2.388209
-0.427453,-0.053221,2.376808
0.227773,-0.039126,2.472922
-0.036204,0.359121,2.348601
-0.026340,0.286212,2.343705
-0.102105,0.204738,2.330901
0.055599,0.205365,2.358810
-0.131897,-0.273085,2.435817
0.053404,-0.283685,2.413417
-0.141820,-0.633744,2.468163
0.065479,-0.638020,2.493600
-0.169774,-0.718059,2.401374
0.087507,-0.717059,2.450489
-0.021707,0.844223,2.206616
-0.057145,0.728422,2.295433
-0.210634,0.617112,2.276617
0.130827,0.620905,2.338513
-0.323228,0.363679,2.339305
0.191781,0.378271,2.408766
-0.411265,0.051198,2.408766
0.228182,0.075289,2.388574
-0.436681,-0.055473,2.373479
0.227464,-0.049485,2.478094
-0.043132,0.357738,2.339195
-0.033466,0.284770,2.336549
-0.109371,0.203135,2.325352
0.049057,0.204232,2.351887
-0.133669,-0.274372,2.434285
0.042366,-0.284780,2.385175
-0.142017,-0.633820,2.467996
0.053755,-0.637484,2.458208
-0.169464,-0.717972,2.401950
0.074386,-0.717063,2.411370
-0.031535,0.842422,2.194250
-0.064462,0.726787,2.283469
-0.219380,0.615038,2.269320
0.121804,0.619321,2.324736
-0.329215,0.361042,2.341614
0.186389,0.377216,2.404959
-0.418484,0.048012,2.404959
0.226649,0.069231,2.383832
-0.442006,-0.054318,2.364447
0.225555,-0.056514,2.478783
-0.050180,0.356122,2.328882
-0.040759,0.283095,2.328488
-0.116749,0.201328,2.319053
0.042249,0.202960,2.343975
-0.137174,-0.277575,2.433609
0.030920,-0.286090,2.354118
-0.142467,-0.634271,2.467781
0.038608,-0.637352,2.411823
-0.170298,-0.718344,2.405952
0.055792,-0.717180,2.357259
-0.041620,0.840202,2.180376
-0.071896,0.724780,2.270176
-0.228201,0.612647,2.260779
0.112674,0.617363,2.309652
-0.335377,0.358363,2.341273
0.180857,0.375989,2.399593
-0.422474,0.047586,2.399593
0.223906,0.064816,2.370858
-0.442936,-0.049408,2.346839
0.222169,-0.060489,2.475034
-0.057327,0.354070,2.317135
-0.048183,0.280981,2.318990
-0.124191,0.199051,2.311404
0.035240,0.201393,2.334560
-0.140991,-0.281375,2.432565
0.018825,-0.287715,2.319642
-0.143429,-0.636284,2.467834
0.021633,-0.636975,2.354820
-0.171132,-0.720466,2.409914
0.035303,-0.716782,2.292102
-0.051630,0.837906,2.165431
-0.079476,0.722340,2.255287
-0.237335,0.609543,2.250963
0.103618,0.615021,2.293242
-0.341740,0.355497,2.337511
0.174996,0.374509,2.391734
-0.423659,0.048951,2.391734
0.219359,0.062552,2.351697
-0.440254,-0.041851,2.323042
0.217192,-0.061817,2.465109
-0.064634,0.351518,2.303748
-0.055817,0.278360,2.307825
-0.131962,0.196087,2.301993
0.028074,0.199412,2.323537
-0.145088,-0.285511,2.431055
0.006578,-0.291323,2.282593
-0.144561,-0.638623,2.467878
0.001914,-0.636564,2.287663
-0.171428,-0.721655,2.411107
0.012224,-0.715919,2.216770
-0.061456,0.835205,2.149342
-0.086840,0.719420,2.239206
-0.246462,0.606048,2.239780
0.094801,0.612165,2.275415
-0.348199,0.352184,2.329903
0.168965,0.372545,2.381628
-0.421841,0.052206,2.381628
0.213782,0.060295,2.323818
-0.434192,-0.032040,2.290585
0.211209,-0.061390,2.450984
-0.071975,0.348467,2.288725
-0.063583,0.275235,2.294870
-0.139911,0.192649,2.290956
0.020688,0.196861,2.310399
-0.149565,-0.289450,2.428752
-0.005708,-0.293431,2.245627
-0.145914,-0.640964,2.467702
-0.018585,-0.635523,2.216054
-0.171856,-0.722823,2.411959
-0.011468,-0.710978,2.137770
-0.071312,0.831606,2.130898
-0.093977,0.715880,2.221294
-0.256108,0.602530,2.226899
0.086657,0.608644,2.256562
-0.354516,0.348547,2.318074
0.162767,0.369775,2.368495
-0.418341,0.056045,2.368495
0.207401,0.058645,2.292024
-0.426354,-0.021074,2.254775
0.204531,-0.060498,2.432995
-0.079226,0.345211,2.271578
-0.071334,0.271976,2.279629
-0.148139,0.188812,2.277525
0.013499,0.193987,2.294962
-0.154170,-0.293365,2.425728
-0.017500,-0.295163,2.208587
-0.147261,-0.642088,2.466962
-0.037793,-0.633987,2.147587
-0.172791,-0.723301,2.413783
-0.035749,-0.706907,2.061139
-0.081378,0.825954,2.105549
-0.101100,0.710132,2.196308
-0.266561,0.597764,2.208165
0.078359,0.602093,2.230320
-0.360730,0.343844,2.296455
0.155720,0.364657,2.346140
-0.412897,0.060760,2.346140
0.198897,0.057301,2.247730
-0.416407,-0.008232,2.207238
0.195393,-0.059484,2.404073
-0.087094,0.340498,2.247052
-0.079930,0.267394,2.256941
-0.157680,0.183664,2.256877
0.005588,0.189553,2.271746
-0.160851,-0.294994,2.415391
-0.030082,-0.295360,2.171080
-0.149111,-0.642636,2.465085
-0.056955,-0.631972,2.078273
-0.173983,-0.722671,2.412180
-0.057475,-0.701350,1.987430
-0.089951,0.820640,2.080380
-0.107602,0.704001,2.170213
-0.275905,0.591960,2.185907
0.070859,0.595173,2.203272
-0.366484,0.339061,2.272409
0.148885,0.358162,2.320857
-0.407096,0.065583,2.320857
0.190248,0.056360,2.202926
-0.406726,0.003842,2.159946
0.186501,-0.057626,2.373461
-0.094640,0.335256,2.220628
-0.088285,0.262243,2.231969
-0.167045,0.178083,2.233697
-0.002214,0.184608,2.246083
-0.168767,-0.294191,2.398657
-0.042226,-0.293120,2.127187
-0.151564,-0.642247,2.461325
-0.073373,-0.630346,2.018938
-0.175520,-0.720638,2.407888
-0.075417,-0.698404,1.930493
