-0.628989,0.716117,2.662740
-0.610457,0.506975,2.643143
-0.784511,0.360418,2.614246
-0.433772,0.383836,2.659024
-0.841132,0.100751,2.581598
-0.350130,0.090707,2.612973
-0.811059,-0.117807,2.612973
-0.303066,-0.138243,2.485606
-0.781627,-0.204153,2.455682
-0.295505,-0.218955,2.500365
-0.593711,0.130144,2.651072
-0.579669,0.064699,2.595115
-0.652473,-0.013700,2.573266
-0.496872,-0.009919,2.594258
-0.638687,-0.496805,2.497990
-0.514059,-0.542975,2.579300
-0.606023,-0.851699,2.466504
-0.514330,-0.863225,2.440717
-0.616873,-0.897025,2.386853
-0.499393,-0.919524,2.365279
-0.628542,0.713616,2.627851
-0.605955,0.505057,2.606899
-0.780682,0.357804,2.586685
-0.429435,0.381997,2.613993
-0.837090,0.097529,2.559129
-0.342198,0.091677,2.562951
-0.810217,-0.122079,2.562951
-0.298074,-0.137186,2.464859
-0.782373,-0.207781,2.435795
-0.289754,-0.217041,2.443964
-0.587577,0.128034,2.615730
-0.575245,0.062289,2.560005
-0.648608,-0.016157,2.543070
-0.491938,-0.011764,2.554289
-0.627130,-0.492292,2.446301
-0.513801,-0.543995,2.560462
-0.591208,-0.846375,2.405582
-0.514873,-0.865933,2.436014
-0.595669,-0.889281,2.316214
-0.499672,-0.922780,2.364839
-0.631309,0.710185,2.587602
-0.602915,0.503419,2.566466
-0.777288,0.354091,2.555993
-0.428972,0.380595,2.560694
-0.832265,0.093546,2.535042
-0.334466,0.094278,2.504894
-0.808468,-0.127089,2.504894
-0.291049,-0.133057,2.442812
-0.782420,-0.212193,2.414057
-0.282789,-0.212434,2.378800
-0.581640,0.125710,2.575182
-0.571462,0.059535,2.519570
-0.644581,-0.018930,2.508744
-0.488395,-0.013368,2.507583
-0.615140,-0.486794,2.390270
-0.509666,-0.544522,2.537258
-0.577192,-0.842082,2.350031
-0.514438,-0.868232,2.430920
-0.576733,-0.883196,2.253075
-0.498655,-0.927432,2.368621
-0.634491,0.707009,2.550038
-0.600568,0.502281,2.529249
-0.774430,0.350702,2.528152
-0.429224,0.379475,2.511028
-0.827373,0.089613,2.512495
-0.327387,0.097364,2.450248
-0.806542,-0.131957,2.450248
-0.284634,-0.128355,2.422503
-0.782263,-0.216546,2.393870
-0.276346,-0.207487,2.318990
-0.576063,0.123818,2.537509
-0.568023,0.057199,2.481995
-0.640750,-0.021462,2.476844
-0.485197,-0.014543,2.463979
-0.604171,-0.481709,2.340288
-0.503039,-0.544543,2.511250
-0.564615,-0.838463,2.300447
-0.513449,-0.870233,2.427265
-0.560219,-0.877979,2.197379
-0.495910,-0.931078,2.372175
-0.640287,0.703681,2.510600
-0.600276,0.502145,2.489709
-0.771899,0.347606,2.498319
-0.431748,0.379049,2.457993
-0.822283,0.085326,2.488836
-0.321095,0.103304,2.390968
-0.804050,-0.137732,2.390968
-0.279017,-0.120776,2.398673
-0.781651,-0.221266,2.370101
-0.270661,-0.199772,2.255108
-0.570486,0.122416,2.495704
-0.564555,0.055222,2.439956
-0.635912,-0.023862,2.440748
-0.482362,-0.014746,2.415178
-0.594186,-0.477451,2.292248
-0.488517,-0.539166,2.467196
-0.553181,-0.835668,2.256574
-0.511366,-0.870140,2.420656
-0.545624,-0.873522,2.148579
-0.495522,-0.931447,2.368020
-0.649282,0.700655,2.467626
-0.602647,0.502783,2.447443
-0.771713,0.343241,2.467843
-0.437009,0.379287,2.402181
-0.817035,0.081141,2.462600
-0.317241,0.111677,2.328980
-0.800754,-0.143750,2.328980
-0.274703,-0.110062,2.367452
-0.779968,-0.226771,2.336503
-0.266282,-0.188416,2.182064
-0.566255,0.121935,2.451143
-0.562555,0.054097,2.395195
-0.632041,-0.026208,2.401633
-0.480951,-0.013907,2.363832
-0.585860,-0.473732,2.247535
-0.468729,-0.529285,2.395657
-0.542807,-0.833336,2.216993
-0.502721,-0.868332,2.405666
-0.532706,-0.869682,2.104932
-0.490217,-0.928921,2.354482
-0.659579,0.697919,2.424892
-0.606266,0.504032,2.407604
-0.772444,0.339343,2.438619
-0.443690,0.380321,2.348737
-0.811892,0.077505,2.435634
-0.314831,0.122128,2.265319
-0.797040,-0.145056,2.265319
-0.271518,-0.095306,2.329962
-0.777893,-0.226012,2.291814
-0.263248,-0.172115,2.108353
-0.563339,0.123229,2.407654
-0.561918,0.055148,2.351222
-0.628906,-0.027695,2.364516
-0.481397,-0.009927,2.310924
-0.578782,-0.470660,2.207335
-0.442895,-0.502872,2.293940
-0.533319,-0.831396,2.181431
-0.465836,-0.847533,2.347325
-0.521196,-0.865973,2.065947
-0.456966,-0.911490,2.304044
-0.669336,0.695631,2.386671
-0.610653,0.505259,2.370893
-0.773478,0.335753,2.412009
-0.450215,0.381346,2.301396
-0.807414,0.074879,2.410327
-0.313001,0.131044,2.210666
-0.793600,-0.145086,2.210666
-0.269246,-0.082772,2.294925
-0.776113,-0.223960,2.249562
-0.260439,-0.157903,2.045205
-0.561095,0.124714,2.368632
-0.561669,0.056351,2.311895
-0.626290,-0.028838,2.330396
-0.482026,-0.006189,2.264670
-0.572587,-0.467975,2.171987
-0.418601,-0.472819,2.196795
-0.524782,-0.829682,2.149509
-0.418970,-0.816556,2.275666
-0.510867,-0.862608,2.030908
-0.414309,-0.883126,2.237711
-0.678798,0.693605,2.351967
-0.615193,0.506526,2.337911
-0.774742,0.332542,2.388000
-0.456580,0.382353,2.259316
-0.803382,0.072510,2.387116
-0.311650,0.138799,2.163334
-0.790538,-0.143653,2.163334
-0.267618,-0.071711,2.260562
-0.774959,-0.218517,2.207492
-0.257569,-0.145275,1.990269
-0.559347,0.126279,2.333438
-0.561717,0.057667,2.276427
-0.624073,-0.029710,2.298890
-0.482796,-0.002613,2.223857
-0.567054,-0.465428,2.140594
-0.395215,-0.433937,2.099616
-0.517136,-0.828134,2.120740
-0.367467,-0.776365,2.195767
-0.501607,-0.859637,1.999249
-0.364231,-0.845232,2.161961
-0.687805,0.691760,2.320693
-0.619873,0.507809,2.308260
-0.776287,0.330465,2.366037
-0.462737,0.383334,2.221902
-0.799796,0.070441,2.366101
-0.310639,0.145589,2.121979
-0.787666,-0.141023,2.121979
-0.266294,-0.061513,2.227929
-0.773949,-0.212366,2.168701
-0.254781,-0.133300,1.941764
-0.558113,0.127943,2.301854
-0.562057,0.059148,2.244557
-0.622193,-0.030307,2.270569
-0.483913,0.001035,2.187276
-0.562006,-0.462981,2.112592
-0.373480,-0.397010,2.013180
-0.510265,-0.826652,2.094808
-0.313205,-0.728538,2.112419
-0.493299,-0.857056,1.970666
-0.308317,-0.798381,2.080815
-0.696454,0.690153,2.292420
-0.624873,0.509246,2.281418
-0.778230,0.328181,2.345818
-0.469144,0.384334,2.187933
-0.796966,0.069178,2.347224
-0.310192,0.152063,2.085359
-0.785503,-0.136388,2.085359
-0.265129,-0.051785,2.197318
-0.773613,-0.203273,2.129724
-0.250666,-0.119248,1.897949
-0.556991,0.130460,2.272098
-0.562226,0.061897,2.214046
-0.620095,-0.030176,2.243505
-0.484340,0.007201,2.151389
-0.557307,-0.460492,2.087178
-0.344221,-0.360851,1.933050
-0.504109,-0.825181,2.071337
-0.238300,-0.664301,2.014362
-0.485965,-0.854816,1.944915
-0.235458,-0.716239,1.971058
-0.704834,0.688478,2.266421
-0.630663,0.510305,2.256031
-0.781101,0.325517,2.326365
-0.475991,0.384953,2.156595
-0.795444,0.067773,2.329811
-0.309400,0.158381,2.052140
-0.784034,-0.131718,2.052140
-0.261400,-0.042252,2.169062
-0.773722,-0.193780,2.090829
-0.246762,-0.100485,1.855810
-0.556913,0.132628,2.243628
-0.563234,0.064093,2.185077
-0.618778,-0.029906,2.216844
-0.485389,0.011379,2.118861
-0.550657,-0.456750,2.062300
-0.279320,-0.265191,1.818971
-0.497761,-0.823731,2.049464
-0.039662,-0.404279,1.792702
-0.479009,-0.852542,1.921276
-0.049108,-0.399694,1.735568
-0.712415,0.686895,2.243119
-0.636365,0.510887,2.233006
-0.784213,0.323015,2.308637
-0.482539,0.385099,2.128522
-0.794505,0.066535,2.313127
-0.309121,0.164288,2.022863
-0.782761,-0.128929,2.022863
-0.252562,-0.026261,2.144910
-0.773867,-0.185651,2.056540
-0.239758,-0.080495,1.821276
-0.556543,0.134309,2.218319
-0.563796,0.065803,2.159387
-0.617225,-0.029805,2.192757
-0.486055,0.014902,2.090356
-0.544333,-0.453509,2.040157
-0.248965,-0.207720,1.741554
-0.491987,-0.822515,2.029763
0.025654,-0.286858,1.680661
-0.472738,-0.850711,1.900056
0.034613,-0.265784,1.612589
-0.719281,0.685165,2.222152
-0.641811,0.511198,2.212321
-0.787573,0.320472,2.292426
-0.488747,0.384755,2.103357
-0.793799,0.065315,2.298011
-0.309053,0.169785,1.996820
-0.782099,-0.125505,1.996820
-0.245430,-0.012661,2.121908
-0.774021,-0.178528,2.026533
-0.233973,-0.063524,1.790829
-0.556097,0.135682,2.195880
-0.564139,0.067180,2.136646
-0.615569,-0.029913,2.171279
-0.486490,0.017880,2.065206
-0.538386,-0.450736,2.020417
-0.214444,-0.143954,1.666166
-0.486664,-0.821524,2.011993
0.100906,-0.172995,1.570576
-0.467153,-0.849432,1.881315
0.115142,-0.132719,1.494402
-0.725495,0.683524,2.203355
-0.647041,0.511288,2.193745
-0.790971,0.318128,2.277828
-0.494642,0.384205,2.080903
-0.793366,0.064266,2.284317
-0.309099,0.174811,1.973687
-0.781527,-0.122517,1.973687
-0.238202,0.000133,2.101625
-0.774190,-0.172569,2.000409
-0.229551,-0.050546,1.763565
-0.555608,0.136834,2.175889
-0.564331,0.068321,2.116401
-0.613912,-0.030061,2.151988
-0.486782,0.020431,2.042839
-0.532687,-0.448236,2.002841
-0.186994,-0.093424,1.605049
-0.481737,-0.820715,1.996000
0.158708,-0.085173,1.482780
-0.462272,-0.848685,1.865027
0.177281,-0.031930,1.398622
-0.731185,0.681789,2.186372
-0.652119,0.511104,2.177049
-0.794647,0.315671,2.264490
-0.500426,0.383346,2.060893
-0.793099,0.063207,2.271998
-0.309335,0.179518,1.953437
-0.780984,-0.120070,1.953437
-0.230768,0.012276,2.083721
-0.774301,-0.167575,1.977577
-0.225268,-0.038514,1.739487
-0.555117,0.137786,2.158010
-0.564456,0.069259,2.098305
-0.612367,-0.030289,2.134728
-0.487021,0.022635,2.022728
-0.527208,-0.446025,1.987274
-0.163978,-0.051927,1.553480
-0.477140,-0.820129,1.981699
0.206501,-0.010492,1.407350
-0.458073,-0.848518,1.851168
0.228947,0.049986,1.318837
-0.736447,0.680077,2.171080
-0.657037,0.510738,2.162073
-0.798241,0.313362,2.252443
-0.506096,0.382213,2.043233
-0.793027,0.062260,2.260853
-0.310140,0.184303,1.936626
-0.780329,-0.118253,1.936626
-0.223931,0.023866,2.068087
-0.774343,-0.163430,1.957597
-0.221384,-0.027238,1.718527
-0.554617,0.138611,2.141883
-0.564514,0.070064,2.081966
-0.610744,-0.030568,2.119027
-0.487189,0.024639,2.004532
-0.521868,-0.444154,1.973635
-0.144194,-0.016312,1.509484
-0.472831,-0.819829,1.969031
0.247235,0.054232,1.342325
-0.454567,-0.849034,1.839697
0.273698,0.121582,1.249403
-0.741408,0.678355,2.157277
-0.661818,0.510263,2.148710
-0.802128,0.310903,2.241479
-0.511653,0.380855,2.027807
-0.793104,0.061301,2.250776
-0.311174,0.188797,1.922974
-0.779743,-0.116677,1.922974
-0.216922,0.034712,2.053977
-0.774362,-0.159884,1.939722
-0.210133,-0.012812,1.711559
-0.554160,0.139373,2.127279
-0.564590,0.070811,2.067173
-0.609321,-0.030795,2.104985
-0.487277,0.026519,1.988212
-0.516579,-0.442381,1.961893
-0.127960,0.014665,1.476345
-0.468890,-0.819661,1.957836
0.277833,0.106330,1.287708
-0.451795,-0.849889,1.830300
0.294728,0.168308,1.194590
-0.746001,0.676697,2.144836
-0.666431,0.509713,2.136809
-0.806070,0.308413,2.231542
-0.517026,0.379387,2.014508
-0.793312,0.060376,2.241698
-0.312542,0.193165,1.912680
-0.779334,-0.115300,1.912680
-0.210212,0.044710,2.041351
-0.774418,-0.156917,1.924157
-0.203917,0.005276,1.714988
-0.553773,0.140063,2.114058
-0.564638,0.071495,2.053778
-0.608042,-0.030992,2.092299
-0.487234,0.028282,1.973826
-0.511332,-0.440720,1.952052
-0.115245,0.039691,1.452862
-0.465249,-0.819651,1.948086
0.299503,0.139041,1.244765
-0.449653,-0.851079,1.822884
0.304168,0.185598,1.154343
-0.750147,0.675187,2.133519
-0.670688,0.509222,2.126103
-0.809904,0.306081,2.222527
-0.522073,0.377950,2.003031
-0.793625,0.059556,2.233474
-0.314140,0.197300,1.905492
-0.778952,-0.113975,1.905492
-0.203416,0.054034,2.029798
-0.774512,-0.154264,1.910980
-0.199318,0.023734,1.724576
-0.553444,0.140709,2.102141
-0.564645,0.072142,2.041721
-0.606877,-0.031153,2.080798
-0.487026,0.029976,1.961342
-0.506189,-0.439121,1.944047
-0.106534,0.058117,1.439271
-0.461890,-0.819757,1.939726
0.298728,0.144783,1.234023
-0.448071,-0.852511,1.817302
0.272451,0.147612,1.168656
-0.753681,0.674034,2.123179
-0.674413,0.508875,2.116420
-0.812990,0.304460,2.213977
-0.526451,0.376870,1.992911
-0.794234,0.059056,2.225613
-0.315758,0.201221,1.901166
-0.778800,-0.112569,1.901166
-0.196944,0.062340,2.019251
-0.774540,-0.151678,1.898440
-0.190055,0.034727,1.731161
-0.553173,0.141337,2.091444
-0.564606,0.072787,2.030903
-0.605806,-0.031271,2.070368
-0.486676,0.031645,1.950522
-0.501346,-0.437563,1.937721
-0.097256,0.064424,1.433037
-0.458853,-0.819960,1.932775
0.302881,0.130651,1.242069
-0.446837,-0.854083,1.813280
0.294559,0.137069,1.166508
-0.756226,0.673443,2.113698
-0.677302,0.508774,2.107372
-0.815208,0.303554,2.205220
-0.529260,0.376616,1.984102
-0.795600,0.059861,2.216873
-0.315752,0.202912,1.897858
-0.779268,-0.109167,1.897858
-0.189663,0.065518,2.008105
-0.774481,-0.148427,1.886461
-0.182421,0.041550,1.733559
-0.552897,0.142019,2.081667
-0.564506,0.073523,2.021038
-0.604827,-0.031156,2.060765
-0.486181,0.033304,1.940844
-0.496853,-0.435481,1.932314
-0.095594,0.063249,1.439488
-0.455932,-0.817219,1.928755
0.264354,0.045990,1.339601
-0.446460,-0.851520,1.813070
0.264751,0.013465,1.296627
-0.757749,0.673302,2.105087
-0.679687,0.508849,2.099229
-0.816747,0.303339,2.196615
-0.531295,0.376627,1.976951
-0.797201,0.061575,2.208118
-0.315498,0.204062,1.896713
-0.779574,-0.103688,1.896713
-0.183009,0.067724,1.996711
-0.773870,-0.143840,1.875232
-0.173672,0.042914,1.744227
-0.552588,0.142735,2.072865
-0.564280,0.074336,2.012182
-0.603876,-0.030852,2.051991
-0.485471,0.034961,1.932575
-0.493057,-0.433379,1.928162
-0.087783,0.035068,1.472505
-0.453257,-0.814067,1.926252
0.274677,0.030037,1.348741
-0.446398,-0.848476,1.814467
0.238250,-0.052273,1.367685
-0.756342,0.674289,2.096822
-0.680320,0.509620,2.091789
-0.816628,0.305392,2.187227
-0.531595,0.377293,1.971537
-0.798427,0.066045,2.197185
-0.314964,0.204858,1.897617
-0.778920,-0.095558,1.897617
-0.177274,0.066283,1.984004
-0.771485,-0.137780,1.863075
-0.167549,0.038278,1.757227
-0.552119,0.143472,2.064869
-0.563773,0.075210,2.004148
-0.602735,-0.030186,2.043575
-0.484432,0.036593,1.925680
-0.489716,-0.431196,1.925377
-0.096054,-0.001603,1.509602
-0.450863,-0.810598,1.925120
0.172594,-0.156728,1.513209
-0.446523,-0.845086,1.817149
0.180467,-0.162255,1.458081
-0.753552,0.675944,2.089368
-0.680249,0.510572,2.085181
-0.815993,0.307822,2.178327
-0.530745,0.378346,1.967671
-0.799555,0.070752,2.186705
-0.313602,0.204654,1.900124
-0.778146,-0.087297,1.900124
-0.172141,0.063535,1.972083
-0.768850,-0.131663,1.851969
-0.162105,0.031721,1.771052
-0.551515,0.144263,2.057691
-0.563012,0.076182,1.996946
-0.601542,-0.029298,2.035791
-0.482958,0.038208,1.920013
-0.486919,-0.429049,1.923760
-0.110808,-0.029243,1.535626
-0.448732,-0.806900,1.925193
0.131397,-0.216821,1.564599
-0.446903,-0.841451,1.820939
0.117347,-0.281820,1.555842
-0.747476,0.678935,2.082450
-0.678586,0.512035,2.079211
-0.814384,0.311219,2.169496
-0.527694,0.380021,1.965442
-0.800238,0.076287,2.176101
-0.311947,0.203892,1.904000
-0.776518,-0.078125,1.904000
-0.167914,0.058788,1.960394
-0.765263,-0.125010,1.841459
-0.157198,0.022364,1.786134
-0.550693,0.145169,2.051269
-0.561931,0.077300,1.990515
-0.600272,-0.028141,2.028508
-0.481016,0.039818,1.915540
-0.484650,-0.428243,1.923364
-0.128253,-0.056934,1.559800
-0.446853,-0.803072,1.926314
0.058739,-0.321434,1.641387
-0.447407,-0.837703,1.825562
0.052729,-0.394231,1.633904
-0.738849,0.682987,2.076012
-0.675162,0.513971,2.073644
-0.811822,0.315335,2.160671
-0.523110,0.382057,1.964369
-0.800264,0.082341,2.165287
-0.310122,0.202742,1.908864
-0.774205,-0.068964,1.908864
-0.165366,0.053993,1.949121
-0.761092,-0.117827,1.832280
-0.153882,0.012528,1.801355
-0.549689,0.146161,2.045503
-0.560613,0.078516,1.984752
-0.598966,-0.026730,2.021694
-0.478808,0.041308,1.911981
-0.482885,-0.428003,1.923996
-0.152042,-0.095233,1.589230
-0.445000,-0.799557,1.928428
-0.010552,-0.420312,1.704853
-0.447769,-0.834337,1.830933
-0.010864,-0.500543,1.699493
-0.728906,0.687365,2.070025
-0.670352,0.516213,2.068594
-0.808183,0.320080,2.151765
-0.517395,0.384342,1.964237
-0.799658,0.088752,2.154474
-0.308125,0.201235,1.914402
-0.771499,-0.060184,1.914402
-0.163550,0.048339,1.938538
-0.756506,-0.110915,1.823925
-0.151432,0.001744,1.816249
-0.548505,0.147202,2.040332
-0.559060,0.079798,1.979586
-0.597600,-0.025085,2.015299
-0.476388,0.042655,1.909174
-0.481571,-0.428067,1.925439
-0.174259,-0.130089,1.615645
-0.443193,-0.796238,1.931394
-0.068795,-0.502232,1.756027
-0.447998,-0.831204,1.836853
-0.062163,-0.586786,1.751897
-0.715002,0.691999,2.063334
-0.662526,0.518817,2.063154
-0.802441,0.325578,2.141980
-0.509165,0.386871,1.964109
-0.797696,0.095585,2.143007
-0.305454,0.199289,1.919517
-0.766987,-0.052675,1.919517
-0.162167,0.041673,1.928073
-0.750870,-0.105194,1.816372
-0.149697,-0.009841,1.829712
-0.546691,0.148449,2.035481
-0.556867,0.081305,1.974727
-0.595819,-0.023118,2.008848
-0.473579,0.044059,1.906825
-0.480678,-0.428503,1.927462
-0.196170,-0.164873,1.640608
-0.441553,-0.793030,1.934940
-0.121844,-0.572726,1.796574
-0.448290,-0.828202,1.843065
-0.101611,-0.653274,1.793375
-0.700543,0.696650,2.057152
-0.653683,0.521562,2.058092
-0.796232,0.331356,2.132658
-0.500192,0.389471,1.964432
-0.795317,0.102282,2.132084
-0.302543,0.197148,1.924516
-0.762436,-0.045745,1.924516
-0.161070,0.034847,1.918492
-0.745114,-0.100026,1.809747
-0.148469,-0.021242,1.841788
-0.544602,0.149784,2.031094
-0.554402,0.082911,1.970331
-0.593953,-0.021004,2.002739
-0.470581,0.045419,1.905010
-0.480086,-0.429036,1.929852
-0.216075,-0.196640,1.663158
-0.440063,-0.789973,1.938933
-0.165811,-0.631471,1.830616
-0.448613,-0.825365,1.849425
-0.145641,-0.713743,1.823346
-0.681909,0.701523,2.049717
-0.639921,0.524988,2.051594
-0.788558,0.337838,2.123253
-0.487665,0.392122,1.963404
-0.790273,0.108340,2.120118
-0.298438,0.194577,1.927681
-0.757723,-0.040133,1.927681
-0.159290,0.027638,1.909789
-0.739132,-0.096630,1.804231
-0.146920,-0.032780,1.850068
-0.540136,0.151450,2.025950
-0.549793,0.084824,1.965163
-0.590402,-0.018337,1.995072
-0.466114,0.046562,1.902798
-0.479382,-0.429636,1.932146
-0.234321,-0.228998,1.687572
-0.438614,-0.787085,1.943298
-0.200786,-0.683863,1.861380
-0.449060,-0.822699,1.855956
-0.179158,-0.768364,1.852407
-0.662077,0.706050,2.042096
-0.624502,0.528234,2.044707
-0.778000,0.344911,2.112780
-0.473783,0.394636,1.961774
-0.784478,0.113897,2.108403
-0.293258,0.191418,1.929700
-0.752631,-0.035737,1.929700
-0.157462,0.020082,1.902071
-0.732715,-0.094292,1.799920
-0.145217,-0.044492,1.855715
-0.534565,0.153006,2.020501
-0.544136,0.086636,1.959669
-0.586052,-0.015587,1.986895
-0.460934,0.047413,1.900424
-0.478429,-0.430441,1.934160
-0.250020,-0.259727,1.710719
-0.437192,-0.784412,1.947845
-0.231028,-0.730425,1.889378
-0.449414,-0.820252,1.862371
-0.207867,-0.816781,1.878942
-0.640587,0.709860,2.033645
-0.604786,0.531147,2.035787
-0.763103,0.351707,2.099741
-0.456962,0.396836,1.958297
-0.775983,0.118222,2.095263
-0.286050,0.187663,1.929381
-0.746335,-0.033412,1.929381
-0.155029,0.012337,1.895133
-0.724789,-0.094916,1.797851
-0.143032,-0.056604,1.856788
-0.525919,0.154098,2.013247
-0.535554,0.087979,1.952355
-0.579178,-0.012948,1.976744
-0.453627,0.047647,1.896684
-0.477276,-0.431210,1.935711
-0.262131,-0.289384,1.732645
-0.435816,-0.781903,1.952343
-0.257772,-0.772963,1.914188
-0.449393,-0.819956,1.875310
-0.233410,-0.860744,1.901712
-0.617444,0.712967,2.024231
-0.584102,0.533737,2.026585
-0.746368,0.358374,2.086077
-0.438749,0.398720,1.953555
-0.765264,0.121268,2.081188
-0.277141,0.183580,1.926634
-0.739185,-0.032893,1.926634
-0.152299,0.004191,1.889028
-0.716067,-0.097581,1.797452
-0.140727,-0.069669,1.851400
-0.515594,0.154750,2.005172
-0.525390,0.088855,1.944182
-0.570644,-0.010555,1.965430
-0.445140,0.047367,1.892295
-0.476070,-0.431889,1.936868
-0.271727,-0.316053,1.752637
-0.434450,-0.779516,1.956608
-0.280877,-0.811306,1.936525
-0.449272,-0.819814,1.888032
-0.255584,-0.899944,1.921857
-0.593650,0.715376,2.014298
-0.561003,0.535826,2.015972
-0.726817,0.364131,2.070820
-0.417716,0.400114,1.946606
-0.752458,0.123091,2.066295
-0.266360,0.179424,1.920630
-0.730093,-0.035209,1.920630
-0.148808,-0.005225,1.883870
-0.706328,-0.102635,1.798878
-0.138503,-0.082859,1.838397
-0.502835,0.154907,1.995631
-0.513029,0.089228,1.934620
-0.560485,-0.008495,1.953184
-0.434229,0.046254,1.886085
-0.474809,-0.432587,1.937749
-0.278853,-0.340401,1.771110
-0.433154,-0.777297,1.960613
-0.300600,-0.845966,1.955866
-0.449118,-0.819871,1.900430
-0.274780,-0.934836,1.938282
-0.568572,0.716805,2.003023
-0.536010,0.537196,2.003911
-0.706454,0.369144,2.055399
-0.395359,0.400936,1.937835
-0.736535,0.123993,2.050310
-0.252034,0.174242,1.907808
-0.718228,-0.039176,1.907808
-0.145494,-0.014555,1.878983
-0.693043,-0.111152,1.800931
-0.136987,-0.095004,1.814752
-0.488175,0.154478,1.984965
-0.499115,0.088987,1.924105
-0.549057,-0.006910,1.940239
-0.422030,0.044443,1.878991
-0.473462,-0.433300,1.938373
-0.284385,-0.362181,1.787693
-0.431879,-0.775187,1.964211
-0.316742,-0.876702,1.972245
-0.449130,-0.818812,1.907379
-0.290905,-0.965259,1.951174
-0.544020,0.717605,1.991604
-0.511587,0.538062,1.991789
-0.686739,0.373461,2.040733
-0.373221,0.401383,1.928518
-0.719923,0.124096,2.034558
-0.237795,0.169467,1.893931
-0.705209,-0.043877,1.893931
-0.142576,-0.023266,1.874268
-0.679801,-0.119115,1.802761
-0.136222,-0.105698,1.787805
-0.473199,0.153835,1.974265
-0.485006,0.088513,1.913637
-0.537508,-0.005579,1.927555
-0.409409,0.042284,1.871663
-0.472031,-0.434056,1.938871
-0.288596,-0.381657,1.802549
-0.430670,-0.773228,1.967598
-0.329239,-0.903374,1.985633
-0.449135,-0.817831,1.913649
-0.303909,-0.991016,1.960517
-0.520110,0.717920,1.980147
-0.488001,0.538564,1.979835
-0.664197,0.377007,2.023841
-0.351138,0.401464,1.918763
-0.702296,0.124104,2.018830
-0.224008,0.165118,1.879768
-0.690475,-0.048840,1.879768
-0.140205,-0.031065,1.869052
-0.665823,-0.126378,1.803580
-0.136376,-0.114728,1.758899
-0.458294,0.152951,1.963716
-0.470728,0.087761,1.903228
-0.525801,-0.004477,1.915135
-0.396541,0.039823,1.864207
-0.470386,-0.434868,1.939284
-0.291690,-0.399055,1.815811
-0.429505,-0.771416,1.970828
-0.338040,-0.925834,1.996000
-0.449079,-0.816921,1.919315
-0.313507,-1.012040,1.966240
-0.497869,0.717911,1.969247
-0.465845,0.538789,1.968446
-0.643362,0.380025,2.008373
-0.330341,0.401328,1.909242
-0.685214,0.123896,2.004062
-0.210593,0.161300,1.865389
-0.675702,-0.053915,1.865389
-0.138304,-0.038030,1.863996
-0.652106,-0.133331,1.804292
-0.136927,-0.122443,1.730803
-0.443744,0.151931,1.953547
-0.456818,0.086847,1.893219
-0.514370,-0.003567,1.903311
-0.383883,0.037227,1.856882
-0.468521,-0.435710,1.939612
-0.293579,-0.414627,1.827657
-0.428386,-0.769762,1.973911
-0.343357,-0.944156,2.003466
-0.449015,-0.816089,1.924451
-0.320105,-1.028452,1.968710
-0.477257,0.717614,1.958884
-0.444977,0.538780,1.957535
-0.624239,0.382593,1.994273
-0.310891,0.401006,1.900038
-0.668649,0.123490,1.990087
-0.197851,0.157866,1.851363
-0.661062,-0.059032,1.851363
-0.136777,-0.044218,1.859018
-0.638490,-0.139923,1.804642
-0.137772,-0.129039,1.704206
-0.429738,0.150826,1.943850
-0.443482,0.085824,1.883714
-0.503429,-0.002843,1.892214
-0.371636,0.034564,1.849780
-0.466462,-0.436583,1.939859
-0.294145,-0.428471,1.838143
-0.427285,-0.768295,1.976878
-0.345387,-0.958459,2.008181
-0.448937,-0.815348,1.929112
-0.323873,-1.040453,1.968209
-0.458074,0.717033,1.948941
-0.425689,0.538624,1.947311
-0.606424,0.384768,1.981183
-0.292682,0.400541,1.891142
-0.652621,0.122910,1.976791
-0.185952,0.154826,1.838141
-0.646552,-0.064118,1.838141
-0.135590,-0.049811,1.853951
-0.625076,-0.146369,1.804571
-0.138769,-0.134734,1.679594
-0.416210,0.149661,1.934582
-0.430554,0.084714,1.874622
-0.492749,-0.002277,1.881701
-0.359615,0.031841,1.842807
-0.464168,-0.437465,1.940000
-0.293320,-0.440571,1.847266
-0.426246,-0.766963,1.979676
-0.344534,-0.968925,2.010348
-0.448855,-0.814666,1.933334
-0.325146,-1.048415,1.965092
-0.439785,0.716084,1.939091
-0.407023,0.538284,1.937135
-0.589664,0.386643,1.968913
-0.275317,0.399917,1.882288
-0.636188,0.121864,1.963006
-0.174654,0.151775,1.825554
-0.631656,-0.069546,1.825554
-0.134514,-0.055003,1.848032
-0.611517,-0.152658,1.803682
-0.139759,-0.140127,1.658162
-0.402691,0.148393,1.925377
-0.417654,0.083467,1.865623
-0.482010,-0.001916,1.871465
-0.347532,0.029005,1.835711
-0.461576,-0.438374,1.939947
-0.290864,-0.451068,1.854941
-0.425261,-0.765769,1.982300
-0.341260,-0.976096,2.010386
-0.448768,-0.814042,1.937157
-0.324297,-1.052803,1.959863
-0.422147,0.714666,1.929118
-0.389036,0.537643,1.926929
-0.573347,0.388016,1.956852
-0.258128,0.399053,1.873054
-0.619867,0.120581,1.949347
-0.163914,0.148784,1.813746
-0.616597,-0.074981,1.813746
-0.133028,-0.060292,1.841444
-0.597680,-0.158690,1.801721
-0.140144,-0.145760,1.640549
-0.388836,0.146925,1.915914
-0.404304,0.081989,1.856333
-0.470650,-0.001872,1.860962
-0.334794,0.025914,1.828129
-0.458558,-0.439351,1.939399
-0.286274,-0.459894,1.860939
-0.424351,-0.764677,1.984639
-0.335899,-0.980252,2.008499
-0.448648,-0.813436,1.940566
-0.321581,-1.054111,1.952850
-0.404865,0.712700,1.918584
-0.371678,0.536723,1.916644
-0.557542,0.389027,1.945134
-0.241239,0.397967,1.863596
-0.603421,0.118909,1.935420
-0.152621,0.144910,1.801734
-0.601155,-0.080623,1.801734
-0.130982,-0.065513,1.833903
-0.583868,-0.164464,1.798868
-0.139800,-0.151084,1.625720
-0.374871,0.145363,1.906239
-0.390769,0.080414,1.846811
-0.459057,-0.002057,1.850478
-0.321611,0.022724,1.819918
-0.455036,-0.440449,1.937814
-0.279597,-0.467139,1.865255
-0.423553,-0.763670,1.986638
-0.328900,-0.981846,2.005050
-0.448479,-0.812786,1.943452
-0.317299,-1.052534,1.944361
-0.386917,0.710130,1.906918
-0.353792,0.535341,1.905427
-0.540047,0.389173,1.931699
-0.223226,0.396662,1.853029
-0.586963,0.117461,1.921516
-0.140338,0.140396,1.789310
-0.584802,-0.085758,1.789310
-0.126796,-0.071474,1.825130
-0.569210,-0.169369,1.794207
-0.137181,-0.156786,1.612505
-0.359564,0.143611,1.895562
-0.375600,0.078639,1.836184
-0.445445,-0.002558,1.838763
-0.306838,0.019356,1.810583
-0.450110,-0.440466,1.930915
-0.270782,-0.472466,1.867536
-0.422972,-0.761921,1.987229
-0.320484,-0.980715,2.000295
-0.448423,-0.810522,1.942785
-0.311589,-1.048504,1.934885
-0.369596,0.707304,1.894944
-0.336749,0.533832,1.894362
-0.523760,0.389136,1.919081
-0.206030,0.395289,1.842581
-0.570389,0.115910,1.907707
-0.127584,0.135728,1.777087
-0.566401,-0.091967,1.777087
-0.121220,-0.077582,1.813515
-0.553441,-0.174969,1.786265
-0.132367,-0.162784,1.600502
-0.344460,0.141912,1.885019
-0.360588,0.076908,1.825696
-0.431827,-0.003116,1.827299
-0.292065,0.016095,1.801207
-0.444003,-0.439812,1.917406
-0.260775,-0.476174,1.868237
-0.422632,-0.758402,1.984067
-0.310584,-0.977313,1.994285
-0.448503,-0.805805,1.936225
-0.304525,-1.042437,1.924541
-0.353402,0.704449,1.883337
-0.320830,0.532264,1.883711
-0.508401,0.388924,1.907034
-0.189789,0.393902,1.832465
-0.554693,0.114395,1.894651
-0.115064,0.131284,1.765547
-0.549089,-0.097745,1.765547
-0.114867,-0.083435,1.802127
-0.538458,-0.179969,1.777602
-0.126602,-0.168253,1.589847
-0.329948,0.140269,1.874835
-0.346074,0.075225,1.815546
-0.418517,-0.003723,1.816263
-0.277671,0.012956,1.792000
-0.437583,-0.438816,1.901731
-0.250034,-0.478624,1.867716
-0.422433,-0.753341,1.977674
-0.300105,-0.972364,1.987590
-0.448546,-0.799169,1.925260
-0.296804,-1.034877,1.913823
-0.336788,0.700957,1.870229
-0.304881,0.530239,1.872153
-0.491357,0.388114,1.892453
-0.173261,0.392403,1.821778
-0.537788,0.112738,1.879667
-0.101843,0.127181,1.754022
-0.530195,-0.103143,1.754022
-0.105842,-0.089200,1.786263
-0.521400,-0.183981,1.762627
-0.116880,-0.173674,1.578731
-0.315188,0.138579,1.863886
-0.330905,0.073526,1.804466
-0.404341,-0.004346,1.804348
-0.262531,0.009830,1.781702
-0.427625,-0.436474,1.872972
-0.238662,-0.479907,1.865831
-0.422102,-0.751590,1.971854
-0.289285,-0.966089,1.980422
-0.448197,-0.796622,1.916939
-0.288226,-1.025847,1.902767
-0.321085,0.697419,1.857072
-0.289989,0.528141,1.860713
-0.475603,0.387168,1.878483
-0.157561,0.390883,1.811237
-0.521821,0.111262,1.864644
-0.088894,0.123425,1.742854
-0.511763,-0.108146,1.742854
-0.096228,-0.094609,1.769057
-0.504227,-0.187259,1.745012
-0.106632,-0.178591,1.568543
-0.300972,0.136915,1.852893
-0.316211,0.071864,1.793311
-0.390429,-0.005039,1.792279
-0.247763,0.006819,1.771264
-0.416126,-0.433523,1.838883
-0.227125,-0.480346,1.862842
-0.420895,-0.750836,1.960127
-0.278360,-0.958902,1.972967
-0.446663,-0.795167,1.902335
-0.279381,-1.015909,1.891714
-0.306572,0.693958,1.844292
-0.276292,0.526007,1.849573
-0.460872,0.386024,1.864651
-0.142944,0.389388,1.801083
-0.506996,0.109948,1.849958
-0.076584,0.120044,1.732259
-0.494478,-0.112681,1.732259
-0.086468,-0.099571,1.751554
-0.487847,-0.189899,1.726277
-0.096070,-0.182966,1.559021
-0.287670,0.135306,1.842158
-0.302320,0.070263,1.782366
-0.377155,-0.005770,1.780400
-0.233743,0.003983,1.760993
-0.404810,-0.430463,1.804306
-0.215655,-0.479972,1.858927
-0.419052,-0.750981,1.943745
-0.267508,-0.950944,1.965326
-0.444189,-0.794821,1.882918
-0.270375,-1.005316,1.880784
-0.292693,0.690297,1.830553
-0.263510,0.523783,1.838087
-0.446982,0.384712,1.850094
-0.129121,0.387833,1.790871
-0.492863,0.108773,1.834068
-0.064924,0.116950,1.721866
-0.477606,-0.116675,1.721866
-0.076676,-0.104232,1.731489
-0.471283,-0.191698,1.703934
-0.085616,-0.186934,1.549704
-0.275049,0.133749,1.831030
-0.288948,0.068735,1.770946
-0.364272,-0.006528,1.767912
-0.220143,0.001278,1.750235
-0.392074,-0.426868,1.765378
-0.204388,-0.478947,1.854048
-0.415806,-0.752335,1.917575
-0.256899,-0.942516,1.957664
-0.439817,-0.796125,1.852742
-0.261248,-0.994209,1.870045
-0.279712,0.686637,1.816229
-0.251736,0.521244,1.825416
-0.433943,0.383034,1.834250
-0.116178,0.386192,1.780239
-0.479768,0.107729,1.817096
-0.054015,0.113951,1.711333
-0.461818,-0.120262,1.711333
-0.067504,-0.108477,1.710254
-0.455681,-0.193200,1.680356
-0.075912,-0.190470,1.540740
-0.263092,0.132176,1.819027
-0.276090,0.067202,1.758632
-0.351723,-0.007361,1.754399
-0.207008,-0.001341,1.738702
-0.379524,-0.423598,1.726791
-0.193283,-0.477131,1.847771
-0.409304,-0.755484,1.875834
-0.246627,-0.933512,1.950027
-0.431318,-0.800268,1.805173
-0.252219,-0.982744,1.859664
-0.267618,0.682820,1.800340
-0.241129,0.518647,1.811874
-0.422145,0.381054,1.817208
-0.104217,0.384524,1.768817
-0.467861,0.106533,1.798154
-0.044092,0.111025,1.700529
-0.447778,-0.122767,1.700529
-0.059153,-0.112306,1.689283
-0.441532,-0.194618,1.656073
-0.067279,-0.193668,1.532087
-0.251910,0.130616,1.805974
-0.263938,0.065710,1.745254
-0.339813,-0.008281,1.739940
-0.194431,-0.003831,1.725880
-0.367091,-0.420594,1.688420
-0.182845,-0.474862,1.840538
-0.399853,-0.759169,1.826552
-0.236859,-0.924193,1.942277
-0.419393,-0.805190,1.749716
-0.243492,-0.971026,1.849409
-0.256902,0.678944,1.783947
-0.231732,0.516030,1.798153
-0.411782,0.379136,1.800585
-0.093414,0.382865,1.757375
-0.457350,0.105462,1.779583
-0.035117,0.108267,1.689987
-0.434765,-0.125999,1.689987
-0.051576,-0.115746,1.666354
-0.428862,-0.196578,1.632271
-0.059464,-0.196587,1.524023
-0.241713,0.129149,1.792801
-0.252803,0.064332,1.731815
-0.328876,-0.009203,1.725479
-0.182812,-0.006115,1.712924
-0.355675,-0.417924,1.652870
-0.173187,-0.472414,1.832768
-0.389386,-0.762978,1.776901
-0.227736,-0.914784,1.934538
-0.406467,-0.810238,1.694505
-0.235314,-0.959442,1.839469
-0.247614,0.674577,1.762967
-0.224390,0.512654,1.779414
-0.403058,0.376306,1.777817
-0.083978,0.380727,1.741737
-0.448714,0.104123,1.755446
-0.027555,0.105195,1.676369
-0.423919,-0.129362,1.676369
-0.044991,-0.119168,1.641053
-0.418825,-0.198497,1.605276
-0.052780,-0.199323,1.515127
-0.232787,0.126995,1.774671
-0.242656,0.062268,1.713464
-0.318765,-0.010964,1.705951
-0.172032,-0.008896,1.695217
-0.344565,-0.416481,1.614808
-0.164423,-0.470212,1.822773
-0.365153,-0.765143,1.709905
-0.219473,-0.905003,1.926474
-0.377039,-0.812376,1.620487
-0.227786,-0.947664,1.829463
-0.241086,0.669642,1.735952
-0.220441,0.508402,1.753852
-0.396530,0.372348,1.747413
-0.077458,0.377895,1.719725
-0.442443,0.102735,1.724407
-0.021888,0.102325,1.658207
-0.416085,-0.132931,1.658207
-0.039242,-0.122237,1.609241
-0.412042,-0.200863,1.572276
-0.046754,-0.201661,1.503863
-0.225634,0.123601,1.749540
-0.233844,0.058892,1.688135
-0.309528,-0.013933,1.678804
-0.162439,-0.012516,1.671386
-0.334718,-0.416412,1.573925
-0.156888,-0.466825,1.806731
-0.351120,-0.763716,1.655747
-0.211992,-0.894809,1.917792
-0.362073,-0.801604,1.570582
-0.220886,-0.935690,1.819124
-0.235440,0.666224,1.715082
-0.218985,0.504413,1.724207
-0.393031,0.367752,1.711176
-0.073554,0.374339,1.692171
-0.438980,0.101440,1.687728
-0.017905,0.099588,1.635826
-0.411242,-0.136172,1.635826
-0.034246,-0.125098,1.573495
-0.407847,-0.203211,1.536729
-0.041398,-0.203310,1.489933
-0.220568,0.119992,1.719556
-0.226957,0.055273,1.657919
-0.302210,-0.017234,1.646494
-0.154554,-0.016293,1.642776
-0.326446,-0.416889,1.535443
-0.150674,-0.462692,1.785420
-0.338575,-0.762225,1.603607
-0.204795,-0.883874,1.908323
-0.348576,-0.790483,1.523963
-0.214100,-0.923175,1.808278
-0.232268,0.663436,1.691625
-0.220730,0.501296,1.688505
-0.391520,0.363525,1.668458
-0.073431,0.371012,1.657659
-0.438813,0.100490,1.645268
-0.016251,0.098096,1.607454
-0.409815,-0.138897,1.607454
-0.030300,-0.126536,1.532524
-0.407013,-0.205156,1.496059
-0.036917,-0.203327,1.470515
-0.218204,0.116372,1.683379
-0.222612,0.051472,1.621602
-0.296918,-0.020351,1.608594
-0.149522,-0.019780,1.608164
-0.319695,-0.417441,1.496971
-0.145799,-0.456006,1.753950
-0.327354,-0.760561,1.558475
-0.198038,-0.870986,1.895916
-0.336660,-0.779260,1.481540
-0.207664,-0.909741,1.795551
-0.232478,0.661024,1.663515
-0.226507,0.498448,1.642705
-0.392796,0.358523,1.615713
-0.078636,0.368177,1.611165
-0.443701,0.100547,1.593428
-0.018104,0.098082,1.568336
-0.413514,-0.139052,1.568336
-0.027985,-0.125425,1.482852
-0.410093,-0.205629,1.447669
-0.033924,-0.200119,1.438194
-0.218850,0.112376,1.636966
-0.221197,0.047163,1.575084
-0.293915,-0.023722,1.560990
-0.147753,-0.023004,1.563333
-0.314993,-0.418474,1.456315
-0.140558,-0.455925,1.718136
-0.320870,-0.764456,1.509565
-0.187701,-0.858799,1.871766
-0.328791,-0.781859,1.430758
-0.197430,-0.896501,1.771081
-0.234621,0.658989,1.633411
-0.234075,0.496028,1.595129
-0.396064,0.353631,1.560665
-0.085445,0.365574,1.562181
-0.451394,0.100880,1.538562
-0.022957,0.098429,1.521859
-0.420370,-0.138462,1.521859
-0.027526,-0.122583,1.428537
-0.416029,-0.205605,1.394439
-0.032669,-0.196093,1.394125
-0.221961,0.108488,1.587021
-0.222334,0.043045,1.524789
-0.293752,-0.026999,1.508812
-0.148408,-0.026051,1.514773
-0.311392,-0.419454,1.419404
-0.137737,-0.449560,1.651897
-0.314973,-0.767866,1.468001
-0.174952,-0.846934,1.819952
-0.321598,-0.784273,1.387637
-0.184173,-0.885299,1.720403
-0.238045,0.657078,1.600829
-0.242112,0.493578,1.545504
-0.400858,0.349248,1.503725
-0.093994,0.362956,1.510256
-0.461247,0.101077,1.481735
-0.030639,0.099153,1.469205
-0.429233,-0.138204,1.469205
-0.030313,-0.117848,1.371161
-0.423336,-0.205431,1.338392
-0.034535,-0.190092,1.338316
-0.226938,0.104611,1.534700
-0.225657,0.038979,1.472090
-0.295852,-0.030056,1.454684
-0.151580,-0.029155,1.463398
-0.308796,-0.420291,1.385143
-0.134483,-0.450590,1.599129
-0.309754,-0.770836,1.431255
-0.160319,-0.838295,1.742870
-0.315203,-0.786529,1.349515
-0.168746,-0.876001,1.644374
-0.243088,0.654817,1.565684
-0.251197,0.490352,1.494334
-0.408018,0.345647,1.448819
-0.102521,0.360722,1.460490
-0.472203,0.102204,1.424749
-0.040309,0.099420,1.411860
-0.439625,-0.137779,1.411860
-0.036245,-0.112832,1.312780
-0.431575,-0.204988,1.282842
-0.040880,-0.182992,1.271794
-0.234039,0.101633,1.481396
-0.231354,0.036194,1.418456
-0.301426,-0.032322,1.398387
-0.156569,-0.031583,1.411514
-0.307251,-0.420618,1.352678
-0.132685,-0.452285,1.537196
-0.304851,-0.773181,1.398432
-0.146567,-0.830240,1.644027
-0.309161,-0.788313,1.315510
-0.153786,-0.867380,1.546923
-0.247933,0.651041,1.524351
-0.258221,0.484478,1.435810
-0.417389,0.341979,1.390114
-0.113033,0.359003,1.406056
-0.483967,0.103706,1.365234
-0.053275,0.101904,1.348950
-0.450636,-0.134722,1.348950
-0.048423,-0.104814,1.253104
-0.440726,-0.202401,1.224639
-0.054388,-0.172652,1.196771
-0.242666,0.099487,1.422526
-0.239381,0.034856,1.359617
-0.310146,-0.033373,1.337775
-0.164417,-0.032413,1.353763
-0.306258,-0.422635,1.324260
-0.131145,-0.452990,1.462296
-0.301694,-0.775800,1.366946
-0.130468,-0.819847,1.521096
-0.305016,-0.790244,1.282853
-0.136291,-0.856574,1.425541
