0.091281,0.501581,3.058945
0.105147,0.294258,3.079204
-0.086446,0.190860,3.112732
0.279332,0.184717,3.073153
-0.141504,-0.064838,3.089006
0.351165,-0.077962,3.059736
-0.128204,-0.189770,3.059736
0.353753,-0.268058,2.858768
-0.122292,-0.209372,2.771425
0.336331,-0.351696,2.830470
0.097551,-0.061489,3.068752
0.091138,-0.120129,3.010384
0.005331,-0.202010,3.003133
0.172097,-0.198020,2.984417
-0.008253,-0.698324,2.853377
0.156343,-0.729560,2.932249
0.022816,-1.044430,2.836361
0.146654,-1.079883,2.853563
0.012085,-1.087510,2.757191
0.147334,-1.127522,2.793909
0.094041,0.504007,3.040286
0.109477,0.296395,3.057175
-0.082349,0.192733,3.094671
0.283238,0.186650,3.049291
-0.135623,-0.060581,3.071226
0.358589,-0.073132,3.033994
-0.124935,-0.165254,3.033994
0.358334,-0.258795,2.825042
-0.120758,-0.177127,2.738775
0.340230,-0.340332,2.798899
0.101438,-0.059009,3.046248
0.094376,-0.117540,2.987999
0.008452,-0.199238,2.981668
0.175068,-0.195502,2.961259
-0.004566,-0.688060,2.816111
0.157968,-0.728146,2.923058
0.023038,-1.031808,2.766470
0.146438,-1.079044,2.848001
0.013414,-1.072302,2.680595
0.147024,-1.127508,2.790119
0.095813,0.506277,3.021853
0.112762,0.298488,3.034719
-0.078944,0.194082,3.075481
0.286112,0.188430,3.022646
-0.130155,-0.056980,3.054855
0.365844,-0.067829,3.006696
-0.122772,-0.142365,3.006696
0.361967,-0.248647,2.794779
-0.120302,-0.146326,2.709607
0.342012,-0.326785,2.766926
0.104833,-0.056611,3.023365
0.097083,-0.115067,2.965259
0.011144,-0.196728,2.960734
0.177577,-0.192950,2.936089
-0.001028,-0.677290,2.778791
0.159822,-0.726481,2.912742
0.023394,-1.021134,2.705046
0.146380,-1.078420,2.843027
0.014572,-1.059768,2.613841
0.147026,-1.128070,2.787310
0.096618,0.508302,3.003817
0.115491,0.300371,3.013630
-0.076019,0.195224,3.057461
0.288300,0.190075,2.997560
-0.125043,-0.053689,3.039351
0.372344,-0.062754,2.980696
-0.121201,-0.121643,2.980696
0.364761,-0.239267,2.768267
-0.120938,-0.116775,2.683325
0.342899,-0.313951,2.737312
0.107714,-0.054470,3.001269
0.099267,-0.112806,2.943170
0.013347,-0.194391,2.940042
0.179575,-0.190622,2.912196
0.002186,-0.667813,2.745897
0.161720,-0.724850,2.902883
0.023765,-1.011802,2.650135
0.146444,-1.077935,2.838643
0.015600,-1.048931,2.554533
0.147243,-1.128883,2.785221
0.096620,0.510132,2.986228
0.117566,0.302059,2.992984
-0.073637,0.196077,3.040179
0.289376,0.191602,2.972675
-0.120502,-0.050582,3.020864
0.378059,-0.057380,2.955273
-0.121515,-0.100886,2.955273
0.366053,-0.229601,2.740849
-0.122053,-0.089849,2.660077
0.342630,-0.301188,2.708942
0.110014,-0.052607,2.978976
0.100779,-0.110794,2.920802
0.015006,-0.192349,2.919377
0.180720,-0.188387,2.887466
0.005110,-0.659359,2.715732
0.163612,-0.723155,2.892900
0.024109,-1.003814,2.600863
0.146632,-1.077586,2.834812
0.016394,-1.039656,2.501559
0.147670,-1.129973,2.783891
0.095887,0.511779,2.969196
0.118949,0.303474,2.973113
-0.071829,0.196586,3.022923
0.289560,0.193017,2.948079
-0.117023,-0.048976,3.002160
0.383162,-0.051752,2.930581
-0.122766,-0.080212,2.930581
0.366555,-0.220552,2.715558
-0.123889,-0.064774,2.639387
0.341383,-0.289108,2.682332
0.111658,-0.051090,2.956971
0.101620,-0.109095,2.898599
0.016068,-0.190622,2.898680
0.181143,-0.186415,2.862947
0.007797,-0.651984,2.688547
0.165508,-0.721259,2.882238
0.024459,-0.996909,2.556262
0.146944,-1.077367,2.831526
0.017072,-1.031608,2.453756
0.148329,-1.131350,2.783414
0.093497,0.513121,2.951020
0.119045,0.304611,2.951976
-0.071172,0.196172,3.003047
0.287372,0.194497,2.919971
-0.114283,-0.047865,2.982987
0.387393,-0.046098,2.900802
-0.125490,-0.059890,2.900802
0.364422,-0.211960,2.692226
-0.128220,-0.037659,2.619133
0.338586,-0.277208,2.655102
0.111913,-0.050138,2.931817
0.100884,-0.107867,2.873056
0.015796,-0.189448,2.875040
0.179690,-0.184605,2.834163
0.010424,-0.645029,2.660395
0.167481,-0.717934,2.868724
0.024929,-0.991209,2.515450
0.147293,-1.077004,2.828544
0.017648,-1.025005,2.410306
0.148346,-1.131587,2.781533
0.089918,0.514276,2.933106
0.118274,0.305674,2.931612
-0.071000,0.195517,2.984133
0.284654,0.195850,2.893315
-0.112098,-0.047046,2.964598
0.390800,-0.040377,2.872557
-0.128536,-0.041426,2.872557
0.361996,-0.204064,2.671223
-0.132484,-0.013413,2.601473
0.332585,-0.267053,2.626316
0.111577,-0.049331,2.907444
0.099568,-0.106790,2.848143
0.015051,-0.188451,2.851716
0.177614,-0.182899,2.806015
0.012632,-0.638816,2.634603
0.169215,-0.714653,2.855136
0.025373,-0.986229,2.478827
0.147687,-1.076698,2.825905
0.018164,-1.019244,2.371341
0.148354,-1.131765,2.779797
0.085639,0.515316,2.916045
0.116540,0.306713,2.911113
-0.071683,0.194366,2.965360
0.280634,0.197001,2.866126
-0.111210,-0.050067,2.946394
0.392920,-0.034667,2.843428
-0.131256,-0.025340,2.843428
0.358588,-0.196929,2.653272
-0.137135,0.008776,2.585767
0.326796,-0.257697,2.600696
0.110604,-0.048679,2.883149
0.097572,-0.105924,2.823403
0.013722,-0.187735,2.828580
0.174883,-0.181364,2.778307
0.014152,-0.633009,2.609296
0.170666,-0.711313,2.840965
0.025824,-0.981831,2.445969
0.148034,-1.076404,2.823471
0.018667,-1.014139,2.336536
0.148304,-1.131835,2.778138
0.080148,0.516135,2.899261
0.114055,0.307711,2.891593
-0.073544,0.192330,2.945840
0.275309,0.198089,2.839277
-0.110237,-0.053273,2.926477
0.394308,-0.029168,2.815198
-0.134663,-0.010356,2.815198
0.354722,-0.190529,2.636731
-0.142048,0.029088,2.571804
0.320350,-0.249647,2.575782
0.108891,-0.048355,2.859063
0.094842,-0.105399,2.798606
0.011828,-0.187480,2.805162
0.171287,-0.179970,2.750270
0.015446,-0.628174,2.586251
0.171458,-0.707639,2.823398
0.026226,-0.978228,2.416091
0.148381,-1.076017,2.821207
0.019019,-1.010162,2.304972
0.148201,-1.131519,2.776380
0.074013,0.516820,2.882993
0.110909,0.308796,2.872776
-0.076459,0.189695,2.926523
0.269409,0.199148,2.813299
-0.110077,-0.057111,2.909167
0.394189,-0.023478,2.786496
-0.138090,0.003071,2.786496
0.350136,-0.184861,2.622090
-0.147301,0.047629,2.559495
0.314068,-0.242796,2.552639
0.106562,-0.047947,2.835322
0.091523,-0.104746,2.774164
0.009354,-0.187388,2.782119
0.167081,-0.178375,2.722136
0.016414,-0.623843,2.564477
0.171716,-0.703523,2.801934
0.026615,-0.975182,2.389199
0.148820,-1.075443,2.819012
0.019272,-1.007075,2.276820
0.148047,-1.130513,2.774159
0.066993,0.517563,2.867068
0.106995,0.309929,2.854695
-0.079968,0.186730,2.907603
0.262467,0.200547,2.787811
-0.110556,-0.061684,2.891115
0.393150,-0.018072,2.758982
-0.141864,0.015325,2.758982
0.345401,-0.179913,2.608899
-0.152882,0.064896,2.548654
0.307584,-0.236972,2.530641
0.103882,-0.047585,2.812227
0.087877,-0.104153,2.750323
0.006573,-0.187440,2.759130
0.162753,-0.176704,2.695298
0.017194,-0.620106,2.544327
0.171567,-0.697189,2.772968
0.027013,-0.972816,2.364960
0.149649,-1.073724,2.815623
0.019378,-1.005054,2.251833
0.147675,-1.127302,2.769265
0.058008,0.518587,2.849885
0.100834,0.311474,2.834575
-0.084233,0.184105,2.888890
0.254365,0.202365,2.762017
-0.113569,-0.066653,2.872491
0.390176,-0.012343,2.729621
-0.146223,0.026835,2.729621
0.339602,-0.175549,2.596894
-0.160187,0.083171,2.538592
0.300935,-0.231791,2.508627
0.100228,-0.046722,2.788867
0.083365,-0.103181,2.726558
0.003196,-0.187338,2.736637
0.157587,-0.174485,2.668827
0.017952,-0.616585,2.525127
0.170589,-0.684200,2.724323
0.027367,-0.971067,2.343671
0.151484,-1.066528,2.804177
0.019199,-1.003902,2.230450
0.146967,-1.116862,2.753576
0.048744,0.519640,2.833571
0.094658,0.313021,2.815982
-0.088999,0.181686,2.870717
0.246338,0.204243,2.738097
-0.118804,-0.068543,2.850021
0.386919,-0.007090,2.702635
-0.154812,0.040844,2.702635
0.333804,-0.171818,2.583708
-0.167280,0.099819,2.529879
0.294712,-0.226853,2.487017
0.096404,-0.045783,2.766956
0.078777,-0.102083,2.704192
-0.000327,-0.187133,2.715145
0.152428,-0.172148,2.644116
0.018430,-0.613466,2.507816
0.169421,-0.671096,2.674056
0.027829,-0.969977,2.324950
0.153394,-1.058120,2.788582
0.019077,-1.003642,2.212164
0.148782,-1.110911,2.743591
0.039324,0.520729,2.817882
0.088442,0.314608,2.798711
-0.094050,0.179713,2.853330
0.238660,0.206144,2.716237
-0.124433,-0.072469,2.829859
0.383452,-0.002091,2.677616
-0.161567,0.051990,2.677616
0.328115,-0.168341,2.573108
-0.174672,0.115945,2.522438
0.288718,-0.222251,2.466473
0.092384,-0.044669,2.746472
0.074106,-0.100758,2.683276
-0.004038,-0.186661,2.694727
0.147315,-0.169677,2.621337
0.018715,-0.610611,2.492285
0.167038,-0.651564,2.608253
0.028360,-0.969413,2.308672
0.156115,-1.042409,2.757923
0.018995,-1.004063,2.196720
0.148158,-1.090773,2.705983
0.029856,0.521887,2.802901
0.082171,0.316325,2.782722
-0.099484,0.178176,2.836550
0.231238,0.208106,2.696226
-0.130180,-0.075956,2.810830
0.379815,0.002702,2.654749
-0.168343,0.062339,2.654749
0.322848,-0.164995,2.563629
-0.182247,0.131489,2.516067
0.283443,-0.218094,2.447451
0.088263,-0.043388,2.727551
0.069464,-0.099261,2.663964
-0.007885,-0.185944,2.675535
0.142391,-0.167101,2.600613
0.018871,-0.607988,2.478340
0.164079,-0.628467,2.538570
0.028980,-0.969310,2.294753
0.156732,-1.022275,2.713933
0.018992,-1.005050,2.183963
0.144893,-1.065809,2.653731
0.020117,0.523357,2.787896
0.075376,0.318205,2.767599
-0.105570,0.176975,2.819959
0.223714,0.210318,2.677562
-0.136507,-0.078662,2.792677
0.375964,0.007735,2.633714
-0.175325,0.072312,2.633714
0.317709,-0.161786,2.555087
-0.189935,0.147002,2.510848
0.280391,-0.213627,2.428055
0.083852,-0.041807,2.709719
0.064679,-0.097426,2.645765
-0.012004,-0.184852,2.656948
0.137544,-0.164212,2.581503
0.018893,-0.605550,2.465738
0.159730,-0.595382,2.457913
0.029762,-0.969505,2.282989
0.158172,-0.980544,2.640982
0.019175,-1.006374,2.173548
0.145203,-1.024029,2.579416
0.010697,0.525009,2.773482
0.068566,0.320099,2.753611
-0.111836,0.176022,2.803878
0.216605,0.212463,2.660641
-0.146861,-0.079717,2.771814
0.372281,0.012394,2.614872
-0.182837,0.083320,2.614872
0.312790,-0.158589,2.546876
-0.197066,0.163578,2.506745
0.278117,-0.209571,2.410388
0.079407,-0.040137,2.693245
0.060001,-0.095493,2.628958
-0.016171,-0.183577,2.639342
0.132957,-0.161305,2.564172
0.018791,-0.603317,2.454292
0.155071,-0.561804,2.383047
0.030751,-0.969974,2.273177
0.157895,-0.926875,2.552124
0.019630,-1.007988,2.165238
0.144445,-0.972691,2.492110
0.001804,0.526628,2.760111
0.061690,0.322020,2.740672
-0.118091,0.175305,2.788652
0.209876,0.214539,2.645286
-0.156889,-0.080695,2.752789
0.368823,0.016737,2.598033
-0.189993,0.093236,2.598033
0.307879,-0.155508,2.539658
-0.204166,0.178446,2.503166
0.276828,-0.205638,2.394043
0.074870,-0.038387,2.678051
0.055340,-0.093486,2.613477
-0.020452,-0.182141,2.622879
0.128535,-0.158424,2.548466
0.018523,-0.601244,2.443838
0.149005,-0.515875,2.302781
0.031862,-0.970688,2.265429
0.156451,-0.864173,2.457997
0.020209,-1.009827,2.159197
0.142384,-0.911881,2.398899
-0.006797,0.528318,2.747478
0.054724,0.324033,2.728552
-0.124937,0.175250,2.773339
0.203435,0.216598,2.631281
-0.169466,-0.079970,2.731484
0.365446,0.020869,2.582851
-0.197361,0.103844,2.582851
0.304343,-0.151721,2.532854
-0.210823,0.192914,2.500369
0.274979,-0.201919,2.379226
0.069817,-0.036326,2.663625
0.050298,-0.091095,2.598754
-0.025436,-0.180169,2.606762
0.123944,-0.155268,2.533875
0.017288,-0.598939,2.433462
0.140268,-0.461419,2.224260
0.032984,-0.971119,2.259240
0.149176,-0.784429,2.340749
0.021018,-1.011200,2.155282
0.134494,-0.828517,2.277155
-0.015398,0.530065,2.734655
0.047415,0.326063,2.716925
-0.132031,0.175850,2.757870
0.197165,0.218708,2.618357
-0.181775,-0.078777,2.710256
0.361728,0.025170,2.568987
-0.205112,0.114667,2.568987
0.300450,-0.148129,2.526143
-0.217210,0.206571,2.497616
0.274488,-0.198672,2.365063
0.063870,-0.033667,2.649782
0.044443,-0.087935,2.584617
-0.031668,-0.177355,2.590961
0.118696,-0.151244,2.520125
0.014954,-0.596074,2.422942
0.126377,-0.382936,2.145355
0.033623,-0.971243,2.253786
0.132033,-0.682815,2.217525
0.021249,-1.012059,2.151606
0.114786,-0.720007,2.144882
-0.023390,0.531720,2.722845
0.040429,0.328036,2.706306
-0.139968,0.177458,2.741389
0.191131,0.220749,2.606610
-0.193376,-0.077443,2.690569
0.357983,0.029342,2.556584
-0.211002,0.123223,2.556584
0.297797,-0.144259,2.520356
-0.223055,0.219010,2.495172
0.273765,-0.195148,2.352010
0.056375,-0.031066,2.636564
0.036913,-0.084873,2.571024
-0.040019,-0.174115,2.575365
0.111148,-0.147776,2.507208
0.011878,-0.593117,2.412781
0.114262,-0.314324,2.080176
0.034100,-0.971333,2.249378
0.122220,-0.621613,2.137821
0.021465,-1.012766,2.148891
0.104011,-0.655741,2.060776
-0.030799,0.533252,2.711838
0.033826,0.329873,2.696629
-0.147277,0.179077,2.726378
0.185431,0.222704,2.595998
-0.205379,-0.072101,2.667478
0.354253,0.033306,2.545519
-0.218722,0.135412,2.545519
0.295489,-0.140610,2.514217
-0.228392,0.230255,2.492973
0.273265,-0.191877,2.340175
0.048803,-0.028493,2.624427
0.029365,-0.081819,2.558569
-0.048501,-0.170745,2.560990
0.103580,-0.144285,2.495461
0.008117,-0.590300,2.402691
0.101949,-0.247161,2.025013
0.034353,-0.971504,2.246044
0.112350,-0.558968,2.062747
0.021392,-1.013250,2.147189
0.093336,-0.590383,1.981882
-0.037577,0.534593,2.701653
0.027553,0.331518,2.687705
-0.153945,0.180663,2.712697
0.179837,0.224548,2.586256
-0.216568,-0.066648,2.646359
0.350439,0.037142,2.535662
-0.225595,0.146711,2.535662
0.293587,-0.137275,2.508378
-0.233210,0.240535,2.491076
0.272820,-0.188701,2.329742
0.041269,-0.026147,2.613150
0.021865,-0.078978,2.547010
-0.056855,-0.167381,2.547468
0.096066,-0.141012,2.484835
0.002646,-0.586152,2.391188
0.090126,-0.179507,1.978665
0.032744,-0.967731,2.245655
0.101433,-0.498110,1.995835
0.019047,-1.008789,2.149132
0.081643,-0.527300,1.911807
-0.043709,0.535651,2.692261
0.021741,0.333013,2.679577
-0.159996,0.182159,2.700256
0.174663,0.226229,2.577478
-0.226768,-0.061353,2.627154
0.346633,0.040694,2.526918
-0.231334,0.157005,2.526918
0.291631,-0.134739,2.503621
-0.237594,0.249804,2.489390
0.272530,-0.185965,2.319964
0.033994,-0.023939,2.602942
0.014622,-0.076292,2.536548
-0.064972,-0.164093,2.535190
0.088748,-0.137950,2.475317
-0.002680,-0.582063,2.380524
0.081700,-0.131619,1.939095
0.030762,-0.963425,2.246387
0.089785,-0.442497,1.934246
0.016312,-1.003666,2.152139
0.069356,-0.469898,1.847541
-0.049162,0.536379,2.683540
0.016491,0.334186,2.672107
-0.165699,0.183721,2.688604
0.170060,0.227660,2.569554
-0.236274,-0.056052,2.609418
0.342964,0.043550,2.518903
-0.236645,0.167299,2.518903
0.289833,-0.132498,2.499217
-0.241503,0.258235,2.487946
0.272188,-0.183725,2.311343
0.026898,-0.021894,2.593721
0.007533,-0.073695,2.527146
-0.073525,-0.160825,2.524196
0.081695,-0.135092,2.466849
-0.006873,-0.578558,2.371654
0.070819,-0.080550,1.907503
0.028511,-0.958755,2.248074
0.077625,-0.391544,1.879938
0.013444,-0.998135,2.155927
0.056822,-0.417544,1.790955
-0.054034,0.536893,2.675417
0.011730,0.335170,2.665299
-0.170657,0.185080,2.678291
0.165928,0.228925,2.562423
-0.244878,-0.050916,2.593359
0.339180,0.045931,2.511687
-0.241354,0.176786,2.511687
0.288214,-0.130505,2.495285
-0.244986,0.265820,2.486646
0.272249,-0.182388,2.303573
0.020142,-0.019944,2.585539
0.000677,-0.071178,2.518864
-0.081797,-0.157619,2.514461
0.074667,-0.132303,2.459689
-0.010581,-0.575360,2.363803
0.062231,-0.039511,1.878660
0.026126,-0.953854,2.250559
0.066388,-0.346479,1.832669
0.011419,-0.994284,2.158039
0.045266,-0.371320,1.741699
-0.058383,0.537278,2.667977
0.007392,0.336047,2.659110
-0.174754,0.186026,2.669353
0.162313,0.230142,2.556087
-0.252615,-0.046122,2.578881
0.334500,0.047159,2.505213
-0.245526,0.185519,2.505213
0.287033,-0.129204,2.491803
-0.248095,0.272723,2.485535
0.272923,-0.182381,2.296465
0.013572,-0.016924,2.578620
-0.006251,-0.066917,2.512136
-0.089617,-0.153124,2.506281
0.067130,-0.127246,2.454560
-0.013961,-0.572415,2.356824
0.053398,0.001040,1.856625
0.023147,-0.947561,2.254122
0.054813,-0.302671,1.792092
0.009047,-0.989663,2.160756
0.033377,-0.326565,1.699386
-0.062129,0.537801,2.660763
0.002905,0.337221,2.652418
-0.178426,0.186848,2.661371
0.159352,0.231005,2.550524
-0.259657,-0.041495,2.565776
0.330170,0.048012,2.499331
-0.248971,0.193068,2.499331
0.286135,-0.129077,2.488634
-0.250810,0.278958,2.484501
0.273884,-0.184513,2.291180
0.007914,-0.015345,2.571748
-0.011676,-0.065003,2.505331
-0.095794,-0.151107,2.498693
0.061796,-0.125209,2.448626
-0.016532,-0.570236,2.350626
0.047224,0.031914,1.833814
0.022352,-0.945541,2.256152
0.047162,-0.268701,1.754086
0.008311,-0.988083,2.163975
0.025471,-0.291552,1.659747
-0.065110,0.537914,2.653786
-0.000845,0.338070,2.646717
-0.181744,0.187590,2.654156
0.156779,0.231880,2.545656
-0.266007,-0.037171,2.554024
0.324042,0.048332,2.494245
-0.252010,0.199961,2.494245
0.285151,-0.129822,2.485815
-0.253134,0.284576,2.483625
0.274586,-0.187145,2.287098
0.002912,-0.014013,2.565628
-0.016577,-0.063332,2.499240
-0.101434,-0.149401,2.491924
0.056910,-0.123445,2.443308
-0.018802,-0.568281,2.345068
0.040466,0.057806,1.816272
0.021079,-0.944154,2.259084
0.038709,-0.239028,1.720707
0.006847,-0.987055,2.168246
0.016770,-0.261078,1.625015
-0.067406,0.537482,2.647092
-0.004116,0.338539,2.641813
-0.184748,0.188295,2.647582
0.154421,0.232706,2.541343
-0.271701,-0.033191,2.543537
0.318201,0.048505,2.489918
-0.254690,0.206231,2.489918
0.284193,-0.132604,2.483320
-0.255095,0.289629,2.482909
0.275347,-0.191003,2.284139
-0.001748,-0.013009,2.560256
-0.021150,-0.061950,2.493871
-0.106797,-0.148108,2.486089
0.052325,-0.121982,2.438583
-0.020836,-0.566504,2.340043
0.034165,0.078970,1.803158
0.019812,-0.943200,2.262308
0.030311,-0.213610,1.691887
0.005328,-0.986399,2.172790
0.008154,-0.235116,1.595162
-0.069198,0.536818,2.640779
-0.007053,0.338850,2.637367
-0.187463,0.188937,2.641617
0.152298,0.233393,2.537557
-0.276851,-0.029491,2.534140
0.313156,0.046991,2.486222
-0.256986,0.211932,2.486222
0.283571,-0.135969,2.481085
-0.256708,0.294140,2.482344
0.276008,-0.193778,2.281335
-0.005965,-0.012259,2.555510
-0.025309,-0.060868,2.489135
-0.111693,-0.147171,2.481040
0.048102,-0.120815,2.434418
-0.022662,-0.564930,2.335492
0.028302,0.095284,1.794441
0.019165,-0.942613,2.265661
0.021891,-0.192764,1.667900
0.004502,-0.986101,2.177487
-0.000434,-0.214012,1.570503
-0.070535,0.535981,2.634885
-0.009674,0.338985,2.633351
-0.189893,0.189511,2.636197
0.150315,0.233656,2.534193
-0.281546,-0.026047,2.525689
0.308387,0.045038,2.483142
-0.258897,0.217104,2.483142
0.283123,-0.139952,2.479097
-0.257963,0.298120,2.481895
0.276705,-0.196914,2.279203
-0.009777,-0.011690,2.551304
-0.029069,-0.059998,2.484946
-0.115894,-0.146178,2.476398
0.044242,-0.119946,2.430826
-0.024300,-0.563523,2.331417
0.022811,0.105978,1.790220
0.018707,-0.942271,2.269154
0.013342,-0.177403,1.649139
0.003894,-0.986060,2.182229
-0.009103,-0.198723,1.551459
-0.071452,0.535016,2.629404
-0.012001,0.338968,2.629741
-0.192035,0.190019,2.631276
0.148587,0.233716,2.531353
-0.285804,-0.022862,2.518095
0.303898,0.042764,2.480777
-0.260475,0.221774,2.480777
0.284264,-0.144626,2.477318
-0.258914,0.301607,2.481519
0.278243,-0.200439,2.278256
-0.013092,-0.011236,2.547492
-0.032288,-0.059241,2.481117
-0.119530,-0.145256,2.472074
0.041004,-0.119204,2.427603
-0.025623,-0.562373,2.327881
0.019977,0.103603,1.799072
0.018472,-0.942269,2.272530
0.006243,-0.165969,1.634694
0.003476,-0.986441,2.187120
-0.016190,-0.187607,1.537048
-0.071987,0.533938,2.624316
-0.014036,0.338807,2.626522
-0.193894,0.190474,2.626844
0.147115,0.233573,2.529024
-0.289645,-0.019816,2.511262
0.299706,0.040076,2.479226
-0.261670,0.226036,2.479226
0.285487,-0.149264,2.475732
-0.259568,0.304606,2.481197
0.279790,-0.203963,2.277728
-0.014853,-0.010678,2.544576
-0.033416,-0.058345,2.478373
-0.120853,-0.144598,2.468799
0.041160,-0.117656,2.426116
-0.026880,-0.561392,2.324786
0.021614,0.098501,1.809797
0.018420,-0.942475,2.275981
0.001419,-0.157669,1.623734
0.003493,-0.986994,2.192065
-0.020842,-0.179813,1.526379
-0.072188,0.532818,2.619650
-0.015806,0.338517,2.623663
-0.195458,0.190918,2.622848
0.145880,0.233266,2.527173
-0.293007,-0.016925,2.505165
0.295931,0.036949,2.478322
-0.262481,0.229897,2.478322
0.286918,-0.154105,2.474260
-0.259929,0.307146,2.480922
0.281425,-0.207625,2.277642
-0.017051,-0.010378,2.541656
-0.035440,-0.057784,2.475449
-0.123207,-0.143873,2.465384
0.039503,-0.117077,2.424003
-0.027857,-0.560604,2.322315
0.029063,0.084651,1.826401
0.018577,-0.942891,2.279620
0.003932,-0.156658,1.617057
0.003649,-0.987790,2.196963
-0.019370,-0.178799,1.523051
-0.072023,0.531709,2.615347
-0.017299,0.338124,2.621140
-0.196718,0.191430,2.619240
0.144933,0.232831,2.525827
-0.295861,-0.014042,2.499858
0.292430,0.034270,2.478219
-0.262649,0.233679,2.478219
0.288440,-0.158240,2.472818
-0.259960,0.309273,2.480635
0.283084,-0.210895,2.278214
-0.018946,-0.010195,2.539127
-0.037134,-0.057358,2.472915
-0.125189,-0.143254,2.462377
0.038188,-0.116690,2.422281
-0.028625,-0.559978,2.320360
0.038481,0.061341,1.842315
0.018940,-0.943467,2.283395
0.017506,-0.177883,1.622364
0.004083,-0.988721,2.201882
-0.004137,-0.202050,1.530167
-0.071499,0.530616,2.611380
-0.018554,0.337639,2.618936
-0.197701,0.191974,2.615968
0.144242,0.232302,2.524918
-0.298241,-0.011245,2.495221
0.289215,0.031548,2.478680
-0.262409,0.237181,2.478680
0.290088,-0.162162,2.471506
-0.259598,0.311016,2.480294
0.285740,-0.215479,2.279692
-0.020334,-0.009893,2.536997
-0.037925,-0.056642,2.470897
-0.126531,-0.142629,2.459779
0.038795,-0.115355,2.421392
-0.029196,-0.559412,2.318932
0.047864,0.043101,1.860417
0.019534,-0.944082,2.287290
0.037975,-0.204326,1.649909
0.004826,-0.989668,2.206758
0.018469,-0.230420,1.559917
-0.070595,0.529583,2.607684
-0.019553,0.337164,2.617021
-0.198412,0.192540,2.612974
0.143787,0.231758,2.524388
-0.300181,-0.008553,2.491137
0.286344,0.028850,2.479631
-0.261597,0.240012,2.479631
0.291827,-0.165783,2.470193
-0.258902,0.312445,2.479889
0.288455,-0.219934,2.281502
-0.020470,-0.009500,2.535764
-0.036952,-0.055874,2.469961
-0.124919,-0.142208,2.458591
0.041519,-0.113757,2.421929
-0.029570,-0.559018,2.317947
0.057809,0.023497,1.880464
0.020324,-0.944858,2.291273
0.066468,-0.249898,1.701906
0.005869,-0.990700,2.211667
0.058165,-0.281890,1.617496
-0.069416,0.528664,2.604271
-0.020368,0.336716,2.615331
-0.198828,0.193184,2.610187
0.143505,0.231223,2.524140
-0.301653,-0.005907,2.487622
0.283802,0.026285,2.480974
-0.260465,0.242548,2.480974
0.293599,-0.169075,2.468955
-0.257924,0.313601,2.479469
0.291149,-0.224114,2.283550
-0.020196,-0.009134,2.534928
-0.035456,-0.055164,2.469440
-0.122784,-0.141854,2.457762
0.044784,-0.112211,2.422892
-0.029517,-0.558765,2.317511
0.068281,0.002877,1.900259
0.021253,-0.945752,2.295262
0.097083,-0.295810,1.767948
0.007098,-0.991848,2.216524
0.098055,-0.334462,1.687079
-0.068009,0.527884,2.601149
-0.021007,0.336330,2.613862
-0.198963,0.193913,2.607585
0.143441,0.230773,2.524172
-0.302714,-0.003289,2.484634
0.281597,0.023854,2.482685
-0.259015,0.244810,2.482685
0.295334,-0.171954,2.467754
-0.256601,0.314473,2.478945
0.293667,-0.227810,2.285501
-0.019537,-0.008774,2.534447
-0.033492,-0.054491,2.469288
-0.120134,-0.141547,2.457286
0.048510,-0.110694,2.424218
-0.028881,-0.558652,2.317763
0.080857,-0.025233,1.922340
0.022314,-0.946746,2.299290
0.128823,-0.341673,1.844848
0.008459,-0.993087,2.221250
0.138483,-0.389711,1.769988
-0.065317,0.528131,2.597395
-0.021274,0.336304,2.612378
-0.196564,0.195437,2.604313
0.143792,0.230838,2.524140
-0.301505,-0.000012,2.482190
0.279852,0.021853,2.484201
-0.254601,0.245975,2.484201
0.296933,-0.174280,2.462926
-0.251963,0.311651,2.474374
0.295818,-0.230845,2.287005
-0.018014,-0.008449,2.534051
-0.030423,-0.054160,2.469181
-0.115529,-0.141293,2.456855
0.052646,-0.109634,2.425664
-0.027070,-0.558985,2.320017
0.110159,-0.130754,1.991568
0.024045,-0.948077,2.303931
0.179018,-0.501608,2.006912
0.010546,-0.994702,2.226352
0.192697,-0.573145,1.957860
-0.062192,0.528643,2.593672
-0.021133,0.336431,2.610917
-0.193938,0.197628,2.601789
0.144362,0.230996,2.524236
-0.298408,0.003904,2.480389
0.278482,0.019907,2.485718
-0.249020,0.245966,2.485718
0.298378,-0.176547,2.455305
-0.245913,0.305951,2.467484
0.297764,-0.233616,2.288469
-0.015914,-0.008086,2.533890
-0.026912,-0.053895,2.469298
-0.110367,-0.141024,2.456697
0.057052,-0.108712,2.427300
-0.024939,-0.559480,2.322840
0.135280,-0.222932,2.052430
0.026017,-0.949527,2.308765
0.213305,-0.614279,2.119369
0.012766,-0.996345,2.231495
0.226995,-0.688164,2.075054
-0.058630,0.529355,2.589857
-0.020452,0.336728,2.609496
-0.191237,0.199980,2.599657
0.145274,0.231245,2.524425
-0.294644,0.007535,2.478885
0.277446,0.017981,2.487247
-0.241530,0.243092,2.487247
0.299775,-0.178638,2.444370
-0.238193,0.295598,2.457447
0.299697,-0.236349,2.290147
-0.013300,-0.007663,2.533934
-0.023025,-0.053650,2.469609
-0.104874,-0.140749,2.456770
0.061691,-0.107938,2.429066
-0.022569,-0.560121,2.326097
0.157162,-0.306783,2.109781
0.028095,-0.951054,2.313553
0.239896,-0.708380,2.210600
0.015015,-0.997974,2.236470
0.247050,-0.788374,2.181456
-0.054613,0.530251,2.585968
-0.019449,0.337083,2.608106
-0.188428,0.202404,2.597856
0.146428,0.231545,2.524665
-0.290201,0.010622,2.477299
0.276728,0.016030,2.488757
-0.232556,0.238254,2.488757
0.301151,-0.180690,2.431381
-0.229651,0.282251,2.445955
0.301679,-0.239195,2.292316
-0.010318,-0.007236,2.534118
-0.018893,-0.053456,2.470052
-0.099200,-0.140499,2.457014
0.066494,-0.107366,2.430871
-0.020037,-0.560916,2.329685
0.175576,-0.378574,2.160285
0.030267,-0.952657,2.318300
0.261250,-0.783332,2.283287
0.017291,-0.999595,2.241295
0.264108,-0.868610,2.266246
-0.049551,0.531386,2.581481
-0.017737,0.337516,2.606366
-0.185495,0.204849,2.596355
0.148106,0.231941,2.524912
-0.285501,0.011915,2.474714
0.276303,0.014078,2.490244
-0.216762,0.223095,2.490244
0.302652,-0.182864,2.410539
-0.218885,0.257353,2.430005
0.303713,-0.242601,2.295271
-0.006808,-0.006740,2.534312
-0.014419,-0.053268,2.470516
-0.093374,-0.140244,2.457373
0.071554,-0.107005,2.432591
-0.017386,-0.561914,2.333529
0.191636,-0.444424,2.211307
0.032504,-0.954356,2.322951
0.278759,-0.845684,2.343913
0.019537,-1.001179,2.245914
0.278088,-0.934969,2.336332
-0.044161,0.532631,2.576930
-0.015501,0.338018,2.604450
-0.182470,0.207285,2.595098
0.150310,0.232418,2.525136
-0.282073,0.013237,2.472631
0.276136,0.012157,2.491704
-0.200789,0.202231,2.491704
0.304185,-0.185047,2.386852
-0.207903,0.227560,2.413808
0.305729,-0.246084,2.298509
-0.002898,-0.006213,2.534500
-0.009708,-0.053095,2.470981
-0.087490,-0.139998,2.457803
0.076745,-0.106815,2.434215
-0.014587,-0.563117,2.337603
0.204974,-0.500143,2.255167
0.034796,-0.956154,2.327529
0.294291,-0.900471,2.396229
0.021757,-1.002731,2.250356
0.292825,-0.991306,2.393683
-0.038662,0.533941,2.572465
-0.012789,0.338608,2.602438
-0.179372,0.209701,2.594062
0.152906,0.232961,2.525348
-0.278656,0.014254,2.470812
0.276241,0.010271,2.493144
-0.185481,0.175595,2.493144
0.305721,-0.187196,2.362767
-0.196468,0.193651,2.396792
0.307688,-0.249680,2.302005
0.001289,-0.005662,2.534697
-0.004875,-0.052929,2.471446
-0.081646,-0.139756,2.458296
0.081940,-0.106752,2.435716
-0.011679,-0.564450,2.341822
0.216161,-0.548100,2.293612
0.037101,-0.958001,2.331983
0.307263,-0.948092,2.443003
0.023932,-1.004234,2.254594
0.303947,-1.042047,2.446447
-0.032912,0.535312,2.567948
-0.009701,0.339232,2.600323
-0.176212,0.212093,2.593214
0.155929,0.233522,2.525479
-0.269147,0.016571,2.477524
0.276656,0.008367,2.494543
-0.174600,0.149360,2.494543
0.307274,-0.189363,2.352378
-0.185232,0.153092,2.379220
0.309656,-0.253328,2.305749
0.005675,-0.005112,2.534883
0.000013,-0.052788,2.471899
-0.075903,-0.139531,2.458826
0.087106,-0.106820,2.437102
-0.008714,-0.565867,2.346133
0.225800,-0.589667,2.327130
0.039370,-0.959860,2.336271
0.317855,-0.990466,2.484333
0.026027,-1.005687,2.258612
0.310748,-1.083919,2.487463
-0.026865,0.536725,2.563339
-0.006075,0.339952,2.598039
-0.172978,0.214452,2.592510
0.159388,0.234123,2.525521
-0.259287,0.018779,2.484971
0.277365,0.006512,2.495880
-0.164062,0.117859,2.495880
0.308810,-0.191484,2.345155
-0.174872,0.111550,2.363636
0.311603,-0.256971,2.309668
0.010294,-0.004530,2.535032
0.004980,-0.052640,2.472315
-0.070263,-0.139304,2.459369
0.092251,-0.106987,2.438355
-0.005754,-0.567321,2.350452
0.234325,-0.626206,2.356662
0.041710,-0.961702,2.340464
0.327362,-1.029513,2.521362
0.028154,-1.007084,2.262488
0.317441,-1.123364,2.524817
-0.019708,0.538349,2.558345
-0.001401,0.340788,2.595232
-0.169202,0.216872,2.591759
0.163621,0.234753,2.525364
-0.249094,0.020436,2.492434
0.278450,0.004673,2.497135
-0.153481,0.079354,2.497135
0.310385,-0.193649,2.340845
-0.164215,0.059915,2.350045
0.313474,-0.260542,2.313602
0.015241,-0.003924,2.535076
0.010109,-0.052507,2.472647
-0.064678,-0.139074,2.459899
0.097434,-0.107282,2.439455
-0.002793,-0.568838,2.354748
0.241813,-0.658727,2.383167
0.043988,-0.963498,2.344465
0.334730,-1.064333,2.553401
0.030215,-1.008420,2.266150
0.321499,-1.157108,2.554762
-0.012185,0.539983,2.553266
0.003934,0.341682,2.592101
-0.165138,0.219264,2.590998
0.168472,0.235360,2.525020
-0.238920,0.021477,2.499799
0.279969,0.002827,2.498377
-0.144178,0.042420,2.498377
0.311955,-0.195784,2.338806
-0.154914,0.011597,2.339447
0.315269,-0.264039,2.317478
0.020445,-0.003312,2.535002
0.015356,-0.052391,2.472879
-0.059168,-0.138845,2.460385
0.102638,-0.107690,2.440394
0.000108,-0.570355,2.358941
0.248206,-0.687431,2.407108
0.046122,-0.965235,2.348247
0.339728,-1.094720,2.580170
0.032134,-1.009690,2.269577
0.322864,-1.184861,2.577157
