-0.065344,0.609667,2.603254
-0.039195,0.433938,2.629690
-0.209722,0.309581,2.621834
0.094055,0.303967,2.591630
-0.252428,0.049276,2.592272
0.135061,0.043441,2.560587
-0.291669,-0.169584,2.560587
0.144744,-0.172345,2.507457
-0.309147,-0.249325,2.484320
0.141672,-0.245955,2.401391
-0.051661,0.072081,2.615734
-0.060885,0.007006,2.567786
-0.133372,-0.060702,2.557610
0.004729,-0.059948,2.554197
-0.096012,-0.531848,2.555476
-0.011548,-0.496249,2.409801
-0.057351,-0.857971,2.430508
0.025695,-0.857415,2.516306
-0.065864,-0.901831,2.338105
0.022447,-0.899745,2.441839
-0.070122,0.610371,2.580342
-0.044588,0.434925,2.607129
-0.215002,0.310282,2.597124
0.088532,0.304177,2.569314
-0.259382,0.051248,2.561175
0.128927,0.044770,2.536252
-0.301318,-0.164627,2.536252
0.135675,-0.166452,2.467862
-0.319157,-0.243943,2.436994
0.131472,-0.238646,2.361937
-0.057810,0.072578,2.592396
-0.067054,0.007716,2.543183
-0.139710,-0.059825,2.531724
-0.001538,-0.059035,2.530179
-0.100928,-0.532803,2.541914
-0.017284,-0.489702,2.369911
-0.059074,-0.857187,2.422658
0.014204,-0.845308,2.426877
-0.066493,-0.900399,2.329443
0.011824,-0.885896,2.350430
-0.074887,0.610865,2.557937
-0.049982,0.435771,2.585115
-0.220149,0.310848,2.573043
0.083094,0.304348,2.547551
-0.265944,0.053129,2.531207
0.122988,0.046312,2.513166
-0.309957,-0.159348,2.513166
0.126513,-0.159111,2.428685
-0.327600,-0.238300,2.390862
0.120963,-0.229855,2.323049
-0.063782,0.072986,2.569932
-0.072979,0.008325,2.519590
-0.145779,-0.059059,2.506764
-0.007486,-0.058235,2.507446
-0.105735,-0.533542,2.529102
-0.022361,-0.483621,2.334342
-0.061181,-0.856248,2.416143
0.002960,-0.830716,2.342737
-0.067367,-0.898914,2.322020
0.001295,-0.869670,2.264708
-0.079879,0.610916,2.533236
-0.055906,0.436040,2.560209
-0.225835,0.310895,2.546477
0.077394,0.304250,2.523343
-0.272300,0.055358,2.498443
0.116752,0.048658,2.488082
-0.317222,-0.151751,2.488082
0.115732,-0.147038,2.382722
-0.333797,-0.229080,2.335821
0.107083,-0.212528,2.273781
-0.070466,0.073246,2.544860
-0.079610,0.008891,2.493397
-0.152566,-0.058445,2.479675
-0.014205,-0.057510,2.481670
-0.110956,-0.533904,2.515533
-0.026953,-0.478129,2.301743
-0.063497,-0.854848,2.410516
-0.005574,-0.824301,2.273420
-0.069085,-0.898010,2.317308
-0.006666,-0.862911,2.193426
-0.084497,0.610958,2.510545
-0.061429,0.436229,2.537057
-0.231105,0.310890,2.521889
0.072011,0.304104,2.500538
-0.277915,0.057428,2.467575
0.110929,0.051016,2.464444
-0.322656,-0.141512,2.464444
0.105391,-0.133867,2.334921
-0.337268,-0.216297,2.278682
0.089977,-0.188942,2.225260
-0.076730,0.073467,2.521317
-0.085843,0.009444,2.468773
-0.158925,-0.057854,2.454323
-0.020555,-0.056775,2.457231
-0.116206,-0.533999,2.501858
-0.031095,-0.473012,2.272006
-0.066091,-0.853130,2.406013
-0.013032,-0.818903,2.212202
-0.071079,-0.897226,2.313988
-0.013656,-0.857309,2.130564
-0.089144,0.610648,2.487192
-0.066629,0.436209,2.514160
-0.236166,0.310807,2.497998
0.066480,0.303699,2.476848
-0.282803,0.059179,2.437091
0.105844,0.053525,2.440226
-0.325190,-0.129626,2.440226
0.093036,-0.116314,2.284401
-0.336861,-0.201258,2.218992
0.072118,-0.161854,2.178881
-0.082757,0.073502,2.497784
-0.091964,0.009845,2.444183
-0.165100,-0.057389,2.429364
-0.026935,-0.056177,2.432452
-0.121702,-0.533512,2.486970
-0.034887,-0.468211,2.243843
-0.068991,-0.850798,2.402359
-0.019660,-0.814596,2.157997
-0.073277,-0.896392,2.311727
-0.020004,-0.852923,2.075031
-0.093908,0.610252,2.462385
-0.071945,0.436104,2.488797
-0.241309,0.310628,2.470533
0.060649,0.303220,2.450005
-0.286809,0.062662,2.402309
0.100646,0.056926,2.409248
-0.325009,-0.109747,2.409248
0.073417,-0.089773,2.225873
-0.327086,-0.172010,2.147024
0.042982,-0.120985,2.121108
-0.088579,0.073720,2.470385
-0.097697,0.010646,2.415531
-0.170686,-0.056496,2.399867
-0.032933,-0.054989,2.403630
-0.127943,-0.530076,2.465803
-0.038345,-0.463066,2.214797
-0.072469,-0.847527,2.399069
-0.025926,-0.810946,2.108962
-0.075743,-0.895203,2.309913
-0.026002,-0.849227,2.025082
-0.098296,0.609808,2.438317
-0.076931,0.435985,2.464476
-0.246047,0.310434,2.444366
0.055317,0.302826,2.424398
-0.290114,0.066696,2.367112
0.095530,0.060889,2.375938
-0.324034,-0.094341,2.375938
0.050798,-0.058074,2.180451
-0.319992,-0.140496,2.091642
0.021002,-0.082380,2.077936
-0.093881,0.074018,2.444194
-0.102868,0.011531,2.388198
-0.175634,-0.055535,2.371912
-0.038379,-0.053749,2.375906
-0.134207,-0.525893,2.443868
-0.041370,-0.458307,2.188266
-0.076152,-0.843398,2.395663
-0.031498,-0.807713,2.065158
-0.079250,-0.890577,2.307525
-0.031333,-0.845961,1.980465
-0.102235,0.609444,2.415093
-0.081548,0.435903,2.440079
-0.250536,0.310295,2.417612
0.050398,0.302632,2.397606
-0.293090,0.072506,2.326391
0.090215,0.065020,2.341515
-0.301748,-0.052743,2.341515
0.016774,-0.021350,2.114759
-0.296882,-0.097665,2.023814
-0.009335,-0.045245,2.027449
-0.098592,0.074845,2.417436
-0.107432,0.013140,2.360266
-0.179860,-0.054110,2.344477
-0.043323,-0.051546,2.345844
-0.140456,-0.521311,2.419873
-0.044013,-0.453647,2.163724
-0.079778,-0.838866,2.392229
-0.036397,-0.804712,2.025839
-0.082811,-0.885343,2.305039
-0.036023,-0.842941,1.940364
-0.105910,0.609101,2.391672
-0.085861,0.435926,2.415881
-0.254857,0.310149,2.390969
0.046013,0.302495,2.371541
-0.295435,0.078531,2.282594
0.085346,0.069862,2.305192
-0.279609,-0.014000,2.305192
-0.016914,0.019118,2.055510
-0.267886,-0.051166,1.962410
-0.033098,-0.006619,1.979011
-0.102914,0.076203,2.391173
-0.111530,0.015338,2.332980
-0.183582,-0.052025,2.317329
-0.047755,-0.049039,2.317147
-0.146472,-0.515307,2.390753
-0.046276,-0.448906,2.140393
-0.082966,-0.835275,2.388892
-0.040756,-0.801885,1.990770
-0.085886,-0.881183,2.302503
-0.040152,-0.840074,1.904593
-0.109243,0.608882,2.369553
-0.090044,0.436062,2.392426
-0.258983,0.310026,2.364379
0.041914,0.302408,2.344632
-0.297473,0.084591,2.240511
0.081550,0.074334,2.270216
-0.248763,0.026294,2.270216
-0.046175,0.054570,1.995540
-0.243960,-0.017245,1.912094
-0.057886,0.030756,1.940356
-0.106842,0.077500,2.364892
-0.115231,0.017483,2.305613
-0.186865,-0.050104,2.291250
-0.051703,-0.046625,2.286143
-0.152340,-0.508737,2.359137
-0.048451,-0.444969,2.119412
-0.086926,-0.829017,2.383067
-0.044639,-0.799456,1.959016
-0.089827,-0.874012,2.297429
-0.043838,-0.837665,1.872189
-0.112095,0.609237,2.343338
-0.094414,0.436836,2.364014
-0.262564,0.312539,2.330126
0.037340,0.302181,2.306040
-0.298754,0.097867,2.186030
0.075916,0.082972,2.210283
-0.221748,0.073027,2.210283
-0.073095,0.092197,1.944621
-0.212371,0.038423,1.869756
-0.082654,0.067369,1.907026
-0.109899,0.079649,2.333658
-0.118039,0.020526,2.273476
-0.188844,-0.046531,2.253910
-0.055007,-0.044390,2.257852
-0.158884,-0.502314,2.309678
-0.051489,-0.441576,2.098464
-0.090577,-0.825787,2.375300
-0.047818,-0.797484,1.930399
-0.093494,-0.870102,2.290637
-0.046949,-0.835486,1.843028
-0.114557,0.609674,2.318962
-0.098149,0.437663,2.337309
-0.265634,0.315424,2.298810
0.034222,0.304755,2.272420
-0.299503,0.113409,2.134110
0.069762,0.095584,2.155979
-0.193505,0.113575,2.155979
-0.096586,0.126019,1.904563
-0.184112,0.079253,1.835658
-0.104915,0.100429,1.877386
-0.112382,0.082084,2.304710
-0.120244,0.023872,2.243762
-0.190287,-0.042824,2.219633
-0.057520,-0.041721,2.231003
-0.164266,-0.489728,2.257097
-0.054268,-0.438551,2.079610
-0.095222,-0.820197,2.360901
-0.050559,-0.795792,1.904667
-0.098284,-0.863518,2.277338
-0.049634,-0.833610,1.816836
-0.116721,0.610269,2.295506
-0.101461,0.438696,2.311742
-0.268198,0.319079,2.268539
0.031195,0.308626,2.240844
-0.299205,0.129531,2.082276
0.063998,0.112665,2.101325
-0.167925,0.151855,2.101325
-0.118065,0.158009,1.869573
-0.149387,0.120695,1.806546
-0.126030,0.131697,1.851513
-0.114253,0.085265,2.277169
-0.121753,0.028081,2.215542
-0.190786,-0.038022,2.186390
-0.059411,-0.038618,2.206097
-0.168499,-0.477170,2.207274
-0.056839,-0.435810,2.062367
-0.100013,-0.814580,2.342294
-0.052853,-0.794330,1.881781
-0.103208,-0.856785,2.259907
-0.051881,-0.831977,1.793627
-0.118528,0.611219,2.272892
-0.104289,0.440120,2.286848
-0.270122,0.323460,2.240441
0.028361,0.313720,2.210782
-0.298635,0.144508,2.035937
0.057043,0.131830,2.049005
-0.145113,0.185460,2.049005
-0.138283,0.187533,1.839053
-0.115274,0.161110,1.781498
-0.153533,0.166820,1.829886
-0.115599,0.088868,2.251257
-0.122846,0.032555,2.189222
-0.190896,-0.033052,2.155608
-0.060898,-0.035197,2.182959
-0.172326,-0.465396,2.161180
-0.058467,-0.432665,2.045908
-0.106664,-0.808121,2.315321
-0.054902,-0.793122,1.861944
-0.108055,-0.851126,2.243783
-0.053972,-0.830587,1.773673
-0.120113,0.612294,2.251612
-0.106808,0.441773,2.263035
-0.271446,0.328255,2.214443
0.025644,0.320315,2.182327
-0.296027,0.161963,1.991299
0.050195,0.150641,2.002042
-0.121778,0.217318,2.002042
-0.156659,0.214231,1.811331
-0.083200,0.198597,1.760065
-0.178799,0.197998,1.810839
-0.116499,0.092661,2.226920
-0.123574,0.037111,2.164660
-0.190652,-0.028098,2.127310
-0.062019,-0.031478,2.161247
-0.176020,-0.452666,2.117589
-0.059405,-0.428537,2.030233
-0.114459,-0.802711,2.280841
-0.056065,-0.788229,1.847215
-0.113684,-0.845967,2.223420
-0.055555,-0.825038,1.759505
-0.121518,0.613548,2.231334
-0.108875,0.443644,2.240395
-0.272268,0.333332,2.190084
0.023025,0.328004,2.155448
-0.294799,0.174543,1.956198
0.043968,0.167905,1.961130
-0.101235,0.245581,1.961130
-0.172946,0.237909,1.786138
-0.055116,0.233953,1.739494
-0.200614,0.226578,1.793788
-0.117045,0.096531,2.204182
-0.124023,0.041635,2.141837
-0.190178,-0.023246,2.101286
-0.062876,-0.027665,2.141119
-0.179191,-0.441050,2.079192
-0.060131,-0.424519,2.016099
-0.124593,-0.797411,2.240869
-0.056808,-0.783678,1.835380
-0.120824,-0.840839,2.199157
-0.056828,-0.819851,1.748418
-0.122759,0.614996,2.212176
-0.110700,0.445684,2.218791
-0.272465,0.340193,2.166782
0.020798,0.335290,2.131310
-0.288918,0.192248,1.919908
0.038689,0.183047,1.925590
-0.080919,0.271528,1.925590
-0.187491,0.259154,1.764008
-0.027621,0.266703,1.722278
-0.220110,0.252839,1.778666
-0.117541,0.100442,2.183008
-0.124328,0.046117,2.120651
-0.189641,-0.018486,2.077255
-0.063558,-0.023868,2.122555
-0.181746,-0.433217,2.045428
-0.060827,-0.421546,2.003448
-0.134898,-0.788368,2.196236
-0.057061,-0.778807,1.826821
-0.128147,-0.833565,2.170848
-0.057930,-0.815853,1.737449
-0.123907,0.616593,2.193918
-0.112267,0.447873,2.198419
-0.272487,0.347066,2.145737
0.018878,0.342500,2.109231
-0.285362,0.208261,1.887798
0.033920,0.196751,1.894054
-0.064332,0.294517,1.894054
-0.200639,0.278509,1.744531
-0.005046,0.295664,1.707666
-0.237484,0.276738,1.765326
-0.117878,0.104404,2.163316
-0.124543,0.050570,2.101038
-0.189096,-0.013842,2.055234
-0.064131,-0.020016,2.105331
-0.183657,-0.428372,2.015349
-0.061427,-0.418909,1.992058
-0.144554,-0.784062,2.155440
-0.056943,-0.773777,1.821216
-0.135480,-0.828943,2.143093
-0.058377,-0.810307,1.732607
-0.124899,0.618210,2.176823
-0.113568,0.450153,2.179397
-0.272307,0.354069,2.126482
0.016959,0.351309,2.087676
-0.279714,0.223140,1.859040
0.029665,0.209159,1.866179
-0.047726,0.315516,1.866179
-0.212495,0.295965,1.727731
0.014913,0.320311,1.693809
-0.253184,0.298313,1.753794
-0.117928,0.108428,2.144975
-0.124640,0.055015,2.082875
-0.188471,-0.009216,2.034810
-0.064585,-0.016131,2.089468
-0.185990,-0.422258,1.988651
-0.061944,-0.416511,1.981776
-0.153187,-0.776046,2.116869
-0.056492,-0.768665,1.818281
-0.141263,-0.822649,2.112894
-0.058853,-0.804643,1.730721
-0.125795,0.619855,2.160855
-0.114660,0.452431,2.161727
-0.272004,0.360783,2.109063
0.015160,0.359579,2.068007
-0.275864,0.234576,1.834080
0.026263,0.220130,1.841327
-0.032372,0.334552,1.841327
-0.223135,0.311717,1.713638
0.033143,0.342713,1.681988
-0.267236,0.317681,1.743868
-0.118011,0.110933,2.127218
-0.124856,0.057699,2.065350
-0.188227,-0.006056,2.016795
-0.064946,-0.013399,2.072872
-0.188063,-0.416845,1.965027
-0.062373,-0.414324,1.972462
-0.159685,-0.773376,2.088843
-0.056373,-0.767119,1.814498
-0.147762,-0.820388,2.087292
-0.059447,-0.803349,1.727727
-0.126618,0.621467,2.146049
-0.115561,0.454624,2.145431
-0.271675,0.366985,2.093355
0.013576,0.367211,2.050487
-0.270830,0.246619,1.810357
0.023111,0.230349,1.818980
-0.016983,0.351386,1.818980
-0.232658,0.325909,1.703050
0.050424,0.362838,1.672593
-0.279827,0.335055,1.735526
-0.118067,0.113181,2.111210
-0.125028,0.060078,2.049539
-0.188039,-0.003254,2.000563
-0.065217,-0.010948,2.057850
-0.189950,-0.411797,1.943820
-0.062706,-0.412257,1.963700
-0.165573,-0.770795,2.063579
-0.056083,-0.766007,1.812187
-0.153812,-0.818624,2.063546
-0.059815,-0.802550,1.726843
-0.127411,0.623100,2.132190
-0.116311,0.456718,2.130526
-0.271351,0.372338,2.079029
0.012027,0.372819,2.034693
-0.268233,0.256446,1.790349
0.020291,0.238901,1.798551
-0.005468,0.364920,1.798551
-0.241563,0.338360,1.693992
0.064591,0.379441,1.667970
-0.291711,0.350271,1.728925
-0.118095,0.115180,2.096534
-0.125180,0.062171,2.035004
-0.187873,-0.000746,1.986015
-0.065528,-0.008652,2.043081
-0.191641,-0.407395,1.924819
-0.063058,-0.410447,1.955899
-0.170919,-0.768906,2.040813
-0.055650,-0.765530,1.811488
-0.159491,-0.817299,2.041537
-0.060065,-0.802287,1.727105
-0.128151,0.624672,2.119278
-0.116984,0.458649,2.116798
-0.270943,0.375865,2.064288
0.010562,0.377595,2.020284
-0.265933,0.264219,1.772106
0.017839,0.246378,1.780178
0.006220,0.373751,1.780178
-0.250024,0.346883,1.689404
0.078123,0.393194,1.663696
-0.303241,0.360374,1.724893
-0.118265,0.116454,2.082315
-0.125331,0.063329,2.020625
-0.187724,0.000931,1.971888
-0.065799,-0.007047,2.028884
-0.193209,-0.403484,1.907661
-0.063386,-0.408864,1.948837
-0.175734,-0.767514,2.020301
-0.055086,-0.765769,1.812166
-0.164432,-0.817004,2.021330
-0.059871,-0.802979,1.728898
-0.128889,0.626140,2.107304
-0.117553,0.460420,2.104313
-0.270572,0.378914,2.051018
0.009260,0.381844,2.007389
-0.264048,0.270648,1.756160
0.015951,0.252597,1.764424
0.016167,0.380163,1.764424
-0.257502,0.351895,1.688801
0.089930,0.404720,1.662147
-0.313082,0.367980,1.724308
-0.118426,0.117528,2.069369
-0.125478,0.064267,2.007526
-0.187603,0.002403,1.959214
-0.066094,-0.005722,2.015232
-0.194673,-0.400057,1.892436
-0.063679,-0.407426,1.942441
-0.180064,-0.766329,2.001877
-0.054432,-0.766378,1.813886
-0.168925,-0.816918,2.002959
-0.059544,-0.804083,1.731705
-0.129595,0.627494,2.096253
-0.118067,0.461996,2.092950
-0.270306,0.381397,2.038967
0.008118,0.385592,1.995793
-0.262781,0.275106,1.742956
0.014474,0.257456,1.751130
0.024342,0.381863,1.751130
-0.264132,0.356868,1.691336
0.100022,0.412776,1.662802
-0.321776,0.375424,1.722650
-0.118592,0.118432,2.057592
-0.125625,0.065028,1.995605
-0.187506,0.003689,1.947807
-0.066367,-0.004631,2.002509
-0.196061,-0.397146,1.879222
-0.063935,-0.406123,1.936637
-0.183950,-0.765355,1.985319
-0.053800,-0.767296,1.816497
-0.172955,-0.816956,1.986369
-0.059194,-0.805519,1.735379
-0.130295,0.628678,2.085877
-0.118531,0.463403,2.082613
-0.270188,0.382503,2.027203
0.007076,0.388781,1.985229
-0.262842,0.275773,1.732776
0.013436,0.260092,1.740873
0.030922,0.383719,1.740873
-0.269725,0.351816,1.692000
0.107707,0.416966,1.665778
-0.330902,0.378976,1.723390
-0.118799,0.119091,2.046765
-0.125775,0.065517,1.984640
-0.187441,0.004718,1.937460
-0.066609,-0.003869,1.990613
-0.197392,-0.394830,1.868066
-0.064154,-0.404967,1.931371
-0.187440,-0.764673,1.970397
-0.053113,-0.768589,1.819957
-0.176528,-0.817160,1.971332
-0.058654,-0.807354,1.739890
-0.130963,0.629747,2.076349
-0.118951,0.464656,2.073237
-0.270141,0.383113,2.016475
0.006115,0.391422,1.975650
-0.263748,0.274157,1.725583
0.012463,0.260097,1.734387
0.034084,0.375550,1.734387
-0.274855,0.344232,1.700460
0.113495,0.417310,1.671124
-0.338504,0.380619,1.725453
-0.119014,0.119564,2.036875
-0.125932,0.065800,1.974613
-0.187416,0.005498,1.928077
-0.066833,-0.003346,1.979634
-0.198683,-0.393118,1.858900
-0.064339,-0.403944,1.926600
-0.190567,-0.764308,1.956977
-0.052586,-0.770150,1.824053
-0.179744,-0.817492,1.957680
-0.058247,-0.809458,1.744991
-0.131631,0.630690,2.067483
-0.119327,0.465767,2.064754
-0.270196,0.383180,2.006692
0.005229,0.393297,1.967037
-0.265304,0.270510,1.721081
0.011888,0.257894,1.730780
0.034574,0.359693,1.730780
-0.278899,0.334052,1.709798
0.117065,0.412254,1.677546
-0.345560,0.380194,1.728616
-0.119251,0.119839,2.027826
-0.126111,0.065858,1.965422
-0.187455,0.005985,1.919569
-0.067069,-0.003104,1.969433
-0.199945,-0.392089,1.851599
-0.064517,-0.403084,1.922268
-0.193340,-0.764329,1.944991
-0.052236,-0.772051,1.828807
-0.182626,-0.817940,1.945306
-0.057970,-0.811833,1.750620
-0.132289,0.631486,2.059282
-0.119694,0.466743,2.057084
-0.270383,0.382661,1.997766
0.004352,0.394409,1.959361
-0.267384,0.265149,1.718868
0.011326,0.253778,1.729744
0.036319,0.350625,1.729744
-0.282360,0.322326,1.715313
0.119162,0.404921,1.684914
-0.351552,0.378031,1.732695
-0.119519,0.119913,2.019547
-0.126319,0.065691,1.957003
-0.187559,0.006179,1.911870
-0.067314,-0.003076,1.960047
-0.201161,-0.391649,1.846087
-0.064662,-0.402386,1.918375
-0.195781,-0.764687,1.934359
-0.051950,-0.774173,1.833979
-0.185216,-0.818490,1.934083
-0.057726,-0.814398,1.756590
-0.132901,0.632192,2.051845
-0.120035,0.467620,2.050142
-0.270650,0.381735,1.989697
0.003507,0.394886,1.952605
-0.269784,0.258626,1.718623
0.010706,0.248488,1.730610
0.035279,0.334047,1.730610
-0.285711,0.314751,1.726489
0.120332,0.396330,1.693741
-0.356442,0.374355,1.737553
-0.119805,0.119834,2.012008
-0.126544,0.065357,1.949332
-0.187715,0.006120,1.904955
-0.067562,-0.003207,1.951438
-0.202321,-0.391734,1.842242
-0.064774,-0.401836,1.914895
-0.197908,-0.765355,1.925016
-0.051730,-0.776427,1.839419
-0.187541,-0.819106,1.923914
-0.057519,-0.817064,1.762745
-0.133476,0.632825,2.045077
-0.120355,0.468411,2.043845
-0.270970,0.380470,1.982432
0.002696,0.394752,1.946704
-0.272392,0.251398,1.719910
0.010178,0.242430,1.732803
0.033332,0.317832,1.732803
-0.288431,0.306880,1.736535
0.120388,0.386852,1.702302
-0.360375,0.369553,1.742933
-0.120118,0.119602,2.005143
-0.126798,0.064852,1.942344
-0.187935,0.005806,1.898775
-0.067820,-0.003490,1.943550
-0.203430,-0.392326,1.839947
-0.064857,-0.401436,1.911809
-0.199734,-0.766337,1.916903
-0.051550,-0.778782,1.845046
-0.189628,-0.819786,1.914705
-0.057333,-0.819801,1.769013
-0.134013,0.633387,2.038925
-0.120648,0.469128,2.038128
-0.271333,0.378932,1.975930
0.001929,0.394142,1.941628
-0.275086,0.243776,1.722413
0.009759,0.235998,1.736052
0.030472,0.299008,1.736052
-0.290589,0.298924,1.746085
0.119337,0.374719,1.710910
-0.363448,0.363937,1.748676
-0.120444,0.119266,1.998924
-0.127064,0.064236,1.936018
-0.188202,0.005285,1.893302
-0.068079,-0.003853,1.936369
-0.204496,-0.393321,1.839034
-0.064913,-0.401167,1.909092
-0.201283,-0.767581,1.909944
-0.051407,-0.781171,1.850759
-0.191498,-0.820506,1.906375
-0.057163,-0.822520,1.775280
-0.134514,0.633887,2.033334
-0.120917,0.469775,2.032934
-0.271744,0.377104,1.970105
0.001171,0.393082,1.937286
-0.277858,0.235943,1.725769
0.009340,0.229549,1.739729
0.027260,0.280528,1.739729
-0.291722,0.286791,1.755044
0.117562,0.361751,1.719436
-0.365966,0.357480,1.754439
-0.120782,0.118811,1.993299
-0.127343,0.063486,1.930298
-0.188515,0.004544,1.888493
-0.068334,-0.004300,1.929837
-0.205543,-0.394668,1.839375
-0.064945,-0.401016,1.906722
-0.202557,-0.769064,1.904072
-0.051314,-0.783552,1.856468
-0.193162,-0.821277,1.898851
-0.057029,-0.825207,1.781474
-0.134980,0.634338,2.028263
-0.121167,0.470350,2.028223
-0.272209,0.375040,1.964925
0.000405,0.391642,1.933603
-0.280640,0.228089,1.729768
0.008970,0.222986,1.743983
0.025452,0.267131,1.743983
-0.293066,0.278107,1.761739
0.115221,0.348350,1.727757
-0.367849,0.350431,1.760262
-0.121130,0.118258,1.988226
-0.127634,0.062629,1.925146
-0.188869,0.003615,1.884308
-0.068583,-0.004809,1.923907
-0.206566,-0.396284,1.840785
-0.064957,-0.400933,1.904654
-0.203577,-0.770744,1.899208
-0.051251,-0.785844,1.862098
-0.194638,-0.822086,1.892068
-0.056918,-0.827822,1.787549
-0.135426,0.634738,2.023642
-0.121401,0.470859,2.023958
-0.272724,0.372781,1.960334
-0.000348,0.389866,1.930537
-0.283365,0.220328,1.734216
0.008623,0.216450,1.748614
0.022158,0.250966,1.748614
-0.294071,0.269457,1.769221
0.112479,0.334933,1.735785
-0.369161,0.342780,1.766076
-0.121491,0.117619,1.983665
-0.127937,0.061683,1.920522
-0.189265,0.002522,1.880708
-0.068830,-0.005370,1.918529
-0.207538,-0.398099,1.843068
-0.064948,-0.400933,1.902881
-0.204367,-0.772593,1.895291
-0.051206,-0.788062,1.867626
-0.195941,-0.822929,1.885973
-0.056814,-0.830345,1.793464
-0.135838,0.635095,2.019449
-0.121631,0.471303,2.020103
-0.273301,0.370428,1.956315
-0.001073,0.387819,1.928064
-0.286012,0.212845,1.738997
0.008275,0.210096,1.753463
0.020028,0.238709,1.753463
-0.294481,0.258402,1.775117
0.109428,0.321739,1.743452
-0.371325,0.335203,1.771563
-0.121871,0.116910,1.979581
-0.128255,0.060663,1.916390
-0.189706,0.001292,1.877649
-0.069075,-0.005977,1.913659
-0.208462,-0.400053,1.846051
-0.064921,-0.401001,1.901379
-0.204937,-0.774576,1.892250
-0.051198,-0.790185,1.873019
-0.197080,-0.823800,1.880516
-0.056738,-0.832758,1.799192
-0.136227,0.635410,2.015633
-0.121860,0.471689,2.016627
-0.273908,0.367970,1.952798
-0.001797,0.385523,1.926087
-0.288597,0.205649,1.743951
0.007912,0.203885,1.758454
0.016788,0.225069,1.758454
-0.294717,0.248332,1.781274
0.106105,0.308858,1.750723
-0.373524,0.328027,1.776845
-0.122267,0.116129,1.975938
-0.128588,0.059567,1.912718
-0.190180,-0.000062,1.875094
-0.069320,-0.006632,1.909260
-0.209330,-0.402108,1.849584
-0.064879,-0.401140,1.900130
-0.205309,-0.776673,1.890013
-0.051216,-0.792215,1.878246
-0.198069,-0.824698,1.875653
-0.056682,-0.835056,1.804704
-0.136591,0.635691,2.012167
-0.122089,0.472017,2.013503
-0.274548,0.365446,1.949751
-0.002502,0.383030,1.924575
-0.291068,0.198823,1.748959
0.007540,0.197894,1.763502
0.013611,0.212621,1.763502
-0.294733,0.238180,1.786852
0.102655,0.296560,1.757541
-0.374496,0.320334,1.782036
-0.122683,0.115285,1.972706
-0.128939,0.058409,1.909471
-0.190692,-0.001520,1.873001
-0.069568,-0.007333,1.905295
-0.210160,-0.404216,1.853519
-0.064822,-0.401344,1.899115
-0.205505,-0.778851,1.888502
-0.051314,-0.794149,1.883283
-0.198917,-0.825619,1.871339
-0.056702,-0.837230,1.809973
-0.136934,0.635939,2.009019
-0.122317,0.472293,2.010706
-0.275209,0.362891,1.947140
-0.003182,0.380391,1.923490
-0.293416,0.192378,1.753982
0.007174,0.192199,1.768501
0.010467,0.201033,1.768501
-0.294610,0.228721,1.791899
0.099091,0.284665,1.763913
-0.376041,0.312975,1.786853
-0.123115,0.114394,1.969859
-0.129303,0.057206,1.906622
-0.191236,-0.003053,1.871337
-0.069819,-0.008067,1.901736
-0.210931,-0.406333,1.857747
-0.064763,-0.401589,1.898306
-0.205546,-0.781081,1.887645
-0.051435,-0.795966,1.888101
-0.199636,-0.826554,1.867536
-0.056740,-0.839271,1.814984
-0.137276,0.636150,2.006150
-0.122554,0.472517,2.008223
-0.275900,0.360307,1.944927
-0.003833,0.377655,1.922785
-0.295633,0.186328,1.758926
0.006766,0.186701,1.773601
0.007438,0.190463,1.773601
-0.294430,0.220125,1.796445
0.095506,0.273397,1.769827
-0.377354,0.306023,1.791470
-0.123567,0.113461,1.967370
-0.129683,0.055968,1.904144
-0.191811,-0.004642,1.870060
-0.070073,-0.008834,1.898555
-0.211652,-0.408438,1.862168
-0.064697,-0.401874,1.897685
-0.205448,-0.783344,1.887378
-0.051578,-0.797667,1.892702
-0.200235,-0.827497,1.864208
-0.056794,-0.841177,1.819739
-0.137613,0.636328,2.003544
-0.122800,0.472690,2.006029
-0.276614,0.357735,1.943090
-0.004465,0.374852,1.922395
-0.297701,0.180717,1.763734
0.006377,0.181545,1.778513
0.004547,0.180821,1.778513
-0.294128,0.211899,1.800538
0.091948,0.262755,1.775298
-0.378207,0.299053,1.795882
-0.124035,0.112489,1.965212
-0.130079,0.054699,1.902009
-0.192414,-0.006277,1.869140
-0.070334,-0.009635,1.895721
-0.212338,-0.410459,1.866650
-0.064627,-0.402202,1.897242
-0.205236,-0.785585,1.887619
-0.051736,-0.799265,1.897079
-0.200727,-0.828445,1.861323
-0.056865,-0.842953,1.824232
-0.137939,0.636478,2.001186
-0.123062,0.472818,2.004106
-0.277350,0.355198,1.941597
-0.005072,0.372039,1.922292
-0.299617,0.175548,1.768372
0.005999,0.176741,1.783254
0.001962,0.172519,1.783254
-0.293773,0.204415,1.804227
0.088595,0.253303,1.780316
-0.378929,0.292469,1.800026
-0.124520,0.111495,1.963362
-0.130490,0.053417,1.900190
-0.193040,-0.007929,1.868534
-0.070600,-0.010459,1.893215
-0.213003,-0.412327,1.871107
-0.064554,-0.402533,1.896927
-0.204921,-0.787744,1.888284
-0.051908,-0.800731,1.901222
-0.201114,-0.829385,1.858847
-0.056952,-0.844595,1.828471
-0.138264,0.636602,1.999048
-0.123341,0.472902,2.002424
-0.278102,0.352718,1.940407
-0.005668,0.369242,1.922420
-0.301386,0.170803,1.772810
0.005646,0.172296,1.787763
-0.000584,0.164661,1.787763
-0.293371,0.197610,1.807535
0.085227,0.244076,1.784948
-0.379561,0.286279,1.803878
-0.125018,0.110488,1.961791
-0.130912,0.052131,1.898660
-0.193679,-0.009580,1.868204
-0.070871,-0.011300,1.891014
-0.213627,-0.414081,1.875499
-0.064481,-0.402876,1.896735
-0.204520,-0.789843,1.889326
-0.052087,-0.802082,1.905135
-0.201408,-0.830314,1.856745
-0.057046,-0.846107,1.832457
-0.138587,0.636699,1.997117
-0.123635,0.472943,2.000965
-0.278873,0.350301,1.939496
-0.006242,0.366478,1.922752
-0.303023,0.166463,1.777037
0.005306,0.168217,1.791991
-0.002689,0.157749,1.791991
-0.292942,0.191374,1.810483
0.081923,0.235354,1.789191
-0.380111,0.280409,1.807472
-0.125527,0.109467,1.960480
-0.131344,0.050843,1.897398
-0.194332,-0.011230,1.868123
-0.071146,-0.012161,1.889095
-0.214209,-0.415728,1.879797
-0.064408,-0.403230,1.896662
-0.204074,-0.791878,1.890690
-0.052271,-0.803324,1.908818
-0.201635,-0.831230,1.854988
-0.057149,-0.847498,1.836190
-0.138915,0.636771,1.995376
-0.123945,0.472947,1.999716
-0.279654,0.347959,1.938833
-0.006797,0.363773,1.923248
-0.304571,0.162499,1.781065
0.004986,0.164463,1.795981
-0.004972,0.151265,1.795981
-0.292490,0.185673,1.813127
0.078710,0.227275,1.793064
-0.380584,0.274871,1.810819
-0.126048,0.108449,1.959401
-0.131788,0.049570,1.896373
-0.194996,-0.012854,1.868259
-0.071432,-0.013024,1.887430
-0.214754,-0.417257,1.883961
-0.064337,-0.403582,1.896693
-0.203575,-0.793831,1.892325
-0.052460,-0.804456,1.912276
-0.201791,-0.832124,1.853545
-0.057257,-0.848766,1.839676
-0.139243,0.636824,1.993810
-0.124263,0.472921,1.998660
-0.280438,0.345716,1.938392
-0.007333,0.361146,1.923874
-0.305997,0.158907,1.784875
0.004672,0.161021,1.799730
-0.007129,0.145400,1.799730
-0.292053,0.180572,1.815487
0.075630,0.219802,1.796590
-0.381126,0.269815,1.813907
-0.126574,0.107435,1.958536
-0.132240,0.048315,1.895566
-0.195664,-0.014446,1.868581
-0.071724,-0.013889,1.886002
-0.215258,-0.418684,1.887975
-0.064265,-0.403933,1.896817
-0.203034,-0.795708,1.894192
-0.052651,-0.805486,1.915519
-0.201883,-0.832993,1.852392
-0.057371,-0.849920,1.842929
-0.139574,0.636856,1.992406
-0.124594,0.472865,1.997778
-0.281220,0.343563,1.938144
-0.007849,0.358604,1.924602
-0.307312,0.155654,1.788459
0.004374,0.157868,1.803235
-0.009166,0.140119,1.803235
-0.291618,0.175947,1.817588
0.072698,0.212939,1.799788
-0.381629,0.265117,1.816754
-0.127102,0.106433,1.957861
-0.132693,0.047085,1.894955
-0.196326,-0.015994,1.869057
-0.072019,-0.014756,1.884795
-0.215722,-0.420008,1.891818
-0.064195,-0.404290,1.897027
-0.202458,-0.797502,1.896244
-0.052851,-0.806429,1.918555
-0.201919,-0.833834,1.851502
-0.057495,-0.850969,1.845956
-0.139919,0.636867,1.991150
-0.124944,0.472782,1.997050
-0.282003,0.341504,1.938069
-0.008364,0.356149,1.925382
-0.308523,0.152716,1.791819
0.004098,0.154987,1.806473
-0.011115,0.135552,1.806473
-0.291183,0.171761,1.819454
0.070004,0.206904,1.802676
-0.382090,0.260773,1.819382
-0.127636,0.105439,1.957358
-0.133156,0.045871,1.894520
-0.196991,-0.017506,1.869672
-0.072324,-0.015627,1.883785
-0.216175,-0.421173,1.895456
-0.064130,-0.404658,1.897314
-0.201860,-0.799153,1.898422
-0.053049,-0.807294,1.921396
-0.201903,-0.834645,1.850855
-0.057624,-0.851922,1.848773
-0.140277,0.636860,1.990024
-0.125305,0.472675,1.996467
-0.282783,0.339545,1.938136
-0.008857,0.353803,1.926225
-0.309646,0.150066,1.794963
0.003836,0.152366,1.809481
-0.013022,0.131514,1.809481
-0.290757,0.167971,1.821091
0.067446,0.201400,1.805295
-0.382490,0.256751,1.821800
-0.128171,0.104462,1.957011
-0.133620,0.044688,1.894242
-0.197647,-0.018968,1.870400
-0.072631,-0.016492,1.882958
-0.216594,-0.422239,1.898905
-0.064067,-0.405030,1.897671
-0.201248,-0.800711,1.900709
-0.053246,-0.808083,1.924047
-0.201842,-0.835424,1.850425
-0.057753,-0.852783,1.851388
-0.140640,0.636836,1.989020
-0.125673,0.472548,1.996014
-0.283551,0.337680,1.938326
-0.009335,0.351555,1.927092
-0.310678,0.147679,1.797893
0.003586,0.149969,1.812268
-0.014866,0.127925,1.812268
-0.290341,0.164536,1.822514
0.065017,0.196348,1.807666
-0.382865,0.253034,1.824018
-0.128704,0.103499,1.956802
-0.134086,0.043529,1.894105
-0.198298,-0.020383,1.871220
-0.072945,-0.017355,1.882298
-0.216980,-0.423216,1.902160
-0.064005,-0.405403,1.898084
-0.200627,-0.802177,1.903077
-0.053439,-0.808800,1.926521
-0.201743,-0.836173,1.850191
-0.057884,-0.853561,1.853815
-0.141011,0.636802,1.988125
-0.126046,0.472403,1.995676
-0.284304,0.335912,1.938621
-0.009789,0.349416,1.927986
-0.311623,0.145534,1.800623
0.003343,0.147792,1.814840
-0.016650,0.124755,1.814840
-0.289941,0.161429,1.823733
0.062716,0.191720,1.809806
-0.383206,0.249606,1.826051
-0.129232,0.102560,1.956716
-0.134548,0.042405,1.894091
-0.198935,-0.021743,1.872112
-0.073260,-0.018209,1.881789
-0.217336,-0.424102,1.905223
-0.063946,-0.405763,1.898540
-0.200007,-0.803548,1.905501
-0.053628,-0.809445,1.928825
-0.201612,-0.836886,1.850133
-0.058012,-0.854259,1.856066
-0.141384,0.636755,1.987333
-0.126419,0.472242,1.995435
-0.285041,0.334245,1.939006
-0.010222,0.347384,1.928889
-0.312487,0.143614,1.803164
0.003106,0.145814,1.817214
-0.018378,0.121973,1.817214
-0.289555,0.158619,1.824763
0.060538,0.187483,1.811732
-0.383514,0.246444,1.827915
-0.129754,0.101645,1.956736
-0.135007,0.041318,1.894183
-0.199559,-0.023044,1.873059
-0.073576,-0.019051,1.881416
-0.217661,-0.424907,1.908093
-0.063889,-0.406119,1.899036
-0.199389,-0.804827,1.907956
-0.053812,-0.810026,1.930969
-0.201453,-0.837562,1.850232
-0.058139,-0.854885,1.858151
-0.141759,0.636697,1.986636
-0.126797,0.472068,1.995285
-0.285762,0.332682,1.939469
-0.010633,0.345464,1.929798
-0.313276,0.141905,1.805533
0.002878,0.144022,1.819402
-0.020052,0.119557,1.819402
-0.289183,0.156056,1.825613
0.058480,0.183611,1.813462
-0.383807,0.243470,1.829629
-0.130270,0.100760,1.956849
-0.135461,0.040271,1.894368
-0.200168,-0.024282,1.874047
-0.073893,-0.019876,1.881164
-0.217959,-0.425636,1.910777
-0.063838,-0.406478,1.899570
-0.198779,-0.806016,1.910419
-0.053992,-0.810555,1.932965
-0.201271,-0.838198,1.850466
-0.058264,-0.855443,1.860082
-0.142134,0.636633,1.986019
-0.127174,0.471885,1.995211
-0.286459,0.331218,1.939985
-0.011021,0.343654,1.930704
-0.313995,0.140383,1.807730
0.002663,0.142402,1.821412
-0.021676,0.117491,1.821412
-0.288817,0.153740,1.826297
0.056537,0.180082,1.815014
-0.384070,0.240728,1.831195
-0.130777,0.099906,1.957044
-0.135907,0.039266,1.894634
-0.200758,-0.025457,1.875062
-0.074209,-0.020682,1.881022
-0.218232,-0.426294,1.913279
-0.063790,-0.406832,1.900132
-0.198179,-0.807116,1.912874
-0.054167,-0.811031,1.934821
-0.201066,-0.838795,1.850823
-0.058387,-0.855938,1.861869
-0.142512,0.636559,1.985480
-0.127549,0.471691,1.995201
-0.287131,0.329844,1.940537
-0.011387,0.341954,1.931597
-0.314651,0.139027,1.809765
0.002459,0.140938,1.823264
-0.023254,0.115738,1.823264
-0.288452,0.151651,1.826825
0.054697,0.176861,1.816401
-0.384315,0.238201,1.832627
-0.131274,0.099082,1.957308
-0.136344,0.038302,1.894969
-0.201327,-0.026571,1.876095
-0.074521,-0.021470,1.880979
-0.218480,-0.426890,1.915608
-0.063744,-0.407181,1.900718
-0.197595,-0.805538,1.916238
-0.054336,-0.811459,1.936545
-0.200831,-0.837026,1.851908
-0.058506,-0.856377,1.863521
-0.142888,0.636477,1.985008
-0.127920,0.471488,1.995248
-0.287778,0.328560,1.941124
-0.011731,0.340357,1.932466
-0.315248,0.137828,1.811653
0.002272,0.139626,1.824914
-0.024785,0.114284,1.824914
-0.288107,0.149719,1.827210
0.052956,0.173929,1.817639
-0.384060,0.235581,1.833971
-0.131757,0.098288,1.957632
-0.136770,0.037377,1.895362
-0.201875,-0.027627,1.877137
-0.074828,-0.022239,1.881021
-0.218707,-0.427423,1.917768
-0.063698,-0.407532,1.901325
-0.197038,-0.803558,1.919634
-0.054500,-0.811847,1.938146
-0.200588,-0.834913,1.853156
-0.058623,-0.856763,1.865049
-0.143261,0.636389,1.984598
-0.128284,0.471283,1.995342
-0.288399,0.327364,1.941738
-0.012053,0.338863,1.933310
-0.315790,0.136776,1.813408
0.002094,0.138443,1.826426
-0.026263,0.113082,1.826426
-0.287815,0.147969,1.827463
0.051308,0.171255,1.818736
-0.383720,0.233110,1.835201
-0.132225,0.097531,1.958001
-0.137183,0.036501,1.895799
-0.202401,-0.028618,1.878176
-0.075130,-0.022980,1.881136
-0.218912,-0.427897,1.919772
-0.063655,-0.407862,1.901934
-0.196509,-0.801261,1.923017
-0.054659,-0.812187,1.939633
-0.200339,-0.832526,1.854528
-0.058738,-0.857098,1.866463
-0.143636,0.636297,1.984244
-0.128641,0.471074,1.995482
-0.288996,0.326250,1.942372
-0.012354,0.337468,1.934130
-0.316284,0.135857,1.815037
0.001926,0.137378,1.827811
-0.027702,0.112132,1.827811
-0.287536,0.146383,1.827595
0.049743,0.168825,1.819706
-0.383308,0.230787,1.836322
-0.132679,0.096808,1.958413
-0.137584,0.035667,1.896276
-0.202904,-0.029551,1.879208
-0.075426,-0.023697,1.881317
-0.219099,-0.428326,1.921627
-0.063615,-0.408183,1.902551
-0.196009,-0.798725,1.926347
-0.054808,-0.812490,1.941014
-0.200086,-0.829933,1.855992
-0.058847,-0.857388,1.867771
-0.144016,0.636200,1.983935
-0.128992,0.470863,1.995661
-0.289566,0.325213,1.943018
-0.012636,0.336167,1.934917
-0.316732,0.135058,1.816548
0.001766,0.136422,1.829080
-0.029097,0.111423,1.829080
-0.287175,0.145079,1.827614
0.048258,0.166624,1.820559
-0.383262,0.228896,1.837319
-0.133117,0.096117,1.958860
-0.137972,0.034873,1.896786
-0.203385,-0.030428,1.880229
-0.075714,-0.024390,1.881555
-0.219268,-0.428709,1.923343
-0.063576,-0.408500,1.903174
-0.195539,-0.796022,1.929597
-0.054952,-0.812759,1.942295
-0.199833,-0.827197,1.857519
-0.058952,-0.857636,1.868981
-0.144392,0.636099,1.983673
-0.129335,0.470650,1.995875
-0.290111,0.324250,1.943672
-0.012900,0.334955,1.935675
-0.317138,0.134374,1.817953
0.001614,0.135565,1.830242
-0.030444,0.110914,1.830242
-0.286802,0.143947,1.827532
0.046847,0.164626,1.821304
-0.383223,0.227168,1.838225
-0.133540,0.095458,1.959336
-0.138347,0.034121,1.897322
-0.203844,-0.031250,1.881232
-0.075996,-0.025056,1.881841
-0.219418,-0.429053,1.924930
-0.063537,-0.408826,1.903813
-0.195089,-0.793221,1.932752
-0.055088,-0.813005,1.943483
-0.199573,-0.824380,1.859094
-0.059053,-0.857846,1.870099
-0.144765,0.635998,1.983448
-0.129671,0.470436,1.996120
-0.290633,0.323358,1.944328
-0.013146,0.333826,1.936393
-0.317503,0.133794,1.819255
0.001470,0.134797,1.831304
-0.031745,0.110594,1.831304
-0.286419,0.142975,1.827362
0.045507,0.162820,1.821952
-0.383191,0.225591,1.839051
-0.133948,0.094831,1.959834
-0.138709,0.033409,1.897878
-0.204282,-0.032019,1.882216
-0.076272,-0.025698,1.882170
-0.219554,-0.429359,1.926394
-0.063496,-0.409135,1.904447
-0.194666,-0.790357,1.935781
-0.055219,-0.813218,1.944586
-0.199318,-0.821512,1.860681
-0.059154,-0.858019,1.871135
-0.145136,0.635896,1.983255
-0.129999,0.470224,1.996385
-0.291131,0.322533,1.944974
-0.013375,0.332776,1.937078
-0.317834,0.133307,1.820463
0.001329,0.134113,1.832277
-0.033002,0.110445,1.832277
-0.286036,0.142134,1.827115
0.044229,0.161190,1.822509
-0.383166,0.224144,1.839804
-0.134341,0.094237,1.960349
-0.139058,0.032736,1.898449
-0.204699,-0.032737,1.883175
-0.076540,-0.026314,1.882536
-0.219676,-0.429627,1.927745
-0.063455,-0.409430,1.905076
-0.194273,-0.787474,1.938671
-0.055346,-0.813403,1.945609
-0.199066,-0.818633,1.862265
-0.059252,-0.858157,1.872094
-0.145502,0.635791,1.983095
-0.130326,0.470009,1.996669
-0.291607,0.321769,1.945611
-0.013589,0.331801,1.937729
-0.318131,0.132905,1.821583
0.001194,0.133505,1.833170
-0.034208,0.110419,1.833170
-0.285646,0.141429,1.826803
0.043011,0.159714,1.822983
-0.383145,0.222824,1.840489
-0.134721,0.093672,1.960877
-0.139395,0.032100,1.899030
-0.205096,-0.033408,1.884108
-0.076802,-0.026905,1.882933
-0.219785,-0.429865,1.928991
-0.063416,-0.409715,1.905701
-0.193913,-0.784608,1.941412
-0.055468,-0.813563,1.946558
-0.198824,-0.815775,1.863826
-0.059347,-0.858264,1.872982
-0.145865,0.635684,1.982965
-0.130645,0.469797,1.996969
-0.292061,0.321066,1.946236
-0.013787,0.330896,1.938350
-0.318393,0.132584,1.822621
0.001061,0.132971,1.833989
-0.035361,0.110523,1.833989
-0.285257,0.140833,1.826434
0.041854,0.158386,1.823383
-0.383134,0.221613,1.841114
-0.135087,0.093138,1.961415
-0.139720,0.031501,1.899617
-0.205473,-0.034032,1.885013
-0.077056,-0.027471,1.883355
-0.219884,-0.430074,1.930139
-0.063379,-0.409983,1.906316
-0.193581,-0.781786,1.944001
-0.055749,-0.810652,1.947534
-0.198589,-0.812963,1.865355
-0.059609,-0.854480,1.873757
-0.146222,0.635577,1.982862
-0.130964,0.469591,1.997281
-0.292495,0.320422,1.946852
-0.013972,0.330059,1.938938
-0.318632,0.132345,1.823590
0.000930,0.132504,1.834741
-0.036479,0.110745,1.834741
-0.284865,0.140352,1.826015
0.040741,0.157195,1.823712
-0.383127,0.220509,1.841682
-0.135440,0.092636,1.961956
-0.140031,0.030940,1.900205
-0.205831,-0.034611,1.885887
-0.077302,-0.028010,1.883798
-0.219972,-0.430260,1.931196
-0.063349,-0.410168,1.906897
-0.193279,-0.779026,1.946437
-0.056040,-0.807330,1.948434
-0.198368,-0.810215,1.866843
-0.059883,-0.850209,1.874439
-0.146571,0.635472,1.982783
-0.131278,0.469389,1.997604
-0.292909,0.319830,1.947454
-0.014144,0.329283,1.939495
-0.318842,0.132175,1.824491
0.000802,0.132102,1.835428
-0.037547,0.111066,1.835428
-0.284468,0.139977,1.825556
0.039680,0.156129,1.823980
-0.383123,0.219501,1.842198
-0.135780,0.092162,1.962497
-0.140332,0.030413,1.900790
-0.206171,-0.035148,1.886728
-0.077542,-0.028524,1.884255
-0.220051,-0.430424,1.932169
-0.063323,-0.410326,1.907464
-0.193007,-0.776351,1.948722
-0.056339,-0.803722,1.949260
-0.198159,-0.807551,1.868284
-0.060167,-0.845614,1.875034
-0.146911,0.635370,1.982725
-0.131587,0.469190,1.997934
-0.293303,0.319285,1.948032
-0.014304,0.328567,1.940023
-0.319029,0.132063,1.825322
0.000670,0.131763,1.836053
-0.038571,0.111473,1.836053
-0.284076,0.139702,1.825064
0.038662,0.155178,1.824190
-0.383121,0.218583,1.842667
-0.136107,0.091716,1.963038
-0.140620,0.029919,1.901372
-0.206493,-0.035647,1.887538
-0.077773,-0.029013,1.884724
-0.220122,-0.430567,1.933065
-0.063300,-0.410494,1.908029
-0.192758,-0.773774,1.950857
-0.056638,-0.799908,1.950012
-0.197958,-0.804984,1.869668
-0.060446,-0.840800,1.875546
-0.147248,0.635269,1.982686
-0.131888,0.468997,1.998268
-0.293676,0.318785,1.948588
-0.014458,0.327910,1.940518
-0.319196,0.132005,1.826091
0.000531,0.131496,1.836614
-0.039559,0.111956,1.836614
-0.283691,0.139512,1.824542
0.037682,0.154334,1.824346
-0.383119,0.217745,1.843092
-0.136422,0.091296,1.963574
-0.140897,0.029456,1.901946
-0.206797,-0.036108,1.888316
-0.077998,-0.029479,1.885200
-0.220184,-0.430692,1.933889
-0.063280,-0.410647,1.908580
-0.192534,-0.771301,1.952846
-0.056947,-0.795979,1.950692
-0.197770,-0.802521,1.870994
-0.060738,-0.835883,1.875982
-0.147579,0.635169,1.982665
-0.132185,0.468808,1.998608
-0.294032,0.318326,1.949125
-0.014604,0.327303,1.940979
-0.319345,0.131998,1.826803
0.000391,0.131282,1.837117
-0.040506,0.112505,1.837117
-0.283372,0.139285,1.823998
0.036739,0.153589,1.824453
-0.383119,0.216978,1.843476
-0.136723,0.090900,1.964103
-0.141162,0.029021,1.902511
-0.207085,-0.036535,1.889060
-0.078215,-0.029921,1.885680
-0.220240,-0.430799,1.934646
-0.063264,-0.410794,1.909118
-0.192331,-0.768940,1.954692
-0.057251,-0.791991,1.951303
-0.197595,-0.800168,1.872258
-0.061028,-0.830934,1.876349
-0.147907,0.635069,1.982657
-0.132478,0.468622,1.998947
-0.294370,0.317907,1.949640
-0.014741,0.326744,1.941412
-0.319478,0.132038,1.827463
0.000246,0.131124,1.837566
-0.041418,0.113108,1.837566
-0.283005,0.139221,1.823437
0.035828,0.152934,1.824516
-0.383120,0.216279,1.843825
-0.137011,0.090528,1.964623
-0.141416,0.028615,1.903064
-0.207356,-0.036930,1.889772
-0.078424,-0.030340,1.886159
-0.220289,-0.430891,1.935343
-0.063251,-0.410919,1.909637
-0.192155,-0.766683,1.956401
-0.057551,-0.787998,1.951851
-0.197437,-0.797918,1.873455
-0.061315,-0.826018,1.876653
-0.148229,0.634973,1.982664
-0.132773,0.468441,1.999287
-0.294693,0.317524,1.950135
-0.014870,0.326230,1.941818
-0.319595,0.132120,1.828075
0.000095,0.131019,1.837968
-0.042294,0.113754,1.837968
-0.282642,0.139228,1.822862
0.034947,0.152362,1.824538
-0.383123,0.215642,1.844140
-0.137290,0.090180,1.965132
-0.141659,0.028236,1.903604
-0.207613,-0.037294,1.890450
-0.078627,-0.030736,1.886637
-0.220333,-0.430970,1.935983
-0.063246,-0.411024,1.910138
-0.191998,-0.764541,1.957979
-0.057846,-0.784042,1.952338
-0.197290,-0.795782,1.874587
-0.061595,-0.821190,1.876902
-0.148545,0.634878,1.982684
-0.133068,0.468264,1.999626
-0.295000,0.317174,1.950608
-0.014992,0.325757,1.942197
-0.319702,0.132241,1.828641
-0.000062,0.130965,1.838322
-0.043139,0.114439,1.838322
-0.282286,0.139299,1.822275
0.034091,0.151867,1.824520
-0.383127,0.215061,1.844427
-0.137559,0.089854,1.965629
-0.141894,0.027883,1.904128
-0.207856,-0.037630,1.891095
-0.078823,-0.031111,1.887108
-0.220371,-0.431037,1.936571
-0.063245,-0.411127,1.910623
-0.191859,-0.762515,1.959434
-0.058132,-0.780161,1.952770
-0.197155,-0.793761,1.875654
-0.061867,-0.816492,1.877101
-0.148855,0.634785,1.982715
-0.133364,0.468091,1.999959
-0.295291,0.316853,1.951055
-0.015108,0.325321,1.942548
-0.319797,0.132386,1.829160
-0.000227,0.130951,1.838629
-0.043951,0.115154,1.838629
-0.281937,0.139428,1.821680
0.033261,0.151443,1.824466
-0.383131,0.214532,1.844686
-0.137817,0.089547,1.966111
-0.142119,0.027553,1.904635
-0.208086,-0.037939,1.891707
-0.079012,-0.031466,1.887574
-0.220406,-0.431093,1.937111
-0.063244,-0.411232,1.911095
-0.191739,-0.760597,1.960771
-0.058407,-0.776388,1.953151
-0.197033,-0.791849,1.876655
-0.062128,-0.811960,1.877259
-0.149158,0.634694,1.982756
-0.133653,0.467923,2.000287
-0.295570,0.316558,1.951478
-0.015217,0.324920,1.942874
-0.319880,0.132556,1.829636
-0.000397,0.130981,1.838889
-0.044730,0.115899,1.838889
-0.281593,0.139612,1.821078
0.032456,0.151086,1.824380
-0.383136,0.214050,1.844921
-0.138067,0.089259,1.966577
-0.142335,0.027244,1.905125
-0.208305,-0.038226,1.892286
-0.079195,-0.031803,1.888029
-0.220436,-0.431139,1.937606
-0.063247,-0.411335,1.911552
-0.191640,-0.758773,1.961996
-0.058674,-0.772746,1.953486
-0.196927,-0.790031,1.877593
-0.062380,-0.807618,1.877379
-0.149456,0.634605,1.982807
-0.133937,0.467760,2.000607
-0.295838,0.316289,1.951878
-0.015321,0.324552,1.943175
-0.319952,0.132751,1.830074
-0.000578,0.131060,1.839099
-0.045476,0.116656,1.839099
-0.281258,0.139842,1.820476
0.031675,0.150787,1.824264
-0.383145,0.213611,1.845133
-0.138307,0.088988,1.967027
-0.142544,0.026955,1.905595
-0.208513,-0.038490,1.892831
-0.079373,-0.032122,1.888472
-0.220463,-0.431176,1.938059
-0.063250,-0.411430,1.911992
-0.191556,-0.757057,1.963120
-0.058933,-0.769252,1.953779
-0.196833,-0.788322,1.878471
-0.062625,-0.803485,1.877468
-0.149747,0.634520,1.982864
-0.134221,0.467603,2.000918
-0.296095,0.316044,1.952256
-0.015421,0.324212,1.943451
-0.320015,0.132970,1.830473
-0.000764,0.131170,1.839270
-0.046188,0.117421,1.839270
-0.280927,0.140121,1.819871
0.030916,0.150542,1.824119
-0.383155,0.213211,1.845323
-0.138538,0.088734,1.967458
-0.142744,0.026686,1.906046
-0.208710,-0.038734,1.893345
-0.079545,-0.032423,1.888904
-0.220487,-0.431206,1.938475
-0.063255,-0.411521,1.912416
-0.191486,-0.755446,1.964149
-0.059179,-0.765915,1.954034
-0.196750,-0.786717,1.879291
-0.062860,-0.799567,1.877529
-0.150030,0.634439,1.982925
-0.134501,0.467455,2.001217
-0.296343,0.315821,1.952612
-0.015517,0.323902,1.943707
-0.320068,0.133210,1.830836
-0.000952,0.131287,1.839420
-0.046871,0.118197,1.839420
-0.280650,0.140326,1.819260
0.030177,0.150348,1.823945
-0.383159,0.212849,1.845495
-0.138761,0.088499,1.967870
-0.142938,0.026436,1.906475
-0.208898,-0.038957,1.893826
-0.079712,-0.032706,1.889321
-0.220515,-0.431194,1.938854
-0.063264,-0.411611,1.912825
-0.191431,-0.753937,1.965088
-0.059423,-0.762735,1.954254
-0.196679,-0.785216,1.880055
-0.063092,-0.795862,1.877566
-0.150314,0.634361,1.982988
-0.134774,0.467314,2.001502
-0.296580,0.315615,1.952941
-0.015609,0.323618,1.943944
-0.320112,0.133462,1.831157
-0.001151,0.131425,1.839533
-0.047525,0.118979,1.839533
-0.280346,0.140673,1.818647
0.029457,0.150201,1.823744
-0.383167,0.212520,1.845647
-0.138979,0.088278,1.968264
-0.143125,0.026204,1.906883
-0.209078,-0.039163,1.894278
-0.079876,-0.032974,1.889722
-0.220542,-0.431173,1.939199
-0.063278,-0.411692,1.913212
-0.191391,-0.752522,1.965945
-0.059656,-0.759721,1.954443
-0.196618,-0.783809,1.880764
-0.063308,-0.792377,1.877583
-0.150596,0.634287,1.983052
-0.135041,0.467180,2.001772
-0.296808,0.315425,1.953242
-0.015698,0.323358,1.944163
-0.320152,0.133720,1.831439
-0.001354,0.131582,1.839615
-0.048152,0.119759,1.839615
-0.280050,0.141054,1.818040
0.028755,0.150096,1.823522
-0.383173,0.212222,1.845783
-0.139191,0.088073,1.968637
-0.143307,0.025987,1.907270
-0.209250,-0.039351,1.894698
-0.080035,-0.033225,1.890109
-0.220606,-0.431961,1.939678
-0.063297,-0.411772,1.913580
-0.191333,-0.751429,1.966730
-0.059875,-0.756876,1.954602
-0.194858,-0.784050,1.884924
-0.063507,-0.789111,1.877581
-0.150875,0.634219,1.983113
-0.135302,0.467052,2.002017
-0.297031,0.315254,1.953521
-0.015785,0.323123,1.944367
-0.320183,0.133994,1.831689
-0.001584,0.131757,1.839660
-0.048749,0.120539,1.839660
-0.279783,0.141458,1.817437
0.028073,0.150032,1.823281
-0.383180,0.211950,1.845904
-0.139402,0.087884,1.968988
-0.143488,0.025789,1.907634
-0.209420,-0.039523,1.895089
-0.080197,-0.033460,1.890478
-0.220634,-0.432112,1.939990
-0.063335,-0.411886,1.913947
-0.191310,-0.750239,1.967437
-0.060090,-0.754208,1.954735
-0.194522,-0.783095,1.886130
-0.063698,-0.786068,1.877563
-0.151177,0.634158,1.983161
-0.135571,0.466933,2.002234
-0.297249,0.315097,1.953769
-0.015880,0.322911,1.944549
-0.320218,0.134271,1.831899
-0.001840,0.131961,1.839663
-0.049337,0.121308,1.839663
-0.279541,0.141888,1.816828
0.027392,0.150001,1.823011
-0.383186,0.211705,1.846009
-0.139618,0.087708,1.969316
-0.143673,0.025603,1.907974
-0.209591,-0.039681,1.895454
-0.080368,-0.033681,1.890825
-0.220661,-0.432246,1.940274
-0.063383,-0.412014,1.914305
-0.191300,-0.749130,1.968077
-0.060314,-0.751721,1.954845
-0.194213,-0.782278,1.887210
-0.063898,-0.783251,1.877535
-0.151487,0.634106,1.983199
-0.135869,0.466820,2.002419
-0.297476,0.314962,1.953995
-0.015981,0.322719,1.944714
-0.320257,0.134569,1.832082
-0.002121,0.132189,1.839627
-0.049920,0.122065,1.839627
-0.279325,0.142280,1.816206
0.026709,0.150001,1.822708
-0.383201,0.211473,1.846090
-0.139846,0.087550,1.969622
-0.143869,0.025434,1.908294
-0.209770,-0.039823,1.895797
-0.080547,-0.033886,1.891153
-0.220705,-0.432313,1.940522
-0.063446,-0.412147,1.914649
-0.191305,-0.748087,1.968649
-0.060548,-0.749402,1.954931
-0.193958,-0.781439,1.888194
-0.064105,-0.780641,1.877491
-0.151816,0.634062,1.983218
-0.136187,0.466712,2.002578
-0.297721,0.314843,1.954194
-0.016091,0.322547,1.944862
-0.320323,0.134875,1.832234
-0.002439,0.132423,1.839571
-0.050540,0.122824,1.839571
-0.279147,0.142580,1.815577
0.025992,0.150037,1.822375
-0.383226,0.211252,1.846149
-0.140090,0.087403,1.969911
-0.144077,0.025276,1.908596
-0.209962,-0.039954,1.896122
-0.080739,-0.034080,1.891465
-0.220754,-0.432355,1.940742
-0.063525,-0.412293,1.914979
-0.191330,-0.747102,1.969156
-0.060789,-0.747239,1.954993
-0.193721,-0.780713,1.889079
-0.064314,-0.778226,1.877435
-0.152179,0.634024,1.983208
-0.136570,0.466605,2.002688
-0.298002,0.314740,1.954363
-0.016227,0.322389,1.944988
-0.320419,0.135191,1.832355
-0.002819,0.132679,1.839456
-0.051209,0.123585,1.839456
-0.278998,0.142868,1.814903
0.025228,0.150106,1.821987
-0.383270,0.211044,1.846183
-0.140374,0.087265,1.970183
-0.144320,0.025126,1.908884
-0.210190,-0.040079,1.896432
-0.080962,-0.034270,1.891765
-0.220888,-0.432965,1.940961
-0.063650,-0.412487,1.915304
-0.191326,-0.746318,1.969630
-0.061067,-0.745213,1.955025
-0.193494,-0.780110,1.889887
-0.063865,-0.776378,1.879079
-0.152610,0.633992,1.983152
-0.137002,0.466502,2.002755
-0.298320,0.314661,1.954501
-0.016388,0.322251,1.945098
-0.320548,0.135530,1.832448
-0.003287,0.132913,1.839324
-0.051923,0.124351,1.839324
-0.278881,0.143118,1.814218
0.024425,0.150209,1.821569
-0.383375,0.210815,1.846191
-0.140711,0.087147,1.970438
-0.144613,0.024995,1.909158
-0.210467,-0.040183,1.896731
-0.081238,-0.034443,1.892058
-0.221035,-0.433644,1.941159
-0.063818,-0.412688,1.915608
-0.191330,-0.745610,1.970057
-0.061353,-0.743323,1.955035
-0.192233,-0.780575,1.893037
-0.063356,-0.774758,1.880801
-0.153220,0.633977,1.982992
-0.137493,0.466393,2.002766
-0.298685,0.314600,1.954608
-0.016579,0.322129,1.945188
-0.320754,0.135898,1.832509
-0.003899,0.133133,1.839134
-0.052755,0.125130,1.839134
-0.278885,0.143175,1.813488
0.023525,0.150346,1.821097
-0.383784,0.210202,1.846088
-0.141112,0.087041,1.970674
-0.144969,0.024874,1.909420
-0.210818,-0.040278,1.897024
-0.081578,-0.034610,1.892339
-0.221176,-0.434473,1.941337
-0.064058,-0.412944,1.915891
-0.191349,-0.744991,1.970442
-0.061650,-0.741593,1.955016
-0.191215,-0.780707,1.895304
-0.063047,-0.773278,1.881934
-0.153913,0.633959,1.982773
-0.138068,0.466282,2.002716
-0.299118,0.314560,1.954685
-0.016823,0.322022,1.945253
-0.320987,0.136279,1.832549
-0.004647,0.133327,1.838896
-0.053614,0.125890,1.838896
-0.278983,0.143160,1.812743
0.022598,0.150502,1.820595
-0.384258,0.209526,1.845953
-0.141603,0.086943,1.970895
-0.145416,0.024759,1.909674
-0.211275,-0.040370,1.897317
-0.082003,-0.034778,1.892618
-0.221322,-0.435366,1.941484
-0.064902,-0.413696,1.916125
-0.191381,-0.744446,1.970778
-0.061967,-0.740041,1.954971
-0.190105,-0.780892,1.897649
-0.062729,-0.771998,1.883023
-0.154706,0.633939,1.982482
-0.138802,0.466162,2.002566
-0.299622,0.314534,1.954721
-0.017153,0.321927,1.945279
-0.321355,0.136683,1.832553
-0.005564,0.133522,1.838595
-0.054659,0.126659,1.838595
-0.279193,0.143078,1.811969
0.021527,0.150686,1.820049
-0.384785,0.208799,1.845793
-0.142237,0.086859,1.971103
-0.146006,0.024650,1.909927
-0.211883,-0.040453,1.897621
-0.082566,-0.034943,1.892905
-0.221478,-0.436241,1.941556
-0.068054,-0.415135,1.915770
-0.191428,-0.743954,1.971054
-0.062452,-0.738521,1.954685
-0.189042,-0.781146,1.899984
-0.062509,-0.770823,1.883874
-0.155658,0.633901,1.982078
-0.139650,0.466023,2.002324
-0.300208,0.314520,1.954711
-0.017599,0.321861,1.945266
-0.321911,0.137113,1.832519
-0.006633,0.133704,1.838234
-0.055950,0.127415,1.838234
-0.279513,0.142931,1.811129
0.020274,0.150881,1.819438
-0.385377,0.208021,1.845605
-0.142999,0.086789,1.971295
-0.146731,0.024552,1.910175
-0.212635,-0.040522,1.897934
-0.083274,-0.035099,1.893198
-0.221686,-0.437035,1.941580
-0.071672,-0.416643,1.915192
-0.191489,-0.743487,1.971279
-0.063158,-0.736991,1.954000
-0.188053,-0.781401,1.902282
-0.062335,-0.769730,1.884551
-0.156771,0.633810,1.981519
-0.140647,0.465863,2.001973
-0.300879,0.314508,1.954651
-0.018147,0.321810,1.945207
-0.322561,0.137533,1.832469
-0.007878,0.133872,1.837801
-0.057377,0.128134,1.837801
-0.279963,0.142714,1.810218
0.018915,0.151075,1.818760
-0.386040,0.207193,1.845391
-0.143876,0.086724,1.971467
-0.147566,0.024453,1.910415
-0.213499,-0.040587,1.898249
-0.084089,-0.035261,1.893492
-0.221916,-0.437792,1.941573
-0.075602,-0.417178,1.913483
-0.191580,-0.743051,1.971451
-0.064198,-0.735171,1.952517
-0.187109,-0.781660,1.904541
-0.063113,-0.767988,1.883382
-0.158117,0.633690,1.980737
-0.141834,0.465684,2.001432
-0.301710,0.314504,1.954517
-0.018883,0.321777,1.945034
-0.323324,0.137960,1.832390
-0.009334,0.134034,1.837243
-0.058953,0.128715,1.837243
-0.280567,0.142427,1.809228
0.017438,0.151201,1.818008
-0.386711,0.206341,1.845152
-0.144921,0.086682,1.971596
-0.148590,0.024370,1.910630
-0.214578,-0.040642,1.898566
-0.085086,-0.035411,1.893764
-0.222237,-0.438482,1.941504
-0.080182,-0.417590,1.911020
-0.191727,-0.742598,1.971539
-0.064920,-0.734899,1.950283
-0.186639,-0.781635,1.905806
-0.063583,-0.767921,1.881384
-0.159693,0.633582,1.979707
-0.143208,0.465491,2.000679
-0.302679,0.314494,1.954292
-0.019745,0.321755,1.944758
-0.324180,0.138366,1.832276
-0.011039,0.134167,1.836532
-0.060647,0.129216,1.836532
-0.281061,0.142216,1.808181
0.015868,0.151298,1.817199
-0.387317,0.205504,1.844889
-0.146133,0.086670,1.971666
-0.149787,0.024306,1.910804
-0.215841,-0.040684,1.898869
-0.086251,-0.035543,1.894001
-0.223126,-0.438416,1.941148
-0.085264,-0.417788,1.907810
-0.191951,-0.742119,1.971530
-0.065692,-0.734901,1.947455
-0.186305,-0.781544,1.906851
-0.064170,-0.768130,1.878639
-0.161459,0.633504,1.978423
-0.144830,0.465293,1.999604
-0.303856,0.314508,1.953889
-0.020869,0.321777,1.944254
-0.325283,0.138791,1.832066
-0.012984,0.134278,1.835619
-0.062638,0.129632,1.835619
-0.282003,0.141823,1.806999
0.014087,0.151358,1.816282
-0.387992,0.204634,1.844547
-0.147539,0.086688,1.971623
-0.151182,0.024258,1.910888
-0.217302,-0.040712,1.899111
-0.087601,-0.035658,1.894161
-0.223982,-0.438810,1.940697
-0.090969,-0.417513,1.903391
-0.192451,-0.741387,1.971210
-0.066656,-0.735516,1.940144
-0.185785,-0.781513,1.908382
-0.065057,-0.769017,1.871002
-0.163426,0.633426,1.976793
-0.146730,0.465085,1.998149
-0.305231,0.314523,1.953283
-0.022203,0.321817,1.943514
-0.326522,0.139185,1.831770
-0.015159,0.134348,1.834520
-0.064789,0.129961,1.834520
-0.283156,0.141360,1.805699
0.012184,0.151381,1.815271
-0.388737,0.203727,1.844123
-0.149106,0.086743,1.971452
-0.152723,0.024235,1.910872
-0.218895,-0.040722,1.899286
-0.089082,-0.035752,1.894224
-0.224914,-0.439190,1.940160
-0.096910,-0.416967,1.898337
-0.193088,-0.740628,1.970717
-0.067741,-0.736296,1.931671
-0.185290,-0.781460,1.909801
-0.066120,-0.770141,1.862038
-0.165782,0.633265,1.974414
-0.149034,0.464761,1.996016
-0.306894,0.314572,1.952349
-0.023915,0.321786,1.942207
-0.328077,0.139573,1.831235
-0.017726,0.134384,1.833032
-0.067374,0.130101,1.833032
-0.284673,0.140670,1.803986
0.009984,0.151305,1.813979
-0.389594,0.202671,1.843527
-0.150882,0.086849,1.971012
-0.154486,0.024259,1.910622
-0.220683,-0.040703,1.899276
-0.090763,-0.035797,1.894067
-0.226021,-0.439410,1.939236
-0.103158,-0.415801,1.892015
-0.194226,-0.739562,1.969613
-0.069545,-0.736859,1.917514
-0.184822,-0.781270,1.911020
-0.068004,-0.771358,1.846854
-0.168711,0.632928,1.970441
-0.151924,0.464260,1.992418
-0.309177,0.314472,1.950299
-0.026341,0.321587,1.939560
-0.330107,0.139821,1.830031
-0.021306,0.134189,1.829911
-0.070612,0.129996,1.829911
-0.286928,0.139824,1.801203
0.007353,0.151101,1.812021
-0.390560,0.201543,1.842494
-0.153212,0.086850,1.969541
-0.156798,0.024165,1.909407
-0.223009,-0.040803,1.898390
-0.092944,-0.035947,1.893001
-0.227941,-0.438557,1.936459
-0.109598,-0.414712,1.884263
-0.196692,-0.735355,1.966132
-0.071715,-0.737545,1.898538
-0.184656,-0.780369,1.911948
-0.070217,-0.772667,1.826374
-0.171947,0.632484,1.965530
-0.155061,0.463677,1.988047
-0.311726,0.314364,1.947783
-0.029132,0.321285,1.936066
-0.332434,0.140041,1.828334
-0.025283,0.133944,1.825974
-0.074335,0.129642,1.825974
-0.288668,0.139183,1.797444
0.004385,0.150767,1.809451
-0.391621,0.200339,1.841104
-0.155780,0.086836,1.967502
-0.159391,0.024055,1.907650
-0.225623,-0.040929,1.897000
-0.095401,-0.036116,1.891399
-0.229946,-0.437509,1.933341
-0.116029,-0.413512,1.875685
-0.199380,-0.730691,1.962199
-0.073930,-0.738378,1.878808
-0.187735,-0.775230,1.907762
-0.072533,-0.774135,1.805113
-0.175356,0.631990,1.959954
-0.158437,0.463024,1.982800
-0.314584,0.314194,1.944487
-0.032235,0.320922,1.931628
-0.335064,0.140141,1.825981
-0.030036,0.133622,1.820300
-0.078324,0.129076,1.820300
-0.291712,0.137970,1.792962
0.001203,0.150317,1.806399
-0.393155,0.198876,1.839214
-0.158667,0.086806,1.964602
-0.162327,0.023939,1.905044
-0.228540,-0.041060,1.894910
-0.098257,-0.036305,1.888802
-0.232070,-0.436232,1.929815
-0.122293,-0.412285,1.866452
-0.202241,-0.725710,1.957901
-0.076275,-0.739330,1.858232
-0.189674,-0.771832,1.905205
-0.075004,-0.775700,1.782939
-0.178976,0.631182,1.952638
-0.162212,0.462139,1.975782
-0.318072,0.313665,1.938875
-0.035980,0.320240,1.924803
-0.338371,0.140047,1.821589
-0.035285,0.133026,1.812608
-0.082843,0.128337,1.812608
-0.295238,0.136903,1.786527
-0.002372,0.149782,1.802152
-0.394978,0.197463,1.836486
-0.162117,0.086478,1.959521
-0.165840,0.023545,1.900220
-0.232097,-0.041451,1.890384
-0.101634,-0.036756,1.884184
-0.234541,-0.434760,1.925270
-0.128570,-0.411247,1.855355
-0.205271,-0.720343,1.953074
-0.078460,-0.740817,1.837804
-0.191856,-0.768059,1.902056
-0.077162,-0.777776,1.760968
-0.182681,0.630283,1.944511
-0.166042,0.461164,1.967701
-0.321713,0.313065,1.932412
-0.039794,0.319564,1.917273
-0.341961,0.139939,1.816200
-0.040693,0.132472,1.803551
-0.087956,0.127271,1.803551
-0.298999,0.136072,1.777938
-0.006402,0.149063,1.796555
-0.397069,0.196144,1.833052
-0.165778,0.086165,1.953396
-0.169576,0.023184,1.894371
-0.235868,-0.041807,1.884890
-0.105291,-0.037185,1.878469
-0.237207,-0.433019,1.919778
-0.134272,-0.410104,1.843317
-0.208331,-0.714903,1.948026
-0.080707,-0.742437,1.818016
-0.194185,-0.764108,1.898523
-0.079443,-0.780054,1.739838
-0.186545,0.629371,1.935349
-0.169944,0.460181,1.958628
-0.325509,0.312394,1.924726
-0.043784,0.318973,1.908617
-0.345973,0.139840,1.809403
-0.046138,0.131967,1.793436
-0.093251,0.126487,1.793436
-0.302949,0.135313,1.768345
-0.010653,0.148500,1.790188
-0.399429,0.194826,1.828852
-0.169687,0.085842,1.945690
-0.173586,0.022862,1.886867
-0.239914,-0.042121,1.877590
-0.109260,-0.037529,1.871105
-0.239971,-0.430951,1.913413
-0.139618,-0.408898,1.831139
-0.211351,-0.709498,1.942699
-0.082758,-0.743951,1.798442
-0.196618,-0.760039,1.894566
-0.081499,-0.782151,1.718925
-0.190462,0.628371,1.925140
-0.173890,0.459126,1.948274
-0.329464,0.311560,1.915415
-0.047971,0.318243,1.898126
-0.350217,0.139606,1.800997
-0.051730,0.131324,1.781918
-0.098735,0.125728,1.781918
-0.307153,0.135141,1.756851
-0.015151,0.147948,1.782501
-0.401952,0.193851,1.823706
-0.173588,0.085389,1.936440
-0.177598,0.022415,1.877797
-0.243930,-0.042590,1.868843
-0.113236,-0.037943,1.862019
-0.242768,-0.428815,1.906052
-0.144548,-0.407746,1.818172
-0.214312,-0.704089,1.936961
-0.084550,-0.745545,1.779902
-0.199153,-0.755837,1.890104
-0.083294,-0.784298,1.699255
-0.194492,0.627427,1.912477
-0.178054,0.458146,1.935096
-0.333709,0.310781,1.903048
-0.052466,0.317607,1.884296
-0.355042,0.139449,1.789129
-0.058189,0.130782,1.764759
-0.104931,0.126133,1.764759
-0.312059,0.135027,1.740693
-0.020273,0.148062,1.771839
-0.404867,0.192808,1.816294
-0.177663,0.084775,1.923403
-0.181803,0.021823,1.864790
-0.248128,-0.043193,1.856040
-0.117383,-0.038491,1.848875
-0.245754,-0.426344,1.893772
-0.148887,-0.406643,1.802434
-0.217235,-0.698700,1.929427
-0.086133,-0.747288,1.762421
-0.201821,-0.751529,1.884220
-0.084956,-0.786591,1.680941
-0.198409,0.626571,1.899258
-0.182008,0.457278,1.921123
-0.337857,0.309897,1.889388
-0.056947,0.316940,1.869257
-0.359987,0.139278,1.776146
-0.064320,0.130333,1.747675
-0.110991,0.126368,1.747675
-0.316935,0.135296,1.724098
-0.025474,0.148097,1.760455
-0.407855,0.191997,1.807986
-0.181548,0.084165,1.909388
-0.185821,0.021224,1.850797
-0.252104,-0.043767,1.842283
-0.121381,-0.039028,1.834708
-0.248615,-0.423799,1.879906
-0.153064,-0.405586,1.786991
-0.219203,-0.696397,1.924260
-0.087279,-0.748885,1.745241
-0.203809,-0.749954,1.879328
-0.086157,-0.788657,1.663013
-0.202299,0.625602,1.882996
-0.186012,0.456571,1.903746
-0.341863,0.308693,1.871369
-0.061576,0.316355,1.850300
-0.364891,0.138838,1.758831
-0.070250,0.130409,1.726286
-0.116545,0.126664,1.726286
-0.321652,0.136179,1.704888
-0.030559,0.148176,1.747055
-0.410782,0.191492,1.797384
-0.185283,0.083429,1.891482
-0.189630,0.020466,1.832840
-0.255725,-0.044417,1.824409
-0.125222,-0.039634,1.816751
-0.251211,-0.421069,1.856961
-0.157304,-0.405741,1.768288
-0.221227,-0.694973,1.917083
-0.087696,-0.750413,1.730060
-0.206194,-0.748992,1.871698
-0.086791,-0.790361,1.647345
-0.205930,0.624540,1.866146
-0.189718,0.455875,1.885900
-0.345568,0.307336,1.852780
-0.065907,0.315673,1.830775
-0.369636,0.138217,1.741007
-0.075719,0.130518,1.705267
-0.120945,0.126757,1.705267
-0.326149,0.137096,1.690738
-0.035582,0.148227,1.733098
-0.413634,0.191047,1.785876
-0.188701,0.082417,1.872880
-0.193130,0.019380,1.814145
-0.259041,-0.045387,1.806045
-0.128750,-0.040566,1.797715
-0.253889,-0.418816,1.830752
-0.161091,-0.406054,1.749958
-0.223129,-0.694748,1.907647
-0.087595,-0.751912,1.715524
-0.208669,-0.748989,1.861402
-0.086960,-0.791968,1.632450
-0.209298,0.623050,1.846915
-0.193222,0.455065,1.865108
-0.348914,0.305779,1.831520
-0.070212,0.314777,1.807609
-0.374395,0.137318,1.721155
-0.080537,0.130581,1.682015
-0.126233,0.125952,1.682015
-0.330232,0.137283,1.668926
-0.040872,0.147662,1.716721
-0.416303,0.190114,1.771910
-0.191841,0.081131,1.851662
-0.196452,0.017966,1.792929
-0.262131,-0.046597,1.785367
-0.132152,-0.041776,1.776215
-0.257776,-0.416401,1.793044
-0.162240,-0.405893,1.729367
-0.224788,-0.695424,1.893406
-0.088595,-0.753294,1.703289
-0.211202,-0.749143,1.845790
-0.088153,-0.793594,1.619994
-0.212399,0.621290,1.827113
-0.196383,0.454221,1.844155
-0.351840,0.304141,1.809970
-0.074092,0.313927,1.785018
-0.378904,0.136277,1.701253
-0.084646,0.130629,1.659405
-0.130385,0.125404,1.659405
-0.333715,0.137584,1.653019
-0.045989,0.146987,1.700180
-0.418837,0.189311,1.757528
-0.194620,0.079796,1.830382
-0.199342,0.016496,1.771657
-0.264773,-0.047854,1.764494
-0.135122,-0.043038,1.754754
-0.261408,-0.414074,1.754060
-0.162856,-0.405829,1.709963
-0.226203,-0.696537,1.877573
-0.089594,-0.754610,1.692104
-0.213579,-0.749432,1.828296
-0.089323,-0.795136,1.608640
-0.215202,0.619266,1.807001
-0.199248,0.453451,1.823220
-0.354452,0.302583,1.788472
-0.077491,0.313168,1.762897
-0.383106,0.135223,1.681570
-0.088183,0.130709,1.637435
-0.134225,0.124793,1.637435
-0.336751,0.137567,1.637579
-0.050921,0.146222,1.683457
-0.421189,0.188316,1.742478
-0.197028,0.078550,1.809271
-0.201809,0.015114,1.750574
-0.267002,-0.049043,1.743726
-0.137636,-0.044254,1.733530
-0.264886,-0.411572,1.713995
-0.163002,-0.405774,1.691527
-0.226989,-0.698948,1.856076
-0.090723,-0.755894,1.681658
-0.215429,-0.750774,1.804850
-0.090630,-0.796642,1.598081
-0.217556,0.616777,1.784815
-0.201973,0.452500,1.799856
-0.356752,0.301161,1.765383
-0.080454,0.312245,1.738685
-0.386911,0.134115,1.660899
-0.090936,0.130988,1.614653
-0.138298,0.125494,1.614653
-0.339104,0.137701,1.615652
-0.055742,0.146507,1.665130
-0.423606,0.187447,1.725978
-0.199003,0.077285,1.786817
-0.203841,0.013666,1.728320
-0.268825,-0.050291,1.722115
-0.139628,-0.045592,1.711020
-0.268264,-0.408382,1.668663
-0.162585,-0.405831,1.673288
-0.228265,-0.702128,1.827744
-0.092319,-0.757293,1.671243
-0.218120,-0.752494,1.774167
-0.092516,-0.798299,1.587618
-0.219655,0.614188,1.762822
-0.204380,0.451561,1.777184
-0.358789,0.299875,1.743105
-0.083010,0.311326,1.715338
-0.390421,0.133071,1.640999
-0.093035,0.131387,1.592781
-0.141634,0.125847,1.592781
-0.340873,0.137813,1.599431
-0.060308,0.146879,1.647200
-0.425886,0.186602,1.709136
-0.200702,0.076118,1.765102
-0.205596,0.012333,1.706828
-0.270395,-0.051445,1.701227
-0.141331,-0.046861,1.689318
-0.271217,-0.405515,1.627203
-0.161789,-0.405894,1.655856
-0.228882,-0.706201,1.795351
-0.093912,-0.758560,1.661782
-0.220168,-0.755224,1.739306
-0.094407,-0.799791,1.578162
-0.221741,0.611095,1.738289
-0.206571,0.450338,1.752330
-0.360675,0.298798,1.720098
-0.085129,0.310080,1.690278
-0.393812,0.132052,1.621135
-0.093442,0.131585,1.569550
-0.155446,0.128762,1.569550
-0.335570,0.139904,1.566355
-0.071236,0.148540,1.621168
-0.421532,0.186992,1.684687
-0.202130,0.075126,1.742620
-0.207147,0.011151,1.684790
-0.271797,-0.052492,1.680179
-0.142798,-0.048082,1.666909
-0.274170,-0.402456,1.586190
-0.160658,-0.405928,1.638824
-0.227859,-0.711098,1.742658
-0.095722,-0.759741,1.652839
-0.220770,-0.759210,1.682275
-0.096621,-0.801199,1.569261
-0.223541,0.608099,1.714763
-0.208530,0.449144,1.728535
-0.362442,0.297884,1.698031
-0.086897,0.308853,1.666429
-0.396924,0.131072,1.602391
-0.093167,0.131769,1.547491
-0.160243,0.128898,1.547491
-0.334136,0.140281,1.544076
-0.076586,0.148563,1.601430
-0.420338,0.186412,1.662397
-0.203346,0.074271,1.721041
-0.208463,0.010139,1.663650
-0.272997,-0.053428,1.659963
-0.143999,-0.049188,1.645451
-0.276798,-0.399711,1.549057
-0.159320,-0.405930,1.622653
-0.226642,-0.715899,1.692108
-0.097624,-0.760826,1.644479
-0.221043,-0.763130,1.627902
-0.098953,-0.802491,1.560985
-0.225306,0.605069,1.689697
-0.210449,0.447829,1.702759
-0.364175,0.297243,1.675627
-0.088192,0.307752,1.642415
-0.399894,0.130104,1.584966
-0.091203,0.132201,1.525262
-0.175017,0.129517,1.525262
-0.328607,0.141032,1.510918
-0.088508,0.148942,1.574297
-0.410041,0.179973,1.614293
-0.204468,0.073784,1.698568
-0.209661,0.009498,1.641777
-0.274108,-0.054069,1.639036
-0.145044,-0.050086,1.623488
-0.279580,-0.397122,1.514502
-0.157789,-0.405784,1.606651
-0.221310,-0.719081,1.642382
-0.099767,-0.761753,1.636500
-0.216716,-0.764893,1.574962
-0.101572,-0.803608,1.553144
-0.227026,0.601958,1.664876
-0.212222,0.446531,1.678095
-0.365719,0.296772,1.654096
-0.089178,0.306868,1.619683
-0.402705,0.129232,1.568841
-0.088739,0.132711,1.504559
-0.184867,0.130616,1.504559
-0.323344,0.141014,1.479236
-0.097616,0.149662,1.547392
-0.404364,0.175598,1.582021
-0.205469,0.073428,1.677018
-0.210704,0.009018,1.620809
-0.275058,-0.054566,1.618837
-0.145936,-0.050856,1.602555
-0.282231,-0.394807,1.483407
-0.156230,-0.405595,1.591281
-0.214399,-0.721208,1.595172
-0.101886,-0.762553,1.629107
-0.210600,-0.765330,1.524996
-0.104135,-0.804571,1.545941
-0.228841,0.598854,1.637984
-0.214079,0.445403,1.652240
-0.367431,0.296787,1.632343
-0.089810,0.306725,1.596955
-0.405470,0.128615,1.554380
-0.085675,0.133125,1.484614
-0.199207,0.126277,1.484614
-0.315674,0.136930,1.443563
-0.125827,0.145867,1.491024
-0.391160,0.162339,1.531784
-0.206544,0.073610,1.654246
-0.211799,0.009144,1.598622
-0.276094,-0.054602,1.597381
-0.146833,-0.051181,1.580474
-0.284787,-0.392696,1.455179
-0.154649,-0.405051,1.575583
-0.205199,-0.721482,1.547247
-0.104433,-0.763129,1.621531
-0.202020,-0.763460,1.474321
-0.107151,-0.805313,1.538610
-0.230634,0.596010,1.612014
-0.215877,0.444472,1.627592
-0.368951,0.297083,1.611029
-0.090322,0.306801,1.575377
-0.407944,0.128168,1.541398
-0.082308,0.133426,1.465997
-0.213208,0.120570,1.465997
-0.307589,0.131643,1.411139
-0.152933,0.134383,1.439944
-0.377657,0.147455,1.483986
-0.207610,0.073880,1.632426
-0.212823,0.009350,1.577335
-0.277049,-0.054534,1.576767
-0.147670,-0.051406,1.559287
-0.287177,-0.390797,1.429596
-0.153149,-0.404461,1.560620
-0.194630,-0.720452,1.504268
-0.107105,-0.763583,1.614261
-0.192073,-0.760011,1.429139
-0.110259,-0.805922,1.531626
-0.232354,0.593419,1.586953
-0.217687,0.443647,1.603832
-0.370282,0.297518,1.590088
-0.090851,0.307013,1.554520
-0.410190,0.127824,1.529327
-0.078718,0.133649,1.448722
-0.223115,0.114892,1.448722
-0.298430,0.124793,1.385149
-0.168885,0.120921,1.398257
-0.368513,0.126094,1.428152
-0.208702,0.074109,1.611199
-0.213842,0.009502,1.556592
-0.277970,-0.054474,1.556780
-0.148530,-0.051628,1.538552
-0.289487,-0.389149,1.406243
-0.151762,-0.403882,1.546263
-0.182417,-0.715281,1.468748
-0.110001,-0.763935,1.607177
-0.180902,-0.753450,1.391693
-0.113599,-0.806419,1.524851
-0.234001,0.591113,1.562610
-0.219571,0.442970,1.580792
-0.371407,0.297886,1.569243
-0.091773,0.307377,1.533927
-0.412275,0.127351,1.517719
-0.075081,0.133846,1.432806
-0.245563,0.104651,1.432806
-0.286473,0.112555,1.355663
-0.202513,0.098653,1.346943
-0.360773,0.106265,1.377494
-0.209961,0.074185,1.590385
-0.215048,0.009449,1.536201
-0.278983,-0.054496,1.537221
-0.149690,-0.051919,1.518177
-0.291628,-0.387808,1.385149
-0.150574,-0.403355,1.532368
-0.179967,-0.712980,1.433473
-0.113275,-0.764194,1.600158
-0.179922,-0.744503,1.357917
-0.117309,-0.806821,1.518135
-0.236110,0.589156,1.536912
-0.221941,0.442458,1.555999
-0.372423,0.297979,1.545656
-0.093262,0.307794,1.511987
-0.414650,0.126256,1.504808
-0.071464,0.134059,1.418029
-0.272307,0.086984,1.418029
-0.266654,0.097899,1.324855
-0.241049,0.065794,1.294927
-0.335696,0.079623,1.328305
-0.212007,0.073890,1.567474
-0.216963,0.008926,1.513660
-0.280616,-0.054773,1.515808
-0.151737,-0.052591,1.495258
-0.293932,-0.386897,1.365244
-0.150459,-0.404572,1.516975
-0.178348,-0.710974,1.401033
-0.116374,-0.765196,1.590713
-0.179800,-0.735674,1.327110
-0.120682,-0.807689,1.509045
-0.237608,0.587529,1.516714
-0.224249,0.442084,1.532805
-0.373405,0.298120,1.523534
-0.094915,0.308162,1.490995
-0.416972,0.125030,1.492394
-0.068046,0.134282,1.404402
-0.297758,0.068772,1.404402
-0.247497,0.083762,1.298451
-0.277848,0.034507,1.250936
-0.310709,0.053910,1.284370
-0.214137,0.073555,1.545617
-0.219037,0.008359,1.492071
-0.282515,-0.055029,1.494982
-0.153911,-0.053291,1.473466
-0.296134,-0.386152,1.347105
-0.150927,-0.405572,1.501248
-0.176862,-0.709106,1.372423
-0.120007,-0.766427,1.579970
-0.180225,-0.726829,1.299535
-0.124609,-0.808704,1.498673
-0.240303,0.585800,1.495135
-0.227126,0.442023,1.508058
-0.374586,0.298342,1.498023
-0.097434,0.308610,1.468297
-0.420147,0.122768,1.477368
-0.065370,0.134200,1.390976
-0.324743,0.048585,1.390976
-0.228693,0.064254,1.274273
-0.316211,0.001526,1.214823
-0.285830,0.024776,1.240462
-0.217592,0.072907,1.521157
-0.222391,0.007394,1.467685
-0.285677,-0.055288,1.471011
-0.157460,-0.054320,1.449340
-0.298563,-0.385721,1.329606
-0.153023,-0.406781,1.479246
-0.175512,-0.707326,1.347250
-0.124946,-0.768352,1.561828
-0.181412,-0.718034,1.274669
-0.129661,-0.810442,1.481032
-0.242436,0.584484,1.475356
-0.230111,0.442039,1.484794
-0.375673,0.298573,1.473928
-0.100126,0.308982,1.446752
-0.423362,0.120375,1.462752
-0.063027,0.134014,1.378528
-0.350007,0.029119,1.378528
-0.209746,0.049374,1.253084
-0.350494,-0.028686,1.184246
-0.261821,0.000630,1.204185
-0.221074,0.072179,1.498138
-0.225761,0.006331,1.444732
-0.288816,-0.055614,1.448400
-0.161085,-0.055391,1.426587
-0.300044,-0.385808,1.313454
-0.157017,-0.408831,1.453872
-0.176292,-0.709071,1.320333
-0.132520,-0.771042,1.536879
-0.183435,-0.717127,1.247170
-0.137292,-0.812622,1.456625
-0.243012,0.583294,1.457924
-0.234081,0.442031,1.460045
-0.375657,0.298713,1.446407
-0.103857,0.309174,1.423866
-0.427571,0.116898,1.445174
-0.061503,0.133520,1.365773
-0.374949,0.009075,1.365773
-0.192062,0.033413,1.233884
-0.382370,-0.057794,1.158036
-0.238987,-0.023997,1.169773
-0.225614,0.070858,1.473319
-0.229879,0.004576,1.419983
-0.292230,-0.056134,1.423967
-0.165789,-0.056681,1.402451
-0.302309,-0.385945,1.297880
-0.163414,-0.411280,1.420784
-0.180892,-0.711492,1.294295
-0.142540,-0.774160,1.500590
-0.189067,-0.718091,1.220446
-0.146914,-0.815078,1.420987
