0.149128,0.412389,2.506316
0.170263,0.238883,2.514078
0.009022,0.093720,2.484287
0.302943,0.142248,2.448530
-0.023473,-0.159783,2.435605
0.394201,-0.125616,2.350881
-0.049840,-0.360530,2.350881
0.405753,-0.320629,2.321559
-0.046427,-0.416740,2.287511
0.401459,-0.391430,2.226627
0.172324,-0.105040,2.469241
0.164717,-0.157181,2.409900
0.098293,-0.228152,2.407572
0.229042,-0.216482,2.371270
0.107638,-0.632837,2.334148
0.212825,-0.607906,2.358715
0.137600,-1.014987,2.445432
0.219470,-0.985578,2.266722
0.126803,-1.044837,2.355610
0.212298,-1.009769,2.179876
0.150196,0.413072,2.498670
0.171045,0.239447,2.507919
0.010027,0.094539,2.478148
0.303887,0.142954,2.442991
-0.022148,-0.158679,2.429824
0.396140,-0.123066,2.346115
-0.047879,-0.360052,2.346115
0.404292,-0.317303,2.316641
-0.044379,-0.416354,2.282761
0.399880,-0.388575,2.221571
0.172910,-0.104417,2.463848
0.165256,-0.156597,2.404546
0.098793,-0.227566,2.402241
0.229495,-0.216015,2.365972
0.107731,-0.631138,2.327242
0.213512,-0.607802,2.356139
0.137020,-1.014296,2.435828
0.220921,-0.986148,2.269803
0.126487,-1.043285,2.345067
0.214098,-1.010716,2.184106
0.151190,0.413679,2.491546
0.171746,0.239945,2.502267
0.010921,0.095293,2.472493
0.304765,0.143606,2.437965
-0.020958,-0.157642,2.424574
0.397976,-0.120567,2.342063
-0.046112,-0.359587,2.342063
0.402553,-0.314043,2.312269
-0.042542,-0.416060,2.278640
0.398071,-0.385808,2.217232
0.173438,-0.103842,2.458957
0.165746,-0.156057,2.399693
0.099244,-0.227031,2.397413
0.229913,-0.215587,2.361170
0.107829,-0.629569,2.321154
0.214177,-0.607718,2.353819
0.136478,-1.013634,2.427052
0.222365,-0.986657,2.273110
0.126202,-1.041854,2.335480
0.215878,-1.011582,2.188458
0.152105,0.414217,2.484966
0.172362,0.240368,2.497064
0.011723,0.095981,2.467324
0.305579,0.144198,2.433403
-0.019896,-0.156679,2.419802
0.399703,-0.118120,2.338676
-0.044532,-0.359144,2.338676
0.400586,-0.310892,2.308419
-0.040906,-0.415851,2.275113
0.396072,-0.383149,2.213595
0.173917,-0.103313,2.454516
0.166194,-0.155561,2.395291
0.099653,-0.226540,2.393020
0.230305,-0.215193,2.356818
0.107933,-0.628136,2.315852
0.214820,-0.607653,2.351732
0.135973,-1.013004,2.419043
0.223788,-0.987106,2.276586
0.125942,-1.040538,2.326770
0.217612,-1.012368,2.192874
0.152946,0.414700,2.478930
0.172914,0.240740,2.492307
0.012444,0.096612,2.462597
0.306326,0.144738,2.429260
-0.018947,-0.155784,2.415470
0.401287,-0.115775,2.335879
-0.043130,-0.358720,2.335879
0.398525,-0.307899,2.305060
-0.039463,-0.415716,2.272137
0.393967,-0.380615,2.210480
0.174350,-0.102826,2.450484
0.166602,-0.155106,2.391296
0.100025,-0.226090,2.389036
0.230675,-0.214826,2.352881
0.108031,-0.626822,2.311302
0.215452,-0.607613,2.349868
0.135496,-1.012402,2.411728
0.225166,-0.987499,2.280149
0.125697,-1.039327,2.318852
0.219276,-1.013077,2.197275
0.153713,0.415124,2.473402
0.173399,0.241064,2.487946
0.013085,0.097187,2.458268
0.307008,0.145231,2.425495
-0.018105,-0.154965,2.411530
0.402742,-0.113488,2.333636
-0.041902,-0.358336,2.333636
0.396361,-0.305039,2.302150
-0.038204,-0.415655,2.269665
0.391760,-0.378191,2.207912
0.174739,-0.102380,2.446819
0.166971,-0.154689,2.387666
0.100359,-0.225681,2.385417
0.231022,-0.214488,2.349319
0.108121,-0.625628,2.307471
0.216062,-0.607590,2.348201
0.135061,-1.011833,2.405061
0.226500,-0.987841,2.283768
0.125478,-1.038216,2.311662
0.220871,-1.013716,2.201635
0.154409,0.415498,2.468366
0.173825,0.241344,2.483962
0.013652,0.097711,2.454299
0.307632,0.145680,2.422080
-0.017355,-0.154214,2.407951
0.404083,-0.111263,2.331919
-0.040839,-0.357988,2.331919
0.394538,-0.302412,2.299654
-0.037118,-0.415662,2.267668
0.389770,-0.375942,2.205667
0.175090,-0.101971,2.443489
0.167307,-0.154306,2.384369
0.100660,-0.225307,2.382124
0.231355,-0.214173,2.346113
0.108205,-0.624538,2.304312
0.216655,-0.607588,2.346717
0.134664,-1.011299,2.398998
0.227767,-0.988132,2.287395
0.125284,-1.037201,2.305142
0.222380,-1.014282,2.205910
0.155015,0.415834,2.463688
0.174133,0.241593,2.480197
0.014017,0.098189,2.450380
0.308188,0.146082,2.418973
-0.016845,-0.153465,2.404464
0.405914,-0.108041,2.331483
-0.039840,-0.357677,2.331483
0.392618,-0.298432,2.297090
-0.036100,-0.415580,2.265410
0.386880,-0.371539,2.203964
0.175346,-0.101564,2.440403
0.167583,-0.153935,2.381331
0.100862,-0.224938,2.379004
0.231627,-0.213893,2.343167
0.108232,-0.623516,2.301567
0.217209,-0.607619,2.345348
0.134279,-1.010745,2.393440
0.229274,-0.984932,2.292745
0.125112,-1.036231,2.299192
0.223863,-1.013121,2.210170
0.155550,0.416131,2.459436
0.174378,0.241812,2.476758
0.014291,0.098620,2.446748
0.308697,0.146447,2.416157
-0.016457,-0.152758,2.401219
0.407783,-0.104561,2.331750
-0.038953,-0.357385,2.331750
0.390523,-0.293885,2.294746
-0.035188,-0.415507,2.263321
0.382894,-0.365509,2.202487
0.175555,-0.101181,2.437591
0.167824,-0.153588,2.378567
0.101019,-0.224591,2.376142
0.231875,-0.213633,2.340502
0.108239,-0.622546,2.299323
0.217733,-0.607655,2.344115
0.133923,-1.010213,2.388384
0.230725,-0.981348,2.298133
0.124959,-1.035334,2.293791
0.225285,-1.011681,2.214334
0.156014,0.416388,2.455569
0.174574,0.242004,2.473618
0.014487,0.099010,2.443383
0.309168,0.146782,2.413610
-0.016199,-0.152083,2.398193
0.409695,-0.100774,2.332729
-0.038168,-0.357111,2.332729
0.388265,-0.288568,2.292609
-0.034380,-0.415455,2.261417
0.378476,-0.358212,2.201074
0.175720,-0.100818,2.435030
0.168034,-0.153261,2.376052
0.101138,-0.224266,2.373515
0.232100,-0.213390,2.338097
0.108221,-0.621650,2.297567
0.218245,-0.607708,2.343014
0.133595,-1.009701,2.383780
0.232096,-0.977530,2.303442
0.124824,-1.034503,2.288885
0.226641,-1.010026,2.218367
0.156421,0.416610,2.452054
0.174721,0.242168,2.470751
0.014609,0.099359,2.440274
0.309607,0.147086,2.411316
-0.016063,-0.151439,2.395352
0.411784,-0.096673,2.334443
-0.037494,-0.356843,2.334443
0.385667,-0.282389,2.290635
-0.033681,-0.415427,2.259669
0.372947,-0.348813,2.199928
0.175842,-0.100474,2.432699
0.168215,-0.152953,2.373764
0.101220,-0.223959,2.371101
0.232305,-0.213164,2.335932
0.108170,-0.620809,2.296227
0.218744,-0.607778,2.342032
0.133290,-1.009208,2.379589
0.233388,-0.973565,2.308625
0.124705,-1.033731,2.284428
0.227931,-1.008194,2.222264
0.156777,0.416802,2.448859
0.174798,0.242290,2.468122
0.014652,0.099664,2.437361
0.310020,0.147382,2.409283
-0.016057,-0.150821,2.392676
0.414273,-0.091774,2.337627
-0.036942,-0.356567,2.337627
0.382607,-0.274060,2.288787
-0.033074,-0.415414,2.258069
0.366057,-0.334810,2.199016
0.175910,-0.100143,2.430577
0.168362,-0.152657,2.371682
0.101263,-0.223667,2.368873
0.232485,-0.212949,2.333989
0.108094,-0.620017,2.295269
0.219229,-0.607864,2.341158
0.133010,-1.008728,2.375777
0.234605,-0.969528,2.313615
0.124605,-1.033004,2.280383
0.229174,-1.006216,2.226007
0.157083,0.416965,2.445958
0.174809,0.242383,2.465727
0.014626,0.099937,2.434640
0.310406,0.147655,2.407484
-0.016202,-0.150210,2.390095
0.416769,-0.086827,2.341292
-0.036487,-0.356297,2.341292
0.378467,-0.263699,2.287074
-0.032559,-0.415412,2.256593
0.360783,-0.324532,2.197985
0.175924,-0.099828,2.428645
0.168476,-0.152375,2.369788
0.101262,-0.223388,2.366806
0.232639,-0.212749,2.332252
0.108013,-0.619308,2.294652
0.219697,-0.607958,2.340380
0.132753,-1.008261,2.372309
0.235670,-0.965500,2.318363
0.124525,-1.032319,2.276713
0.230323,-1.004137,2.229576
0.157350,0.417112,2.443329
0.174767,0.242452,2.463547
0.014538,0.100174,2.432108
0.310767,0.147906,2.405926
-0.016473,-0.149640,2.387609
0.419186,-0.081975,2.345264
-0.036156,-0.356026,2.345264
0.373056,-0.251269,2.285429
-0.032144,-0.415430,2.255207
0.354610,-0.312755,2.197140
0.175891,-0.099522,2.426894
0.168562,-0.152100,2.368070
0.101226,-0.223114,2.364888
0.232772,-0.212555,2.330714
0.107920,-0.618665,2.294345
0.220153,-0.608031,2.339676
0.132512,-1.007797,2.369154
0.236619,-0.961528,2.322837
0.124460,-1.031662,2.273388
0.231595,-1.000785,2.233786
0.157580,0.417235,2.440943
0.174678,0.242497,2.461564
0.014399,0.100382,2.429754
0.311120,0.148158,2.404662
-0.016851,-0.149018,2.385205
0.421533,-0.077171,2.349587
-0.035925,-0.355715,2.349587
0.367062,-0.237437,2.283891
-0.031844,-0.415469,2.253881
0.348187,-0.300239,2.196471
0.175809,-0.099220,2.425308
0.168620,-0.151824,2.366513
0.101165,-0.222839,2.363107
0.232887,-0.212362,2.329367
0.107820,-0.618082,2.294314
0.220590,-0.608096,2.339044
0.132284,-1.007325,2.366286
0.237479,-0.957651,2.327050
0.124416,-1.031021,2.270382
0.232650,-0.998398,2.237128
0.157776,0.417341,2.438781
0.174537,0.242519,2.459770
0.014217,0.100561,2.427568
0.311452,0.148399,2.403631
-0.017313,-0.148411,2.382897
0.423913,-0.072307,2.354434
-0.035777,-0.355407,2.354434
0.358527,-0.219452,2.282456
-0.031658,-0.415528,2.252596
0.340263,-0.285216,2.196195
0.175691,-0.098926,2.423878
0.168657,-0.151553,2.365105
0.101087,-0.222568,2.361449
0.232984,-0.212172,2.328195
0.107713,-0.617579,2.294511
0.221010,-0.608163,2.338482
0.131741,-1.003324,2.363289
0.238219,-0.953891,2.330980
0.123537,-1.029298,2.268920
0.233619,-0.996008,2.240269
0.157940,0.417428,2.436825
0.174355,0.242521,2.458150
0.013999,0.100715,2.425541
0.311845,0.148589,2.402998
-0.017855,-0.147815,2.380680
0.426281,-0.067837,2.359293
-0.035716,-0.355089,2.359293
0.352712,-0.206606,2.281098
-0.031561,-0.415596,2.251377
0.332622,-0.270248,2.196599
0.175522,-0.098638,2.422590
0.168672,-0.151288,2.363834
0.100987,-0.222305,2.359912
0.233066,-0.211987,2.327186
0.107596,-0.617130,2.294904
0.221412,-0.608226,2.337983
0.131136,-0.998933,2.360534
0.238852,-0.950209,2.334629
0.121972,-1.026476,2.269257
0.234537,-0.993591,2.243217
0.158071,0.417495,2.435059
0.174137,0.242504,2.456690
0.013747,0.100843,2.423657
0.312201,0.148709,2.402540
-0.018467,-0.147239,2.378545
0.428417,-0.063797,2.363893
-0.035767,-0.354750,2.363893
0.342349,-0.185409,2.279774
-0.031564,-0.415663,2.250197
0.323427,-0.252713,2.196548
0.175325,-0.098368,2.421432
0.168673,-0.151040,2.362685
0.100873,-0.222061,2.358487
0.233135,-0.211817,2.326320
0.107475,-0.616741,2.295474
0.221786,-0.608297,2.337537
0.130830,-0.997370,2.358274
0.239409,-0.946685,2.338016
0.121584,-1.025387,2.267693
0.235392,-0.991200,2.245982
0.158173,0.417538,2.433470
0.173879,0.242461,2.455390
0.013467,0.100951,2.421912
0.312518,0.148763,2.402239
-0.019124,-0.146690,2.376502
0.430318,-0.060150,2.368289
-0.035907,-0.354402,2.368289
0.335187,-0.170648,2.278498
-0.031656,-0.415729,2.249067
0.314526,-0.235836,2.196598
0.175105,-0.098118,2.420392
0.168662,-0.150809,2.361647
0.100746,-0.221836,2.357168
0.233195,-0.211660,2.325583
0.107348,-0.616407,2.296187
0.222144,-0.608368,2.337146
0.130547,-0.995936,2.356229
0.239898,-0.943330,2.341148
0.121244,-1.024378,2.266289
0.236188,-0.988849,2.248570
0.158259,0.417562,2.432033
0.173590,0.242394,2.454240
0.013167,0.101041,2.420293
0.312813,0.148734,2.402065
-0.019880,-0.146170,2.374470
0.431759,-0.057151,2.371965
-0.036146,-0.354052,2.371965
0.328416,-0.157379,2.277220
-0.031855,-0.415772,2.247931
0.305993,-0.220427,2.196471
0.174864,-0.097897,2.419460
0.168640,-0.150603,2.360708
0.100603,-0.221640,2.355942
0.233244,-0.211530,2.324962
0.107228,-0.616122,2.297016
0.222495,-0.608452,2.336809
0.130287,-0.994628,2.354381
0.240324,-0.940152,2.344032
0.120946,-1.023449,2.265033
0.236925,-0.986549,2.250986
0.158341,0.417560,2.430737
0.173265,0.242299,2.453242
0.012848,0.101115,2.418786
0.312971,0.148479,2.401829
-0.020694,-0.145687,2.372492
0.433031,-0.054599,2.375282
-0.036483,-0.353695,2.375282
0.321970,-0.145227,2.275933
-0.032134,-0.415798,2.246813
0.297780,-0.206111,2.196210
0.174616,-0.097719,2.418625
0.168609,-0.150430,2.359858
0.100450,-0.221469,2.354807
0.233278,-0.211439,2.324447
0.107111,-0.615890,2.297939
0.222833,-0.608548,2.336522
0.130047,-0.993433,2.352713
0.240694,-0.937161,2.346683
0.120677,-1.022595,2.263910
0.237583,-0.984315,2.253234
0.158434,0.417552,2.429561
0.172909,0.242183,2.452373
0.012524,0.101176,2.417385
0.313077,0.148172,2.401627
-0.021549,-0.145224,2.370576
0.433990,-0.052417,2.378083
-0.036902,-0.353322,2.378083
0.315631,-0.134164,2.274654
-0.032525,-0.415775,2.245678
0.289645,-0.192932,2.195554
0.174347,-0.097578,2.417879
0.168561,-0.150286,2.359092
0.100288,-0.221323,2.353757
0.233288,-0.211386,2.324031
0.106993,-0.615699,2.298942
0.223159,-0.608648,2.336278
0.129825,-0.992339,2.351209
0.240986,-0.934330,2.349114
0.120440,-1.021809,2.262908
0.238159,-0.982136,2.255325
0.158526,0.417532,2.428500
0.172519,0.242048,2.451625
0.012199,0.101227,2.416079
0.313082,0.147509,2.401378
-0.022419,-0.144789,2.368743
0.434758,-0.050680,2.380614
-0.037376,-0.352950,2.380614
0.309566,-0.124085,2.273419
-0.032980,-0.415729,2.244582
0.281833,-0.180816,2.194694
0.174074,-0.097459,2.417218
0.168500,-0.150158,2.358406
0.100120,-0.221190,2.352784
0.233279,-0.211357,2.323735
0.106878,-0.615535,2.299996
0.223459,-0.608739,2.336068
0.129618,-0.991333,2.349857
0.241220,-0.931674,2.351344
0.120227,-1.021078,2.262019
0.238656,-0.980029,2.257272
0.158613,0.417498,2.427546
0.172094,0.241891,2.450988
0.011877,0.101273,2.414866
0.313123,0.147345,2.401168
-0.023299,-0.144375,2.366982
0.434660,-0.048917,2.382607
-0.037896,-0.352579,2.382607
0.303266,-0.114609,2.272228
-0.033498,-0.415651,2.243519
0.273783,-0.169302,2.193264
0.173797,-0.097352,2.416636
0.168430,-0.150038,2.357795
0.099960,-0.221061,2.351891
0.233255,-0.211325,2.323566
0.106756,-0.615387,2.301083
0.223743,-0.608829,2.335893
0.129204,-0.987900,2.348728
0.241407,-0.929187,2.353384
0.118055,-1.018000,2.264102
0.239086,-0.977994,2.259079
0.158698,0.417451,2.426694
0.171644,0.241712,2.450448
0.011564,0.101320,2.413741
0.313148,0.147177,2.400986
-0.024183,-0.143978,2.365286
0.433898,-0.047499,2.383995
-0.038459,-0.352206,2.383995
0.296842,-0.105714,2.271079
-0.034072,-0.415536,2.242493
0.265664,-0.158396,2.191416
0.173510,-0.097267,2.416127
0.168350,-0.149934,2.357254
0.099801,-0.220947,2.351073
0.233220,-0.211315,2.323481
0.106635,-0.615265,2.302204
0.224010,-0.608917,2.335751
0.128992,-0.986606,2.347658
0.241556,-0.926863,2.355251
0.117550,-1.016945,2.263910
0.239431,-0.975509,2.260954
0.158789,0.417391,2.425923
0.171166,0.241506,2.449987
0.011258,0.101363,2.412697
0.313158,0.147000,2.400828
-0.025063,-0.143604,2.363642
0.432431,-0.046450,2.384641
-0.039075,-0.351835,2.384641
0.290412,-0.097500,2.269953
-0.034696,-0.415381,2.241508
0.257647,-0.148251,2.189178
0.173216,-0.097196,2.415684
0.168260,-0.149842,2.356776
0.099646,-0.220843,2.350322
0.233172,-0.211316,2.323489
0.106513,-0.615168,2.303349
0.224265,-0.609002,2.335643
0.128574,-0.983149,2.346828
0.241666,-0.924685,2.356955
0.115466,-1.014052,2.266492
0.239755,-0.973531,2.262545
0.158950,0.417313,2.425236
0.170714,0.241293,2.449566
0.010988,0.101430,2.411738
0.313161,0.146887,2.400731
-0.025939,-0.143218,2.362045
0.429606,-0.045404,2.384135
-0.039731,-0.351438,2.384135
0.283590,-0.089758,2.268867
-0.035398,-0.415157,2.240532
0.249337,-0.138605,2.186292
0.172914,-0.097119,2.415303
0.168160,-0.149739,2.356363
0.099504,-0.220728,2.349647
0.233091,-0.211279,2.323589
0.106386,-0.615089,2.304505
0.224491,-0.609082,2.335572
0.128200,-0.979783,2.346132
0.241738,-0.922663,2.358510
0.113796,-1.011571,2.269757
0.240040,-0.971648,2.264019
0.159161,0.417212,2.424625
0.170255,0.241061,2.449206
0.010732,0.101495,2.410844
0.313153,0.146774,2.400645
-0.026799,-0.142850,2.360508
0.425967,-0.044584,2.382667
-0.040410,-0.351043,2.382667
0.276702,-0.082562,2.267819
-0.036133,-0.414907,2.239588
0.241094,-0.129579,2.183003
0.172608,-0.097051,2.414978
0.168053,-0.149643,2.356004
0.099366,-0.220619,2.349028
0.232994,-0.211247,2.323766
0.106259,-0.615032,2.305667
0.224697,-0.609164,2.335531
0.127779,-0.976491,2.345580
0.241782,-0.920791,2.359928
0.112230,-1.009296,2.273230
0.240284,-0.969860,2.265383
0.159419,0.417093,2.424090
0.169784,0.240803,2.448896
0.010496,0.101566,2.410016
0.313165,0.146928,2.400815
-0.027654,-0.142483,2.359021
0.421491,-0.043307,2.380520
-0.041110,-0.350636,2.380520
0.269739,-0.075796,2.266796
-0.036890,-0.414631,2.238675
0.232906,-0.121049,2.179363
0.172278,-0.096972,2.414709
0.167927,-0.149524,2.355706
0.099220,-0.220497,2.348456
0.232884,-0.211185,2.324030
0.106128,-0.614989,2.306826
0.224884,-0.609240,2.335519
0.127370,-0.973214,2.345144
0.241790,-0.919064,2.361220
0.110670,-1.007070,2.276912
0.240499,-0.968168,2.266647
0.159756,0.416947,2.423625
0.169308,0.240518,2.448623
0.010276,0.101634,2.409240
0.313183,0.147132,2.401045
-0.028485,-0.142131,2.357598
0.416565,-0.041985,2.377735
-0.041821,-0.350226,2.377735
0.262886,-0.069508,2.265798
-0.037657,-0.414343,2.237798
0.224968,-0.113088,2.175497
0.171939,-0.096894,2.414489
0.167793,-0.149400,2.355458
0.099076,-0.220375,2.347933
0.232764,-0.211117,2.324356
0.105985,-0.614960,2.307981
0.225054,-0.609311,2.335532
0.126971,-0.969963,2.344805
0.241775,-0.917467,2.362397
0.109168,-1.004920,2.280687
0.240684,-0.966568,2.267815
0.160143,0.416782,2.423224
0.168836,0.240214,2.448382
0.010072,0.101701,2.408513
0.313207,0.147385,2.401318
-0.029283,-0.141784,2.356232
0.411164,-0.040220,2.374083
-0.042534,-0.349811,2.374083
0.256080,-0.063397,2.264838
-0.038423,-0.414033,2.236933
0.217198,-0.105369,2.171239
0.171597,-0.096823,2.414309
0.167653,-0.149284,2.355252
0.098934,-0.220265,2.347458
0.232640,-0.211066,2.324711
0.105837,-0.614935,2.309125
0.225206,-0.609378,2.335570
0.126587,-0.966785,2.344554
0.241743,-0.915991,2.363463
0.107984,-1.003196,2.283491
0.240843,-0.965050,2.268893
0.160569,0.416611,2.422872
0.168369,0.239899,2.448178
0.009889,0.101772,2.407840
0.313235,0.147681,2.401607
-0.030049,-0.141421,2.354918
0.405693,-0.038423,2.370067
-0.043242,-0.349375,2.370067
0.249541,-0.057694,2.263922
-0.039179,-0.413704,2.236085
0.209824,-0.098163,2.166931
0.171256,-0.096760,2.414166
0.167509,-0.149175,2.355084
0.098795,-0.220160,2.347027
0.232510,-0.211023,2.325099
0.105685,-0.614917,2.310249
0.225341,-0.609438,2.335629
0.126221,-0.963697,2.344382
0.241697,-0.914619,2.364435
0.106165,-1.000973,2.286962
0.240939,-0.963320,2.269979
0.161075,0.416390,2.422564
0.167954,0.239580,2.447988
0.009724,0.101840,2.407204
0.313259,0.147891,2.401799
-0.030788,-0.141062,2.353650
0.399996,-0.036697,2.365100
-0.043923,-0.348940,2.365100
0.243141,-0.052061,2.263041
-0.039913,-0.413362,2.235261
0.202694,-0.091106,2.162442
0.170930,-0.096705,2.414052
0.167363,-0.149072,2.354949
0.098661,-0.220062,2.346633
0.232374,-0.210986,2.325524
0.105527,-0.614902,2.311352
0.225461,-0.609492,2.335709
0.125872,-0.960715,2.344279
0.241638,-0.913348,2.365317
0.104443,-0.998894,2.290427
0.241037,-0.961899,2.270917
0.161620,0.416138,2.422294
0.167549,0.239236,2.447825
0.009575,0.101908,2.406611
0.313268,0.148047,2.401915
-0.031491,-0.140705,2.352435
0.394521,-0.035467,2.360325
-0.044575,-0.348500,2.360325
0.237125,-0.047191,2.262191
-0.040624,-0.413004,2.234457
0.196078,-0.084934,2.158149
0.170626,-0.096684,2.413960
0.167223,-0.149006,2.354837
0.098537,-0.219980,2.346276
0.232236,-0.211006,2.325968
0.105369,-0.614892,2.312429
0.225564,-0.609543,2.335808
0.125539,-0.957861,2.344230
0.241567,-0.912176,2.366116
0.102898,-0.997008,2.293711
0.241037,-0.960314,2.271852
0.162210,0.415874,2.422050
0.167157,0.238886,2.447687
0.009443,0.101978,2.406057
0.313274,0.148193,2.402019
-0.032163,-0.140347,2.351267
0.389142,-0.034262,2.355186
-0.045196,-0.348054,2.355186
0.231386,-0.042626,2.261366
-0.041292,-0.412637,2.233669
0.189840,-0.079162,2.153814
0.170330,-0.096682,2.413892
0.167081,-0.148960,2.354753
0.098419,-0.219909,2.345952
0.232096,-0.211058,2.326435
0.105214,-0.614892,2.313478
0.225659,-0.609597,2.335933
0.125226,-0.955129,2.344232
0.241495,-0.911091,2.366842
0.101443,-0.995241,2.296920
0.241075,-0.959001,2.272665
0.162859,0.415604,2.421846
0.166807,0.238539,2.447561
0.009328,0.102046,2.405527
0.313285,0.148365,2.402122
-0.032806,-0.139978,2.350140
0.383508,-0.032644,2.349028
-0.045778,-0.347591,2.349028
0.225620,-0.037713,2.260566
-0.041914,-0.412276,2.232904
0.183649,-0.073110,2.149230
0.170045,-0.096689,2.413846
0.166942,-0.148924,2.354693
0.098306,-0.219846,2.345659
0.231960,-0.211122,2.326914
0.105049,-0.614880,2.314492
0.225741,-0.609645,2.336076
0.124897,-0.952438,2.344282
0.241424,-0.910090,2.367500
0.100168,-0.993607,2.300016
0.241063,-0.957551,2.273474
0.163555,0.415324,2.421671
0.166485,0.238203,2.447448
0.009230,0.102118,2.405027
0.313294,0.148548,2.402206
-0.033413,-0.139603,2.349047
0.378335,-0.031181,2.343174
-0.046307,-0.347116,2.343174
0.220363,-0.033361,2.259778
-0.042488,-0.411929,2.232177
0.178051,-0.067725,2.144854
0.169775,-0.096704,2.413817
0.166805,-0.148899,2.354654
0.098197,-0.219789,2.345393
0.231825,-0.211199,2.327404
0.104885,-0.614870,2.315473
0.225812,-0.609688,2.336234
0.124608,-0.949909,2.344360
0.241354,-0.909171,2.368096
0.098909,-0.992052,2.303012
0.241074,-0.956350,2.274177
0.164297,0.415038,2.421528
0.166182,0.237863,2.447351
0.009154,0.102199,2.404551
0.313311,0.148777,2.402273
-0.033979,-0.139205,2.347982
0.373458,-0.029767,2.337589
-0.046793,-0.346611,2.337589
0.215442,-0.029429,2.259001
-0.043006,-0.411601,2.231481
0.172864,-0.062846,2.140610
0.169519,-0.096726,2.413804
0.166671,-0.148881,2.354634
0.098097,-0.219737,2.345155
0.231697,-0.211279,2.327884
0.104719,-0.614860,2.316421
0.225872,-0.609731,2.336408
0.124338,-0.947524,2.344468
0.241285,-0.908322,2.368635
0.097697,-0.990591,2.305866
0.241035,-0.955039,2.274872
0.165112,0.414738,2.421409
0.165891,0.237521,2.447267
0.009096,0.102287,2.404097
0.313337,0.149056,2.402340
-0.034504,-0.138801,2.346951
0.368368,-0.028027,2.331483
-0.047235,-0.346100,2.331483
0.210483,-0.025256,2.258236
-0.043480,-0.411280,2.230802
0.167707,-0.057803,2.136279
0.169276,-0.096748,2.413805
0.166544,-0.148862,2.354630
0.098008,-0.219688,2.344939
0.231578,-0.211354,2.328381
0.104551,-0.614852,2.317335
0.225923,-0.609770,2.336595
0.124089,-0.945271,2.344603
0.241209,-0.907539,2.369122
0.096518,-0.989199,2.308542
0.240489,-0.954262,2.276674
0.165976,0.414429,2.421310
0.165615,0.237169,2.447193
0.009064,0.102394,2.403663
0.313391,0.149400,2.402418
-0.034988,-0.138379,2.345952
0.363524,-0.026235,2.325630
-0.047616,-0.345612,2.325630
0.205808,-0.021312,2.257463
-0.043898,-0.410976,2.230144
0.162891,-0.053071,2.132117
0.169048,-0.096770,2.413818
0.166427,-0.148842,2.354643
0.097927,-0.219641,2.344743
0.231476,-0.211422,2.328889
0.104386,-0.614846,2.318217
0.225958,-0.609808,2.336798
0.123804,-0.943105,2.344770
0.241127,-0.906816,2.369562
0.095515,-0.987973,2.311055
0.240333,-0.953137,2.277473
0.166883,0.414120,2.421225
0.165363,0.236822,2.447124
0.009053,0.102516,2.403248
0.313473,0.149883,2.402522
-0.035434,-0.137936,2.344983
0.358952,-0.024340,2.320129
-0.047938,-0.345143,2.320129
0.201436,-0.017605,2.256695
-0.044255,-0.410709,2.229534
0.158426,-0.048652,2.128156
0.168837,-0.096789,2.413840
0.166318,-0.148819,2.354668
0.097852,-0.219597,2.344565
0.231384,-0.211482,2.329400
0.104224,-0.614842,2.319064
0.225984,-0.609841,2.337012
0.123498,-0.940989,2.344960
0.241050,-0.906147,2.369959
0.095174,-0.985756,2.312059
0.240191,-0.952043,2.278208
0.167816,0.413810,2.421154
0.165142,0.236483,2.447050
0.009061,0.102648,2.402847
0.313562,0.150374,2.402619
-0.035844,-0.137489,2.344050
0.354653,-0.022510,2.314862
-0.048205,-0.344700,2.314862
0.197326,-0.014111,2.255929
-0.044566,-0.410447,2.228943
0.154265,-0.044514,2.124371
0.168639,-0.096810,2.413868
0.166214,-0.148801,2.354703
0.097782,-0.219557,2.344407
0.231301,-0.211546,2.329885
0.104067,-0.614847,2.319880
0.225996,-0.609869,2.337237
0.123201,-0.938978,2.345167
0.240977,-0.905533,2.370318
0.094463,-0.984521,2.314095
0.240058,-0.950998,2.278888
0.168899,0.413481,2.421113
0.164946,0.236139,2.446975
0.009088,0.102792,2.402462
0.313704,0.151114,2.402755
-0.036221,-0.137018,2.343143
0.350610,-0.020530,2.309969
-0.048411,-0.344285,2.309969
0.193510,-0.010818,2.255164
-0.044832,-0.410194,2.228370
0.150430,-0.040644,2.120793
0.168460,-0.096822,2.413901
0.166122,-0.148772,2.354751
0.097718,-0.219516,2.344269
0.231231,-0.211587,2.330357
0.103917,-0.614861,2.320667
0.225992,-0.609896,2.337478
0.122962,-0.937159,2.345376
0.240906,-0.904967,2.370642
0.094434,-0.982446,2.314687
0.239931,-0.949994,2.279512
0.170005,0.413156,2.421087
0.164767,0.235799,2.446905
0.009130,0.102944,2.402093
0.313857,0.151871,2.402883
-0.036563,-0.136539,2.342268
0.346836,-0.018605,2.305324
-0.048566,-0.343889,2.305324
0.189943,-0.007723,2.254408
-0.045049,-0.409953,2.227815
0.146876,-0.037030,2.117383
0.168293,-0.096834,2.413940
0.166035,-0.148742,2.354809
0.097660,-0.219475,2.344146
0.231168,-0.211624,2.330821
0.103776,-0.614882,2.321423
0.225979,-0.609920,2.337728
0.122705,-0.935447,2.345597
0.240836,-0.904446,2.370935
0.094478,-0.980352,2.314998
0.239808,-0.949035,2.280087
0.171115,0.412837,2.421076
0.164611,0.235460,2.446837
0.009185,0.103102,2.401741
0.314032,0.152636,2.403009
-0.036874,-0.136052,2.341420
0.343311,-0.016706,2.300870
-0.048671,-0.343521,2.300870
0.186595,-0.004760,2.253655
-0.045217,-0.409737,2.227294
0.143567,-0.033603,2.114115
0.168141,-0.096841,2.413983
0.165957,-0.148706,2.354878
0.097606,-0.219433,2.344040
0.231115,-0.211651,2.331278
0.103639,-0.614907,2.322149
0.225963,-0.609941,2.337987
0.122480,-0.933878,2.345818
0.240767,-0.903966,2.371198
0.094416,-0.978724,2.315500
0.239705,-0.948224,2.280597
0.172228,0.412523,2.421077
0.164479,0.235129,2.446765
0.009254,0.103267,2.401401
0.314216,0.153387,2.403124
-0.037155,-0.135562,2.340603
0.340049,-0.014886,2.296656
-0.048734,-0.343164,2.296656
0.183472,-0.001959,2.252913
-0.045327,-0.409502,2.226777
0.140506,-0.030388,2.111013
0.168004,-0.096846,2.414030
0.165888,-0.148669,2.354954
0.097559,-0.219392,2.343946
0.231078,-0.211672,2.331732
0.103507,-0.614934,2.322846
0.225941,-0.609959,2.338252
0.122256,-0.932328,2.346062
0.240701,-0.903525,2.371434
0.093967,-0.977434,2.316598
0.239595,-0.947370,2.281078
0.173337,0.412218,2.421093
0.164367,0.234804,2.446692
0.009339,0.103423,2.401055
0.314412,0.154108,2.403247
-0.037405,-0.135066,2.339811
0.337035,-0.013144,2.292688
-0.048760,-0.342822,2.292688
0.180566,0.000668,2.252185
-0.045392,-0.409263,2.226270
0.137679,-0.027393,2.108078
0.167878,-0.096850,2.414078
0.165829,-0.148633,2.355035
0.097517,-0.219354,2.343865
0.231056,-0.211693,2.332167
0.103383,-0.614965,2.323516
0.225912,-0.609976,2.338523
0.122047,-0.930869,2.346308
0.240637,-0.903120,2.371647
0.093552,-0.976268,2.317668
0.239508,-0.946647,2.281506
0.174439,0.411919,2.421123
0.164277,0.234496,2.446616
0.009436,0.103582,2.400719
0.314643,0.154838,2.403396
-0.037628,-0.134572,2.339051
0.334269,-0.011461,2.289002
-0.048752,-0.342494,2.289002
0.177887,0.003119,2.251471
-0.045418,-0.409025,2.225774
0.135088,-0.024613,2.105320
0.167763,-0.096854,2.414129
0.165778,-0.148600,2.355120
0.097480,-0.219319,2.343797
0.231052,-0.211718,2.332587
0.103264,-0.614996,2.324158
0.225880,-0.609993,2.338801
0.121851,-0.929499,2.346553
0.240575,-0.902750,2.371838
0.093071,-0.975145,2.318688
0.239428,-0.945976,2.281898
0.175527,0.411628,2.421164
0.164207,0.234196,2.446536
0.009543,0.103744,2.400392
0.314902,0.155573,2.403552
-0.037826,-0.134069,2.338319
0.331737,-0.009859,2.285582
-0.048713,-0.342179,2.285582
0.175418,0.005403,2.250775
-0.045394,-0.408783,2.225281
0.132715,-0.022037,2.102733
0.167659,-0.096857,2.414181
0.165735,-0.148565,2.355211
0.097447,-0.219284,2.343741
0.231060,-0.211741,2.332991
0.103150,-0.615025,2.324773
0.225846,-0.610009,2.339085
0.121673,-0.928210,2.346798
0.240515,-0.902410,2.372010
0.092678,-0.974147,2.319542
0.239355,-0.945349,2.282257
0.176597,0.411342,2.421215
0.164151,0.233911,2.446455
0.009662,0.103909,2.400073
0.315171,0.156301,2.403709
-0.037993,-0.133551,2.337619
0.329421,-0.008335,2.282408
-0.048648,-0.341876,2.282408
0.173144,0.007530,2.250096
-0.045338,-0.408542,2.224797
0.130544,-0.019651,2.100306
0.167565,-0.096857,2.414236
0.165700,-0.148530,2.355307
0.097419,-0.219251,2.343695
0.231084,-0.211758,2.333395
0.103043,-0.615059,2.325368
0.225810,-0.610025,2.339377
0.121510,-0.927010,2.347039
0.240456,-0.902100,2.372166
0.092223,-0.973210,2.320506
0.239288,-0.944769,2.282586
0.177672,0.411069,2.421279
0.164108,0.233636,2.446375
0.009791,0.104076,2.399763
0.315446,0.156998,2.403855
-0.038139,-0.133039,2.336950
0.327307,-0.006911,2.279459
-0.048560,-0.341589,2.279459
0.171048,0.009512,2.249443
-0.045251,-0.408304,2.224330
0.128554,-0.017439,2.098027
0.167481,-0.096858,2.414293
0.165672,-0.148498,2.355407
0.097395,-0.219221,2.343659
0.231120,-0.211780,2.333789
0.102942,-0.615096,2.325942
0.225773,-0.610045,2.339678
0.121363,-0.925906,2.347268
0.240399,-0.901817,2.372307
0.091785,-0.972355,2.321381
0.239220,-0.944172,2.282895
0.178725,0.410808,2.421352
0.164078,0.233370,2.446295
0.009927,0.104245,2.399462
0.315723,0.157676,2.403991
-0.038261,-0.132535,2.336316
0.325386,-0.005558,2.276707
-0.048452,-0.341312,2.276707
0.169121,0.011372,2.248810
-0.045139,-0.408069,2.223878
0.126736,-0.015377,2.095885
0.167405,-0.096859,2.414350
0.165650,-0.148470,2.355509
0.097374,-0.219194,2.343631
0.231166,-0.211805,2.334172
0.102846,-0.615133,2.326492
0.225734,-0.610066,2.339981
0.121231,-0.924830,2.347512
0.240345,-0.901558,2.372434
0.091377,-0.971555,2.322224
0.239156,-0.943608,2.283182
0.179756,0.410563,2.421438
0.164059,0.233114,2.446216
0.010074,0.104417,2.399168
0.315989,0.158333,2.404104
-0.038365,-0.132039,2.335712
0.323654,-0.004297,2.274159
-0.048327,-0.341051,2.274159
0.167359,0.013110,2.248200
-0.045007,-0.407841,2.223447
0.125083,-0.013461,2.093883
0.167337,-0.096862,2.414408
0.165634,-0.148446,2.355613
0.097356,-0.219170,2.343611
0.231220,-0.211833,2.334545
0.102756,-0.615174,2.327022
0.225694,-0.610085,2.340286
0.121110,-0.923820,2.347752
0.240293,-0.901321,2.372549
0.090971,-0.970813,2.323042
0.239092,-0.943075,2.283447
0.180752,0.410327,2.421530
0.164049,0.232866,2.446137
0.010228,0.104589,2.398882
0.316297,0.159042,2.404248
-0.038447,-0.131552,2.335138
0.322079,-0.003044,2.271809
-0.048189,-0.340801,2.271809
0.165748,0.014755,2.247611
-0.044856,-0.407618,2.223034
0.123581,-0.011661,2.092015
0.167276,-0.096864,2.414467
0.165624,-0.148424,2.355721
0.097341,-0.219148,2.343599
0.231287,-0.211861,2.334907
0.102671,-0.615218,2.327533
0.225652,-0.610103,2.340593
0.121006,-0.922889,2.347989
0.240243,-0.901104,2.372652
0.090568,-0.970128,2.323816
0.239040,-0.942613,2.283683
0.181720,0.410101,2.421626
0.164049,0.232628,2.446060
0.010397,0.104767,2.398605
0.316614,0.159788,2.404390
-0.038510,-0.131082,2.334595
0.320660,-0.001844,2.269659
-0.048040,-0.340563,2.269659
0.164284,0.016292,2.247051
-0.044692,-0.407400,2.222639
0.122222,-0.009988,2.090281
0.167224,-0.096867,2.414528
0.165621,-0.148405,2.355830
0.097332,-0.219129,2.343595
0.231362,-0.211891,2.335259
0.102591,-0.615266,2.328028
0.225610,-0.610123,2.340902
0.120915,-0.922029,2.348220
0.240196,-0.900907,2.372745
0.090256,-0.969571,2.324619
0.238992,-0.942189,2.283899
0.182846,0.409846,2.421725
0.164062,0.232398,2.445983
0.010578,0.104953,2.398335
0.316935,0.160516,2.404530
-0.038555,-0.130628,2.334081
0.319384,-0.000699,2.267667
-0.047883,-0.340336,2.267667
0.162948,0.017735,2.246517
-0.044523,-0.407188,2.222266
0.120991,-0.008426,2.088660
0.167179,-0.096871,2.414590
0.165624,-0.148388,2.355942
0.097326,-0.219112,2.343597
0.231443,-0.211923,2.335601
0.102515,-0.615314,2.328504
0.225567,-0.610143,2.341211
0.120836,-0.921215,2.348452
0.240152,-0.900728,2.372829
0.089965,-0.969065,2.325422
0.238947,-0.941759,2.284103
0.183950,0.409583,2.421824
0.164083,0.232177,2.445909
0.010773,0.105147,2.398071
0.317251,0.161218,2.404666
-0.038585,-0.130190,2.333594
0.318239,0.000394,2.265819
-0.047717,-0.340126,2.265819
0.161732,0.019090,2.246009
-0.044343,-0.406987,2.221913
0.119876,-0.006967,2.087143
0.167140,-0.096872,2.414655
0.165632,-0.148367,2.356059
0.097326,-0.219090,2.343609
0.231526,-0.211943,2.335938
0.102444,-0.615368,2.328967
0.225525,-0.610166,2.341523
0.120768,-0.920454,2.348678
0.240109,-0.900564,2.372905
0.089711,-0.968602,2.326094
0.238906,-0.941387,2.284286
0.185061,0.409326,2.421930
0.164117,0.231966,2.445837
0.010984,0.105349,2.397814
0.317563,0.161891,2.404795
-0.038601,-0.129771,2.333133
0.317213,0.001431,2.264107
-0.047546,-0.339929,2.264107
0.160623,0.020360,2.245528
-0.044160,-0.406794,2.221578
0.118867,-0.005608,2.085724
0.167107,-0.096870,2.414722
0.165646,-0.148343,2.356179
0.097332,-0.219063,2.343629
0.231611,-0.211956,2.336268
0.102375,-0.615424,2.329414
0.225483,-0.610189,2.341835
0.120716,-0.919762,2.348890
0.240068,-0.900415,2.372972
0.089481,-0.968193,2.326731
0.238867,-0.941008,2.284458
0.186166,0.409085,2.422042
0.164160,0.231764,2.445768
0.011206,0.105554,2.397563
0.318001,0.162835,2.405192
-0.038603,-0.129371,2.332699
0.316317,0.002707,2.262624
-0.047369,-0.339744,2.262624
0.159639,0.021542,2.245073
-0.043975,-0.406610,2.221262
0.117975,-0.004346,2.084423
0.167077,-0.096862,2.414794
0.165672,-0.148308,2.356311
0.097346,-0.219032,2.343655
0.231711,-0.211957,2.336613
0.102312,-0.615483,2.329847
0.225441,-0.610210,2.342145
0.120674,-0.919111,2.349096
0.240028,-0.900279,2.373032
0.089295,-0.967862,2.327459
0.238847,-0.940649,2.284617
0.187212,0.408869,2.422165
0.164211,0.231571,2.445701
0.011439,0.105762,2.397316
0.318334,0.163520,2.405374
-0.038592,-0.129005,2.332290
0.315505,0.003702,2.261189
-0.047189,-0.339573,2.261189
0.158731,0.022652,2.244642
-0.043790,-0.406436,2.220965
0.117160,-0.003168,2.083196
0.167059,-0.096856,2.414868
0.165702,-0.148282,2.356442
0.097363,-0.219005,2.343684
0.231814,-0.211966,2.336951
0.102251,-0.615542,2.330266
0.225399,-0.610232,2.342454
0.120640,-0.918501,2.349297
0.239990,-0.900154,2.373085
0.089137,-0.967556,2.328078
0.238820,-0.940311,2.284763
0.188222,0.408667,2.422291
0.164258,0.231390,2.445642
0.011680,0.105972,2.397078
0.318668,0.164191,2.405555
-0.038570,-0.128655,2.331904
0.314783,0.004649,2.259876
-0.047006,-0.339413,2.259876
0.157911,0.023686,2.244234
-0.043603,-0.406269,2.220682
0.116429,-0.002075,2.082057
0.167045,-0.096849,2.414944
0.165737,-0.148256,2.356575
0.097385,-0.218977,2.343719
0.231918,-0.211973,2.337273
0.102195,-0.615606,2.330673
0.225355,-0.610252,2.342759
0.120620,-0.917956,2.349493
0.239953,-0.900043,2.373132
0.089449,-0.966901,2.327927
0.238794,-0.940021,2.284893
0.189238,0.408463,2.422423
0.164309,0.231217,2.445587
0.011928,0.106184,2.396845
0.319108,0.165011,2.405860
-0.038539,-0.128323,2.331539
0.314159,0.005690,2.258729
-0.046820,-0.339262,2.258729
0.157184,0.024643,2.243845
-0.043413,-0.406108,2.220413
0.115786,-0.001065,2.081015
0.167035,-0.096836,2.415025
0.165782,-0.148216,2.356718
0.097412,-0.218945,2.343759
0.232037,-0.211968,2.337602
0.102143,-0.615670,2.331066
0.225314,-0.610273,2.343063
0.120604,-0.917450,2.349683
0.239919,-0.899940,2.373174
0.090364,-0.965860,2.326995
0.238780,-0.939724,2.285016
0.190248,0.408260,2.422559
0.164367,0.231052,2.445534
0.012180,0.106396,2.396618
0.319537,0.165796,2.406147
-0.038498,-0.128008,2.331192
0.313610,0.006680,2.257676
-0.046628,-0.339118,2.257676
0.156529,0.025542,2.243472
-0.043219,-0.405952,2.220158
0.115212,-0.000121,2.080047
0.167031,-0.096820,2.415108
0.165834,-0.148174,2.356865
0.097445,-0.218910,2.343802
0.232161,-0.211958,2.337929
0.102095,-0.615735,2.331445
0.225276,-0.610292,2.343364
0.120587,-0.916972,2.349866
0.239887,-0.899847,2.373212
0.091366,-0.964723,2.325848
0.238765,-0.939467,2.285126
0.191222,0.408071,2.422698
0.164424,0.230892,2.445488
0.012440,0.106610,2.396396
0.319908,0.166485,2.406374
-0.038448,-0.127701,2.330862
0.313123,0.007562,2.256695
-0.046429,-0.338979,2.256695
0.155934,0.026384,2.243113
-0.043018,-0.405798,2.219912
0.114695,0.000760,2.079142
0.167034,-0.096798,2.415196
0.165892,-0.148120,2.357017
0.097498,-0.218854,2.343868
0.232279,-0.211928,2.338234
0.102051,-0.615802,2.331811
0.225239,-0.610311,2.343661
0.120575,-0.916525,2.350044
0.239856,-0.899763,2.373246
0.091602,-0.964270,2.325880
0.238750,-0.939231,2.285227
0.192139,0.407897,2.422839
0.164486,0.230737,2.445446
0.012703,0.106822,2.396180
0.320272,0.167171,2.406596
-0.038388,-0.127406,2.330546
0.312704,0.008413,2.255808
-0.046224,-0.338843,2.255808
0.155402,0.027168,2.242768
-0.042808,-0.405642,2.219675
0.114238,0.001578,2.078305
0.167042,-0.096775,2.415285
0.165955,-0.148065,2.357170
0.097558,-0.218796,2.343942
0.232398,-0.211898,2.338522
0.102011,-0.615869,2.332166
0.225206,-0.610330,2.343955
0.120566,-0.916105,2.350217
0.239827,-0.899687,2.373275
0.091792,-0.963852,2.325909
0.238737,-0.939012,2.285319
0.193051,0.407728,2.422985
0.164551,0.230588,2.445406
0.012967,0.107032,2.395970
0.320568,0.167727,2.406736
-0.038320,-0.127120,2.330245
0.312333,0.009122,2.254967
-0.046008,-0.338709,2.254967
0.154921,0.027899,2.242430
-0.042572,-0.405494,2.219447
0.113830,0.002337,2.077523
0.167057,-0.096762,2.415371
0.166015,-0.148031,2.357312
0.097614,-0.218754,2.344010
0.232512,-0.211886,2.338791
0.101976,-0.615939,2.332510
0.225174,-0.610350,2.344244
0.120560,-0.915714,2.350384
0.239800,-0.899619,2.373301
0.091859,-0.963393,2.325907
0.238723,-0.938809,2.285404
0.193918,0.407574,2.423129
0.164621,0.230446,2.445369
0.013233,0.107241,2.395766
0.320849,0.168249,2.406859
-0.038246,-0.126843,2.329957
0.312015,0.009780,2.254196
-0.045781,-0.338575,2.254196
0.154492,0.028580,2.242095
-0.042320,-0.405348,2.219222
0.113471,0.003042,2.076796
0.167076,-0.096749,2.415457
0.166077,-0.147998,2.357452
0.097674,-0.218712,2.344084
0.232622,-0.211874,2.339042
0.101946,-0.616009,2.332843
0.225143,-0.610370,2.344530
0.120565,-0.915368,2.350541
0.239773,-0.899557,2.373324
0.091700,-0.962810,2.325949
0.238709,-0.938620,2.285481
0.194745,0.407435,2.423273
0.164700,0.230312,2.445336
0.013505,0.107452,2.395570
0.321113,0.168734,2.406966
-0.038161,-0.126563,2.329680
0.311744,0.010390,2.253488
-0.045540,-0.338445,2.253488
0.154109,0.029214,2.241765
-0.042051,-0.405206,2.219001
0.113156,0.003698,2.076123
0.167099,-0.096733,2.415542
0.166140,-0.147963,2.357589
0.097737,-0.218660,2.344171
0.232722,-0.211858,2.339268
0.101919,-0.616080,2.333165
0.225111,-0.610392,2.344810
0.120575,-0.915050,2.350691
0.239748,-0.899500,2.373343
0.091557,-0.962346,2.326048
0.238696,-0.938427,2.285554
0.195555,0.407314,2.423421
0.164785,0.230184,2.445306
0.013778,0.107661,2.395382
0.321360,0.169185,2.407059
-0.038069,-0.126289,2.329413
0.311519,0.010960,2.252831
-0.045274,-0.338290,2.252831
0.153769,0.029813,2.241442
-0.041759,-0.405059,2.218779
0.112883,0.004316,2.075494
0.167126,-0.096716,2.415629
0.166204,-0.147925,2.357725
0.097807,-0.218601,2.344271
0.232818,-0.211838,2.339476
0.101897,-0.616152,2.333477
0.225083,-0.610411,2.345084
0.120576,-0.914753,2.350831
0.239724,-0.899450,2.373360
0.091467,-0.961985,2.326132
0.238684,-0.938261,2.285619
0.196322,0.407204,2.423567
0.164877,0.230060,2.445278
0.014054,0.107868,2.395200
0.321591,0.169599,2.407132
-0.037970,-0.126019,2.329156
0.311335,0.011481,2.252222
-0.044998,-0.338137,2.252222
0.153469,0.030372,2.241129
-0.041454,-0.404905,2.218559
0.112647,0.004891,2.074908
0.167161,-0.096705,2.415713
0.166272,-0.147899,2.357855
0.097880,-0.218553,2.344364
0.232914,-0.211827,2.339672
0.101877,-0.616222,2.333777
0.225055,-0.610428,2.345350
0.120579,-0.914478,2.350961
0.239702,-0.899403,2.373375
0.091302,-0.961633,2.326252
0.238672,-0.938104,2.285680
0.197068,0.407105,2.423714
0.164974,0.229940,2.445252
0.014330,0.108075,2.395026
0.321808,0.169984,2.407190
-0.037863,-0.125756,2.328910
0.311189,0.011963,2.251658
-0.044712,-0.337982,2.251658
0.153205,0.030896,2.240824
-0.041130,-0.404746,2.218336
0.112447,0.005429,2.074362
0.167199,-0.096695,2.415795
0.166342,-0.147874,2.357980
0.097955,-0.218506,2.344459
0.233009,-0.211816,2.339855
0.101862,-0.616291,2.334066
0.225031,-0.610444,2.345612
0.120582,-0.914222,2.351084
0.239680,-0.899360,2.373388
0.091108,-0.961314,2.326392
0.238661,-0.937954,2.285735
0.197772,0.407015,2.423862
0.165078,0.229825,2.445227
0.014607,0.108275,2.394858
0.322013,0.170342,2.407236
-0.037750,-0.125498,2.328671
0.311082,0.012416,2.251135
-0.044415,-0.337843,2.251135
0.152976,0.031390,2.240523
-0.040794,-0.404590,2.218116
0.112280,0.005936,2.073851
0.167242,-0.096686,2.415876
0.166414,-0.147853,2.358103
0.098030,-0.218464,2.344550
0.233104,-0.211808,2.340028
0.101849,-0.616359,2.334345
0.225011,-0.610457,2.345868
0.120585,-0.913988,2.351198
0.239658,-0.899321,2.373396
0.090987,-0.961043,2.326498
0.238649,-0.937815,2.285784
0.198435,0.406938,2.424009
0.165189,0.229714,2.445204
0.014882,0.108473,2.394696
0.322210,0.170680,2.407274
-0.037628,-0.125240,2.328440
0.311009,0.012843,2.250653
-0.044110,-0.337705,2.250653
0.152780,0.031854,2.240229
-0.040446,-0.404433,2.217898
0.112145,0.006411,2.073375
0.167287,-0.096678,2.415956
0.166486,-0.147832,2.358221
0.098106,-0.218422,2.344642
0.233196,-0.211800,2.340189
0.101839,-0.616423,2.334610
0.224997,-0.610468,2.346118
0.120590,-0.913771,2.351309
0.239636,-0.899287,2.373403
0.090816,-0.960850,2.326723
0.238636,-0.937669,2.285830
0.199061,0.406869,2.424154
0.165305,0.229607,2.445184
0.015156,0.108665,2.394542
0.322396,0.170994,2.407303
-0.037501,-0.124989,2.328218
0.310971,0.013242,2.250208
-0.043800,-0.337571,2.250208
0.152616,0.032284,2.239941
-0.040093,-0.404278,2.217686
0.112041,0.006852,2.072929
0.167336,-0.096672,2.416034
0.166560,-0.147815,2.358336
0.098182,-0.218384,2.344730
0.233287,-0.211795,2.340340
0.101832,-0.616485,2.334865
0.224985,-0.610477,2.346363
0.120598,-0.913576,2.351413
0.239614,-0.899255,2.373407
0.090720,-0.960703,2.326918
0.238621,-0.937527,2.285871
0.199654,0.406808,2.424297
0.165426,0.229502,2.445166
0.015427,0.108852,2.394394
0.322573,0.171288,2.407323
-0.037371,-0.124743,2.328003
0.310975,0.013622,2.249795
-0.043488,-0.337441,2.249795
0.152484,0.032691,2.239661
-0.039737,-0.404127,2.217479
0.111970,0.007270,2.072511
0.167387,-0.096668,2.416110
0.166633,-0.147800,2.358447
0.098257,-0.218349,2.344815
0.233377,-0.211790,2.340484
0.101827,-0.616544,2.335109
0.224977,-0.610486,2.346601
0.120605,-0.913393,2.351512
0.239593,-0.899226,2.373409
0.090604,-0.960648,2.327237
0.238609,-0.937406,2.285908
0.200213,0.406759,2.424438
0.165550,0.229401,2.445150
0.015696,0.109037,2.394254
0.322744,0.171561,2.407337
-0.037238,-0.124504,2.327798
0.311013,0.013980,2.249411
-0.043174,-0.337315,2.249411
0.152379,0.033077,2.239388
-0.039382,-0.403982,2.217279
0.111927,0.007667,2.072120
0.167440,-0.096659,2.416185
0.166706,-0.147779,2.358555
0.098336,-0.218305,2.344910
0.233460,-0.211781,2.340611
0.101825,-0.616603,2.335344
0.224972,-0.610493,2.346833
0.120613,-0.913224,2.351605
0.239572,-0.899201,2.373410
0.090413,-0.960544,2.327490
0.238598,-0.937293,2.285943
0.200739,0.406714,2.424573
0.165677,0.229303,2.445134
0.015963,0.109217,2.394120
0.322910,0.171817,2.407340
-0.037102,-0.124271,2.327601
0.311079,0.014320,2.249048
-0.042860,-0.337194,2.249048
0.152300,0.033441,2.239124
-0.039029,-0.403841,2.217087
0.111910,0.008040,2.071747
0.167497,-0.096651,2.416259
0.166782,-0.147760,2.358660
0.098416,-0.218265,2.345001
0.233549,-0.211774,2.340733
0.101824,-0.616659,2.335569
0.224971,-0.610498,2.347058
0.120617,-0.913063,2.351694
0.239552,-0.899177,2.373409
0.090261,-0.960495,2.327757
0.238585,-0.937168,2.285972
0.201233,0.406668,2.424698
0.165808,0.229208,2.445118
0.016229,0.109394,2.393994
0.323071,0.172068,2.407332
-0.036963,-0.124049,2.327416
0.311172,0.014647,2.248717
-0.042547,-0.337079,2.248717
0.152246,0.033784,2.238867
-0.038679,-0.403704,2.216902
0.111918,0.008393,2.071398
0.167558,-0.096645,2.416331
0.166859,-0.147743,2.358761
0.098499,-0.218228,2.345089
0.233638,-0.211769,2.340847
0.101825,-0.616714,2.335786
0.224974,-0.610500,2.347274
0.120622,-0.912920,2.351775
0.239533,-0.899155,2.373406
0.090017,-0.960400,2.327981
0.238574,-0.937062,2.286000
0.201696,0.406627,2.424815
0.165942,0.229115,2.445104
0.016492,0.109566,2.393874
0.323235,0.172262,2.407268
-0.036822,-0.123837,2.327241
0.311306,0.014895,2.248352
-0.042236,-0.336968,2.248352
0.152209,0.034103,2.238619
-0.038334,-0.403571,2.216723
0.111943,0.008721,2.071058
0.167628,-0.096644,2.416401
0.166937,-0.147733,2.358856
0.098580,-0.218197,2.345171
0.233727,-0.211769,2.340956
0.101828,-0.616767,2.335991
0.224980,-0.610500,2.347481
0.120625,-0.912785,2.351850
0.239514,-0.899134,2.373401
0.089752,-0.960316,2.328212
0.238554,-0.936941,2.286023
0.202126,0.406593,2.424925
0.166081,0.229024,2.445086
0.016752,0.109733,2.393763
0.323398,0.172444,2.407195
-0.036679,-0.123644,2.327080
0.311455,0.015130,2.248007
-0.041930,-0.336863,2.248007
0.152192,0.034406,2.238379
-0.037993,-0.403442,2.216552
0.111987,0.009032,2.070732
0.167700,-0.096643,2.416469
0.167015,-0.147724,2.358948
0.098660,-0.218169,2.345252
0.233817,-0.211770,2.341058
0.101832,-0.616816,2.336185
0.224991,-0.610499,2.347677
0.120628,-0.912663,2.351918
0.239495,-0.899116,2.373394
0.089534,-0.960300,2.328466
0.238534,-0.936827,2.286043
0.202507,0.406565,2.425013
0.166226,0.228935,2.445065
0.017004,0.109890,2.393659
0.323559,0.172617,2.407096
-0.036534,-0.123467,2.326934
0.311616,0.015348,2.247676
-0.041628,-0.336758,2.247676
0.152193,0.034689,2.238153
-0.037661,-0.403317,2.216391
0.112049,0.009323,2.070415
0.167778,-0.096643,2.416536
0.167094,-0.147717,2.359037
0.098742,-0.218143,2.345333
0.233909,-0.211772,2.341150
0.101839,-0.616861,2.336366
0.225006,-0.610498,2.347864
0.120632,-0.912547,2.351983
0.239478,-0.899098,2.373386
0.089367,-0.960273,2.328684
0.238512,-0.936712,2.286061
0.202858,0.406542,2.425095
0.166377,0.228847,2.445038
0.017248,0.110031,2.393564
0.323722,0.172777,2.406975
-0.036379,-0.123313,2.326808
0.311787,0.015548,2.247352
-0.041332,-0.336657,2.247352
0.152209,0.034958,2.237943
-0.037337,-0.403200,2.216241
0.112126,0.009598,2.070108
0.167863,-0.096645,2.416600
0.167175,-0.147713,2.359122
0.098824,-0.218120,2.345412
0.234005,-0.211777,2.341236
0.101847,-0.616902,2.336533
0.225025,-0.610494,2.348038
0.120636,-0.912430,2.352045
0.239461,-0.899080,2.373376
0.089209,-0.960300,2.328965
0.238488,-0.936592,2.286074
0.203154,0.406521,2.425159
0.166559,0.228761,2.444968
0.017482,0.110140,2.393493
0.323906,0.172860,2.406652
-0.036119,-0.123207,2.326817
0.312657,0.015266,2.247282
-0.041039,-0.336557,2.247282
0.152656,0.034597,2.237816
-0.037029,-0.403098,2.216123
0.112679,0.009236,2.069615
0.167975,-0.096653,2.416654
0.167259,-0.147716,2.359197
0.098905,-0.218111,2.345492
0.234116,-0.211790,2.341303
0.101856,-0.616938,2.336685
0.225076,-0.610490,2.348198
0.120642,-0.912316,2.352100
0.239452,-0.899065,2.373359
0.088982,-0.960257,2.329172
0.238462,-0.936482,2.286081
0.203419,0.406503,2.425206
0.166759,0.228679,2.444881
0.017710,0.110237,2.393436
0.324091,0.172888,2.406234
-0.035827,-0.123128,2.326883
0.313753,0.014798,2.247282
-0.040740,-0.336461,2.247282
0.153243,0.034050,2.237735
-0.036730,-0.403006,2.216034
0.113383,0.008683,2.069092
0.168101,-0.096664,2.416703
0.167346,-0.147723,2.359267
0.098987,-0.218105,2.345571
0.234231,-0.211806,2.341359
0.101867,-0.616970,2.336829
0.225143,-0.610483,2.348348
0.120648,-0.912204,2.352152
0.239445,-0.899053,2.373337
0.088788,-0.960213,2.329352
0.238435,-0.936376,2.286083
0.203649,0.406490,2.425228
0.167000,0.228606,2.444765
0.017937,0.110322,2.393393
0.324292,0.172788,2.405648
-0.035476,-0.123066,2.327044
0.315397,0.013880,2.247505
-0.040436,-0.336367,2.247505
0.154141,0.033106,2.237727
-0.036442,-0.402942,2.215986
0.114420,0.007726,2.068564
0.168244,-0.096677,2.416744
0.167433,-0.147733,2.359331
0.099070,-0.218104,2.345652
0.234348,-0.211826,2.341396
0.101879,-0.616997,2.336966
0.225246,-0.610470,2.348487
0.120650,-0.912083,2.352199
0.239445,-0.899039,2.373309
0.088663,-0.960229,2.329557
0.238406,-0.936270,2.286081
0.203847,0.406480,2.425233
0.167275,0.228540,2.444622
0.018162,0.110392,2.393365
0.324518,0.172503,2.404856
-0.035068,-0.123031,2.327308
0.317553,0.012453,2.247951
-0.040111,-0.336295,2.247951
0.155307,0.031805,2.237843
-0.036157,-0.402902,2.216001
0.115744,0.006407,2.068069
0.168408,-0.096700,2.416775
0.167526,-0.147753,2.359387
0.099154,-0.218117,2.345737
0.234476,-0.211859,2.341408
0.101894,-0.617020,2.337096
0.225366,-0.610455,2.348616
0.120656,-0.911982,2.352243
0.239450,-0.899026,2.373276
0.088538,-0.960258,2.329747
0.239090,-0.937022,2.287709
0.203997,0.406469,2.425212
0.167569,0.228479,2.444464
0.018385,0.110449,2.393352
0.324746,0.171971,2.403864
-0.034603,-0.123033,2.327679
0.320243,0.010475,2.248618
-0.039760,-0.336236,2.248618
0.156707,0.030229,2.238129
-0.035858,-0.402925,2.216145
0.117317,0.004807,2.067638
0.168587,-0.096729,2.416798
0.167620,-0.147781,2.359437
0.099237,-0.218138,2.345823
0.234606,-0.211900,2.341406
0.101923,-0.617042,2.337232
0.225499,-0.610437,2.348734
0.120660,-0.911877,2.352288
0.239458,-0.899014,2.373239
0.088429,-0.960292,2.329934
0.239862,-0.937883,2.289522
0.204104,0.406465,2.425168
0.167891,0.228432,2.444288
0.018605,0.110493,2.393354
0.324983,0.171295,2.402768
-0.034080,-0.123071,2.328160
0.323487,0.008067,2.249678
-0.039397,-0.336210,2.249678
0.158399,0.028349,2.238571
-0.035553,-0.403014,2.216412
0.119199,0.002897,2.067341
0.168775,-0.096761,2.416815
0.167715,-0.147812,2.359482
0.099319,-0.218164,2.345910
0.234738,-0.211947,2.341388
0.101955,-0.617062,2.337364
0.225648,-0.610421,2.348842
0.120666,-0.911770,2.352329
0.239473,-0.898998,2.373194
0.088332,-0.960312,2.330093
0.240053,-0.938037,2.290021
0.204170,0.406469,2.425097
0.168229,0.228393,2.444102
0.018819,0.110529,2.393373
0.325228,0.170493,2.401590
-0.033499,-0.123154,2.328773
0.327656,0.005213,2.251426
-0.039020,-0.336230,2.251426
0.160631,0.026033,2.239205
-0.035228,-0.403186,2.216855
0.121649,0.000542,2.067296
0.168973,-0.096796,2.416827
0.167811,-0.147847,2.359522
0.099401,-0.218196,2.345999
0.234873,-0.211998,2.341357
0.101995,-0.617081,2.337495
0.225811,-0.610406,2.348940
0.120671,-0.911664,2.352369
0.239494,-0.898982,2.373143
0.088248,-0.960361,2.330277
0.240899,-0.938929,2.291909
0.204195,0.406475,2.424996
0.168585,0.228364,2.443907
0.019033,0.110553,2.393413
0.325491,0.169578,2.400377
-0.032867,-0.123285,2.329522
0.332477,0.002075,2.253669
-0.038630,-0.336307,2.253669
0.163212,0.023516,2.240070
-0.034912,-0.403422,2.217475
0.124464,-0.002018,2.067468
0.169177,-0.096833,2.416834
0.167907,-0.147885,2.359557
0.099481,-0.218232,2.346091
0.235009,-0.212053,2.341311
0.102046,-0.617106,2.337633
0.225987,-0.610391,2.349028
0.120667,-0.911563,2.352410
0.239518,-0.898967,2.373088
0.088613,-0.959734,2.329086
0.241521,-0.939547,2.293242
0.204167,0.406495,2.424855
0.168970,0.228350,2.443704
0.019244,0.110566,2.393474
0.325832,0.169057,2.399608
-0.032190,-0.123455,2.330394
0.337717,-0.000964,2.256519
-0.038256,-0.336405,2.256519
0.166195,0.020768,2.241134
-0.034608,-0.403737,2.218241
0.127699,-0.004812,2.067946
0.169374,-0.096848,2.416840
0.168007,-0.147905,2.359591
0.099561,-0.218263,2.346184
0.235154,-0.212093,2.341252
0.102106,-0.617137,2.337773
0.226176,-0.610380,2.349105
0.120680,-0.911464,2.352455
0.239545,-0.898952,2.373030
0.089302,-0.959000,2.327669
0.242164,-0.940180,2.294592
0.204093,0.406523,2.424680
0.169362,0.228344,2.443503
0.019454,0.110568,2.393560
0.326181,0.168544,2.398879
-0.031478,-0.123687,2.331393
0.343516,-0.004124,2.260160
-0.037890,-0.336527,2.260160
0.169540,0.017845,2.242368
-0.034316,-0.404116,2.219166
0.131310,-0.007782,2.068832
0.169578,-0.096860,2.416842
0.168108,-0.147924,2.359620
0.099641,-0.218296,2.346277
0.235303,-0.212129,2.341181
0.102173,-0.617171,2.337913
0.226376,-0.610371,2.349169
0.120694,-0.911379,2.352498
0.239577,-0.898938,2.372966
0.090067,-0.958259,2.326123
0.242835,-0.940820,2.295938
0.203961,0.406556,2.424472
0.169766,0.228346,2.443297
0.019668,0.110560,2.393680
0.326527,0.168067,2.398211
-0.030725,-0.123972,2.332532
0.350695,-0.007638,2.265485
-0.037540,-0.336682,2.265485
0.176687,0.016651,2.243749
-0.034053,-0.404560,2.220206
0.136001,-0.009123,2.071607
0.169789,-0.096864,2.416841
0.168212,-0.147937,2.359647
0.099720,-0.218327,2.346372
0.235457,-0.212158,2.341097
0.102239,-0.617204,2.338046
0.226587,-0.610362,2.349220
0.120704,-0.911295,2.352539
0.239613,-0.898924,2.372897
0.090863,-0.957442,2.324435
0.243812,-0.941743,2.297815
0.203739,0.406598,2.424192
0.170177,0.228355,2.443088
0.019886,0.110539,2.393828
0.326879,0.167608,2.397596
-0.029941,-0.124288,2.333798
0.358055,-0.011066,2.271330
-0.037197,-0.336852,2.271330
0.183364,0.015151,2.245263
-0.033815,-0.405043,2.221351
0.140481,-0.010550,2.074534
0.170008,-0.096856,2.416838
0.168320,-0.147941,2.359671
0.099803,-0.218354,2.346471
0.235614,-0.212176,2.341006
0.102296,-0.617233,2.338157
0.226810,-0.610358,2.349255
0.120713,-0.911212,2.352573
0.239652,-0.898909,2.372820
0.091703,-0.956560,2.322589
0.244813,-0.942688,2.299723
0.203441,0.406647,2.423851
0.170601,0.228375,2.442873
0.020104,0.110503,2.394000
0.327228,0.167174,2.397028
-0.029134,-0.124642,2.335176
0.365375,-0.014335,2.277629
-0.036875,-0.337063,2.277629
0.190553,0.011890,2.246888
-0.033603,-0.405575,2.222580
0.145267,-0.012861,2.077843
0.170246,-0.096823,2.416832
0.168443,-0.147923,2.359695
0.099894,-0.218366,2.346572
0.235776,-0.212167,2.340917
0.102338,-0.617250,2.338240
0.227072,-0.610342,2.349262
0.120707,-0.911115,2.352588
0.239700,-0.898896,2.372734
0.092508,-0.955558,2.320474
0.245278,-0.943043,2.300561
0.203088,0.406702,2.423461
0.171032,0.228397,2.442644
0.020323,0.110457,2.394192
0.327576,0.166759,2.396499
-0.028302,-0.125031,2.336646
0.372491,-0.017530,2.284178
-0.036569,-0.337298,2.284178
0.200356,0.003764,2.248601
-0.033425,-0.406127,2.223917
0.151513,-0.017703,2.082194
0.170495,-0.096776,2.416822
0.168574,-0.147892,2.359717
0.099995,-0.218370,2.346676
0.235940,-0.212146,2.340825
0.102375,-0.617249,2.338269
0.227369,-0.610322,2.349245
0.120685,-0.910997,2.352566
0.239756,-0.898885,2.372633
0.093304,-0.954463,2.318078
0.245684,-0.943319,2.301242
0.202653,0.406765,2.422998
0.171484,0.228430,2.442385
0.020540,0.110400,2.394401
0.327922,0.166364,2.395999
-0.027448,-0.125471,2.338209
0.379235,-0.020571,2.290803
-0.036276,-0.337549,2.290803
0.208347,-0.002837,2.250418
-0.033286,-0.406694,2.225343
0.157770,-0.022493,2.089287
0.170755,-0.096711,2.416806
0.168711,-0.147848,2.359736
0.100099,-0.218368,2.346781
0.236107,-0.212111,2.340727
0.102395,-0.617206,2.338162
0.227721,-0.610273,2.349182
0.120480,-0.910730,2.352262
0.239813,-0.898868,2.372516
0.093798,-0.953480,2.315874
0.246020,-0.943503,2.301759
0.201881,0.406869,2.422165
0.171940,0.228468,2.442018
0.020749,0.110333,2.394620
0.328219,0.165995,2.395446
-0.026592,-0.125942,2.339813
0.385557,-0.023432,2.297238
-0.035998,-0.337819,2.297238
0.218628,-0.012761,2.252299
-0.033183,-0.407265,2.226837
0.163650,-0.027441,2.095299
0.171034,-0.096628,2.416770
0.168847,-0.147799,2.359746
0.100205,-0.218362,2.346887
0.236272,-0.212066,2.340608
0.102154,-0.616620,2.336803
0.228135,-0.610190,2.349066
0.119576,-0.909193,2.349815
0.239876,-0.898846,2.372384
0.093718,-0.950156,2.308892
0.246268,-0.943607,2.302131
0.200950,0.406983,2.421147
0.172412,0.228527,2.441534
0.020944,0.110263,2.394839
0.328485,0.165659,2.394793
-0.025746,-0.126460,2.341443
0.391360,-0.026118,2.303333
-0.035745,-0.338102,2.303333
0.229201,-0.023830,2.254245
-0.033122,-0.407840,2.228410
0.169706,-0.032980,2.101547
0.171327,-0.096527,2.416700
0.168978,-0.147746,2.359740
0.100307,-0.218356,2.346989
0.236437,-0.212008,2.340447
0.101834,-0.615882,2.335099
0.228584,-0.610078,2.348900
0.118389,-0.907206,2.346566
0.239943,-0.898819,2.372234
0.093263,-0.946311,2.300846
0.246428,-0.943634,2.302363
0.199772,0.407108,2.419821
0.172861,0.228600,2.440887
0.021104,0.110196,2.395016
0.328717,0.165306,2.393985
-0.024926,-0.126997,2.343059
0.396494,-0.028653,2.308824
-0.035528,-0.338394,2.308824
0.239604,-0.036176,2.256252
-0.033116,-0.408421,2.230140
0.179250,-0.044097,2.109407
0.171614,-0.096419,2.416576
0.169100,-0.147692,2.359704
0.100389,-0.218355,2.347067
0.236599,-0.211944,2.340236
0.101383,-0.614905,2.332866
0.229051,-0.609952,2.348696
0.117424,-0.907236,2.343543
0.240014,-0.898775,2.372046
0.092922,-0.945458,2.294210
0.246501,-0.943558,2.302416
0.198128,0.407277,2.417925
0.173279,0.228726,2.439578
0.021224,0.110131,2.395147
0.328746,0.164923,2.392552
-0.024210,-0.127616,2.344489
0.400954,-0.031021,2.313436
-0.035362,-0.338679,2.313436
0.250134,-0.051255,2.258253
-0.033169,-0.409057,2.232055
0.189532,-0.059579,2.116840
0.171913,-0.096274,2.416211
0.169200,-0.147623,2.359504
0.100453,-0.218357,2.347119
0.236726,-0.211858,2.339741
0.100600,-0.613504,2.329691
0.229547,-0.609788,2.348370
0.115700,-0.907666,2.337262
0.240088,-0.898727,2.371844
0.091745,-0.945029,2.283709
0.246475,-0.943425,2.302360
0.195983,0.407540,2.415375
0.173653,0.228902,2.437873
0.021302,0.110051,2.395222
0.328620,0.164596,2.390751
-0.023596,-0.128412,2.345696
0.404906,-0.033227,2.317488
-0.035285,-0.339176,2.317488
0.260830,-0.069162,2.260187
-0.033265,-0.409703,2.233994
0.199702,-0.075851,2.123182
0.172176,-0.096091,2.415600
0.169246,-0.147527,2.359087
0.100486,-0.218365,2.347104
0.236766,-0.211718,2.338872
0.099600,-0.611836,2.325812
0.230062,-0.609583,2.347895
0.113823,-0.908208,2.329954
0.240163,-0.898676,2.371617
0.090421,-0.944861,2.272180
0.246389,-0.943235,2.302174
0.192825,0.407805,2.411443
0.173633,0.229088,2.434800
0.021044,0.109771,2.394536
0.327950,0.164313,2.387552
-0.023165,-0.129462,2.346484
0.408147,-0.035444,2.320686
-0.035427,-0.339922,2.320686
0.272284,-0.091633,2.261957
-0.033689,-0.411005,2.235853
0.212672,-0.101339,2.128002
0.172145,-0.095906,2.413973
0.168958,-0.147457,2.357696
0.100254,-0.218425,2.346514
0.236411,-0.211647,2.336766
0.097759,-0.609379,2.319618
0.230554,-0.609307,2.347012
0.110893,-0.908530,2.317948
0.240230,-0.898609,2.371330
0.088139,-0.944865,2.255321
0.246242,-0.942956,2.301795
0.189165,0.408011,2.406639
0.173414,0.229266,2.430739
0.020605,0.109416,2.393524
0.326968,0.163918,2.383474
-0.022850,-0.130639,2.347030
0.410885,-0.037748,2.323300
-0.035681,-0.340637,2.323300
0.283222,-0.111813,2.263380
-0.034274,-0.412380,2.237515
0.226025,-0.126872,2.131991
0.171949,-0.095727,2.411634
0.168450,-0.147418,2.355637
0.099790,-0.218529,2.345412
0.235824,-0.211648,2.333916
0.095145,-0.606493,2.311839
0.231020,-0.609003,2.345763
0.108128,-0.908938,2.305558
0.240282,-0.898520,2.370952
0.086026,-0.945140,2.238408
0.245970,-0.942583,2.301191
0.184952,0.408234,2.401051
0.172906,0.229492,2.425690
0.019845,0.108950,2.391925
0.325327,0.163515,2.378078
-0.022711,-0.131985,2.347217
0.412858,-0.040441,2.324931
-0.036138,-0.341442,2.324931
0.293413,-0.131017,2.264601
-0.035124,-0.413865,2.238962
0.240016,-0.153924,2.134885
0.171480,-0.095549,2.408250
0.167580,-0.147398,2.352537
0.099006,-0.218671,2.343478
0.234799,-0.211657,2.329884
0.091971,-0.603384,2.302662
0.231438,-0.608715,2.344067
0.104666,-0.909371,2.291291
0.240309,-0.898372,2.370433
0.083118,-0.945560,2.219813
0.245529,-0.942047,2.300293
0.179855,0.408413,2.394294
0.172003,0.229685,2.419369
0.018521,0.108277,2.389063
0.323056,0.163089,2.371379
-0.022945,-0.133587,2.346726
0.413365,-0.044210,2.324566
-0.036903,-0.342367,2.324566
0.303205,-0.152203,2.265404
-0.036396,-0.415507,2.240056
0.254223,-0.183976,2.136305
0.170618,-0.095401,2.403653
0.166297,-0.147422,2.348237
0.097797,-0.218878,2.340410
0.233358,-0.211680,2.324694
0.087963,-0.600019,2.291524
0.231704,-0.608452,2.341589
0.101106,-0.909901,2.276276
0.240312,-0.898178,2.369762
0.080212,-0.946154,2.200856
0.245007,-0.941395,2.299117
0.171987,0.408382,2.383813
0.169462,0.230008,2.409529
0.015254,0.107071,2.382576
0.318766,0.162471,2.360871
-0.024752,-0.136342,2.343336
0.410347,-0.049825,2.319401
-0.039200,-0.344127,2.319401
0.312097,-0.175187,2.264275
-0.039079,-0.418038,2.239372
0.268679,-0.217164,2.135251
0.168333,-0.095469,2.394804
0.163567,-0.147715,2.339615
0.095225,-0.219480,2.333107
0.230482,-0.211846,2.315079
0.081783,-0.596514,2.274847
0.231337,-0.608351,2.336479
0.097356,-0.910827,2.259904
0.239891,-0.897386,2.367727
0.077302,-0.947159,2.181104
0.243692,-0.939786,2.296082
0.163888,0.408357,2.372987
0.166452,0.230435,2.398909
0.011504,0.105837,2.375215
0.314088,0.162015,2.349776
-0.027069,-0.139231,2.339066
0.405571,-0.054660,2.312222
-0.042149,-0.346010,2.312222
0.319934,-0.196934,2.262238
-0.042364,-0.420700,2.238014
0.281652,-0.247795,2.133552
0.165619,-0.095498,2.384964
0.160397,-0.147971,2.329936
0.092195,-0.220082,2.324660
0.227157,-0.211960,2.304388
0.075465,-0.593127,2.258031
0.230486,-0.608276,2.329698
0.093383,-0.911761,2.242838
0.239293,-0.896368,2.365031
0.074185,-0.948243,2.161004
0.242085,-0.937852,2.292223
0.155155,0.408459,2.360948
0.162505,0.231017,2.386807
0.006773,0.104632,2.366083
0.308391,0.161725,2.337186
-0.030764,-0.142310,2.332404
0.397665,-0.060075,2.301641
-0.046343,-0.348045,2.301641
0.326477,-0.217223,2.258560
-0.046709,-0.422724,2.235034
0.293080,-0.275647,2.131011
0.161973,-0.095500,2.373026
0.156275,-0.148189,2.318034
0.088142,-0.220619,2.313570
0.222945,-0.211994,2.291711
0.067985,-0.590203,2.238853
0.228599,-0.609846,2.319850
0.089856,-0.912925,2.227113
0.238448,-0.895574,2.360783
0.071385,-0.949185,2.142695
0.239069,-0.936776,2.290616
0.145728,0.408832,2.347811
0.157385,0.231949,2.373353
0.000672,0.103439,2.354775
0.301824,0.161747,2.323432
-0.035384,-0.145302,2.324396
0.389346,-0.065254,2.290420
-0.051749,-0.349982,2.290420
0.331788,-0.236194,2.252759
-0.052176,-0.424499,2.230607
0.302876,-0.300506,2.127848
0.157349,-0.095225,2.359292
0.151273,-0.148109,2.304262
0.083235,-0.220904,2.300373
0.217910,-0.211705,2.277239
0.060398,-0.587054,2.219879
0.225300,-0.609758,2.304213
0.086272,-0.913861,2.211547
0.236825,-0.892541,2.352220
0.068583,-0.950073,2.124881
0.235913,-0.932396,2.280584
0.135759,0.409600,2.333895
0.151321,0.233347,2.358494
-0.006198,0.102830,2.342388
0.294546,0.161984,2.308709
-0.041390,-0.147441,2.314152
0.379748,-0.069860,2.277369
-0.058423,-0.351123,2.277369
0.335847,-0.253717,2.244878
-0.059484,-0.426300,2.223142
0.311036,-0.322831,2.123883
0.151781,-0.094626,2.343786
0.145336,-0.147712,2.288673
0.077315,-0.220763,2.284984
0.212027,-0.211147,2.261275
0.052692,-0.583863,2.201096
0.220493,-0.608578,2.283380
0.082684,-0.914649,2.196437
0.233843,-0.887926,2.338247
0.065753,-0.950832,2.107872
0.231185,-0.926202,2.264630
0.125034,0.410745,2.318961
0.144469,0.235092,2.342704
-0.014027,0.102701,2.328593
0.286307,0.162655,2.292758
-0.049047,-0.149910,2.301511
0.369433,-0.073918,2.263180
-0.066917,-0.352555,2.263180
0.338323,-0.270005,2.234326
-0.067944,-0.427876,2.213563
0.317808,-0.343029,2.118959
0.145237,-0.093789,2.326792
0.138378,-0.147058,2.271492
0.070308,-0.220312,2.267742
0.205105,-0.210325,2.243813
0.045118,-0.581151,2.182741
0.213063,-0.606341,2.256387
0.079166,-0.915542,2.181991
0.228937,-0.881782,2.317314
0.062932,-0.951528,2.091845
0.225936,-0.920761,2.256742
0.113758,0.411969,2.303100
0.136872,0.236941,2.326207
-0.022852,0.102982,2.313485
0.277349,0.163455,2.276051
-0.057755,-0.151594,2.287423
0.358826,-0.077489,2.248426
-0.077210,-0.353182,2.248426
0.339457,-0.284887,2.220906
-0.078192,-0.428899,2.200774
0.323006,-0.361508,2.112571
0.138043,-0.092895,2.308834
0.130850,-0.146327,2.253316
0.062636,-0.219779,2.249002
0.197757,-0.209391,2.225752
0.037451,-0.582807,2.163556
0.204990,-0.604302,2.227620
0.075710,-0.916518,2.168552
0.225376,-0.880255,2.303295
0.060149,-0.952229,2.077091
0.221115,-0.918566,2.243085
0.102455,0.413380,2.286944
0.128245,0.239024,2.308780
-0.032196,0.103795,2.297600
0.267390,0.164584,2.258359
-0.067283,-0.152433,2.272122
0.346364,-0.079808,2.231976
-0.089246,-0.352768,2.231976
0.339038,-0.298295,2.204650
-0.090244,-0.429171,2.185087
0.326508,-0.377974,2.104264
0.130322,-0.091685,2.290201
0.122866,-0.145268,2.234507
0.054860,-0.218975,2.230155
0.189691,-0.207920,2.206560
0.029927,-0.585883,2.144993
0.195160,-0.601005,2.193911
0.072481,-0.917355,2.156060
0.221363,-0.878301,2.288113
0.057529,-0.952798,2.063505
0.215769,-0.915853,2.227670
0.090878,0.415059,2.270143
0.118977,0.241289,2.290680
-0.042109,0.104875,2.280860
0.256923,0.165734,2.240300
-0.077962,-0.152518,2.255080
0.332098,-0.082129,2.213257
-0.102637,-0.351914,2.213257
0.337115,-0.310237,2.186528
-0.104971,-0.428636,2.165334
0.328612,-0.392559,2.094702
0.122003,-0.090387,2.270842
0.114363,-0.144132,2.214987
0.046424,-0.217994,2.210034
0.181388,-0.206378,2.187385
0.022815,-0.589359,2.127672
0.184052,-0.596024,2.158163
0.069541,-0.918107,2.144474
0.216014,-0.876844,2.268945
0.055165,-0.953287,2.051014
0.209031,-0.913601,2.207517
0.078820,0.416628,2.252505
0.109235,0.243626,2.272194
-0.052531,0.106225,2.263005
0.246203,0.166975,2.222076
-0.089298,-0.151951,2.236912
0.317746,-0.084111,2.194304
-0.118001,-0.350479,2.194304
0.333388,-0.320740,2.165294
-0.120664,-0.427505,2.143617
0.327501,-0.405044,2.081765
0.113303,-0.089017,2.251137
0.105610,-0.142914,2.195140
0.037735,-0.216875,2.189368
0.172913,-0.204745,2.168166
0.016086,-0.593094,2.111393
0.173002,-0.592000,2.123136
0.066798,-0.918772,2.133633
0.210425,-0.876216,2.245039
0.052990,-0.953694,2.039441
0.202205,-0.912173,2.181967
0.067165,0.418322,2.235250
0.099210,0.246108,2.253408
-0.063163,0.107727,2.244516
0.234963,0.168395,2.203451
-0.101189,-0.150441,2.217727
0.303712,-0.085610,2.175434
-0.133534,-0.348365,2.175434
0.328159,-0.329756,2.143443
-0.137421,-0.425503,2.120079
0.325167,-0.415376,2.067945
0.104456,-0.087471,2.231324
0.096774,-0.141521,2.175225
0.029105,-0.215561,2.168820
0.164256,-0.202861,2.148803
0.009665,-0.592152,2.093937
0.161332,-0.587745,2.087160
0.064046,-0.918924,2.124083
0.203714,-0.875501,2.219043
0.050855,-0.953789,2.029392
0.194277,-0.910643,2.153996
0.055452,0.420148,2.217369
0.088964,0.248678,2.234234
-0.073929,0.109252,2.225463
0.223892,0.169812,2.185019
-0.113363,-0.148360,2.197867
0.289847,-0.086691,2.156252
-0.149993,-0.345951,2.156252
0.321395,-0.337153,2.120009
-0.154636,-0.422857,2.095151
0.320638,-0.423077,2.051291
0.095480,-0.085739,2.211266
0.087917,-0.139922,2.155098
0.020321,-0.214032,2.147706
0.155747,-0.200797,2.129576
0.002884,-0.590927,2.077837
0.149658,-0.583165,2.051724
0.061478,-0.918929,2.114935
0.195936,-0.874885,2.190217
0.048921,-0.953797,2.019930
0.185418,-0.909211,2.122927
0.044102,0.422171,2.199736
0.078754,0.251179,2.215176
-0.084659,0.110961,2.206283
0.213021,0.171310,2.166803
-0.125502,-0.145779,2.177792
0.276511,-0.087540,2.137109
-0.166741,-0.343181,2.137109
0.313686,-0.343028,2.095406
-0.171527,-0.419935,2.070099
0.314730,-0.428874,2.033210
0.086458,-0.083869,2.191255
0.079049,-0.138125,2.135005
0.011504,-0.212310,2.126570
0.147247,-0.198542,2.110411
-0.003649,-0.589426,2.062927
0.138175,-0.578348,2.017237
0.058968,-0.918784,2.106205
0.186804,-0.874378,2.157940
0.047038,-0.953711,2.011019
0.175313,-0.907891,2.088214
0.032797,0.424354,2.181586
0.068636,0.253692,2.196123
-0.095246,0.112730,2.187064
0.202126,0.172752,2.148286
-0.137389,-0.142858,2.157891
0.263653,-0.088164,2.117902
-0.182891,-0.339963,2.117902
0.305142,-0.347179,2.071410
-0.187784,-0.416567,2.045025
0.307409,-0.432578,2.013447
0.077518,-0.081903,2.171349
0.070253,-0.136219,2.115033
0.002748,-0.210455,2.105482
0.138825,-0.196188,2.091476
-0.010142,-0.587613,2.048725
0.127084,-0.573359,1.984168
0.056314,-0.918473,2.097713
0.176957,-0.873791,2.124871
0.045012,-0.953513,2.002499
0.164543,-0.906529,2.052748
