-0.028223,0.929979,2.984077
-0.073446,0.779524,3.094730
-0.248390,0.684588,3.086408
0.126658,0.655380,3.132935
-0.348248,0.407073,3.134221
0.174676,0.392637,3.187804
-0.352151,0.158718,3.187804
0.198195,0.143328,3.068876
-0.352361,0.099707,3.043100
0.194773,0.059122,3.034114
-0.076923,0.415233,3.096738
-0.077399,0.342441,3.098977
-0.162628,0.264955,3.093415
0.006315,0.251861,3.100955
-0.172399,-0.214513,2.955183
-0.048512,-0.225501,3.218024
-0.157327,-0.588432,2.860353
-0.071233,-0.571672,3.203739
-0.152142,-0.652304,2.781089
-0.054435,-0.651806,3.136473
-0.018787,0.928647,2.938774
-0.062867,0.775587,3.047005
-0.237505,0.680381,3.036576
0.136315,0.651913,3.083959
-0.335850,0.403404,3.081663
0.186098,0.390345,3.138227
-0.340452,0.155281,3.138227
0.213578,0.143730,3.015893
-0.340657,0.097328,2.987353
0.210272,0.060911,2.964165
-0.065535,0.410462,3.044938
-0.065623,0.337403,3.044878
-0.150380,0.260527,3.038810
0.018074,0.246637,3.045130
-0.158803,-0.221104,2.890665
-0.038187,-0.230977,3.185045
-0.138285,-0.596680,2.759687
-0.068515,-0.574090,3.197293
-0.131658,-0.660260,2.678149
-0.053204,-0.654612,3.134030
-0.011756,0.925792,2.885029
-0.054098,0.771205,2.993863
-0.228768,0.676007,2.982649
0.143369,0.648313,3.030285
-0.324700,0.398747,3.021784
0.195336,0.390367,3.087912
-0.329111,0.150972,3.087912
0.226866,0.147917,2.953074
-0.330275,0.093863,2.924736
0.224248,0.067241,2.890875
-0.055969,0.405518,2.988001
-0.055674,0.332280,2.985266
-0.139788,0.255921,2.978356
0.027821,0.241690,2.984198
-0.146639,-0.226602,2.829176
-0.024684,-0.236001,3.132678
-0.122293,-0.603366,2.675433
-0.065569,-0.575704,3.189151
-0.114566,-0.666618,2.592407
-0.050437,-0.655253,3.126326
-0.006409,0.923697,2.836069
-0.047117,0.767645,2.944348
-0.221627,0.671737,2.931971
0.148909,0.645406,2.981517
-0.315022,0.394167,2.966206
0.203202,0.390788,3.042926
-0.319213,0.146946,3.042926
0.238664,0.152974,2.892733
-0.321059,0.090370,2.866657
0.236623,0.075421,2.823327
-0.047951,0.401194,2.936490
-0.047241,0.327762,2.931497
-0.130698,0.251782,2.923650
0.036105,0.237471,2.929872
-0.136211,-0.231377,2.776370
-0.011151,-0.240506,3.075882
-0.108314,-0.608949,2.602138
-0.061802,-0.577039,3.179593
-0.099556,-0.671816,2.517217
-0.046586,-0.655021,3.116313
-0.002391,0.921890,2.790413
-0.041754,0.764648,2.898065
-0.215660,0.667505,2.882921
0.153109,0.643091,2.935674
-0.306761,0.390086,2.910731
0.209539,0.392108,3.000632
-0.310420,0.143294,3.000632
0.249217,0.161112,2.834992
-0.312299,0.087260,2.810915
0.247901,0.086659,2.757724
-0.041268,0.397332,2.887984
-0.040039,0.323721,2.880587
-0.122752,0.247934,2.871538
0.043267,0.234009,2.878525
-0.126335,-0.235301,2.730089
0.001776,-0.243958,3.016750
-0.095762,-0.613937,2.536357
-0.057293,-0.578229,3.166904
-0.086120,-0.676797,2.450606
-0.043808,-0.655938,3.109492
0.000983,0.921319,2.743306
-0.037530,0.762306,2.849862
-0.210496,0.663539,2.831864
0.156324,0.641717,2.890670
-0.299626,0.386219,2.853491
0.215046,0.394526,2.958943
-0.302204,0.140250,2.958943
0.259541,0.175532,2.772920
-0.303299,0.084688,2.750954
0.258837,0.106021,2.687130
-0.035349,0.393969,2.839511
-0.033483,0.320176,2.830136
-0.115345,0.244266,2.819409
0.049741,0.231285,2.829514
-0.117599,-0.239067,2.688873
0.016098,-0.245076,2.946426
-0.085019,-0.618685,2.479673
-0.048930,-0.580581,3.138434
-0.074765,-0.681693,2.395278
-0.036850,-0.658344,3.092024
0.003600,0.920321,2.700816
-0.034295,0.760410,2.806839
-0.206350,0.660249,2.786140
0.158817,0.640544,2.850338
-0.293601,0.383067,2.801375
0.219568,0.396883,2.921672
-0.295131,0.138022,2.921672
0.270115,0.197470,2.716180
-0.295316,0.082347,2.694100
0.270468,0.134271,2.618365
-0.030394,0.391105,2.796701
-0.027924,0.317154,2.785670
-0.109029,0.241100,2.773428
0.055319,0.229008,2.786060
-0.109897,-0.242385,2.652327
0.028802,-0.247143,2.882813
-0.076442,-0.623086,2.434117
-0.039108,-0.584063,3.101459
-0.066003,-0.686315,2.353022
-0.025589,-0.660663,3.060953
0.005739,0.919299,2.662422
-0.031865,0.758791,2.767223
-0.202939,0.657343,2.743462
0.160869,0.639683,2.814081
-0.288587,0.380391,2.753557
0.223404,0.399179,2.887163
-0.288900,0.136723,2.887163
0.279455,0.215002,2.662212
-0.288033,0.080846,2.640990
0.275901,0.166549,2.553718
-0.026235,0.388763,2.757562
-0.023144,0.314720,2.745103
-0.103533,0.238497,2.731400
0.060176,0.227243,2.746495
-0.103034,-0.245329,2.619483
0.039996,-0.249691,2.824307
-0.070201,-0.626908,2.401114
-0.026493,-0.589539,3.051714
-0.059546,-0.690464,2.325239
-0.010598,-0.664666,3.017623
0.007806,0.918542,2.625865
-0.029752,0.757908,2.727802
-0.199852,0.655241,2.700974
0.162543,0.639100,2.778353
-0.284374,0.379036,2.704852
0.226862,0.401589,2.850876
-0.283213,0.136626,2.850876
0.286442,0.244380,2.609043
-0.280863,0.081371,2.586633
0.281310,0.217692,2.483279
-0.022489,0.386926,2.719736
-0.018790,0.312749,2.706270
-0.098485,0.236356,2.691366
0.064575,0.225897,2.708928
-0.096967,-0.248095,2.589846
0.050363,-0.252785,2.765275
-0.066268,-0.630043,2.380578
-0.008397,-0.597454,2.971513
-0.056069,-0.694026,2.311006
0.010004,-0.671260,2.938311
0.009618,0.917892,2.593210
-0.028073,0.757213,2.692770
-0.197253,0.653356,2.663411
0.163868,0.638556,2.746322
-0.280889,0.377804,2.661990
0.230474,0.404031,2.818209
-0.278321,0.136835,2.818209
0.287527,0.289212,2.561403
-0.274587,0.082142,2.537631
0.281830,0.277257,2.424369
-0.019218,0.385308,2.686132
-0.014953,0.310998,2.671817
-0.093999,0.234437,2.655743
0.068476,0.224697,2.675658
-0.091869,-0.250808,2.563621
0.059358,-0.256132,2.713068
-0.064495,-0.632558,2.371632
0.011018,-0.604875,2.886889
-0.055080,-0.697014,2.308654
0.032191,-0.678289,2.847072
0.011336,0.917353,2.563458
-0.026638,0.756734,2.661258
-0.194940,0.651699,2.629827
0.165008,0.638110,2.717495
-0.277922,0.376651,2.623756
0.234763,0.406493,2.786262
-0.274060,0.137299,2.786262
0.289507,0.331325,2.518098
-0.269023,0.083098,2.493539
0.281056,0.338427,2.373411
-0.016356,0.383912,2.655675
-0.011570,0.309475,2.640562
-0.089997,0.232763,2.623298
0.071893,0.223661,2.645495
-0.087798,-0.253491,2.541088
0.067206,-0.259197,2.666724
-0.064590,-0.634357,2.372521
0.029446,-0.611535,2.803049
-0.056112,-0.699487,2.315499
0.052682,-0.685747,2.755742
0.012996,0.916782,2.536264
-0.024922,0.756214,2.632149
-0.192583,0.650220,2.598516
0.166588,0.637746,2.690263
-0.275077,0.375831,2.587893
0.246070,0.412967,2.745168
-0.270348,0.137871,2.745168
0.290437,0.386924,2.478226
-0.264038,0.084135,2.453100
0.277873,0.414191,2.329753
-0.013515,0.382641,2.626937
-0.008260,0.308142,2.610852
-0.086166,0.231204,2.592312
0.075249,0.222721,2.616588
-0.084586,-0.256164,2.521909
0.074277,-0.262084,2.623816
-0.066136,-0.635527,2.381146
0.045748,-0.617564,2.725584
-0.058644,-0.701392,2.329567
0.069706,-0.692098,2.676060
0.014579,0.916253,2.511939
-0.023219,0.755722,2.606011
-0.190428,0.648966,2.570655
0.168116,0.637411,2.665770
-0.272397,0.374993,2.556103
0.258429,0.420362,2.706698
-0.267028,0.138292,2.706698
0.292142,0.440425,2.442966
-0.259590,0.084952,2.417204
0.273913,0.486907,2.295302
-0.010929,0.381546,2.601159
-0.005265,0.307017,2.584128
-0.082727,0.229866,2.564460
0.078262,0.221924,2.590625
-0.081984,-0.258777,2.505337
0.080476,-0.264657,2.585792
-0.068659,-0.636237,2.395140
0.059405,-0.622626,2.659988
-0.062141,-0.703015,2.348228
0.083935,-0.697432,2.608984
0.016075,0.915781,2.490180
-0.021608,0.755322,2.582691
-0.188438,0.647884,2.545851
0.169729,0.637222,2.643429
-0.269856,0.374216,2.527852
0.276260,0.434852,2.661981
-0.264011,0.138605,2.661981
0.291101,0.498345,2.411797
-0.255636,0.085530,2.385398
0.268920,0.559764,2.269505
-0.008494,0.380630,2.577988
-0.002448,0.306118,2.559941
-0.079516,0.228743,2.539260
0.081121,0.221316,2.566985
-0.079825,-0.261248,2.490861
0.085979,-0.267001,2.552045
-0.071714,-0.636713,2.412486
0.071056,-0.626911,2.604212
-0.066289,-0.704208,2.369887
0.095927,-0.701949,2.552443
0.017491,0.915356,2.470621
-0.019991,0.755003,2.561507
-0.186436,0.647020,2.523485
0.171427,0.637200,2.622946
-0.267474,0.373424,2.502663
0.295003,0.450371,2.623015
-0.261251,0.138738,2.623015
0.291375,0.550627,2.384102
-0.252093,0.085977,2.357208
0.263327,0.628768,2.250987
-0.006198,0.379872,2.556911
0.000199,0.305419,2.537827
-0.076509,0.227842,2.516257
0.083772,0.220889,2.545312
-0.077806,-0.263591,2.478022
0.090916,-0.269077,2.522104
-0.075038,-0.637371,2.430964
0.081065,-0.630610,2.556279
-0.070579,-0.705627,2.392313
0.106237,-0.705827,2.504031
0.019064,0.914945,2.452657
-0.018071,0.754834,2.541784
-0.183845,0.646286,2.502663
0.175111,0.637102,2.601850
-0.265247,0.372688,2.480037
0.323835,0.478307,2.575886
-0.258700,0.138797,2.575886
0.290199,0.611498,2.359241
-0.248841,0.086274,2.332005
0.255344,0.701428,2.243836
-0.003708,0.379268,2.537349
0.003047,0.304904,2.517152
-0.073383,0.227095,2.494747
0.086695,0.220510,2.524993
-0.075666,-0.265613,2.465394
0.095428,-0.270849,2.495198
-0.078340,-0.637745,2.448940
0.089776,-0.633886,2.514606
-0.074905,-0.707021,2.414917
0.115278,-0.709220,2.462025
0.020552,0.914583,2.436412
-0.016157,0.754706,2.523913
-0.181465,0.645689,2.484002
0.178779,0.637169,2.582667
-0.263215,0.371993,2.459569
0.350696,0.512854,2.529788
-0.256403,0.138835,2.529788
0.287767,0.666939,2.336830
-0.245900,0.086566,2.309326
0.250771,0.754726,2.232187
-0.001393,0.378762,2.519718
0.005694,0.304514,2.498463
-0.070534,0.226475,2.475377
0.089411,0.220219,2.506590
-0.073876,-0.267507,2.454315
0.099547,-0.272457,2.470969
-0.081629,-0.637974,2.466408
0.097515,-0.636794,2.477788
-0.079058,-0.708320,2.436959
0.123395,-0.712231,2.424923
0.022027,0.914257,2.421687
-0.014230,0.754595,2.507681
-0.179201,0.645245,2.467202
0.182920,0.637271,2.564420
-0.261304,0.371370,2.441117
0.375756,0.545394,2.489537
-0.254358,0.138854,2.489537
0.285888,0.715684,2.317316
-0.243293,0.086816,2.289718
0.246804,0.802537,2.223246
0.000824,0.378338,2.503731
0.008207,0.304228,2.481464
-0.067917,0.225939,2.457886
0.092059,0.220006,2.489676
-0.072291,-0.269168,2.444114
0.103278,-0.273918,2.449027
-0.084780,-0.637959,2.482749
0.104536,-0.639433,2.444748
-0.083030,-0.709389,2.458030
0.130758,-0.714947,2.391476
0.023536,0.913947,2.408301
-0.012235,0.754534,2.492933
-0.176835,0.644881,2.451999
0.187244,0.637375,2.547399
-0.259340,0.370942,2.424864
0.398089,0.576177,2.453501
-0.252563,0.139034,2.453501
0.283822,0.759675,2.301347
-0.241025,0.086921,2.273562
0.243371,0.845531,2.216747
0.002957,0.377960,2.489212
0.010609,0.303987,2.465961
-0.065501,0.225454,2.442050
0.094632,0.219840,2.474071
-0.070936,-0.270760,2.434945
0.106610,-0.275286,2.429358
-0.087831,-0.637787,2.497533
0.110770,-0.641774,2.415015
-0.086740,-0.710246,2.477556
0.137186,-0.717400,2.361636
0.025153,0.913633,2.396110
-0.010148,0.754528,2.479539
-0.174381,0.644692,2.438396
0.191766,0.637457,2.531463
-0.257278,0.370682,2.410925
0.417870,0.604854,2.421291
-0.250955,0.139271,2.421291
0.281610,0.799123,2.289244
-0.239066,0.086853,2.261304
0.240150,0.884196,2.212638
0.005017,0.377642,2.476067
0.012872,0.303793,2.451905
-0.063283,0.225018,2.427736
0.097073,0.219708,2.459859
-0.069774,-0.272210,2.426568
0.109539,-0.276551,2.412074
-0.090766,-0.637644,2.510984
0.116083,-0.643766,2.389009
-0.090430,-0.710992,2.494432
0.142577,-0.719583,2.335873
0.027265,0.913239,2.384978
-0.006776,0.754553,2.466994
-0.171702,0.644741,2.426305
0.196838,0.637563,2.515937
-0.254799,0.370733,2.399474
0.435267,0.632994,2.391053
-0.248955,0.139658,2.391053
0.278891,0.834597,2.282598
-0.236301,0.085020,2.257293
0.237259,0.918724,2.210188
0.007221,0.377447,2.464080
0.015104,0.303704,2.439056
-0.061193,0.224676,2.414718
0.099410,0.219640,2.446839
-0.068784,-0.273274,2.418505
0.112284,-0.277638,2.397136
-0.093329,-0.637509,2.521303
0.120389,-0.645382,2.367098
-0.094060,-0.711617,2.508746
0.146840,-0.721455,2.314563
0.029619,0.912794,2.374995
-0.003380,0.754614,2.455774
-0.168666,0.645010,2.415588
0.201825,0.637625,2.501552
-0.252104,0.370929,2.390349
0.450454,0.657816,2.364498
-0.246993,0.140036,2.364498
0.276329,0.865928,2.279835
-0.233718,0.082882,2.257110
0.234642,0.949312,2.209321
0.009396,0.377292,2.453260
0.017237,0.303647,2.427389
-0.059223,0.224397,2.402918
0.101615,0.219592,2.434966
-0.067921,-0.274281,2.411244
0.114738,-0.278597,2.384699
-0.095734,-0.637345,2.530310
0.123658,-0.646598,2.349493
-0.097431,-0.712149,2.520101
0.149982,-0.723043,2.297761
0.032259,0.912245,2.365981
0.000047,0.754659,2.445678
-0.165481,0.645443,2.406220
0.206655,0.637811,2.488355
-0.249089,0.370858,2.383492
0.463807,0.679806,2.340866
-0.245119,0.139821,2.340866
0.273958,0.893499,2.280210
-0.231271,0.080783,2.260356
0.232241,0.976240,2.209745
0.011577,0.377182,2.443507
0.019288,0.303634,2.416795
-0.057346,0.224184,2.392229
0.103703,0.219578,2.424150
-0.067212,-0.275185,2.404688
0.116948,-0.279323,2.374749
-0.097917,-0.637167,2.538165
0.125887,-0.647401,2.336252
-0.100734,-0.712509,2.529848
0.151999,-0.724311,2.285553
0.035056,0.911645,2.357908
0.003546,0.754733,2.436618
-0.162227,0.646007,2.398109
0.211270,0.638032,2.476281
-0.245919,0.370845,2.378684
0.475521,0.699284,2.319750
-0.243306,0.139548,2.319750
0.271666,0.917620,2.283431
-0.229051,0.078710,2.266329
0.230060,0.999681,2.211348
0.013728,0.377120,2.434762
0.021218,0.303656,2.407207
-0.055585,0.224031,2.382596
0.105632,0.219579,2.414307
-0.066665,-0.276057,2.398785
0.118882,-0.279890,2.367188
-0.099899,-0.637045,2.544902
0.127136,-0.647822,2.327227
-0.104190,-0.712818,2.538132
0.152989,-0.725291,2.277836
0.038019,0.910974,2.350691
0.006962,0.754755,2.428430
-0.158962,0.646699,2.391157
0.215652,0.638244,2.465200
-0.242668,0.370735,2.375671
0.485900,0.716600,2.300925
-0.241618,0.139026,2.300925
0.269422,0.938384,2.288851
-0.227082,0.076636,2.274367
0.228064,1.019759,2.214096
0.015834,0.377095,2.426919
0.023038,0.303708,2.398522
-0.053920,0.223938,2.373932
0.107422,0.219591,2.405344
-0.066259,-0.276857,2.393509
0.120545,-0.280284,2.361852
-0.102207,-0.637085,2.550183
0.127494,-0.647901,2.322104
-0.108753,-0.713377,2.542399
0.153068,-0.726005,2.274256
0.041113,0.910251,2.344301
0.010261,0.754756,2.421056
-0.155711,0.647366,2.384987
0.219821,0.638474,2.455058
-0.239385,0.370750,2.374116
0.495163,0.732111,2.284075
-0.240066,0.138609,2.284075
0.267252,0.955940,2.295959
-0.225318,0.074649,2.283774
0.226266,1.036666,2.217607
0.017867,0.377088,2.419888
0.024755,0.303779,2.390653
-0.052336,0.223894,2.366152
0.109082,0.219607,2.397181
-0.066005,-0.277579,2.388831
0.121978,-0.280548,2.358529
-0.104625,-0.637139,2.553971
0.127074,-0.647686,2.320459
-0.113417,-0.713853,2.544526
0.152360,-0.726456,2.274194
0.044434,0.909499,2.338752
0.013474,0.754734,2.414434
-0.152575,0.648056,2.379642
0.223731,0.638680,2.445798
-0.236141,0.370824,2.373653
0.503378,0.746115,2.269038
-0.238650,0.138228,2.269038
0.265146,0.970335,2.304129
-0.223792,0.072861,2.293831
0.224679,1.050520,2.221952
0.019827,0.377095,2.413595
0.026364,0.303864,2.383523
-0.050855,0.223879,2.359143
0.110607,0.219623,2.389755
-0.065901,-0.278228,2.384729
0.123188,-0.280731,2.356994
-0.107107,-0.637073,2.556185
0.126013,-0.647228,2.321780
-0.118145,-0.714005,2.544138
0.151009,-0.726679,2.277070
0.047783,0.908739,2.333956
0.016580,0.754699,2.408509
-0.149609,0.648744,2.374940
0.227343,0.638880,2.437381
-0.233067,0.371039,2.373797
0.510512,0.758802,2.255763
-0.237322,0.138012,2.255763
0.263027,0.981722,2.312666
-0.222513,0.071195,2.303736
0.223239,1.061526,2.226804
0.021697,0.377114,2.407993
0.027860,0.303959,2.377077
-0.049480,0.223893,2.352852
0.111995,0.219638,2.383019
-0.065947,-0.278816,2.381205
0.124173,-0.280767,2.356878
-0.109595,-0.636999,2.557320
0.124417,-0.646566,2.325570
-0.122833,-0.714036,2.542092
0.149159,-0.726718,2.282343
0.050948,0.908022,2.329738
0.019568,0.754677,2.403206
-0.146864,0.649377,2.370777
0.230677,0.639072,2.429719
-0.230183,0.371322,2.374459
0.516510,0.770242,2.244270
-0.236161,0.137912,2.244270
0.260932,0.990233,2.320194
-0.221370,0.069621,2.311512
0.221934,1.069894,2.232203
0.023491,0.377150,2.402981
0.029271,0.304070,2.371228
-0.048184,0.223935,2.347213
0.113300,0.219666,2.376843
-0.066129,-0.279329,2.378234
0.124916,-0.280650,2.357897
-0.112040,-0.636914,2.557521
0.122393,-0.645755,2.331340
-0.127371,-0.713992,2.538832
0.146914,-0.726613,2.289581
0.053115,0.907362,2.325392
0.022295,0.754657,2.398370
-0.144407,0.649915,2.366912
0.233684,0.639220,2.422689
-0.227909,0.371476,2.374135
0.521226,0.780407,2.234486
-0.235349,0.137784,2.234486
0.258704,0.996151,2.324882
-0.220370,0.068185,2.317392
0.220756,1.075797,2.237823
0.025082,0.377158,2.398414
0.030509,0.304148,2.365881
-0.047066,0.223944,2.342015
0.114461,0.219679,2.371224
-0.066469,-0.279775,2.375837
0.125397,-0.280529,2.359746
-0.114422,-0.636810,2.556918
0.120079,-0.644840,2.338536
-0.131721,-0.713872,2.534537
0.144398,-0.726390,2.298230
0.055090,0.906721,2.321461
0.024750,0.754617,2.393930
-0.142215,0.650345,2.363371
0.236405,0.639339,2.416296
-0.225924,0.371536,2.373834
0.524661,0.789260,2.226449
-0.234646,0.137573,2.226449
0.256413,0.999621,2.329045
-0.219599,0.067037,2.322093
0.219640,1.079466,2.243611
0.026519,0.377150,2.394279
0.031622,0.304207,2.361015
-0.046061,0.223942,2.337302
0.115505,0.219682,2.366114
-0.066965,-0.280147,2.373985
0.125662,-0.280403,2.362359
-0.116725,-0.636643,2.555583
0.117583,-0.643856,2.346715
-0.135834,-0.713679,2.529566
0.141729,-0.726068,2.307751
0.057060,0.906106,2.318022
0.027018,0.754586,2.389933
-0.140244,0.650716,2.360209
0.238866,0.639440,2.410476
-0.224220,0.371438,2.373384
0.526928,0.796676,2.219877
-0.234028,0.137277,2.219877
0.254263,1.000898,2.332434
-0.218940,0.066008,2.326101
0.218573,1.081181,2.249447
0.027826,0.377139,2.390562
0.032619,0.304260,2.356589
-0.045170,0.223942,2.333036
0.116442,0.219680,2.361461
-0.067632,-0.280467,2.372673
0.125670,-0.280344,2.365533
-0.118932,-0.636470,2.553669
0.115016,-0.642876,2.355476
-0.139687,-0.713446,2.524071
0.139001,-0.725686,2.317789
0.058775,0.905531,2.314852
0.029074,0.754551,2.386297
-0.138483,0.651039,2.357355
0.241095,0.639550,2.405197
-0.222717,0.371381,2.372959
0.528082,0.802827,2.214593
-0.233434,0.137087,2.214593
0.252132,1.000239,2.335307
-0.218374,0.065074,2.329564
0.217571,1.081123,2.255215
0.029012,0.377137,2.387216
0.033522,0.304314,2.352566
-0.044377,0.223948,2.329165
0.117289,0.219679,2.357235
-0.068444,-0.280745,2.371880
0.125521,-0.280270,2.369200
-0.121033,-0.636291,2.551280
0.112426,-0.641893,2.364588
-0.143280,-0.713180,2.518152
0.136274,-0.725256,2.328040
0.060311,0.905002,2.311961
0.030862,0.754513,2.382955
-0.136916,0.651322,2.354699
0.243080,0.639650,2.400358
-0.221411,0.371348,2.372430
0.528028,0.807586,2.210639
-0.233363,0.137051,2.210639
0.249912,0.997833,2.337133
-0.218539,0.064552,2.331345
0.216582,1.079415,2.260672
0.030070,0.377121,2.384168
0.034333,0.304354,2.348897
-0.043665,0.223946,2.325641
0.118056,0.219675,2.353383
-0.069386,-0.280965,2.371544
0.125157,-0.280173,2.373138
-0.123018,-0.636107,2.548523
0.109856,-0.640921,2.373822
-0.146591,-0.712895,2.512035
0.133586,-0.724761,2.338202
0.061693,0.904512,2.309337
0.032448,0.754474,2.379903
-0.135500,0.651561,2.352249
0.244861,0.639745,2.395955
-0.220290,0.371302,2.371902
0.526872,0.811099,2.207829
-0.233461,0.136979,2.207829
0.247671,0.994103,2.338436
-0.218931,0.064183,2.332444
0.215618,1.076366,2.265891
0.031011,0.377094,2.381397
0.035067,0.304388,2.345555
-0.043035,0.223941,2.322462
0.118740,0.219666,2.349852
-0.070436,-0.281148,2.371614
0.124650,-0.280036,2.377164
-0.124882,-0.635917,2.545484
0.107345,-0.639982,2.382944
-0.149620,-0.712596,2.505840
0.130990,-0.724252,2.348180
0.062929,0.904059,2.306955
0.033870,0.754442,2.377123
-0.134228,0.651764,2.350008
0.246459,0.639831,2.391944
-0.219365,0.371289,2.371376
0.524608,0.813570,2.206000
-0.233730,0.137013,2.206000
0.245294,0.989456,2.339167
-0.219611,0.064071,2.332573
0.214677,1.072218,2.270813
0.031841,0.377059,2.378895
0.035728,0.304418,2.342515
-0.042490,0.223930,2.319582
0.119341,0.219651,2.346624
-0.071591,-0.281301,2.372034
0.124018,-0.279892,2.381269
-0.126621,-0.635745,2.542247
0.104913,-0.639055,2.391789
-0.152368,-0.712293,2.499687
0.128516,-0.723737,2.357803
0.064039,0.903631,2.304798
0.035154,0.754408,2.374593
-0.133077,0.651942,2.347970
0.247898,0.639908,2.388293
-0.218653,0.371296,2.370826
0.521414,0.815198,2.205066
-0.234262,0.137160,2.205066
0.242716,0.983990,2.339144
-0.220800,0.064426,2.331056
0.214007,1.066859,2.275310
0.032566,0.377015,2.376642
0.036310,0.304441,2.339750
-0.042034,0.223914,2.316990
0.119853,0.219628,2.343664
-0.072840,-0.281371,2.372719
0.123276,-0.279751,2.385368
-0.128229,-0.635562,2.538877
0.102593,-0.638182,2.400295
-0.154854,-0.711988,2.493648
0.126180,-0.723230,2.366980
0.065031,0.903225,2.302842
0.036309,0.754369,2.372293
-0.132042,0.652094,2.346120
0.249184,0.639980,2.384961
-0.218224,0.371269,2.370210
0.517504,0.815987,2.204955
-0.235074,0.137334,2.204955
0.240140,0.977978,2.338170
-0.222284,0.064971,2.328376
0.213282,1.060868,2.279473
0.033198,0.376962,2.374629
0.036823,0.304459,2.337240
-0.041654,0.223891,2.314650
0.120301,0.219600,2.340973
-0.074168,-0.281415,2.373640
0.122454,-0.279605,2.389417
-0.129705,-0.635394,2.535448
0.100403,-0.637346,2.408371
-0.157087,-0.711681,2.487777
0.123989,-0.722734,2.375654
0.065946,0.902855,2.301087
0.037339,0.754327,2.370205
-0.131115,0.652217,2.344435
0.250312,0.640046,2.381913
-0.218080,0.371204,2.369530
0.513006,0.815960,2.205543
-0.236084,0.137496,2.205543
0.237536,0.971390,2.336537
-0.223979,0.065653,2.324875
0.212672,1.054102,2.283201
0.033733,0.376900,2.372834
0.037260,0.304468,2.334964
-0.041354,0.223863,2.312547
0.120672,0.219567,2.338518
-0.075551,-0.281436,2.374743
0.121565,-0.279427,2.393354
-0.131072,-0.635229,2.531987
0.098349,-0.636552,2.416008
-0.159088,-0.711376,2.482119
0.121948,-0.722256,2.383806
0.066714,0.902481,2.299476
0.038247,0.754279,2.368308
-0.130289,0.652319,2.342897
0.251247,0.640118,2.379114
-0.218161,0.371257,2.368790
0.507971,0.815141,2.206740
-0.237180,0.137883,2.206740
0.234987,0.964575,2.334557
-0.225782,0.066364,2.320772
0.212116,1.046850,2.286554
0.034170,0.376827,2.371239
0.037619,0.304470,2.332899
-0.041135,0.223830,2.310656
0.120960,0.219528,2.336281
-0.076969,-0.281429,2.375993
0.120640,-0.279248,2.397181
-0.132322,-0.635063,2.528536
0.096430,-0.635812,2.423162
-0.160870,-0.711076,2.476701
0.120059,-0.721796,2.391426
0.067390,0.902131,2.298024
0.038989,0.754209,2.366569
-0.129566,0.652398,2.341491
0.252021,0.640186,2.376556
-0.218404,0.371313,2.368030
0.502595,0.813734,2.208287
-0.238370,0.138298,2.208287
0.232490,0.957591,2.332250
-0.227682,0.067104,2.316268
0.208759,1.037273,2.288118
0.034504,0.376744,2.369823
0.037898,0.304462,2.331032
-0.040996,0.223791,2.308962
0.121176,0.219483,2.334249
-0.078412,-0.281397,2.377362
0.119683,-0.279089,2.400879
-0.133462,-0.634902,2.525132
0.094651,-0.635126,2.429831
-0.162455,-0.710786,2.471560
0.118318,-0.721361,2.398499
0.068009,0.901822,2.296726
0.039593,0.754128,2.364969
-0.129007,0.652421,2.340164
0.252612,0.640235,2.374197
-0.218903,0.371190,2.367181
0.496917,0.811868,2.210170
-0.239618,0.138420,2.210170
0.229959,0.950517,2.329647
-0.229636,0.067781,2.311783
0.206490,1.030531,2.289765
0.034720,0.376653,2.368562
0.038074,0.304445,2.329337
-0.040978,0.223742,2.307432
0.121291,0.219425,2.332401
-0.079923,-0.281331,2.378782
0.118708,-0.278917,2.404423
-0.134496,-0.634748,2.521804
0.093007,-0.634497,2.436008
-0.163858,-0.710507,2.466702
0.116719,-0.720953,2.405039
0.068540,0.901523,2.295517
0.040027,0.754038,2.363465
-0.128619,0.652395,2.338901
0.252957,0.640287,2.372005
-0.219635,0.370969,2.366279
0.490955,0.809635,2.212261
-0.240884,0.138400,2.212261
0.227408,0.943572,2.327011
-0.231589,0.068368,2.307693
0.204119,1.023958,2.291089
0.034813,0.376566,2.367430
0.038138,0.304428,2.327794
-0.041079,0.223697,2.306057
0.121292,0.219366,2.330716
-0.081467,-0.281194,2.380165
0.117720,-0.278754,2.407812
-0.135432,-0.634520,2.518497
0.091492,-0.633913,2.441716
-0.165097,-0.710235,2.462117
0.115251,-0.720569,2.411077
0.069020,0.901258,2.294430
0.040221,0.753881,2.361947
-0.128500,0.652291,2.337569
0.253068,0.640343,2.369964
-0.220643,0.370622,2.365323
0.484833,0.807110,2.214314
-0.242201,0.138202,2.214314
0.224772,0.936580,2.324687
-0.233553,0.068514,2.304472
0.201621,1.017455,2.292029
0.034734,0.376480,2.366395
0.038049,0.304409,2.326380
-0.041363,0.223651,2.304807
0.121152,0.219298,2.329187
-0.083062,-0.281034,2.381534
0.116602,-0.278449,2.410997
-0.136276,-0.634297,2.515286
0.090097,-0.633374,2.446970
-0.166187,-0.709974,2.457818
0.113911,-0.720209,2.416626
0.069449,0.901008,2.293457
0.039756,0.753650,2.360247
-0.128652,0.652134,2.336177
0.252726,0.640406,2.367974
-0.221947,0.370223,2.364296
0.478396,0.804218,2.216477
-0.243558,0.137951,2.216477
0.222054,0.929776,2.322536
-0.235494,0.068593,2.301460
0.198983,1.011114,2.292600
0.034368,0.376386,2.365417
0.037724,0.304378,2.325071
-0.041841,0.223599,2.303675
0.120800,0.219215,2.327796
-0.084761,-0.280861,2.382911
0.115437,-0.278137,2.414014
-0.137039,-0.634082,2.512196
0.088816,-0.632885,2.451787
-0.167141,-0.709725,2.453802
0.112688,-0.719875,2.421712
0.069802,0.900759,2.292565
0.038857,0.753361,2.358459
-0.129086,0.651938,2.334703
0.251805,0.640486,2.366007
-0.223605,0.369789,2.363180
0.471673,0.800841,2.218767
-0.245015,0.137662,2.218767
0.219269,0.923079,2.320565
-0.237483,0.068568,2.298777
0.195171,1.003167,2.292001
0.033618,0.376241,2.364459
0.037037,0.304288,2.323838
-0.042645,0.223517,2.302651
0.120067,0.219075,2.326508
-0.086533,-0.280644,2.384298
0.114184,-0.277822,2.416866
-0.137738,-0.633855,2.509247
0.087639,-0.632438,2.456197
-0.167977,-0.709486,2.450067
0.111575,-0.719564,2.426359
0.069321,0.900285,2.291184
0.037457,0.753061,2.356552
-0.130096,0.651618,2.332890
0.250156,0.640558,2.363959
-0.225869,0.369330,2.361910
0.464608,0.796635,2.220834
-0.246856,0.137313,2.220834
0.216042,0.915491,2.318856
-0.239839,0.068360,2.296786
0.192142,0.996513,2.291567
0.032489,0.376072,2.363474
0.036020,0.304164,2.322646
-0.043760,0.223416,2.301674
0.119010,0.218904,2.325305
-0.088500,-0.280317,2.385733
0.112713,-0.277467,2.419503
-0.138371,-0.633619,2.506448
0.086551,-0.632038,2.460222
-0.168710,-0.709255,2.446600
0.110566,-0.719293,2.430523
0.068663,0.899756,2.289804
0.035145,0.752602,2.354266
-0.131627,0.651200,2.330839
0.247753,0.640572,2.361823
-0.228566,0.368813,2.360528
0.457191,0.790985,2.222736
-0.248941,0.136894,2.222736
0.212874,0.907694,2.317257
-0.242338,0.068091,2.295074
0.189083,0.989794,2.290524
0.030877,0.375864,2.362391
0.034593,0.303998,2.321464
-0.045257,0.223280,2.300714
0.117609,0.218706,2.324177
-0.090619,-0.279912,2.387182
0.111053,-0.277029,2.421927
-0.138950,-0.633375,2.503803
0.085550,-0.631687,2.463886
-0.169349,-0.709033,2.443392
0.109649,-0.719044,2.434308
0.067121,0.898942,2.287826
0.032033,0.752063,2.351701
-0.133853,0.650583,2.328482
0.243867,0.640462,2.359296
-0.231873,0.368216,2.358989
0.448879,0.783162,2.224925
-0.251300,0.136397,2.224925
0.209783,0.900088,2.315745
-0.244953,0.067730,2.293598
0.185056,0.981373,2.287964
0.028667,0.375522,2.361162
0.032599,0.303675,2.320255
-0.047256,0.223029,2.299790
0.115697,0.218404,2.323058
-0.092821,-0.279465,2.388644
0.109274,-0.276620,2.424151
-0.139476,-0.633130,2.501306
0.084630,-0.631382,2.467211
-0.169908,-0.708820,2.440432
0.108815,-0.718818,2.437753
0.062571,0.897222,2.283735
0.027255,0.751321,2.348335
-0.139202,0.649257,2.325227
0.238800,0.640363,2.356521
-0.235997,0.367338,2.357119
0.437303,0.763489,2.229214
-0.254246,0.135640,2.229214
0.207900,0.886640,2.314199
-0.247929,0.067202,2.292260
0.182065,0.967685,2.282028
0.025629,0.375150,2.359675
0.029886,0.303304,2.318993
-0.050025,0.222649,2.298886
0.113241,0.218066,2.321953
-0.095207,-0.279001,2.390138
0.107373,-0.276264,2.426150
-0.139960,-0.632881,2.498951
0.083784,-0.631112,2.470227
-0.170393,-0.708615,2.437700
0.108059,-0.718617,2.440856
0.057135,0.895324,2.279196
0.021995,0.750501,2.344810
-0.145042,0.647818,2.321892
0.232154,0.640034,2.353259
-0.240614,0.366389,2.355038
0.422292,0.736507,2.235903
-0.257583,0.134801,2.235903
0.203951,0.873964,2.312585
-0.251364,0.066424,2.290925
0.180311,0.951940,2.270746
0.022061,0.374700,2.358004
0.026623,0.302839,2.317711
-0.053349,0.222140,2.298015
0.110234,0.217668,2.320856
-0.097670,-0.278527,2.391623
0.105403,-0.275926,2.427947
-0.140400,-0.632632,2.496745
0.083013,-0.630871,2.472966
-0.170814,-0.708421,2.435191
0.107373,-0.718434,2.443671
0.050321,0.893054,2.273798
0.015966,0.749680,2.341055
-0.151594,0.646198,2.318436
0.224851,0.639617,2.349889
-0.245614,0.365365,2.352802
0.405338,0.705786,2.242617
-0.261307,0.133876,2.242617
0.201762,0.861392,2.310816
-0.255086,0.065466,2.289502
0.178855,0.926494,2.255339
0.017904,0.374188,2.356126
0.022808,0.302291,2.316401
-0.057220,0.221497,2.297169
0.106755,0.217219,2.319758
-0.100260,-0.278026,2.393105
0.103343,-0.275646,2.429539
-0.140814,-0.632370,2.494670
0.082309,-0.630662,2.475453
-0.171176,-0.708236,2.432887
0.106750,-0.718268,2.446225
0.039841,0.889232,2.265746
0.008143,0.748515,2.336352
-0.159706,0.644073,2.314707
0.216177,0.638783,2.346295
-0.251075,0.364268,2.350402
0.374451,0.658794,2.251712
-0.265853,0.132842,2.251712
0.201913,0.814926,2.308602
-0.259481,0.064297,2.287674
0.181025,0.868231,2.224055
0.012897,0.373525,2.353864
0.018281,0.301584,2.314990
-0.061719,0.220640,2.296315
0.102713,0.216672,2.318627
-0.102924,-0.277498,2.394565
0.101108,-0.275440,2.430883
-0.141195,-0.632108,2.492726
0.081667,-0.630476,2.477710
-0.171487,-0.708060,2.430770
0.106185,-0.718118,2.448543
0.029356,0.885543,2.257718
-0.000369,0.747140,2.331268
-0.168517,0.641712,2.310967
0.206433,0.638026,2.342438
-0.256837,0.363103,2.347952
0.338233,0.612530,2.267361
-0.270517,0.131756,2.267361
0.202323,0.742985,2.306313
-0.264041,0.063079,2.285673
0.185721,0.788345,2.189624
0.007381,0.372774,2.351316
0.013292,0.300792,2.313519
-0.066597,0.219664,2.295488
0.098250,0.216094,2.317452
-0.105643,-0.276945,2.395999
0.098760,-0.275287,2.431984
-0.141551,-0.631849,2.490903
0.081080,-0.630314,2.479755
-0.171753,-0.707892,2.428822
0.105672,-0.717982,2.450649
0.017970,0.881312,2.248973
-0.009149,0.745652,2.326042
-0.177885,0.639207,2.307282
0.195914,0.637296,2.338368
-0.262722,0.361893,2.345513
0.304500,0.571815,2.282134
-0.275299,0.130631,2.282134
0.201005,0.650477,2.303913
-0.268799,0.061830,2.283333
0.191041,0.681198,2.162877
0.001505,0.371977,2.348541
0.007935,0.299955,2.312006
-0.071773,0.218617,2.294715
0.093349,0.215516,2.316190
-0.108380,-0.276401,2.397390
0.096328,-0.275181,2.432826
-0.141879,-0.631591,2.489202
0.080536,-0.630175,2.481613
-0.171978,-0.707733,2.427036
0.105206,-0.717858,2.452561
0.005488,0.876175,2.238956
-0.018793,0.743837,2.320155
-0.188062,0.636382,2.303472
0.184013,0.636372,2.333601
-0.268658,0.360682,2.343126
0.269557,0.527845,2.298933
-0.280104,0.129508,2.298933
0.197235,0.535083,2.301456
-0.273543,0.060486,2.280836
0.192549,0.543510,2.157420
-0.004953,0.371029,2.345406
0.002028,0.298972,2.310375
-0.077416,0.217413,2.293963
0.087959,0.214869,2.314826
-0.111148,-0.275877,2.398732
0.093379,-0.275283,2.432711
-0.142188,-0.631348,2.487631
0.080035,-0.630068,2.483285
-0.172168,-0.707584,2.425402
0.104782,-0.717745,2.454301
-0.007370,0.870781,2.228505
-0.028563,0.741889,2.314018
-0.198452,0.633489,2.299688
0.172137,0.635436,2.328785
-0.274688,0.359589,2.340764
0.238908,0.489094,2.313965
-0.284812,0.128505,2.313965
0.192288,0.429865,2.299000
-0.278219,0.059166,2.278297
0.193345,0.419269,2.162717
-0.011722,0.370039,2.342023
-0.004203,0.297953,2.308674
-0.083410,0.216152,2.293221
0.082257,0.214205,2.313406
-0.113929,-0.275349,2.400010
0.090027,-0.275654,2.431696
-0.142484,-0.631119,2.486182
0.079558,-0.630000,2.484743
-0.172327,-0.707444,2.423906
0.104395,-0.717638,2.455856
-0.020482,0.865005,2.216892
-0.039328,0.739466,2.306571
-0.209637,0.630300,2.295491
0.160029,0.634495,2.323604
-0.280881,0.358611,2.338297
0.211769,0.455250,2.327664
-0.289416,0.127627,2.327664
0.186005,0.337326,2.296388
-0.282720,0.058015,2.275625
0.193758,0.299550,2.185492
-0.018824,0.369055,2.338289
-0.010668,0.296953,2.306867
-0.089587,0.214866,2.292460
0.076443,0.213579,2.311969
-0.116836,-0.274788,2.401216
0.085373,-0.276033,2.426735
-0.142762,-0.630902,2.484843
0.078747,-0.629782,2.485062
-0.172460,-0.707311,2.422538
0.103878,-0.717367,2.456378
-0.033123,0.859178,2.205202
-0.050017,0.736929,2.298877
-0.220810,0.627107,2.291134
0.148110,0.633531,2.318277
-0.287173,0.357720,2.335717
0.188001,0.425915,2.339910
-0.293858,0.126838,2.339910
0.180298,0.260197,2.293682
-0.287070,0.057003,2.272782
0.193437,0.202157,2.206400
-0.026214,0.368022,2.334165
-0.017389,0.295936,2.304873
-0.096019,0.213533,2.291595
0.070445,0.212961,2.310420
-0.119713,-0.274243,2.402344
0.080277,-0.276574,2.420424
-0.143035,-0.630687,2.483592
0.077822,-0.629613,2.484639
-0.172568,-0.707187,2.421286
0.103094,-0.717098,2.455797
-0.045037,0.853399,2.193543
-0.060480,0.734275,2.290918
-0.231748,0.623930,2.286343
0.136670,0.632560,2.312933
-0.293447,0.356912,2.333035
0.167184,0.400309,2.350661
-0.298127,0.126139,2.350661
0.175107,0.194653,2.290834
-0.291157,0.056011,2.269680
0.192718,0.120387,2.227341
-0.033690,0.366952,2.329720
-0.024175,0.294911,2.302709
-0.102519,0.212174,2.290575
0.064397,0.212355,2.308783
-0.122590,-0.273721,2.403374
0.074299,-0.277131,2.411348
-0.143292,-0.630481,2.482433
0.075747,-0.629417,2.480568
-0.172655,-0.707070,2.420138
0.100804,-0.716605,2.450768
-0.056241,0.847549,2.181787
-0.070525,0.731550,2.282765
-0.242197,0.620844,2.281169
0.125652,0.631512,2.307414
-0.299708,0.356163,2.330063
0.148864,0.377797,2.360117
-0.302240,0.125490,2.360117
0.170440,0.138429,2.287791
-0.295054,0.054283,2.266183
0.191644,0.051842,2.247587
-0.041230,0.365820,2.324852
-0.031050,0.293853,2.300254
-0.109140,0.210767,2.289247
0.058222,0.211762,2.306937
-0.125478,-0.273208,2.404265
0.067527,-0.277519,2.399930
-0.143535,-0.630285,2.481359
0.072118,-0.629316,2.472012
-0.172725,-0.706956,2.419083
0.097055,-0.716674,2.440665
-0.066652,0.841576,2.169680
-0.080456,0.728613,2.273950
-0.252357,0.617708,2.275628
0.115044,0.630416,2.301557
-0.306030,0.355406,2.326531
0.132633,0.357849,2.368378
-0.306213,0.124848,2.368378
0.166233,0.089862,2.284230
-0.298677,0.052383,2.262134
0.190491,-0.006747,2.266489
-0.048845,0.364602,2.319373
-0.037981,0.292750,2.297380
-0.115798,0.209288,2.287528
0.052015,0.211153,2.304791
-0.128359,-0.272976,2.405021
0.060064,-0.278149,2.385762
-0.143767,-0.630102,2.480353
0.066350,-0.630146,2.456913
-0.172776,-0.706848,2.418110
0.089954,-0.716453,2.423169
-0.076340,0.835673,2.157220
-0.090048,0.725633,2.264549
-0.262255,0.614548,2.269459
0.104912,0.629252,2.295399
-0.312382,0.354631,2.322241
0.118131,0.339968,2.375637
-0.310115,0.124193,2.375637
0.162306,0.047834,2.279872
-0.302057,0.050279,2.256934
0.189032,-0.056380,2.284728
-0.056479,0.363311,2.313237
-0.044950,0.291596,2.294019
-0.122512,0.207732,2.285339
0.045762,0.210519,2.302267
-0.131244,-0.273060,2.405628
0.052146,-0.278878,2.369913
-0.143985,-0.629957,2.479412
0.058771,-0.631015,2.433062
-0.172549,-0.706754,2.416828
0.081247,-0.716560,2.394341
-0.085405,0.829691,2.144252
-0.099377,0.722393,2.254341
-0.271912,0.611196,2.262343
0.095120,0.627951,2.288533
-0.318818,0.353677,2.317010
0.104926,0.324165,2.381829
-0.313973,0.123375,2.381829
0.158421,0.012888,2.274503
-0.305399,0.049250,2.251449
0.187203,-0.097593,2.301964
-0.064123,0.361817,2.306159
-0.051955,0.290290,2.289914
-0.129261,0.205995,2.282417
0.039471,0.209780,2.299135
-0.133949,-0.273369,2.405895
0.043659,-0.279760,2.351053
-0.144198,-0.629851,2.478514
0.050089,-0.631430,2.400244
-0.172450,-0.706703,2.415725
0.070542,-0.716563,2.354031
-0.093708,0.823403,2.130449
-0.108223,0.718867,2.243232
-0.281189,0.607669,2.254328
0.085791,0.626511,2.281070
-0.325391,0.352521,2.310303
0.093077,0.309988,2.387138
-0.317743,0.122356,2.387138
0.154931,-0.016881,2.267898
-0.308692,0.048385,2.244644
0.185222,-0.130396,2.318417
-0.071766,0.360020,2.297831
-0.059058,0.288729,2.284734
-0.136122,0.204011,2.278532
0.032972,0.208799,2.294914
-0.136657,-0.273927,2.405973
0.035123,-0.281231,2.330690
-0.144448,-0.629826,2.477558
0.039736,-0.632380,2.356840
-0.172405,-0.706667,2.414788
0.058011,-0.716037,2.300663
-0.101199,0.817062,2.114135
-0.116670,0.714107,2.228203
-0.290579,0.603200,2.242191
0.076438,0.624004,2.269855
-0.332629,0.350750,2.298927
0.082695,0.298790,2.387994
-0.321690,0.120752,2.387994
0.151477,-0.040848,2.256008
-0.311959,0.047139,2.232865
0.183225,-0.159913,2.329380
-0.079361,0.357132,2.285759
-0.066261,0.286212,2.276423
-0.143135,0.200942,2.271723
0.026358,0.207087,2.287922
-0.139920,-0.275001,2.405187
0.025505,-0.283150,2.301502
-0.144822,-0.630210,2.476291
0.026256,-0.633718,2.292284
-0.172401,-0.706732,2.413807
0.040872,-0.715246,2.224647
