-0.206871,0.461389,3.309489
-0.189827,0.268447,3.257104
-0.341682,0.199160,3.206811
-0.037822,0.165001,3.249641
-0.449967,-0.015009,3.235609
0.065579,-0.051250,3.279694
-0.587364,-0.218784,3.279694
0.215019,-0.246716,3.210722
-0.632478,-0.280660,3.199065
0.328875,-0.373404,3.260849
-0.189777,-0.074735,3.258689
-0.180891,-0.134228,3.205384
-0.251862,-0.201617,3.179948
-0.107035,-0.204790,3.208721
-0.270211,-0.658332,3.180011
-0.097268,-0.594938,3.077656
-0.236455,-0.986267,3.201583
-0.085937,-0.835324,3.000465
-0.225352,-1.014084,3.121240
-0.118553,-0.754603,2.979563
-0.205845,0.465786,3.303516
-0.187627,0.272768,3.248185
-0.341235,0.201012,3.202667
-0.045253,0.170361,3.226478
-0.478018,0.002256,3.227409
0.085095,-0.026102,3.272739
-0.642005,-0.181674,3.272739
0.258174,-0.200855,3.210565
-0.775703,-0.326678,3.180872
0.340974,-0.265136,3.270480
-0.191637,-0.074277,3.249584
-0.187359,-0.134591,3.195365
-0.257694,-0.197889,3.172574
-0.118901,-0.207201,3.194337
-0.281099,-0.624299,3.173173
-0.103171,-0.630917,3.064423
-0.224688,-0.953170,3.179267
-0.088492,-0.965667,3.030975
-0.218205,-0.980994,3.098161
-0.082009,-0.993491,2.949869
-0.205071,0.468154,3.296278
-0.188802,0.274381,3.242887
-0.349673,0.232124,3.200027
-0.032028,0.157121,3.233729
-0.501305,0.041934,3.216645
0.122390,-0.018967,3.286255
-0.688153,-0.119029,3.286255
0.329169,-0.152441,3.214404
-0.840017,-0.232791,3.214595
0.469286,-0.233943,3.299510
-0.201010,-0.064818,3.240804
-0.195876,-0.122240,3.186675
-0.272287,-0.186472,3.162022
-0.122283,-0.204002,3.188705
-0.281475,-0.620847,3.171977
-0.104861,-0.616953,3.068611
-0.230383,-0.952075,3.183614
-0.096093,-0.950786,2.996454
-0.220168,-0.979812,3.102600
-0.085877,-0.978523,2.915439
-0.201592,0.470408,3.296957
-0.196694,0.275605,3.243555
-0.354044,0.236637,3.208571
-0.020997,0.153556,3.255458
-0.533265,0.073798,3.233047
0.165326,0.005644,3.297344
-0.742916,-0.056701,3.297344
0.395993,-0.081627,3.232231
-0.886819,-0.145136,3.232004
0.534919,-0.149808,3.308203
-0.206148,-0.059628,3.247893
-0.198487,-0.117211,3.196190
-0.274512,-0.186501,3.172943
-0.122552,-0.200692,3.196665
-0.267720,-0.646121,3.191542
-0.103953,-0.613460,3.079057
-0.233801,-0.921868,3.204351
-0.101426,-0.946266,2.997983
-0.221094,-0.950442,3.123253
-0.088719,-0.974840,2.916884
-0.203704,0.477193,3.274233
-0.201776,0.281408,3.237535
-0.351406,0.238525,3.207692
-0.022732,0.157997,3.249949
-0.553759,0.103170,3.227308
0.183165,0.037870,3.291391
-0.788324,0.024175,3.291391
0.425695,-0.002098,3.208151
-0.948158,-0.017694,3.204502
0.541313,-0.056404,3.313715
-0.207007,-0.056372,3.248133
-0.199557,-0.115338,3.196649
-0.274716,-0.183145,3.175610
-0.124738,-0.197314,3.197144
-0.288232,-0.572179,3.186541
-0.110698,-0.571981,3.104157
-0.240104,-0.905879,3.194798
-0.107558,-0.893868,2.972924
-0.228613,-0.934958,3.113467
-0.096068,-0.922946,2.891593
-0.207176,0.477927,3.269835
-0.202465,0.281873,3.235658
-0.384363,0.186034,3.195461
-0.024286,0.152580,3.236604
-0.620279,0.113283,3.208801
0.204181,0.088789,3.289819
-0.869149,0.098194,3.289819
0.453847,0.087100,3.178850
-0.933858,0.129242,3.149525
0.550243,0.036665,3.290548
-0.205509,-0.056079,3.247779
-0.199580,-0.115317,3.196262
-0.276585,-0.187129,3.175942
-0.122752,-0.196782,3.195013
-0.264904,-0.648871,3.181008
-0.097755,-0.588571,3.086639
-0.230935,-0.983643,3.208554
-0.105340,-0.914848,2.963637
-0.222088,-1.012827,3.126707
-0.096493,-0.944033,2.881790
-0.198503,0.475170,3.274792
-0.204042,0.279067,3.226373
-0.385359,0.187838,3.194548
-0.022918,0.157127,3.228450
-0.633915,0.155806,3.192814
0.216195,0.136334,3.278930
-0.860531,0.191768,3.278930
0.445348,0.185609,3.154969
-0.925173,0.222784,3.125674
0.537203,0.135252,3.266271
-0.205513,-0.051789,3.241999
-0.200341,-0.110214,3.190666
-0.278114,-0.186018,3.173869
-0.120741,-0.192707,3.187182
-0.294791,-0.550602,3.171244
-0.098413,-0.570571,3.087224
-0.248005,-0.826303,3.168882
-0.100975,-0.892412,2.949160
-0.240844,-0.855713,3.086758
-0.093814,-0.921822,2.867037
-0.199077,0.473199,3.274316
-0.207816,0.277552,3.216439
-0.387823,0.191100,3.181384
-0.015704,0.168611,3.221300
-0.640602,0.203892,3.171539
0.227601,0.176514,3.266911
-0.824796,0.286511,3.266911
0.445292,0.288583,3.107512
-0.889507,0.317560,3.078185
0.536961,0.324653,3.269992
-0.206076,-0.050761,3.233704
-0.199626,-0.109237,3.183165
-0.278788,-0.187657,3.163008
-0.117197,-0.194356,3.181218
-0.289065,-0.604263,3.164105
-0.103066,-0.593968,3.065833
-0.229124,-0.935213,3.203910
-0.099395,-0.914320,2.919042
-0.221171,-0.964752,3.121974
-0.091442,-0.943860,2.837106
-0.196281,0.474247,3.272031
-0.207309,0.278817,3.210071
-0.390521,0.193991,3.176754
-0.010618,0.175806,3.217952
-0.636201,0.263053,3.140533
0.232666,0.231747,3.246675
-0.811907,0.366739,3.246675
0.431954,0.371084,3.066303
-0.876674,0.397815,3.036951
0.505507,0.433070,3.240985
-0.204710,-0.044450,3.223626
-0.197825,-0.100945,3.172547
-0.278300,-0.182991,3.155638
-0.113343,-0.189599,3.168535
-0.289638,-0.601509,3.161319
-0.103847,-0.595191,3.058214
-0.239300,-0.883166,3.175568
-0.098812,-0.915437,2.909751
-0.231299,-0.912381,3.093167
-0.090812,-0.944653,2.827350
-0.179238,0.478827,3.269524
-0.205180,0.285688,3.200178
-0.391976,0.204312,3.168410
-0.008528,0.179291,3.208690
-0.622286,0.311090,3.101070
0.227824,0.276472,3.213281
-0.773966,0.456068,3.213281
0.374669,0.483817,3.023191
-0.838594,0.487077,2.993902
0.395007,0.558410,3.155458
-0.207709,-0.038155,3.213116
-0.201863,-0.095011,3.162001
-0.285778,-0.175077,3.141956
-0.117449,-0.186346,3.158509
-0.285123,-0.569204,3.136059
-0.101470,-0.611181,3.036921
-0.240123,-0.878248,3.173096
-0.098512,-0.928760,2.903102
-0.232192,-0.907520,3.090571
-0.090582,-0.958032,2.820578
-0.236954,0.480156,3.218766
-0.198841,0.286816,3.193129
-0.391989,0.211886,3.158854
-0.013586,0.178568,3.180553
-0.604125,0.348743,3.074861
0.198316,0.326659,3.173487
-0.728506,0.536244,3.173487
0.298153,0.519548,2.964808
-0.746592,0.610945,2.956405
0.318459,0.594028,3.110238
-0.204159,-0.037195,3.206274
-0.201187,-0.094191,3.154855
-0.285439,-0.174276,3.136145
-0.118355,-0.184595,3.149482
-0.281039,-0.607777,3.127950
-0.096581,-0.604586,3.027486
-0.245578,-0.852593,3.161689
-0.099804,-0.928089,2.884899
-0.241094,-0.881858,3.078779
-0.095321,-0.957354,2.801989
-0.236618,0.480373,3.221624
-0.193761,0.287412,3.183044
-0.391431,0.218778,3.150167
-0.009035,0.188563,3.173761
-0.564897,0.392303,3.037222
0.184338,0.362979,3.156257
-0.644669,0.589836,3.156257
0.249334,0.585059,2.934008
-0.670299,0.661087,2.919168
0.208255,0.645834,3.043981
-0.194239,-0.025733,3.195235
-0.189659,-0.079153,3.143735
-0.272908,-0.163137,3.125213
-0.105688,-0.167628,3.139381
-0.282272,-0.580838,3.111292
-0.094166,-0.580030,3.018978
-0.241965,-0.858156,3.163317
-0.097161,-0.904713,2.878345
-0.237199,-0.887065,3.080539
-0.092394,-0.933622,2.795567
-0.223375,0.482905,3.215225
-0.192469,0.287396,3.175274
-0.412857,0.238457,3.147257
-0.012250,0.199666,3.170349
-0.546361,0.418133,3.007386
0.159071,0.395851,3.123346
-0.568873,0.595093,3.123346
0.190438,0.644979,2.914495
-0.597228,0.681347,2.905409
0.166584,0.716943,3.024765
-0.195945,-0.018504,3.182253
-0.192509,-0.069391,3.129867
-0.276917,-0.147555,3.107663
-0.109565,-0.166048,3.123178
-0.280446,-0.575756,3.100718
-0.095096,-0.613305,2.983097
-0.235808,-0.820923,3.128284
-0.109548,-0.943747,2.860856
-0.272110,-0.885660,3.134534
-0.104773,-0.972002,2.778047
-0.212400,0.482713,3.221393
-0.184406,0.288113,3.159062
-0.415131,0.261558,3.111054
-0.003513,0.230807,3.159946
-0.500680,0.435010,2.979086
0.128980,0.404751,3.095815
-0.521474,0.627519,3.095815
0.125547,0.649492,2.868314
-0.549829,0.713773,2.859229
0.129088,0.725754,2.986166
-0.194073,-0.007064,3.167415
-0.188619,-0.056363,3.115644
-0.274044,-0.141140,3.095066
-0.106830,-0.154417,3.109525
-0.279265,-0.557511,3.079195
-0.099605,-0.601774,2.977357
-0.232765,-0.802664,3.106516
-0.105171,-0.933433,2.857114
-0.254243,-0.868220,3.134623
-0.095983,-0.961857,2.774726
-0.202094,0.442129,3.206093
-0.204148,0.251248,3.116947
-0.379556,0.275301,3.072620
-0.001882,0.241001,3.151755
-0.461319,0.435822,2.945022
0.103224,0.412225,3.066611
-0.406373,0.625185,3.066611
0.068601,0.649625,2.847793
-0.434729,0.711439,2.838708
0.076155,0.725542,2.958696
-0.198725,-0.004104,3.145209
-0.187240,-0.051423,3.097579
-0.265461,-0.131591,3.070513
-0.102877,-0.145343,3.095276
-0.274314,-0.568514,3.060440
-0.092936,-0.567034,2.965814
-0.230232,-0.828359,3.091222
-0.096591,-0.897829,2.841437
-0.214419,-0.858221,3.010666
-0.080779,-0.927692,2.760881
-0.177972,0.450634,3.187821
-0.206528,0.260807,3.105653
-0.398422,0.336810,3.021023
-0.041324,0.209904,3.106214
-0.419918,0.494410,2.887232
0.085304,0.422160,3.046385
-0.341154,0.655983,3.046385
0.017145,0.636197,2.805280
-0.335599,0.729243,2.783939
0.003584,0.694170,2.892118
-0.206223,0.012684,3.103992
-0.189172,-0.024507,3.054486
-0.255719,-0.101958,3.022775
-0.111445,-0.116629,3.054560
-0.266803,-0.564951,3.032779
-0.093170,-0.566556,2.954107
-0.235785,-0.818798,3.071188
-0.097105,-0.899640,2.836862
-0.212647,-0.845868,2.991374
-0.073968,-0.926709,2.757047
-0.137080,0.509770,3.172208
-0.129044,0.313837,3.114528
-0.390944,0.379896,2.969151
0.025127,0.314163,3.108944
-0.355834,0.534947,2.835412
0.097492,0.473094,3.002756
-0.257165,0.717640,3.002756
-0.007428,0.627065,2.773783
-0.251615,0.790836,2.752461
-0.040005,0.692594,2.860321
-0.183068,0.089815,3.106195
-0.174874,0.055827,3.056205
-0.275181,-0.020197,3.007837
-0.107794,-0.055207,3.052984
-0.265024,-0.488271,3.004927
-0.093164,-0.512747,2.941470
-0.223156,-0.842306,3.053923
-0.094933,-0.905063,2.825347
-0.197086,-0.870269,2.975327
-0.068863,-0.933026,2.746751
-0.146476,0.496296,3.161606
-0.126013,0.301351,3.101738
-0.361750,0.335475,2.981228
0.022059,0.282807,3.126866
-0.366751,0.493145,2.847166
0.082690,0.439510,3.009435
-0.241186,0.667320,3.009435
-0.023390,0.627691,2.766513
-0.208643,0.735760,2.758890
-0.043985,0.680628,2.852253
-0.182768,0.072119,3.089095
-0.173384,0.037004,3.038756
-0.273211,-0.032516,3.000268
-0.106115,-0.062223,3.033183
-0.265678,-0.502092,2.967270
-0.090874,-0.520871,2.918517
-0.223191,-0.795650,2.979812
-0.099542,-0.862222,2.833936
-0.194642,-0.823688,2.902230
-0.070993,-0.890261,2.756354
-0.123467,0.504792,3.161140
-0.167256,0.322126,3.063430
-0.350851,0.327701,2.969382
-0.011113,0.296504,3.092030
-0.306899,0.480033,2.824606
0.084020,0.432712,2.972435
-0.204492,0.707886,2.972435
-0.031586,0.635104,2.744930
-0.170357,0.783837,2.722628
-0.040799,0.676902,2.845386
-0.184267,0.077515,3.071876
-0.171554,0.039359,3.023260
-0.244397,-0.030726,2.960669
-0.103029,-0.056882,3.029975
-0.263398,-0.502275,2.948670
-0.089915,-0.517143,2.913722
-0.225433,-0.793448,2.957052
-0.097185,-0.859296,2.829612
-0.198833,-0.822098,2.878972
-0.070585,-0.887946,2.751532
-0.120398,0.512230,3.141086
-0.162811,0.324696,3.059164
-0.363254,0.314402,2.933971
-0.004247,0.301689,3.084962
-0.306553,0.477793,2.819461
0.086920,0.442083,2.968946
-0.208878,0.649671,2.968946
-0.021854,0.635251,2.741495
-0.203365,0.724562,2.751463
-0.032588,0.682077,2.816133
-0.183344,0.078525,3.050842
-0.167503,0.041927,3.000481
-0.249725,-0.031849,2.950205
-0.086105,-0.052143,3.002440
-0.264940,-0.496293,2.901689
-0.085958,-0.516943,2.895248
-0.224911,-0.799845,2.904727
-0.095525,-0.861546,2.822586
-0.195208,-0.827260,2.827648
-0.065822,-0.888961,2.745507
-0.135381,0.524313,3.127877
-0.105437,0.332411,3.054634
-0.345222,0.332217,2.921767
0.050972,0.331695,3.070125
-0.305554,0.489208,2.796364
0.089802,0.482542,2.935412
-0.207413,0.661035,2.935412
0.022821,0.635333,2.719986
-0.179394,0.726704,2.695353
0.004981,0.688376,2.815939
-0.159818,0.087254,3.036178
-0.149844,0.050331,2.984427
-0.243385,-0.029849,2.938383
-0.074947,-0.040998,2.980970
-0.252462,-0.494659,2.883631
-0.071505,-0.506486,2.871779
-0.224194,-0.803470,2.880666
-0.088662,-0.851044,2.796228
-0.246825,-0.867428,2.850893
-0.062321,-0.878440,2.717787
-0.125831,0.504737,3.077072
-0.167244,0.317800,2.990182
-0.332446,0.366600,2.887188
0.039667,0.321782,3.074197
-0.306810,0.523063,2.756431
0.106914,0.467995,2.947105
-0.197801,0.709922,2.947105
0.066456,0.662011,2.686929
-0.136676,0.736123,2.722612
0.059063,0.703640,2.815469
-0.184370,0.087227,2.990896
-0.160780,0.051251,2.949783
-0.239496,-0.025186,2.916675
-0.082491,-0.040499,2.953583
-0.249362,-0.493795,2.852055
-0.076494,-0.510114,2.860901
-0.233227,-0.779521,2.802118
-0.087946,-0.857421,2.798639
-0.249652,-0.847538,2.826888
-0.052413,-0.886082,2.724196
-0.157560,0.526265,3.060933
-0.116911,0.333656,3.003902
-0.325459,0.354296,2.886345
0.020856,0.289340,3.060719
-0.371779,0.478498,2.725480
0.127684,0.438377,2.982547
-0.231779,0.691843,2.982547
0.119007,0.658853,2.682809
-0.246851,0.763597,2.665287
0.121447,0.721287,2.825771
-0.179060,0.082853,2.983938
-0.158270,0.041900,2.934601
-0.237624,-0.025841,2.895649
-0.093658,-0.050104,2.925538
-0.248995,-0.483187,2.832414
-0.090240,-0.521986,2.839809
-0.238275,-0.768148,2.752898
-0.091082,-0.871820,2.797562
-0.252025,-0.838979,2.770679
-0.054768,-0.900749,2.723483
-0.146226,0.534905,3.050123
-0.156445,0.342524,2.966786
-0.336056,0.356899,2.860389
0.020122,0.293159,3.060221
-0.340452,0.512004,2.722441
0.137463,0.435712,2.984884
-0.247109,0.695299,2.984884
0.172996,0.661811,2.666702
-0.250303,0.768806,2.651257
0.170975,0.712461,2.846791
-0.179792,0.089354,2.956774
-0.156259,0.050478,2.908690
-0.230126,-0.021333,2.854198
-0.086454,-0.043004,2.912365
-0.247182,-0.426868,2.803202
-0.091614,-0.516706,2.830193
-0.239598,-0.750587,2.700383
-0.090961,-0.867878,2.797413
-0.199983,-0.779126,2.627683
-0.051347,-0.896416,2.724713
-0.147294,0.533957,3.046130
-0.154618,0.341855,2.960717
-0.343310,0.370390,2.826811
0.028503,0.288657,3.058934
-0.351248,0.529717,2.700623
0.155760,0.443475,2.984198
-0.286588,0.695357,2.984198
0.225491,0.677144,2.623882
-0.298340,0.768532,2.612654
0.214609,0.745901,2.870282
-0.180244,0.094124,2.947111
-0.154688,0.056241,2.901169
-0.226724,-0.020578,2.835493
-0.085575,-0.044304,2.911654
-0.232821,-0.495437,2.755349
-0.088318,-0.517404,2.819935
-0.234047,-0.750139,2.679801
-0.088899,-0.868768,2.797619
-0.190817,-0.778938,2.609175
-0.045670,-0.897567,2.726994
-0.205181,0.534846,3.000092
-0.142944,0.347186,2.951344
-0.342836,0.355642,2.815919
0.044776,0.297249,3.064009
-0.370083,0.512460,2.689853
0.175318,0.444939,2.989562
-0.348810,0.680702,2.989562
0.269620,0.673199,2.594587
-0.360538,0.753734,2.583382
0.286794,0.745314,2.920181
-0.175773,0.064486,2.923854
-0.152485,0.013381,2.873243
-0.233324,-0.066531,2.830163
-0.081333,-0.085699,2.871906
-0.235973,-0.507941,2.743668
-0.086349,-0.561501,2.799827
-0.224035,-0.747275,2.618767
-0.090617,-0.912688,2.784610
-0.180876,-0.776071,2.548078
-0.047458,-0.941484,2.713921
-0.201493,0.535166,2.993509
-0.134776,0.351116,2.924476
-0.326138,0.275162,2.837438
0.048308,0.296325,3.062317
-0.406444,0.473957,2.673415
0.204839,0.431333,3.011131
-0.412602,0.701664,3.011131
0.306732,0.646498,2.567422
-0.424310,0.774568,2.556237
0.299735,0.716783,2.935297
-0.168622,0.056266,2.908672
-0.148103,0.005887,2.861090
-0.229897,-0.078790,2.816516
-0.075171,-0.087962,2.864619
-0.230055,-0.543386,2.682285
-0.066240,-0.548458,2.793989
-0.208158,-0.776455,2.545993
-0.090238,-0.898373,2.775172
-0.169183,-0.805908,2.472983
-0.138303,-0.985559,2.758021
-0.238252,0.523079,2.947378
-0.145968,0.348184,2.890039
-0.325398,0.277139,2.830653
0.059398,0.241860,3.006349
-0.430109,0.458610,2.658271
0.217675,0.414978,3.030195
-0.481501,0.684069,3.030195
0.331005,0.608748,2.535191
-0.498206,0.756721,2.533140
0.376631,0.695100,3.020848
-0.168707,0.038272,2.879319
-0.149689,-0.014370,2.829743
-0.230635,-0.099215,2.783556
-0.071230,-0.107758,2.841490
-0.223985,-0.567355,2.660106
-0.075085,-0.574674,2.779395
-0.281350,-0.914743,2.641681
-0.094991,-0.925845,2.771685
-0.248547,-0.943731,2.565252
-0.062188,-0.954833,2.695257
-0.233783,0.527480,2.933365
-0.142750,0.350774,2.884753
-0.311602,0.272087,2.783289
0.054539,0.233628,2.975955
-0.451076,0.442920,2.626189
0.231821,0.391041,3.047508
-0.504285,0.644595,3.047508
0.369529,0.576627,2.512306
-0.518327,0.708655,2.505273
0.409720,0.660935,3.049192
-0.170201,0.033922,2.864902
-0.149450,-0.020000,2.814603
-0.228594,-0.105431,2.757780
-0.073864,-0.112942,2.829526
-0.228146,-0.575982,2.641157
-0.073977,-0.577117,2.776888
-0.292208,-0.921970,2.583206
-0.095280,-0.929401,2.770741
-0.255174,-0.951014,2.508532
-0.058247,-0.958445,2.696068
-0.156755,0.543929,2.910635
-0.139411,0.345470,2.863673
-0.308955,0.268459,2.770577
0.046182,0.240015,2.963295
-0.460454,0.426839,2.609196
0.236054,0.372044,3.053316
-0.545084,0.626431,3.053316
0.407269,0.562374,2.475451
-0.585698,0.704517,2.457486
0.441490,0.634532,3.090267
-0.168112,0.031310,2.848447
-0.147061,-0.022405,2.800175
-0.223074,-0.108360,2.739256
-0.073863,-0.113251,2.822723
-0.235843,-0.579715,2.622851
-0.098692,-0.591927,2.752136
-0.296739,-0.923397,2.546516
-0.089133,-0.851326,2.752272
-0.259113,-0.952946,2.472108
-0.074315,-0.777778,2.747276
-0.161395,0.543322,2.891471
-0.141285,0.344596,2.849536
-0.309705,0.260997,2.744892
0.041572,0.240087,2.950755
-0.471969,0.416234,2.590716
0.235593,0.329130,3.064441
-0.592600,0.602345,3.064441
0.416500,0.498466,2.444031
-0.639933,0.667427,2.433555
0.450390,0.563934,3.136840
-0.168994,0.017732,2.823168
-0.146001,-0.037965,2.773028
-0.222049,-0.121582,2.712856
-0.071569,-0.129429,2.795697
-0.241804,-0.591308,2.605981
-0.088972,-0.577607,2.740637
-0.298111,-0.927331,2.491132
-0.097559,-0.836395,2.743990
-0.258257,-0.956516,2.417516
-0.032693,-0.833745,2.782248
-0.158130,0.483764,2.866941
-0.148455,0.286864,2.800183
-0.311631,0.258498,2.720807
0.040246,0.237674,2.936488
-0.499406,0.369908,2.554719
0.234522,0.309764,3.068714
-0.640716,0.550564,3.068714
0.421879,0.442598,2.419533
-0.690294,0.616374,2.402831
0.455698,0.507926,3.162733
-0.170941,0.010424,2.798046
-0.146320,-0.039351,2.754244
-0.218631,-0.126825,2.683471
-0.073038,-0.133426,2.781994
-0.248034,-0.587651,2.585477
-0.093375,-0.605481,2.731255
-0.294979,-0.921475,2.465410
-0.099906,-0.863391,2.738514
-0.253873,-0.951728,2.392755
-0.086527,-0.789387,2.732147
-0.158735,0.577898,2.868790
-0.154030,0.380934,2.798562
-0.306959,0.256414,2.698953
0.048886,0.207234,2.908723
-0.511297,0.348870,2.540664
0.216466,0.271161,3.073395
-0.674828,0.501516,3.073395
0.414013,0.381902,2.393611
-0.730533,0.567303,2.378675
0.447774,0.447120,3.199589
-0.176900,0.019134,2.777208
-0.153435,-0.038741,2.726466
-0.232576,-0.122021,2.652365
-0.075674,-0.139642,2.757473
-0.254696,-0.575476,2.568154
-0.091647,-0.607981,2.726755
-0.294325,-0.905367,2.452127
-0.111684,-0.957141,2.748467
-0.253413,-0.935235,2.378941
-0.070771,-0.987009,2.675282
-0.158503,0.492166,2.826509
-0.152758,0.295039,2.761525
-0.304614,0.260690,2.673844
0.013562,0.230613,2.851246
-0.529005,0.305698,2.520573
0.175419,0.249733,3.032029
-0.679764,0.444446,3.032029
0.363642,0.317899,2.387364
-0.753335,0.523823,2.364357
0.427021,0.365292,3.250303
-0.179620,0.002161,2.747725
-0.156902,-0.047341,2.702281
-0.228692,-0.126687,2.628117
-0.088094,-0.147989,2.733723
-0.255379,-0.571503,2.548809
-0.094996,-0.602825,2.706628
-0.296692,-0.906076,2.443484
-0.112313,-0.950975,2.743335
-0.257796,-0.935775,2.368979
-0.073418,-0.980674,2.668830
-0.154819,0.559882,2.825981
-0.157369,0.362846,2.758285
-0.299056,0.261812,2.654085
-0.006767,0.208476,2.796467
-0.527784,0.309376,2.509502
0.135792,0.215602,2.991863
-0.708331,0.401593,2.991863
0.301494,0.244007,2.354218
-0.825500,0.478011,2.333681
0.364692,0.273535,3.242896
-0.177021,0.006133,2.744388
-0.155574,-0.047588,2.696177
-0.221773,-0.128283,2.607578
-0.087972,-0.148157,2.733830
-0.256410,-0.566980,2.527410
-0.096585,-0.595200,2.686786
-0.296773,-0.909657,2.433013
-0.123354,-0.943208,2.725650
-0.260863,-0.939545,2.356938
-0.087444,-0.973096,2.649575
-0.170534,0.492133,2.779759
-0.155775,0.294666,2.724558
-0.301524,0.261835,2.635698
-0.022763,0.274328,2.783327
-0.529703,0.301326,2.487261
0.101116,0.206474,2.979645
-0.741101,0.376305,2.979645
0.264666,0.203941,2.338283
-0.858764,0.413050,2.323157
0.327403,0.231471,3.245044
-0.178339,0.000306,2.715078
-0.157349,-0.049601,2.664917
-0.219407,-0.127948,2.591561
-0.097159,-0.144506,2.700732
-0.260160,-0.566931,2.502450
-0.102191,-0.589653,2.666318
-0.294062,-0.905430,2.421663
-0.111376,-0.909456,2.699536
-0.258114,-0.934831,2.345245
-0.075428,-0.938858,2.623118
-0.175722,0.490958,2.761101
-0.162001,0.293665,2.709795
-0.306107,0.259924,2.602942
-0.025895,0.276256,2.776577
-0.496400,0.278236,2.480052
0.094882,0.205999,2.974711
-0.718365,0.342793,2.974711
0.239136,0.180484,2.341543
-0.876251,0.377007,2.306224
0.292888,0.192564,3.264066
-0.185713,-0.000134,2.694760
-0.161427,-0.049026,2.647893
-0.220834,-0.128628,2.569587
-0.101652,-0.142597,2.687603
-0.262297,-0.563763,2.484941
-0.102605,-0.562486,2.635336
-0.292220,-0.901301,2.416130
-0.130072,-0.821958,2.635583
-0.251583,-0.930964,2.342045
-0.089435,-0.851621,2.561497
-0.175258,0.492804,2.750710
-0.166844,0.296665,2.689841
-0.309405,0.266039,2.588038
-0.041035,0.285083,2.764400
-0.541242,0.283120,2.438161
0.058863,0.180009,2.960039
-0.730748,0.333362,2.960039
0.194482,0.161639,2.322008
-0.881254,0.359599,2.293259
0.287742,0.158836,3.323646
-0.191859,0.005292,2.675407
-0.166932,-0.042942,2.628788
-0.223435,-0.122133,2.547305
-0.110076,-0.138365,2.671744
-0.262548,-0.563100,2.473530
-0.108555,-0.577515,2.617293
-0.291750,-0.900307,2.409223
-0.133450,-0.866142,2.622626
-0.249339,-0.930224,2.336113
-0.091039,-0.896060,2.549516
-0.172962,0.495296,2.726743
-0.169221,0.299106,2.670406
-0.311856,0.272844,2.566320
-0.029218,0.245137,2.738500
-0.547649,0.282341,2.426071
0.055758,0.183388,2.956530
-0.735474,0.327446,2.956530
0.186741,0.158107,2.304858
-0.881489,0.351652,2.275992
0.204195,0.140749,3.242135
-0.207686,0.010719,2.627881
-0.185676,-0.034213,2.578578
-0.248793,-0.111353,2.490298
-0.130637,-0.136782,2.616926
-0.266721,-0.557726,2.451820
-0.117937,-0.585677,2.580786
-0.291970,-0.899984,2.403259
-0.133614,-0.846659,2.566335
-0.249763,-0.928766,2.329416
-0.114982,-0.772780,2.570816
-0.176549,0.495580,2.709610
-0.176889,0.300652,2.646687
-0.319185,0.274182,2.546227
-0.032652,0.254633,2.731049
-0.549208,0.285665,2.408485
0.040605,0.185704,2.951383
-0.738264,0.333908,2.951383
0.130732,0.156863,2.283694
-0.896237,0.352125,2.251040
0.178168,0.146485,3.201872
-0.209751,0.014518,2.621803
-0.186403,-0.031797,2.573263
-0.249113,-0.110920,2.481295
-0.130611,-0.136198,2.614907
-0.268744,-0.558759,2.442269
-0.119114,-0.585237,2.566603
-0.291257,-0.896019,2.399761
-0.121661,-0.846043,2.553874
-0.247814,-0.925654,2.326917
-0.128224,-0.770266,2.547055
-0.181100,0.494637,2.699332
-0.181964,0.300800,2.632261
-0.324257,0.276236,2.527444
-0.055507,0.287607,2.717306
-0.553641,0.301782,2.372599
0.030611,0.193828,2.924647
-0.734216,0.356808,2.924647
0.126041,0.167503,2.250761
-0.893102,0.380574,2.227748
0.165105,0.156363,3.208270
-0.213747,0.020904,2.607328
-0.188813,-0.023892,2.559839
-0.247661,-0.106523,2.471465
-0.135381,-0.123943,2.599102
-0.267249,-0.561048,2.437002
-0.113944,-0.582092,2.530876
-0.293589,-0.893554,2.392303
-0.109715,-0.841492,2.482109
-0.248535,-0.923253,2.320438
-0.102933,-0.769949,2.508011
-0.171999,0.494358,2.680943
-0.183369,0.300326,2.622091
-0.325372,0.279647,2.510628
-0.056915,0.285761,2.715665
-0.543170,0.328051,2.343474
0.024891,0.212067,2.931345
-0.750566,0.400446,2.931345
0.113654,0.191819,2.205394
-0.842272,0.433184,2.184140
0.154273,0.196991,3.194114
-0.217142,0.022206,2.594925
-0.190631,-0.022412,2.548537
-0.247598,-0.103402,2.458180
-0.138402,-0.124363,2.589052
-0.268122,-0.559443,2.429094
-0.116470,-0.570783,2.504569
-0.294339,-0.893702,2.389238
-0.100264,-0.830206,2.475542
-0.246712,-0.923619,2.319423
-0.125629,-0.769296,2.513668
-0.170371,0.494970,2.670655
-0.182988,0.301435,2.612571
-0.331406,0.280441,2.491623
-0.066878,0.284727,2.688916
-0.546265,0.340741,2.325053
0.014578,0.217290,2.906239
-0.744194,0.448382,2.906239
0.104823,0.196707,2.174148
-0.830795,0.496169,2.150219
0.147066,0.219073,3.175068
-0.217206,0.024097,2.584266
-0.191236,-0.020079,2.537347
-0.247585,-0.101031,2.444988
-0.139864,-0.122800,2.579050
-0.271442,-0.556847,2.417542
-0.118051,-0.561794,2.481479
-0.296289,-0.872901,2.376009
-0.085295,-0.814540,2.408872
-0.249347,-0.902657,2.305663
-0.038353,-0.844296,2.338527
-0.196685,0.494846,2.629979
-0.187414,0.300476,2.595567
-0.336076,0.285368,2.478676
-0.071492,0.279995,2.667335
-0.529045,0.365843,2.292348
0.009221,0.220732,2.886820
-0.706700,0.486260,2.886820
0.129955,0.288398,2.144073
-0.788120,0.542717,2.113881
0.168140,0.302468,3.176328
-0.220573,0.022266,2.570307
-0.195009,-0.022311,2.523445
-0.250016,-0.102985,2.437129
-0.144139,-0.120663,2.562683
-0.275336,-0.554990,2.407776
-0.115471,-0.560343,2.458844
-0.298860,-0.885776,2.377662
-0.089596,-0.814701,2.394439
-0.252922,-0.915560,2.306633
-0.106764,-0.740716,2.402523
-0.195678,0.493183,2.628582
-0.190444,0.299618,2.575321
-0.340823,0.283289,2.458557
-0.080338,0.283589,2.650953
-0.526191,0.382025,2.273508
0.012069,0.255019,2.871772
-0.685632,0.532941,2.871772
0.123544,0.318709,2.114005
-0.752299,0.597585,2.084422
0.172128,0.341047,3.155042
-0.223959,0.023288,2.556683
-0.197705,-0.022099,2.511251
-0.252000,-0.104345,2.422630
-0.147347,-0.121075,2.554655
-0.279139,-0.552405,2.400453
-0.114894,-0.560119,2.440219
-0.300174,-0.885986,2.376530
-0.082959,-0.806364,2.341994
-0.253323,-0.916353,2.306238
-0.036108,-0.836730,2.271701
-0.196103,0.496305,2.621074
-0.191476,0.303067,2.568025
-0.346949,0.288966,2.444144
-0.083357,0.296723,2.652057
-0.500066,0.417596,2.247127
0.016827,0.284290,2.870870
-0.642793,0.582150,2.870870
0.108780,0.350730,2.086428
-0.720760,0.635684,2.066730
0.156749,0.373341,3.092616
-0.228481,0.042700,2.543900
-0.202073,0.003271,2.498357
-0.255602,-0.089934,2.401280
-0.152565,-0.109701,2.548393
-0.282816,-0.551823,2.392863
-0.115993,-0.553173,2.422630
-0.301384,-0.886187,2.374150
-0.077308,-0.793914,2.312647
-0.252746,-0.916320,2.304986
-0.028669,-0.824046,2.243483
-0.198439,0.503407,2.611275
-0.190573,0.306063,2.564777
-0.367904,0.309659,2.416781
-0.073957,0.234113,2.619502
-0.475970,0.478642,2.219275
0.016468,0.303568,2.833343
-0.582516,0.626165,2.833343
0.134039,0.443536,2.080021
-0.635722,0.675285,2.056804
0.179152,0.487569,3.089565
-0.229808,0.042668,2.538787
-0.204827,0.001878,2.491867
-0.263590,-0.087197,2.395040
-0.156073,-0.110517,2.531730
-0.287764,-0.546230,2.385934
-0.115021,-0.554186,2.405333
-0.303106,-0.882787,2.371910
-0.085851,-0.796915,2.299131
-0.255589,-0.912812,2.301813
-0.038335,-0.826940,2.229034
-0.190399,0.571902,2.621780
-0.194019,0.381597,2.547214
-0.371584,0.316950,2.405748
-0.062624,0.218669,2.617440
-0.475320,0.487421,2.206926
0.034096,0.339472,2.807239
-0.535476,0.677023,2.807239
0.131523,0.486739,2.062065
-0.557229,0.729578,2.046839
0.178493,0.539898,3.042055
-0.233100,0.062383,2.530244
-0.207126,0.009153,2.486028
-0.273391,-0.075403,2.393285
-0.152750,-0.104872,2.527287
-0.291904,-0.543848,2.380154
-0.116005,-0.551695,2.395705
-0.305223,-0.883169,2.370353
-0.135525,-0.887664,2.377689
-0.258257,-0.914666,2.300370
-0.088559,-0.919161,2.307705
-0.259566,0.561566,2.560149
-0.183564,0.385052,2.550637
-0.373862,0.316872,2.402028
-0.061980,0.220962,2.600663
-0.443271,0.496072,2.206591
0.031107,0.364357,2.779035
-0.499283,0.721163,2.779035
0.143386,0.499534,2.064449
-0.525798,0.788766,2.050096
0.171337,0.587151,2.991210
-0.231235,0.064924,2.525883
-0.208251,0.011911,2.477480
-0.280550,-0.069761,2.388798
-0.149969,-0.093489,2.508718
-0.296610,-0.535810,2.374408
-0.118790,-0.548157,2.386851
-0.307869,-0.882847,2.369034
-0.131032,-0.880005,2.348785
-0.262837,-0.913896,2.297404
-0.086000,-0.911054,2.277155
-0.243470,0.592720,2.551477
-0.184980,0.407834,2.530035
-0.380489,0.332673,2.374907
-0.046713,0.197933,2.600047
-0.426159,0.537987,2.187448
0.036191,0.382841,2.747141
-0.441414,0.743768,2.747141
0.138834,0.580108,2.069149
-0.488075,0.799995,2.057269
0.171689,0.646283,2.947678
-0.243456,0.109096,2.498204
-0.221649,0.056219,2.451385
-0.301868,-0.030836,2.366941
-0.159829,-0.066393,2.491016
-0.298392,-0.516368,2.369178
-0.120701,-0.540019,2.377696
-0.307754,-0.865642,2.366591
-0.123849,-0.860693,2.302629
-0.260274,-0.897074,2.296522
-0.076369,-0.892124,2.232560
-0.235044,0.540596,2.535705
-0.153050,0.375301,2.559385
-0.374382,0.360162,2.348036
-0.039449,0.400670,2.746990
-0.379597,0.579516,2.173464
0.096087,0.520628,2.798104
-0.359766,0.756733,2.798104
0.160813,0.693984,2.078679
-0.351868,0.829769,2.070857
0.180344,0.745143,2.893004
-0.221970,0.141868,2.520161
-0.193126,0.101314,2.479007
-0.276132,0.010056,2.399409
-0.136042,0.015355,2.498409
-0.297218,-0.476652,2.366390
-0.123249,-0.462161,2.387958
-0.305801,-0.826099,2.368467
-0.119186,-0.853399,2.285729
-0.245122,-0.859713,2.310636
-0.058507,-0.887012,2.227899
-0.307818,0.572009,2.443741
-0.214932,0.410372,2.461791
-0.374395,0.358280,2.347272
-0.040312,0.394798,2.730289
-0.336328,0.558229,2.192480
0.085111,0.541301,2.740785
-0.290881,0.771144,2.740785
0.148193,0.720646,2.107872
-0.309974,0.841900,2.098992
0.162073,0.786747,2.805881
-0.242762,0.147937,2.471763
-0.203963,0.100480,2.446417
-0.276515,0.009700,2.397907
-0.131878,0.018963,2.480227
-0.297547,-0.478844,2.359540
-0.123195,-0.462677,2.379663
-0.303786,-0.828191,2.368700
-0.108636,-0.838831,2.255360
-0.244096,-0.862439,2.310125
-0.048946,-0.873079,2.196785
-0.282821,0.550450,2.456803
-0.174428,0.404600,2.488195
-0.372049,0.356057,2.345394
-0.072937,0.403322,2.645579
-0.306469,0.579106,2.192704
0.058502,0.524430,2.701392
-0.255980,0.809168,2.701392
0.118138,0.711016,2.098272
-0.275047,0.879822,2.089405
0.143563,0.802584,2.728114
-0.238518,0.141607,2.474392
-0.205895,0.089921,2.440905
-0.276185,0.002857,2.385926
-0.150430,0.003730,2.466920
-0.297874,-0.486410,2.348680
-0.124895,-0.478375,2.368345
-0.306680,-0.867469,2.356311
-0.106759,-0.833009,2.239007
-0.250878,-0.902119,2.294111
-0.050957,-0.867659,2.176808
-0.248804,0.565398,2.446890
-0.172776,0.403510,2.485548
-0.328182,0.378541,2.326399
-0.077562,0.418617,2.613083
-0.281508,0.572188,2.189905
0.061032,0.533078,2.665953
-0.167820,0.810623,2.665953
0.088758,0.722763,2.156664
-0.176842,0.883183,2.164770
0.116052,0.814790,2.639576
-0.227842,0.122344,2.459442
-0.194801,0.069584,2.420669
-0.264663,0.002130,2.380690
-0.140842,0.004590,2.434217
-0.295627,-0.487727,2.339857
-0.122740,-0.483006,2.361264
-0.306134,-0.867499,2.354847
-0.103497,-0.820427,2.228586
-0.246591,-0.901168,2.295609
-0.043954,-0.854096,2.169348
-0.247050,0.569701,2.443060
-0.168281,0.403643,2.469014
-0.277942,0.389796,2.345819
-0.076234,0.415853,2.597440
-0.230466,0.611793,2.190769
0.065220,0.541986,2.621319
-0.125082,0.830759,2.621319
0.074445,0.727954,2.173245
-0.086163,0.891953,2.184822
0.093112,0.825537,2.549686
-0.219294,0.107492,2.443058
-0.185259,0.052708,2.406033
-0.240166,-0.004468,2.365485
-0.137970,-0.000456,2.427282
-0.293415,-0.493902,2.328834
-0.121378,-0.488976,2.351150
-0.304627,-0.864908,2.351536
-0.104930,-0.810901,2.216944
-0.242636,-0.899043,2.295109
-0.042939,-0.845037,2.160517
-0.244612,0.578570,2.424628
-0.168452,0.407873,2.440640
-0.278891,0.429509,2.290815
-0.060854,0.425297,2.586668
-0.222134,0.608943,2.190331
0.062053,0.657637,2.529382
-0.100820,0.779899,2.529382
0.081266,0.850166,2.186925
-0.084293,0.850355,2.198925
0.107108,0.918072,2.497125
-0.214653,0.126188,2.429749
-0.177691,0.076199,2.395936
-0.231848,0.017162,2.350512
-0.129918,0.011406,2.422863
-0.286627,-0.472132,2.316921
-0.119484,-0.476387,2.340957
-0.303775,-0.869010,2.346272
-0.100552,-0.808171,2.207087
-0.239377,-0.903991,2.293157
-0.036154,-0.843152,2.153972
-0.253592,0.651188,2.386224
-0.190699,0.473630,2.397310
-0.276332,0.408656,2.290739
-0.057153,0.412097,2.564437
-0.194546,0.583792,2.199040
0.037890,0.653557,2.484582
-0.052235,0.796623,2.484582
0.055930,0.840214,2.215058
-0.031205,0.865163,2.230155
0.094895,0.874388,2.466498
-0.212693,0.119248,2.410112
-0.173863,0.054951,2.373915
-0.227350,-0.004543,2.324363
-0.117647,-0.011322,2.408709
-0.285858,-0.495341,2.300975
-0.113755,-0.500301,2.323232
-0.299675,-0.842144,2.341390
-0.099777,-0.805280,2.196359
-0.237331,-0.876753,2.285562
-0.037433,-0.839890,2.140531
-0.243471,0.652862,2.386131
-0.191108,0.466867,2.372056
-0.282708,0.391484,2.288413
-0.023685,0.458058,2.537171
-0.192117,0.576206,2.198036
0.049296,0.631466,2.458200
-0.047528,0.792783,2.458200
0.057913,0.821433,2.216826
-0.026528,0.861227,2.231901
0.105020,0.858684,2.440774
-0.200286,0.126406,2.398497
-0.167444,0.061522,2.365894
-0.225473,-0.004641,2.321515
-0.100706,-0.007328,2.400488
-0.282729,-0.496681,2.287978
-0.107398,-0.496495,2.307302
-0.299039,-0.842514,2.334822
-0.097570,-0.802087,2.187732
-0.244773,-0.876798,2.270862
-0.043304,-0.836372,2.123772
-0.234983,0.647346,2.362599
-0.183921,0.462982,2.361720
-0.281884,0.387713,2.282469
-0.016084,0.457812,2.527900
-0.185892,0.562971,2.192188
0.053020,0.627015,2.433684
-0.040887,0.768018,2.433684
0.050410,0.819367,2.211643
-0.019913,0.836377,2.226700
0.094476,0.857753,2.430009
-0.191111,0.124021,2.382414
-0.160028,0.060154,2.351842
-0.222071,-0.007981,2.313297
-0.088264,-0.010583,2.379939
-0.280882,-0.500921,2.276196
-0.100115,-0.497627,2.289366
-0.299125,-0.845600,2.330075
-0.093758,-0.797101,2.175867
-0.246096,-0.879557,2.264829
-0.040729,-0.831059,2.110620
-0.220596,0.639105,2.359576
-0.165856,0.455620,2.357859
-0.265253,0.394383,2.253418
-0.009106,0.461979,2.506428
-0.136784,0.596019,2.179660
0.059945,0.635081,2.423123
0.005895,0.801940,2.423123
0.068642,0.812761,2.201715
0.026844,0.870217,2.216753
0.111431,0.851808,2.374196
-0.180432,0.127971,2.371903
-0.148912,0.066616,2.341742
-0.210918,-0.001572,2.294973
-0.079798,-0.005106,2.375183
-0.271249,-0.493931,2.252232
-0.095536,-0.493443,2.271769
-0.292895,-0.835716,2.319614
-0.093806,-0.791618,2.163614
-0.237811,-0.869761,2.256126
-0.038722,-0.825663,2.100126
-0.208552,0.633290,2.362471
-0.160412,0.444722,2.332068
-0.261663,0.395789,2.248169
-0.002289,0.458945,2.496015
-0.153454,0.569939,2.166564
0.067088,0.632905,2.416855
-0.029114,0.743034,2.416855
0.078780,0.815138,2.177913
-0.008191,0.811223,2.192932
0.121515,0.854136,2.380100
-0.169557,0.146037,2.342515
-0.138321,0.094216,2.310638
-0.191257,0.013428,2.241131
-0.077236,-0.001184,2.369790
-0.262441,-0.479468,2.241501
-0.088485,-0.488356,2.253652
-0.285960,-0.820920,2.311607
-0.091840,-0.787830,2.150159
-0.231996,-0.853893,2.246614
-0.037877,-0.820802,2.085166
-0.188315,0.635322,2.344480
-0.154610,0.444142,2.322966
-0.265434,0.370327,2.236013
0.004989,0.456742,2.489870
-0.155560,0.563460,2.154523
0.081390,0.627124,2.409549
-0.024054,0.752335,2.409549
0.099457,0.813500,2.170388
-0.003158,0.820438,2.185389
0.142138,0.852448,2.387425
-0.162464,0.148572,2.332397
-0.132979,0.095863,2.302224
-0.189181,0.011528,2.235194
-0.061994,0.004216,2.349587
-0.257242,-0.483139,2.227582
-0.080902,-0.483928,2.233504
-0.273921,-0.825448,2.291346
-0.086537,-0.785516,2.134110
-0.221011,-0.858309,2.225735
-0.033627,-0.818377,2.068500
-0.190477,0.679276,2.324438
-0.147183,0.489360,2.294714
-0.248078,0.388243,2.214054
0.010180,0.452848,2.483739
-0.114569,0.611040,2.142007
0.095419,0.621636,2.410815
0.011163,0.824749,2.410815
0.111412,0.808566,2.178883
0.032050,0.892825,2.193877
0.155185,0.860161,2.371331
-0.152957,0.151338,2.319525
-0.119234,0.091576,2.291486
-0.180339,0.009524,2.229874
-0.045700,0.008503,2.341169
-0.244940,-0.487203,2.205292
-0.076178,-0.479124,2.217475
-0.269699,-0.827672,2.281147
-0.084221,-0.782408,2.125936
-0.212976,-0.861989,2.219481
-0.027497,-0.816724,2.064269
-0.188484,0.676980,2.302018
-0.143245,0.488777,2.288877
-0.225302,0.422314,2.175708
0.018310,0.443986,2.473840
-0.154300,0.590418,2.083362
0.125951,0.604444,2.425810
-0.009361,0.798103,2.425810
0.151795,0.790248,2.142858
0.011516,0.866144,2.157845
0.169301,0.810224,2.378397
-0.147886,0.153893,2.297042
-0.112934,0.093387,2.272138
-0.171630,0.019735,2.212341
-0.042554,0.012964,2.317694
-0.235013,-0.478843,2.187199
-0.069893,-0.478266,2.201672
-0.247464,-0.809718,2.245362
-0.081453,-0.778727,2.117330
-0.185841,-0.843572,2.188413
-0.019830,-0.812581,2.060381
-0.183273,0.685694,2.293389
-0.127393,0.501513,2.288494
-0.221473,0.421570,2.165801
0.019362,0.442262,2.453246
-0.163979,0.591313,2.066231
0.138775,0.595005,2.440152
-0.042008,0.775551,2.440152
0.170741,0.778898,2.066525
-0.009799,0.837200,2.087400
0.205442,0.870814,2.373039
-0.143422,0.146661,2.270452
-0.111296,0.079259,2.232100
-0.166748,0.020330,2.189133
-0.055553,0.003581,2.256685
-0.228538,-0.479397,2.166296
-0.064904,-0.480821,2.185469
-0.281775,-0.814277,2.251260
-0.077190,-0.779110,2.108545
-0.220719,-0.847271,2.193116
-0.016135,-0.812104,2.050400
-0.168465,0.685907,2.278341
-0.118094,0.501798,2.281494
-0.219992,0.422025,2.147426
0.026849,0.432999,2.452878
-0.167962,0.588993,2.039289
0.162246,0.564939,2.470659
-0.072766,0.757139,2.470659
0.209554,0.748901,2.012203
-0.034875,0.817797,2.023968
0.228646,0.806944,2.426409
-0.141634,0.149357,2.254372
-0.110572,0.082812,2.221334
-0.167136,0.025447,2.170046
-0.054282,0.005819,2.246911
-0.230013,-0.474994,2.149205
-0.059456,-0.470832,2.171291
-0.234135,-0.734042,2.170366
-0.066947,-0.768503,2.096504
-0.172032,-0.767436,2.113727
-0.004843,-0.801897,2.039864
-0.171776,0.684282,2.254250
-0.116984,0.504171,2.267963
-0.223444,0.413108,2.133597
0.050594,0.422236,2.475811
-0.173998,0.572945,2.012028
0.172478,0.570230,2.475958
-0.088624,0.745569,2.475958
0.237217,0.751937,1.982485
-0.050711,0.806957,1.977334
0.239204,0.803744,2.443684
-0.137929,0.157463,2.244061
-0.105621,0.093797,2.211891
-0.166536,0.028009,2.163968
-0.039921,0.018809,2.236949
-0.208054,-0.472905,2.111260
-0.055975,-0.470708,2.158353
-0.214460,-0.733116,2.122242
-0.062356,-0.764710,2.087589
-0.152078,-0.766452,2.065903
0.000025,-0.798045,2.031250
-0.159387,0.689603,2.254832
-0.118034,0.501803,2.250859
-0.228451,0.403431,2.112498
0.062448,0.425566,2.477527
-0.191335,0.565419,1.989952
0.205209,0.543293,2.507125
-0.117977,0.737510,2.507125
0.266210,0.726208,1.930534
-0.089298,0.803720,1.925931
0.265987,0.798404,2.493841
-0.137458,0.162188,2.224935
-0.104921,0.100541,2.193257
-0.168544,0.028854,2.150226
-0.034791,0.026802,2.208787
-0.204715,-0.473414,2.099770
-0.053173,-0.466313,2.144447
-0.277770,-0.808384,2.170216
-0.062834,-0.763594,2.083829
-0.215386,-0.841496,2.113654
-0.000450,-0.796706,2.027267
-0.160431,0.687067,2.253681
-0.120837,0.496157,2.223315
-0.231866,0.384322,2.099396
0.068886,0.419572,2.475075
-0.206303,0.550705,1.974112
0.206382,0.539757,2.511278
-0.153941,0.722598,2.511278
0.287267,0.711825,1.892442
-0.139761,0.787219,1.863875
0.326157,0.770419,2.553169
-0.132877,0.159581,2.212378
-0.099488,0.097973,2.182587
-0.165316,0.025198,2.147547
-0.024712,0.027785,2.191277
-0.189323,-0.451344,2.069916
-0.050123,-0.466610,2.132630
-0.233677,-0.737144,2.081100
-0.062208,-0.763932,2.079517
-0.171610,-0.770465,2.024343
-0.000141,-0.797253,2.022760
-0.161474,0.678171,2.226719
-0.123111,0.487209,2.198159
-0.238335,0.381099,2.085792
0.078807,0.421520,2.468303
-0.217506,0.545614,1.953815
0.214025,0.531238,2.525012
-0.185984,0.713926,2.525012
0.313628,0.689156,1.853869
-0.186001,0.778119,1.821631
0.345895,0.748268,2.600107
-0.129022,0.164584,2.195914
-0.094765,0.105790,2.166956
-0.158176,0.021973,2.117189
-0.020982,0.028902,2.188979
-0.189157,-0.456162,2.058717
-0.046231,-0.460820,2.122008
-0.177034,-0.717791,2.015085
-0.061892,-0.765026,2.076048
-0.115966,-0.750861,1.957175
-0.000823,-0.798095,2.018138
-0.051256,0.649042,2.286798
-0.127215,0.482051,2.183549
-0.244096,0.379546,2.069916
0.116802,0.408799,2.489555
-0.247156,0.535631,1.914380
0.237975,0.536211,2.541755
-0.204803,0.708889,2.541755
0.343990,0.687241,1.830928
-0.212702,0.770577,1.795113
0.363942,0.754152,2.639125
-0.126026,0.167238,2.188550
-0.090864,0.110258,2.160223
-0.157616,0.021600,2.119344
0.001450,0.043330,2.163345
-0.183612,-0.457601,2.041127
-0.042330,-0.454791,2.113411
-0.207110,-0.734916,2.028922
-0.061163,-0.766988,2.070554
-0.146720,-0.767784,1.969977
-0.000774,-0.799856,2.011610
-0.050626,0.605243,2.275080
-0.172873,0.480969,2.150768
-0.245724,0.373920,2.060073
-0.089240,0.414281,2.124006
-0.254561,0.538504,1.898374
0.060912,0.469744,2.303380
-0.243503,0.701946,2.303380
0.213113,0.576738,1.786175
-0.255308,0.763128,1.750751
0.267526,0.616021,2.541524
-0.123922,0.110082,2.153412
-0.097970,0.043870,2.112432
-0.127515,-0.017398,2.061967
-0.049475,-0.005440,2.150012
-0.181139,-0.449624,2.024104
-0.039742,-0.453197,2.105640
-0.245864,-0.772023,2.034654
-0.059917,-0.767747,2.066881
-0.219307,-0.801729,1.953377
-0.033360,-0.797453,1.985603
-0.060695,0.600772,2.264203
-0.175250,0.470042,2.139030
-0.245406,0.372311,2.058649
-0.092432,0.404515,2.100767
-0.283232,0.548771,1.856100
0.053593,0.440992,2.287011
-0.275113,0.714091,2.287011
0.201854,0.534041,1.747067
-0.325949,0.760626,1.727657
0.231312,0.571928,2.518669
-0.119234,0.109346,2.149216
-0.096873,0.043395,2.107011
-0.124593,-0.017454,2.056111
-0.049100,-0.006139,2.145022
-0.174294,-0.450204,2.013522
-0.037100,-0.451977,2.098212
-0.210218,-0.747728,1.992185
-0.058690,-0.768151,2.064909
-0.243171,-0.810346,2.022355
-0.040548,-0.798207,1.981498
-0.103990,0.563367,2.227514
-0.183444,0.422726,2.081904
-0.241381,0.376918,2.022829
-0.097840,0.385145,2.073546
-0.283304,0.549102,1.850960
0.045044,0.406955,2.263666
-0.310892,0.697395,2.263666
0.186250,0.496903,1.720543
-0.339983,0.746545,1.677491
0.218658,0.534046,2.500433
-0.121861,0.107759,2.126563
-0.096119,0.043803,2.095982
-0.118474,-0.019388,2.037097
-0.048697,-0.007579,2.143444
-0.165755,-0.448759,2.001367
-0.040215,-0.450400,2.088801
-0.196462,-0.729912,1.966726
-0.057288,-0.766696,2.061417
-0.242011,-0.794949,1.995668
-0.031802,-0.799403,1.981159
-0.140904,0.575349,2.187343
-0.015538,0.431242,2.183635
-0.217623,0.376684,2.051864
-0.100310,0.366424,2.051207
-0.282838,0.545057,1.841765
0.035974,0.390363,2.245136
-0.351842,0.677076,2.245136
0.174382,0.470520,1.709199
-0.378684,0.727100,1.665805
0.207466,0.509948,2.485520
-0.070199,0.093079,2.130779
-0.084847,0.039815,2.087429
-0.113735,-0.021420,2.014128
-0.053926,-0.018447,2.130133
-0.163608,-0.450132,1.984408
-0.041887,-0.449813,2.081612
-0.198307,-0.727764,1.954973
-0.058003,-0.767304,2.058648
-0.248179,-0.797937,1.984949
-0.057639,-0.793707,1.972397
-0.145568,0.569529,2.176769
-0.016532,0.429908,2.178031
-0.216166,0.357792,2.025231
-0.104932,0.365884,2.042617
-0.309919,0.472849,1.855168
0.034265,0.390834,2.234490
-0.356106,0.628479,2.234490
0.175764,0.431084,1.732000
-0.373548,0.684855,1.691778
0.196742,0.512774,2.481814
-0.072827,0.089452,2.126590
-0.078859,0.031993,2.076213
-0.110221,-0.029970,1.997595
-0.055612,-0.029510,2.119831
-0.163443,-0.454051,1.969330
-0.031461,-0.454097,2.077878
-0.191227,-0.718508,1.931746
-0.056155,-0.768451,2.057212
-0.235626,-0.780903,1.935981
-0.046340,-0.795280,1.971622
-0.140952,0.575631,2.173835
-0.017343,0.430312,2.172083
-0.217402,0.357052,2.017844
-0.107027,0.365109,2.033320
-0.314939,0.472610,1.850266
0.028359,0.381024,2.228370
-0.384738,0.619698,2.228370
0.170255,0.424423,1.718072
-0.420094,0.661138,1.671946
0.198723,0.475577,2.468439
-0.063014,0.106884,2.126471
-0.063995,0.059542,2.076804
-0.099026,-0.024579,1.973838
-0.050783,-0.026812,2.130050
-0.163260,-0.451064,1.958447
-0.027658,-0.455127,2.075573
-0.186437,-0.717321,1.919636
-0.057543,-0.771167,2.054051
-0.160430,-0.784734,1.893819
-0.049068,-0.797794,1.968215
-0.083678,0.603862,2.144493
-0.016862,0.429667,2.160623
-0.217996,0.355980,2.009489
-0.098436,0.367033,2.023478
-0.350100,0.493966,1.810552
0.031487,0.381054,2.221787
-0.421767,0.634955,2.221787
0.170942,0.424046,1.690715
-0.466572,0.674970,1.652261
0.200712,0.473271,2.464739
-0.061792,0.097173,2.116254
-0.065622,0.042225,2.062570
-0.100953,-0.027934,1.972812
-0.047322,-0.031346,2.115494
-0.163150,-0.451062,1.949339
-0.024581,-0.455763,2.069978
-0.181596,-0.709772,1.887411
-0.058223,-0.771646,2.050207
-0.160943,-0.781431,1.905509
-0.051994,-0.798233,1.964153
-0.081155,0.601695,2.139465
-0.015359,0.424834,2.147688
-0.209925,0.353003,1.998644
-0.083296,0.318477,1.987484
-0.350291,0.482156,1.814469
0.036848,0.353239,2.188888
-0.437479,0.612395,2.188888
0.168033,0.406480,1.692658
-0.479203,0.656228,1.654987
0.204707,0.454806,2.429916
-0.058037,0.068631,2.094611
-0.067104,0.009835,2.040429
-0.103289,-0.043107,1.966053
-0.045473,-0.050948,2.087606
-0.163991,-0.449580,1.936423
-0.021761,-0.456043,2.057344
-0.183357,-0.783123,1.871149
-0.056569,-0.768925,2.040850
-0.185225,-0.809278,1.784731
-0.058437,-0.795080,1.954432
-0.080123,0.603752,2.133344
-0.019279,0.422338,2.128874
-0.206653,0.349033,1.989978
-0.082703,0.318253,1.985869
-0.351545,0.474102,1.814455
0.044488,0.341539,2.184754
-0.453582,0.606525,2.184754
0.174638,0.400284,1.686569
-0.516291,0.644525,1.647171
0.213725,0.441912,2.430009
-0.059326,0.069893,2.093767
-0.066813,0.009847,2.039732
-0.102844,-0.051568,1.957058
-0.044778,-0.052491,2.087903
-0.164992,-0.444763,1.925129
-0.020969,-0.455489,2.048878
-0.180868,-0.788074,1.842035
-0.058025,-0.769073,2.037807
-0.179742,-0.815107,1.755858
-0.056899,-0.796105,1.951630
-0.086270,0.638215,2.119686
-0.040983,0.451225,2.107330
-0.208086,0.348906,1.981099
-0.076600,0.320717,1.983891
-0.360864,0.466728,1.808532
0.056996,0.355566,2.177139
-0.459251,0.602004,2.177139
0.191965,0.407992,1.683175
-0.518682,0.644038,1.646073
0.231993,0.439819,2.427428
-0.064478,0.072321,2.086059
-0.068521,0.008533,2.033500
-0.105268,-0.053306,1.954350
-0.042864,-0.055022,2.080956
-0.167011,-0.439864,1.914095
-0.020337,-0.454869,2.041229
-0.179836,-0.787142,1.823013
-0.059272,-0.766494,2.031810
-0.175853,-0.815813,1.737316
-0.055275,-0.794801,1.946182
-0.104287,0.633953,2.100942
-0.043857,0.453033,2.098208
-0.210020,0.345998,1.971205
-0.086104,0.316881,1.967479
-0.371866,0.460752,1.799145
0.048440,0.355272,2.159217
-0.473203,0.597854,2.159217
0.187802,0.406276,1.673262
-0.522941,0.641594,1.640569
0.225377,0.437041,2.408894
-0.064333,0.073870,2.077281
-0.068992,0.008906,2.026105
-0.104123,-0.056583,1.943846
-0.043031,-0.055994,2.078424
-0.169905,-0.437032,1.904743
-0.020612,-0.454346,2.032539
-0.180502,-0.782182,1.804302
-0.057363,-0.760334,2.025250
-0.180488,-0.815480,1.717518
-0.057194,-0.788584,1.939574
-0.095779,0.641410,2.100141
-0.051966,0.453700,2.083743
-0.213758,0.338886,1.957784
-0.094124,0.311980,1.952681
-0.382323,0.454443,1.790197
0.045653,0.350863,2.140872
-0.480846,0.594307,2.140872
0.184748,0.431954,1.664556
-0.527503,0.635535,1.631128
0.228464,0.437617,2.384669
-0.067967,0.067797,2.064860
-0.071991,0.000261,2.013090
-0.104882,-0.059755,1.940562
-0.044814,-0.060626,2.063470
-0.174910,-0.438563,1.891185
-0.022312,-0.454767,2.020099
-0.180801,-0.783971,1.792972
-0.054822,-0.755475,2.018954
-0.181988,-0.817419,1.706260
-0.055923,-0.783880,1.933314
-0.108269,0.640934,2.086814
-0.059602,0.454554,2.071483
-0.219870,0.339146,1.951838
-0.097680,0.311401,1.946679
-0.392265,0.446474,1.782347
0.046637,0.349143,2.131858
-0.482054,0.587594,2.131858
0.196260,0.436059,1.659652
-0.531649,0.629818,1.618567
0.239002,0.465570,2.357671
-0.077987,0.061525,2.045326
-0.081634,-0.007111,1.992262
-0.114017,-0.064629,1.925735
-0.053782,-0.066243,2.036330
-0.182219,-0.436449,1.877680
-0.022523,-0.452979,2.012609
-0.181419,-0.782302,1.783105
-0.056150,-0.750277,2.014483
-0.182170,-0.822031,1.694961
-0.056928,-0.778287,1.928705
-0.099426,0.646722,2.087436
-0.066535,0.455908,2.059997
-0.225223,0.338786,1.945452
-0.107894,0.311186,1.934781
-0.407020,0.435483,1.770520
0.044109,0.344743,2.115024
-0.483501,0.577925,2.115024
0.206623,0.439223,1.646712
-0.527630,0.618791,1.605664
0.245275,0.480819,2.319783
-0.079569,0.059339,2.035977
-0.084662,-0.010015,1.982885
-0.116756,-0.066500,1.917226
-0.056394,-0.067653,2.027527
-0.184581,-0.433136,1.874040
-0.023848,-0.453367,2.004140
-0.181869,-0.777909,1.776058
-0.057588,-0.747082,2.010163
-0.186377,-0.822542,1.686905
-0.062227,-0.775163,1.924525
-0.101287,0.644371,2.072873
-0.072935,0.452955,2.049958
-0.233763,0.332941,1.935914
-0.115218,0.309652,1.925538
-0.422413,0.417489,1.758252
0.047738,0.344081,2.097104
-0.492235,0.563958,2.097104
0.220835,0.447977,1.618624
-0.528125,0.612470,1.582489
0.273103,0.508140,2.296278
-0.086032,0.053951,2.022731
-0.091128,-0.015459,1.968828
-0.123911,-0.070537,1.902673
-0.062183,-0.072283,2.013424
-0.189086,-0.436938,1.864336
-0.028667,-0.457834,1.988231
-0.180530,-0.782693,1.773612
-0.063891,-0.749271,2.007772
-0.184661,-0.827986,1.684354
-0.068753,-0.777174,1.922010
-0.103134,0.642975,2.064022
-0.080521,0.450611,2.039834
-0.241101,0.333467,1.929748
0.042117,0.317657,2.056966
-0.431637,0.400970,1.745498
0.204313,0.370292,2.225061
-0.496226,0.550951,2.225061
0.379369,0.528601,1.593910
-0.522569,0.602027,1.553501
0.433351,0.597182,2.352926
-0.115436,0.083170,2.005437
-0.101148,0.025721,1.953469
-0.171981,-0.046240,1.884216
-0.042155,-0.062158,1.992326
-0.195854,-0.437855,1.852752
-0.032220,-0.457341,1.975393
-0.184276,-0.785438,1.778986
-0.065611,-0.748815,2.000869
-0.151447,-0.814783,1.700075
-0.032781,-0.778161,1.921958
-0.110497,0.639538,2.053793
-0.088900,0.446871,2.028325
-0.248030,0.334064,1.923530
0.037169,0.306205,2.048762
-0.439318,0.380878,1.732885
0.217122,0.362737,2.199176
-0.497465,0.526891,2.199176
0.400439,0.531624,1.552945
-0.511724,0.585272,1.516882
0.457278,0.604808,2.265575
-0.120911,0.080515,1.997571
-0.106151,0.020030,1.945801
-0.176075,-0.049238,1.881296
-0.044107,-0.066846,1.976489
-0.199347,-0.438271,1.845990
-0.038485,-0.459803,1.959136
-0.185233,-0.786652,1.778328
-0.070782,-0.745291,1.993197
-0.152427,-0.817931,1.699156
-0.038048,-0.774784,1.914245
-0.119681,0.628601,2.039245
-0.099522,0.435846,2.016390
-0.256101,0.334326,1.914971
0.037790,0.304069,2.049806
-0.449812,0.353073,1.720324
0.244131,0.349129,2.173672
-0.488359,0.486814,2.173672
0.415878,0.523706,1.525374
-0.490497,0.544508,1.486102
0.451894,0.583492,2.165880
-0.129064,0.077532,1.987578
-0.112587,0.016865,1.936893
-0.186272,-0.053947,1.871905
-0.046627,-0.069767,1.966141
-0.209180,-0.444796,1.833822
-0.043551,-0.459360,1.945799
-0.184873,-0.793019,1.778303
-0.076036,-0.734580,1.973626
-0.150861,-0.822621,1.699871
-0.042024,-0.764181,1.895195
-0.121693,0.620264,2.036623
-0.107438,0.426430,2.005415
-0.263608,0.333492,1.906092
0.034037,0.294569,2.036766
-0.457992,0.307827,1.712187
0.247696,0.319095,2.139604
-0.468084,0.432011,2.139604
0.405761,0.484509,1.505302
-0.465113,0.482033,1.462852
0.444260,0.541474,2.064353
-0.137390,0.072502,1.975436
-0.121201,0.012344,1.924391
-0.196537,-0.058252,1.860995
-0.052183,-0.073177,1.952180
-0.216647,-0.448388,1.824957
-0.050007,-0.449942,1.925544
-0.188671,-0.797520,1.778125
-0.094607,-0.794326,1.951419
-0.155413,-0.827317,1.699211
-0.063070,-0.836802,1.874451
-0.116448,0.629241,2.033424
-0.125853,0.434976,1.989007
-0.275812,0.332245,1.895447
0.027128,0.288022,2.019141
-0.471279,0.250111,1.721315
0.243054,0.296601,2.090677
-0.453661,0.357763,2.090677
0.384659,0.427384,1.492723
-0.439203,0.402508,1.441062
0.423907,0.479982,1.967265
-0.149480,0.071143,1.960167
-0.133250,0.009042,1.908555
-0.208399,-0.060816,1.849920
-0.060980,-0.075907,1.933134
-0.220217,-0.449329,1.820426
-0.055861,-0.451860,1.910108
-0.194722,-0.799047,1.776863
-0.092596,-0.795441,1.947774
-0.162972,-0.830949,1.697025
-0.062473,-0.838191,1.870522
-0.112001,0.628897,2.031637
-0.133428,0.435707,1.981270
-0.290743,0.335758,1.889031
0.024126,0.285580,2.007101
-0.471934,0.202663,1.734573
0.232032,0.260423,2.039308
-0.444449,0.268332,2.039308
0.356487,0.364596,1.495564
-0.418046,0.308322,1.421148
0.402659,0.415463,1.874694
-0.158577,0.072370,1.948516
-0.143436,0.010761,1.895833
-0.223948,-0.059564,1.837061
-0.067759,-0.075363,1.917382
-0.222237,-0.454352,1.815792
-0.061689,-0.453668,1.889106
-0.198943,-0.801554,1.777946
-0.091424,-0.797176,1.931978
-0.169196,-0.830515,1.697334
-0.062596,-0.836758,1.853461
-0.122759,0.630489,2.005182
-0.144729,0.436797,1.967828
-0.297327,0.337601,1.882953
0.008818,0.290459,1.980500
-0.456020,0.160082,1.754527
0.199520,0.223989,2.007159
-0.435746,0.179544,2.007159
0.326777,0.295581,1.483732
-0.393473,0.211393,1.438831
0.370413,0.333099,1.782391
-0.163091,0.073877,1.940418
-0.149198,0.012191,1.887555
-0.227565,-0.058434,1.831615
-0.073326,-0.072362,1.908920
-0.228513,-0.455896,1.809349
-0.068750,-0.445346,1.865314
-0.201661,-0.800318,1.778586
-0.099441,-0.794155,1.871856
-0.175782,-0.829156,1.696539
-0.074947,-0.838752,1.791227
-0.120535,0.628132,2.005938
-0.151944,0.436100,1.956647
-0.306243,0.339535,1.872789
0.001481,0.288760,1.964768
-0.417739,0.181373,1.818498
0.165741,0.190213,1.983357
-0.406506,0.110790,1.983357
0.285746,0.222733,1.556550
-0.396696,0.079962,1.426936
0.324875,0.243324,1.719665
-0.173761,0.072802,1.928375
-0.161248,0.011062,1.875016
-0.239161,-0.057385,1.822346
-0.086652,-0.073585,1.893753
-0.231667,-0.458421,1.804834
-0.072428,-0.444504,1.846122
-0.203192,-0.798397,1.778545
-0.096779,-0.792881,1.854036
-0.178513,-0.827173,1.696098
-0.073279,-0.838517,1.773175
-0.124593,0.628006,1.990878
-0.161814,0.436918,1.942751
-0.311034,0.333767,1.859030
-0.008393,0.289360,1.948380
-0.427094,0.136818,1.794316
0.136486,0.173151,1.970240
-0.410843,0.031440,1.970240
0.236368,0.155849,1.545499
-0.392801,-0.019376,1.456371
0.274855,0.152827,1.646760
-0.180649,0.068643,1.918360
-0.168002,0.005525,1.865149
-0.244321,-0.060425,1.816296
-0.092591,-0.076638,1.884302
-0.235988,-0.461886,1.799563
-0.079861,-0.453344,1.820505
-0.209120,-0.801548,1.776464
-0.102585,-0.803390,1.789337
-0.185061,-0.830522,1.693883
-0.079197,-0.842711,1.706570
-0.126636,0.628870,1.983231
-0.169471,0.439342,1.928660
-0.313333,0.338105,1.850793
-0.017231,0.294240,1.936916
-0.423910,0.107139,1.786648
0.115513,0.160513,1.946134
-0.412717,-0.032173,1.946134
0.210888,0.087930,1.555845
-0.395903,-0.129542,1.490731
0.223002,0.070213,1.619661
-0.188951,0.066800,1.905105
-0.176453,0.002592,1.851972
-0.249979,-0.061198,1.810535
-0.104815,-0.075231,1.862930
-0.241245,-0.465157,1.794876
-0.087372,-0.455752,1.798779
-0.209343,-0.801816,1.777946
-0.102458,-0.806384,1.770127
-0.185610,-0.830906,1.695265
-0.078999,-0.841834,1.687378
-0.130456,0.629261,1.973342
-0.178496,0.441560,1.912864
-0.317604,0.340890,1.840443
-0.030218,0.302138,1.917319
-0.411939,0.101953,1.779969
0.094606,0.159297,1.919984
-0.422614,-0.089278,1.919984
0.174929,0.052737,1.592442
-0.403097,-0.186118,1.533709
0.178735,-0.005533,1.610924
-0.196285,0.063022,1.891573
-0.184727,-0.002659,1.838191
-0.257508,-0.065511,1.800714
-0.112365,-0.076404,1.849923
-0.245736,-0.466371,1.791229
-0.093297,-0.448097,1.779030
-0.218303,-0.806396,1.777060
-0.110780,-0.796144,1.711583
-0.196477,-0.835556,1.693851
-0.089661,-0.839399,1.626649
-0.141779,0.629749,1.945773
-0.187264,0.440430,1.895398
-0.322773,0.339141,1.825434
-0.039910,0.305807,1.897551
-0.429610,0.109488,1.801219
0.070616,0.150850,1.896193
-0.425861,-0.110183,1.896193
0.137551,0.008504,1.650810
-0.407977,-0.229010,1.579733
0.138560,-0.068249,1.600944
-0.202692,0.060127,1.879780
-0.191356,-0.006440,1.827117
-0.262890,-0.068473,1.794815
-0.120296,-0.076666,1.834726
-0.252325,-0.467274,1.787767
-0.098809,-0.445280,1.761127
-0.216545,-0.808090,1.781635
-0.115787,-0.784499,1.647090
-0.195972,-0.837547,1.698194
-0.095998,-0.829623,1.559532
-0.143062,0.629587,1.944035
-0.190506,0.441926,1.881595
-0.330013,0.340646,1.814323
-0.047877,0.310746,1.878477
-0.407108,0.093228,1.783134
0.106099,0.131111,1.865937
-0.422838,-0.147506,1.865937
0.115819,-0.037931,1.675590
-0.408817,-0.230969,1.635664
0.101759,-0.111525,1.604237
-0.207560,0.060184,1.868839
-0.197975,-0.007083,1.816208
-0.271386,-0.069238,1.786241
-0.126343,-0.076079,1.822700
-0.265771,-0.468374,1.785308
-0.105569,-0.440940,1.743811
-0.206603,-0.804842,1.783700
-0.113345,-0.780219,1.628416
-0.188277,-0.834435,1.699765
-0.095445,-0.828367,1.539532
-0.146008,0.631301,1.915350
-0.198278,0.444048,1.860424
-0.338637,0.335480,1.796175
-0.053944,0.313026,1.858973
-0.410602,0.086651,1.779273
0.044198,0.092043,1.833198
-0.427127,-0.160912,1.833198
0.085829,-0.081876,1.691765
-0.419972,-0.273444,1.663922
0.071932,-0.159704,1.597286
-0.213630,0.056630,1.856021
-0.204422,-0.012724,1.804239
-0.278585,-0.074396,1.780442
-0.131350,-0.080394,1.806715
-0.286249,-0.445392,1.776804
-0.117769,-0.444418,1.722746
-0.202905,-0.784694,1.788536
-0.101430,-0.777345,1.586909
-0.179546,-0.830355,1.706955
-0.083111,-0.825040,1.495733
-0.150501,0.631877,1.906358
-0.202511,0.445344,1.844453
-0.344114,0.334256,1.782152
-0.067687,0.325310,1.832285
-0.411192,0.084809,1.776563
0.031793,0.086263,1.814885
-0.431477,-0.168775,1.814885
0.071675,-0.109254,1.715088
-0.429404,-0.281239,1.688432
0.054013,-0.191059,1.601159
-0.214744,0.055805,1.845905
-0.207188,-0.014590,1.794879
-0.281305,-0.075331,1.774664
-0.133597,-0.081078,1.797303
-0.297762,-0.445758,1.774053
-0.120338,-0.441922,1.699476
-0.213409,-0.784326,1.783644
-0.152305,-0.761464,1.533840
-0.187961,-0.827810,1.702457
-0.141300,-0.807254,1.440700
-0.164311,0.622716,1.849745
-0.221191,0.437826,1.786670
-0.361289,0.329497,1.731161
-0.080623,0.333730,1.782500
-0.426355,0.086528,1.767007
-0.012724,0.084161,1.749597
-0.452908,-0.170305,1.749597
0.027882,-0.157874,1.737269
-0.459078,-0.296139,1.730057
0.031887,-0.238900,1.607098
-0.227471,0.063699,1.804450
-0.219228,-0.006592,1.758306
-0.290289,-0.067671,1.744616
-0.147540,-0.073561,1.759053
-0.313142,-0.436618,1.757400
-0.153462,-0.434943,1.664743
-0.237135,-0.775846,1.768763
-0.153104,-0.729866,1.452244
-0.216464,-0.822730,1.686841
-0.139564,-0.767721,1.355787
-0.234042,0.632351,1.784317
-0.226341,0.438393,1.766284
-0.369612,0.328399,1.715881
-0.084436,0.328589,1.758914
-0.431297,0.086967,1.760266
-0.017949,0.078637,1.732983
-0.464056,-0.169306,1.732983
0.022754,-0.167532,1.735362
-0.468436,-0.297056,1.728388
0.028298,-0.254480,1.610014
-0.229048,0.066650,1.786482
-0.221791,-0.003370,1.741381
-0.292982,-0.065874,1.727129
-0.149248,-0.070676,1.744671
-0.316683,-0.434082,1.745722
-0.131657,-0.422952,1.619239
-0.253166,-0.775068,1.764274
-0.220364,-0.743756,1.487502
-0.236102,-0.823169,1.682507
-0.217893,-0.789006,1.398569
-0.238912,0.632643,1.775474
-0.230752,0.437946,1.747314
-0.377453,0.329888,1.697870
-0.088129,0.327160,1.740196
-0.440221,0.085837,1.730793
-0.022622,0.077049,1.715331
-0.476204,-0.170089,1.715331
0.018718,-0.171804,1.725398
-0.483016,-0.263738,1.715832
0.025647,-0.261818,1.611267
-0.232097,0.067035,1.768310
-0.224867,-0.003003,1.724431
-0.296869,-0.066491,1.711672
-0.151098,-0.070277,1.726345
-0.320836,-0.434532,1.731034
-0.154248,-0.465696,1.579871
-0.265846,-0.776456,1.754032
-0.183539,-0.778275,1.483651
-0.249009,-0.825008,1.672948
-0.172739,-0.810359,1.399463
