0.189634,0.622173,2.040293
0.241812,0.456048,2.043970
0.068106,0.329771,2.112512
0.362979,0.318274,1.982722
0.047529,0.067870,2.131271
0.446959,0.069705,1.953343
0.018257,-0.157355,1.953343
0.480837,-0.140799,2.071553
0.017766,-0.227132,2.056260
0.490788,-0.197028,1.854920
0.244126,0.100499,2.062717
0.226407,0.035136,2.022979
0.159439,-0.035781,2.035330
0.291043,-0.024683,1.994806
0.150525,-0.469117,2.069482
0.349042,-0.389356,1.825022
0.166063,-0.807605,2.134837
0.430941,-0.789124,1.769540
0.153259,-0.851882,2.073842
0.426930,-0.841819,1.722779
0.196760,0.621186,2.019931
0.251661,0.455707,2.021897
0.078892,0.329882,2.097859
0.369802,0.317582,1.960100
0.065103,0.067377,2.123112
0.460184,0.070536,1.931506
0.038817,-0.158341,1.931506
0.500395,-0.138661,2.071813
0.040323,-0.228440,2.059544
0.511959,-0.194639,1.837983
0.255620,0.100749,2.046643
0.237010,0.034788,2.009048
0.172175,-0.036179,2.024494
0.300824,-0.024518,1.979871
0.164735,-0.468139,2.056041
0.359796,-0.388259,1.816548
0.184626,-0.805415,2.129169
0.440835,-0.789478,1.755546
0.165349,-0.849951,2.068842
0.434895,-0.842687,1.707924
0.203149,0.619103,1.999726
0.260625,0.454211,2.000388
0.089368,0.328747,2.083936
0.375936,0.316386,1.938956
0.083178,0.066430,2.116248
0.472349,0.070907,1.912060
0.062139,-0.159828,1.912060
0.520131,-0.137046,2.074718
0.065053,-0.231882,2.065329
0.534562,-0.192810,1.824526
0.266747,0.100523,2.032090
0.247974,0.033840,1.996877
0.185810,-0.037148,2.015735
0.311157,-0.024940,1.966970
0.180606,-0.467939,2.044719
0.370076,-0.388461,1.811664
0.206736,-0.803888,2.124704
0.450128,-0.790366,1.743823
0.193753,-0.849841,2.069808
0.442255,-0.844148,1.695366
0.208844,0.616384,1.980693
0.268579,0.452165,1.980571
0.099191,0.327298,2.071095
0.381425,0.315029,1.919777
0.100419,0.065333,2.110488
0.483513,0.071008,1.894773
0.086767,-0.161393,1.894773
0.539787,-0.135919,2.079027
0.089158,-0.234066,2.071794
0.556788,-0.191489,1.813739
0.277195,0.099968,2.019118
0.258860,0.032475,1.986489
0.199599,-0.038485,2.008933
0.321582,-0.025795,1.956119
0.196075,-0.467960,2.035103
0.379672,-0.389727,1.809938
0.228062,-0.802613,2.120843
0.458812,-0.791658,1.734296
0.212199,-0.849561,2.069526
0.448996,-0.846016,1.684973
0.213765,0.612857,1.962678
0.275588,0.449128,1.961867
0.108229,0.325690,2.059381
0.386326,0.313287,1.902238
0.116714,0.064072,2.105727
0.493744,0.070946,1.879439
0.110291,-0.163010,1.879439
0.559178,-0.135259,2.084406
0.112824,-0.236055,2.079151
0.579089,-0.190984,1.805858
0.286983,0.099058,2.007648
0.269634,0.030609,1.977956
0.213333,-0.040214,2.004069
0.332126,-0.027200,1.947590
0.211226,-0.468293,2.027245
0.388457,-0.391992,1.810935
0.248433,-0.801564,2.117563
0.466930,-0.793358,1.726915
0.230380,-0.849501,2.069717
0.455174,-0.848348,1.676801
0.217964,0.608250,1.945445
0.281721,0.445176,1.944344
0.116500,0.323843,2.048680
0.390658,0.311097,1.886248
0.132286,0.062403,2.102006
0.503203,0.070701,1.865923
0.132503,-0.165064,1.865923
0.578488,-0.135486,2.090343
0.135956,-0.238287,2.087458
0.601402,-0.191468,1.800875
0.296193,0.097791,1.997603
0.280302,0.028241,1.971301
0.226898,-0.042282,2.001048
0.342800,-0.029137,1.941521
0.225795,-0.468792,2.020915
0.396299,-0.395158,1.814818
0.267776,-0.800728,2.114877
0.474449,-0.795285,1.721249
0.248196,-0.849636,2.070363
0.460784,-0.850944,1.670420
0.220964,0.599757,1.927619
0.286675,0.437203,1.926871
0.124390,0.320254,2.038481
0.394519,0.306850,1.871418
0.147241,0.060122,2.099411
0.512205,0.070047,1.854333
0.154004,-0.167733,1.854333
0.599528,-0.138227,2.097414
0.160009,-0.242526,2.098595
0.625614,-0.194169,1.799781
0.305331,0.094745,1.990212
0.291549,0.023597,1.969069
0.240951,-0.045957,2.002499
0.354379,-0.033425,1.941734
0.239980,-0.469894,2.016163
0.402972,-0.399881,1.821309
0.285935,-0.799994,2.112705
0.481560,-0.797783,1.717455
0.263407,-0.849865,2.069800
0.466173,-0.854307,1.666235
0.223249,0.590404,1.911093
0.290765,0.428167,1.910892
0.131710,0.315654,2.029232
0.397852,0.301897,1.858107
0.162616,0.055651,2.098233
0.521618,0.067365,1.845790
0.175245,-0.172612,1.845790
0.619544,-0.141530,2.106364
0.179188,-0.246765,2.107127
0.649265,-0.198039,1.801162
0.314024,0.091042,1.984496
0.302470,0.018298,1.968862
0.254537,-0.050158,2.005796
0.365672,-0.038339,1.944438
0.253346,-0.471550,2.012866
0.408481,-0.405293,1.829805
0.301914,-0.801766,2.111510
0.488094,-0.800448,1.715104
0.277287,-0.852403,2.070039
0.471060,-0.857851,1.663547
0.224798,0.579488,1.895675
0.294132,0.417180,1.896220
0.138578,0.309686,2.020866
0.400788,0.295703,1.846384
0.177387,0.050265,2.098258
0.531214,0.063250,1.839825
0.197046,-0.179097,1.839825
0.639841,-0.146558,2.117121
0.201757,-0.254857,2.122371
0.673586,-0.204194,1.805901
0.322510,0.085934,1.981012
0.313345,0.011544,1.971481
0.267698,-0.055306,2.011159
0.377072,-0.044796,1.951208
0.265755,-0.473461,2.010691
0.412796,-0.411518,1.839830
0.317177,-0.804284,2.110329
0.494168,-0.803448,1.714356
0.290700,-0.855773,2.070114
0.475613,-0.861759,1.662604
0.225190,0.561810,1.880767
0.296729,0.400456,1.883103
0.144921,0.300928,2.013514
0.403345,0.285713,1.837006
0.191925,0.043322,2.099996
0.540938,0.057454,1.836763
0.217666,-0.186149,1.836763
0.660089,-0.153137,2.128372
0.223459,-0.263349,2.139268
0.697062,-0.211443,1.813411
0.331272,0.077775,1.981166
0.324739,0.001944,1.978484
0.281439,-0.063307,2.021397
0.389119,-0.053870,1.963061
0.277465,-0.477338,2.010159
0.415752,-0.419171,1.851863
0.332099,-0.807925,2.109787
0.500175,-0.806643,1.714678
0.304081,-0.860488,2.070697
0.480233,-0.865868,1.662897
0.225006,0.543369,1.867498
0.298639,0.382798,1.871707
0.150868,0.289388,2.007643
0.405494,0.274727,1.829410
0.205536,0.035782,2.102578
0.550725,0.050192,1.836523
0.237000,-0.193404,1.836523
0.679677,-0.160892,2.139976
0.240680,-0.269472,2.151400
0.720448,-0.220531,1.824204
0.339717,0.068274,1.983524
0.335868,-0.008813,1.987747
0.294463,-0.071899,2.033028
0.400915,-0.063927,1.977336
0.288226,-0.481414,2.010467
0.417823,-0.427205,1.864554
0.346094,-0.811903,2.109569
0.505897,-0.810010,1.716263
0.316781,-0.865604,2.071442
0.484666,-0.870142,1.664526
0.223514,0.519319,1.855851
0.300032,0.360646,1.862377
0.156226,0.275483,2.003124
0.407370,0.260190,1.824653
0.217071,0.029085,2.105012
0.561598,0.039339,1.841021
0.254691,-0.199385,1.841021
0.700402,-0.172042,2.151198
0.256434,-0.274774,2.163006
0.743854,-0.231373,1.840379
0.348207,0.056636,1.988502
0.347009,-0.021159,1.999390
0.307362,-0.081895,2.046726
0.412764,-0.075389,1.994110
0.298083,-0.485450,2.011528
0.419230,-0.436005,1.878180
0.359384,-0.816304,2.110002
0.512068,-0.813737,1.719885
0.329014,-0.871259,2.072762
0.489602,-0.874778,1.668378
0.221692,0.495465,1.845921
0.301004,0.338647,1.854806
0.161250,0.258482,2.000546
0.408930,0.244941,1.821624
0.226918,0.023930,2.106131
0.571966,0.027918,1.847331
0.270748,-0.204897,1.847331
0.719578,-0.183372,2.161973
0.270792,-0.279702,2.174109
0.765305,-0.242164,1.856994
0.356314,0.044074,1.995113
0.357665,-0.034086,2.012195
0.319573,-0.092457,2.061154
0.423980,-0.087092,2.011627
0.307049,-0.489665,2.013192
0.420062,-0.445674,1.892709
0.371902,-0.820924,2.110783
0.518950,-0.817476,1.725669
0.340728,-0.877122,2.074356
0.495368,-0.879438,1.674420
0.219292,0.470114,1.837955
0.301589,0.314734,1.849253
0.165894,0.239590,1.999406
0.410205,0.227644,1.820821
0.235920,0.018540,2.107718
0.580840,0.016865,1.854389
0.285770,-0.210662,1.854389
0.737197,-0.194865,2.172484
0.284118,-0.284680,2.184825
0.784885,-0.252896,1.874374
0.364524,0.029943,2.003636
0.368412,-0.048150,2.026452
0.331806,-0.104149,2.076644
0.435142,-0.099426,2.030149
0.316772,-0.499956,2.017319
0.420642,-0.455757,1.907517
0.383910,-0.826928,2.112127
0.527374,-0.821172,1.735320
0.352081,-0.884551,2.076361
0.502804,-0.884127,1.684529
0.216720,0.444999,1.831561
0.301953,0.291287,1.845227
0.170058,0.220228,1.999293
0.411189,0.210076,1.821352
0.248258,0.005017,2.114832
0.589432,0.003189,1.865026
0.301399,-0.221812,1.865026
0.753113,-0.205991,2.185875
0.297277,-0.292581,2.197089
0.802368,-0.263040,1.890980
0.372374,0.015691,2.012685
0.378593,-0.061968,2.040462
0.343399,-0.115822,2.091823
0.445713,-0.111446,2.047744
0.325585,-0.510374,2.021794
0.421067,-0.465802,1.922041
0.395124,-0.833144,2.113793
0.535928,-0.824848,1.745829
0.362757,-0.892161,2.078578
0.510487,-0.888764,1.695544
0.214086,0.420888,1.826515
0.301984,0.268136,1.842629
0.173824,0.200475,2.000137
0.411972,0.192418,1.823098
0.260070,-0.009280,2.122728
0.595839,-0.007227,1.872846
0.314238,-0.229911,1.872846
0.767685,-0.216788,2.196036
0.309358,-0.300775,2.209092
0.818502,-0.272373,1.906776
0.379861,0.001504,2.022028
0.388261,-0.075422,2.054061
0.354409,-0.127318,2.106548
0.455752,-0.123045,2.064307
0.333505,-0.520668,2.026405
0.421262,-0.475408,1.935839
0.405517,-0.839429,2.115713
0.544360,-0.828308,1.756826
0.372736,-0.899811,2.080961
0.518189,-0.893157,1.707104
0.211446,0.396758,1.823001
0.301983,0.244798,1.841401
0.177529,0.179777,2.001897
0.412539,0.173940,1.826082
0.271724,-0.024756,2.131395
0.603599,-0.020192,1.883536
0.326434,-0.238287,1.883536
0.781236,-0.226916,2.206200
0.320960,-0.309435,2.221269
0.834137,-0.281049,1.921811
0.387666,-0.013428,2.031857
0.398176,-0.089328,2.067538
0.365705,-0.139396,2.120880
0.465631,-0.134529,2.080025
0.340536,-0.530646,2.030912
0.421297,-0.484791,1.948708
0.415319,-0.845860,2.117953
0.552634,-0.831590,1.768112
0.382226,-0.907575,2.083592
0.525843,-0.897342,1.719017
0.208885,0.373510,1.820590
0.301954,0.222377,1.841140
0.180990,0.159506,2.004184
0.413079,0.155377,1.829954
0.282640,-0.040188,2.140227
0.609140,-0.029729,1.890857
0.337669,-0.246589,1.890857
0.793508,-0.236074,2.215873
0.331700,-0.318143,2.232976
0.848089,-0.288899,1.935598
0.395068,-0.027879,2.041496
0.407456,-0.102554,2.080233
0.376193,-0.150878,2.134229
0.474905,-0.145462,2.094631
0.346772,-0.540277,2.035311
0.421182,-0.493683,1.960562
0.424322,-0.852176,2.120246
0.560584,-0.834648,1.779450
0.390986,-0.915164,2.086213
0.533259,-0.901259,1.731023
0.206463,0.350457,1.819472
0.302061,0.200112,1.841923
0.184854,0.138562,2.007186
0.413815,0.136588,1.834698
0.293691,-0.056404,2.149604
0.615873,-0.041260,1.900314
0.348950,-0.254922,1.900314
0.804793,-0.244344,2.226114
0.342694,-0.326984,2.245442
0.860588,-0.295921,1.948080
0.402497,-0.042774,2.051519
0.416630,-0.116039,2.092851
0.386401,-0.162532,2.147087
0.483897,-0.156430,2.108811
0.352239,-0.549452,2.039506
0.420932,-0.502191,1.971400
0.432652,-0.858420,2.122633
0.568228,-0.837471,1.790766
0.399165,-0.922636,2.088873
0.540487,-0.904906,1.743041
0.204302,0.328945,1.819107
0.302265,0.179198,1.843364
0.188642,0.118574,2.010392
0.414627,0.118568,1.839789
0.304165,-0.071846,2.158721
0.622048,-0.051757,1.908990
0.359330,-0.263019,1.908990
0.814908,-0.251675,2.235809
0.352851,-0.335642,2.257303
0.871715,-0.302209,1.959332
0.409886,-0.057296,2.061074
0.425650,-0.129120,2.104512
0.396660,-0.174447,2.158923
0.492599,-0.166804,2.121681
0.357013,-0.558110,2.043477
0.420600,-0.510161,1.981267
0.440428,-0.864535,2.125195
0.575411,-0.840026,1.801746
0.406842,-0.929881,2.091628
0.547312,-0.908214,1.754683
0.202433,0.308962,1.819376
0.302588,0.159730,1.845293
0.192572,0.099235,2.013856
0.415542,0.101228,1.845083
0.314370,-0.086816,2.167626
0.627626,-0.061297,1.917077
0.369260,-0.270936,1.917077
0.823990,-0.258136,2.245190
0.362655,-0.344151,2.268802
0.881618,-0.307821,1.969421
0.417099,-0.071171,2.070161
0.434331,-0.141547,2.115327
0.406415,-0.185803,2.169747
0.500841,-0.176511,2.133440
0.361258,-0.565435,2.046936
0.420216,-0.517507,1.990202
0.447467,-0.870144,2.127568
0.582088,-0.842316,1.812296
0.413809,-0.936520,2.094154
0.553682,-0.911197,1.765878
0.200918,0.290397,1.820242
0.303071,0.141601,1.847646
0.196713,0.080607,2.017568
0.416499,0.084983,1.850365
0.325330,-0.102239,2.175122
0.632791,-0.069961,1.924544
0.379654,-0.279156,1.924544
0.832137,-0.263852,2.253458
0.373037,-0.352957,2.278997
0.890435,-0.312837,1.978511
0.424345,-0.084856,2.079147
0.442963,-0.153865,2.125759
0.415978,-0.197166,2.179729
0.508958,-0.186021,2.144804
0.365445,-0.576939,2.052012
0.419833,-0.524429,1.998276
0.452613,-0.873124,2.128675
0.588257,-0.844501,1.822354
0.419256,-0.940825,2.095564
0.559596,-0.914021,1.776555
0.199802,0.273101,1.821700
0.303761,0.124797,1.850322
0.200737,0.063335,2.021270
0.417630,0.069748,1.855633
0.335242,-0.116039,2.182639
0.638552,-0.079116,1.932947
0.389286,-0.286790,1.932947
0.839573,-0.269043,2.261406
0.382704,-0.361168,2.288793
0.898401,-0.317428,1.986783
0.431334,-0.097583,2.087589
0.451183,-0.165261,2.135367
0.425207,-0.207634,2.188773
0.516653,-0.194917,2.155306
0.368463,-0.583305,2.054731
0.419448,-0.530825,2.005561
0.457907,-0.876744,2.130136
0.593925,-0.846516,1.831897
0.424523,-0.945297,2.097185
0.565057,-0.916628,1.786704
0.199542,0.256611,1.824152
0.304988,0.109001,1.853573
0.205136,0.046920,2.025253
0.419153,0.055282,1.861088
0.344828,-0.128630,2.190515
0.644408,-0.087907,1.941368
0.398774,-0.293745,1.941368
0.846416,-0.273791,2.269822
0.392312,-0.368668,2.299074
0.905628,-0.321663,1.994308
0.438788,-0.110012,2.095798
0.459765,-0.176419,2.144449
0.434830,-0.217933,2.197070
0.524505,-0.203706,2.165158
0.370950,-0.588983,2.057206
0.419098,-0.536782,2.012116
0.462675,-0.879991,2.131423
0.599145,-0.848389,1.840879
0.429262,-0.949306,2.098612
0.570096,-0.919041,1.796260
0.200189,0.241314,1.827637
0.306886,0.094171,1.857484
0.209985,0.031502,2.029615
0.421985,0.040799,1.867582
0.353143,-0.139156,2.196992
0.651752,-0.096119,1.950581
0.408271,-0.300477,1.950581
0.852814,-0.278345,2.278021
0.401984,-0.375926,2.309042
0.912233,-0.325765,2.001189
0.446343,-0.121853,2.103814
0.468267,-0.187023,2.153062
0.444276,-0.227722,2.204890
0.532397,-0.212294,2.174444
0.373061,-0.593994,2.059425
0.418770,-0.542280,2.018011
0.466962,-0.882937,2.132592
0.603904,-0.850095,1.849240
0.433534,-0.952931,2.099892
0.574705,-0.921231,1.805140
0.202276,0.226982,1.832553
0.309879,0.080154,1.862533
0.215894,0.016618,2.034751
0.425620,0.027055,1.874575
0.362888,-0.150824,2.205104
0.659817,-0.103142,1.959835
0.417738,-0.307425,1.959835
0.858566,-0.282466,2.286274
0.411658,-0.383401,2.318985
0.918110,-0.329517,2.007385
0.454750,-0.133560,2.111720
0.477532,-0.197600,2.161233
0.454558,-0.237686,2.212180
0.540941,-0.220991,2.183033
0.374771,-0.598376,2.061434
0.418468,-0.547315,2.023298
0.470824,-0.885602,2.133642
0.608218,-0.851540,1.856683
0.437395,-0.956205,2.101035
0.578863,-0.923094,1.813026
0.205030,0.213861,1.838147
0.313469,0.067279,1.868128
0.221984,0.002878,2.040068
0.429963,0.014054,1.881929
0.372163,-0.161771,2.212965
0.667766,-0.109255,1.968765
0.426755,-0.314159,1.968765
0.863763,-0.286151,2.294204
0.420888,-0.390633,2.328485
0.923339,-0.332917,2.012990
0.463022,-0.144520,2.119225
0.486485,-0.207500,2.168789
0.464455,-0.247062,2.218931
0.549256,-0.229286,2.190842
0.376115,-0.602171,2.063233
0.418207,-0.551922,2.028023
0.474294,-0.888026,2.134596
0.612148,-0.852859,1.863562
0.440879,-0.959181,2.102063
0.582653,-0.924782,1.820291
0.208706,0.201674,1.844657
0.317769,0.055383,1.874364
0.228241,-0.009745,2.045558
0.434979,0.001929,1.889597
0.379771,-0.170888,2.219342
0.676859,-0.115069,1.978313
0.435318,-0.320616,1.978313
0.868557,-0.289675,2.301872
0.429662,-0.397551,2.337604
0.927460,-0.335605,2.018083
0.471037,-0.154706,2.126310
0.495007,-0.216679,2.175736
0.473874,-0.255828,2.225220
0.557240,-0.237131,2.197898
0.377231,-0.605462,2.064825
0.417991,-0.556134,2.032233
0.477382,-0.890240,2.135480
0.615734,-0.854061,1.869914
0.444005,-0.961894,2.102992
0.586117,-0.926307,1.826973
0.214888,0.190373,1.853468
0.323739,0.044378,1.882131
0.235772,-0.021768,2.051886
0.441011,-0.009544,1.897861
0.387247,-0.179455,2.225880
0.685310,-0.116700,1.988746
0.443802,-0.326981,1.988746
0.872581,-0.292285,2.309958
0.438366,-0.404344,2.347059
0.930822,-0.337905,2.022659
0.479464,-0.164587,2.133514
0.503678,-0.225598,2.182514
0.483200,-0.264284,2.231382
0.565380,-0.244994,2.204494
0.378627,-0.609074,2.066401
0.417802,-0.559985,2.035986
0.480032,-0.893046,2.136678
0.618995,-0.855106,1.875728
0.446722,-0.965053,2.104093
0.589251,-0.927630,1.833063
0.222217,0.180367,1.863124
0.330289,0.034439,1.890327
0.243371,-0.032652,2.058267
0.447790,-0.020184,1.906436
0.394301,-0.187284,2.232131
0.695293,-0.119722,1.999985
0.451904,-0.332968,1.999985
0.876428,-0.294980,2.317768
0.446678,-0.410713,2.356114
0.933890,-0.340317,2.026680
0.487696,-0.173781,2.140415
0.512022,-0.233915,2.188853
0.492142,-0.272224,2.237240
0.573327,-0.252548,2.210535
0.379868,-0.612374,2.067833
0.417641,-0.563517,2.039306
0.482403,-0.895636,2.137867
0.621960,-0.856025,1.881075
0.449181,-0.967927,2.105143
0.592108,-0.928793,1.838644
0.232326,0.171564,1.875130
0.338868,0.025259,1.900310
0.252766,-0.043016,2.065744
0.458458,-0.030516,1.917774
0.401797,-0.194728,2.238615
0.706873,-0.123083,2.012296
0.460692,-0.339015,2.012296
0.879969,-0.297635,2.325881
0.455686,-0.417104,2.365369
0.935899,-0.341968,2.030267
0.496100,-0.182658,2.147441
0.520326,-0.241948,2.195036
0.500809,-0.279967,2.243022
0.581592,-0.260297,2.216359
0.380973,-0.615381,2.069131
0.417552,-0.566752,2.042171
0.484471,-0.898089,2.139026
0.624623,-0.856885,1.886023
0.451399,-0.970562,2.106082
0.594700,-0.929856,1.843729
0.243055,0.163980,1.887561
0.348237,0.017165,1.910870
0.262383,-0.052299,2.073327
0.469002,-0.039718,1.928707
0.409086,-0.201548,2.244901
0.717963,-0.125679,2.024031
0.469304,-0.344740,2.024031
0.883149,-0.299989,2.333747
0.464502,-0.423131,2.374256
0.937280,-0.343279,2.033405
0.504262,-0.190850,2.154167
0.528218,-0.249363,2.200799
0.509021,-0.287181,2.248553
0.589460,-0.267601,2.221617
0.381987,-0.618014,2.070297
0.417501,-0.569721,2.044642
0.486263,-0.900265,2.140058
0.626990,-0.857688,1.890559
0.453351,-0.972893,2.106901
0.597005,-0.930832,1.848363
0.257757,0.158033,1.903334
0.360356,0.010258,1.923768
0.274079,-0.060703,2.082400
0.481738,-0.048388,1.941207
0.417092,-0.207920,2.251695
0.730299,-0.127857,2.036348
0.478429,-0.352240,2.036348
0.885980,-0.302335,2.343587
0.472158,-0.429221,2.382747
0.938947,-0.345573,2.035880
0.512605,-0.198704,2.161019
0.535982,-0.256470,2.206418
0.516832,-0.294079,2.253937
0.597331,-0.274946,2.226592
0.382909,-0.620366,2.071352
0.417509,-0.572441,2.046733
0.487793,-0.902244,2.141013
0.629084,-0.858444,1.894711
0.455045,-0.974987,2.107624
0.599043,-0.931719,1.852567
0.272767,0.153438,1.919113
0.372575,0.004487,1.936645
0.286158,-0.068138,2.091896
0.494428,-0.056041,1.953374
0.425081,-0.213743,2.258620
0.742215,-0.129219,2.048238
0.485632,-0.358056,2.048238
0.888810,-0.304372,2.351330
0.479283,-0.435029,2.390978
0.940096,-0.347482,2.038224
0.520837,-0.206086,2.167986
0.543512,-0.263246,2.212064
0.524238,-0.300713,2.259415
0.604941,-0.282112,2.231457
0.383720,-0.622455,2.072312
0.417563,-0.574918,2.048472
0.489096,-0.904050,2.141876
0.630921,-0.859146,1.898511
0.456502,-0.976895,2.108263
0.600835,-0.932527,1.856409
0.291757,0.150872,1.938270
0.388190,0.000456,1.952874
0.300885,-0.074538,2.103238
0.508797,-0.062488,1.966558
0.434198,-0.219008,2.266529
0.755765,-0.129906,2.061296
0.492996,-0.363683,2.061296
0.891235,-0.306192,2.359535
0.486615,-0.440657,2.399645
0.940282,-0.348289,2.040251
0.529348,-0.213182,2.175427
0.550994,-0.269749,2.217867
0.531330,-0.307069,2.264936
0.612402,-0.289127,2.236303
0.384442,-0.624229,2.073185
0.417678,-0.577154,2.049899
0.490186,-0.905685,2.142644
0.632499,-0.859806,1.901993
0.457690,-0.978594,2.108784
0.602358,-0.933243,1.859909
0.310309,0.149360,1.956882
0.403646,-0.002524,1.968760
0.315518,-0.079754,2.114538
0.523382,-0.068091,1.979693
0.443315,-0.223628,2.274434
0.771307,-0.130842,2.075923
0.500095,-0.368886,2.075923
0.893359,-0.307846,2.367529
0.493707,-0.445862,2.408061
0.940097,-0.348833,2.041995
0.537381,-0.219849,2.182341
0.558025,-0.275979,2.223184
0.537816,-0.313341,2.269864
0.619546,-0.296102,2.240672
0.385081,-0.625757,2.073975
0.417813,-0.579083,2.051131
0.491161,-0.907156,2.143385
0.633868,-0.860366,1.905213
0.458753,-0.980101,2.109270
0.603658,-0.933820,1.863125
0.329501,0.149233,1.975864
0.419185,-0.004458,1.984564
0.330535,-0.083758,2.126255
0.538053,-0.072833,1.992681
0.452687,-0.227640,2.282564
0.785624,-0.131257,2.088828
0.507087,-0.373733,2.088828
0.895257,-0.309320,2.375461
0.500718,-0.450714,2.416378
0.939556,-0.349138,2.043468
0.545018,-0.226066,2.188806
0.564650,-0.281819,2.228105
0.543805,-0.319229,2.274405
0.626341,-0.302813,2.244627
0.385690,-0.627215,2.074690
0.417976,-0.580772,2.052122
0.491951,-0.908530,2.144101
0.635033,-0.860855,1.908175
0.459604,-0.981467,2.109709
0.604715,-0.934277,1.866070
0.348405,0.150022,1.994325
0.435517,-0.005276,2.001215
0.345818,-0.086760,2.138296
0.552771,-0.076705,2.005506
0.462330,-0.231065,2.291015
0.800971,-0.131789,2.102327
0.514075,-0.378223,2.102327
0.896997,-0.310840,2.383533
0.507748,-0.455209,2.424797
0.938669,-0.350229,2.044464
0.552849,-0.231854,2.195292
0.571309,-0.287293,2.232936
0.549736,-0.324811,2.278940
0.633123,-0.309242,2.248321
0.386242,-0.628554,2.075346
0.418156,-0.582221,2.052917
0.492519,-0.909914,2.144776
0.635944,-0.861272,1.910874
0.460216,-0.982784,2.110070
0.605456,-0.934592,1.868721
0.367797,0.151917,2.012887
0.452192,-0.005053,2.017949
0.361475,-0.088611,2.150825
0.567762,-0.079703,2.018289
0.472429,-0.233665,2.300090
0.816533,-0.131955,2.115911
0.521143,-0.382164,2.115911
0.898476,-0.312105,2.392009
0.514878,-0.459154,2.433584
0.937439,-0.350975,2.045168
0.560055,-0.237187,2.201231
0.577331,-0.292398,2.237278
0.554876,-0.330120,2.282880
0.639302,-0.315444,2.251560
0.386742,-0.629757,2.075948
0.418344,-0.583433,2.053551
0.492992,-0.911195,2.145491
0.636755,-0.861565,1.913359
0.460722,-0.983950,2.110450
0.606034,-0.934684,1.871139
0.389255,0.155075,2.032846
0.471832,-0.003291,2.036953
0.379095,-0.088749,2.165157
0.584594,-0.081578,2.032138
0.483613,-0.235373,2.310466
0.830738,-0.132098,2.127624
0.525061,-0.384730,2.127624
0.899851,-0.313335,2.399256
0.518857,-0.461732,2.441050
0.936039,-0.351875,2.045723
0.567371,-0.242073,2.207252
0.583218,-0.297088,2.241538
0.559806,-0.334975,2.286828
0.645223,-0.321282,2.254586
0.387264,-0.630758,2.076512
0.418508,-0.584416,2.054073
0.493071,-0.912427,2.146182
0.637346,-0.861731,1.915626
0.460710,-0.984957,2.110728
0.606268,-0.934485,1.873276
0.409996,0.158936,2.052063
0.490586,-0.000920,2.055037
0.396365,-0.088166,2.179269
0.601011,-0.082890,2.045609
0.494970,-0.236502,2.321072
0.844193,-0.132372,2.138374
0.528433,-0.386825,2.138374
0.901082,-0.314470,2.406028
0.522300,-0.463846,2.448007
0.934335,-0.352842,2.045954
0.574506,-0.246527,2.213021
0.588907,-0.301424,2.245577
0.564425,-0.339469,2.290520
0.650925,-0.326814,2.257340
0.387712,-0.631696,2.077061
0.418664,-0.585154,2.054467
0.492975,-0.913732,2.146869
0.637722,-0.861752,1.917700
0.460536,-0.985983,2.110972
0.606214,-0.934025,1.875169
0.430004,0.163211,2.070441
0.509436,0.002273,2.073123
0.413571,-0.086615,2.193295
0.617300,-0.083419,2.058814
0.506962,-0.237571,2.334922
0.857403,-0.133037,2.148619
0.527153,-0.381873,2.148619
0.902155,-0.315481,2.408561
0.515158,-0.450057,2.444880
0.932135,-0.353851,2.045641
0.581739,-0.250433,2.218859
0.594587,-0.305317,2.249617
0.568912,-0.343537,2.294205
0.656431,-0.331942,2.259940
0.388181,-0.632319,2.077688
0.418815,-0.585659,2.054728
0.492609,-0.914909,2.147387
0.637848,-0.861653,1.919570
0.459954,-0.986823,2.110986
0.605826,-0.933338,1.876797
0.449664,0.168236,2.088294
0.527762,0.005868,2.090545
0.430873,-0.084013,2.207538
0.633262,-0.083222,2.071625
0.516363,-0.238727,2.345462
0.869478,-0.133662,2.157851
0.525050,-0.375495,2.157851
0.903097,-0.316406,2.410358
0.506991,-0.434148,2.440535
0.929780,-0.354826,2.045127
0.588597,-0.253902,2.224319
0.599928,-0.308824,2.253372
0.573041,-0.347234,2.297608
0.661577,-0.336668,2.262275
0.388614,-0.632833,2.078266
0.418959,-0.585882,2.054863
0.492028,-0.916006,2.147905
0.637740,-0.861396,1.921274
0.459061,-0.987508,2.110975
0.605086,-0.932348,1.878212
0.472359,0.174845,2.108236
0.548870,0.010604,2.110153
0.450705,-0.079962,2.224494
0.650773,-0.082289,2.085525
0.527081,-0.239293,2.357771
0.881077,-0.134502,2.166654
0.523895,-0.367962,2.166654
0.903914,-0.317226,2.412582
0.500638,-0.416822,2.436954
0.927224,-0.355665,2.044365
0.595767,-0.256850,2.229973
0.605281,-0.311914,2.257120
0.577045,-0.350556,2.301014
0.666462,-0.341031,2.264405
0.389097,-0.632933,2.078948
0.419137,-0.585284,2.054740
0.490894,-0.916947,2.148318
0.637174,-0.860770,1.922877
0.457293,-0.987812,2.110744
0.603611,-0.930650,1.879462
0.493100,0.181038,2.126407
0.569181,0.015528,2.128781
0.469320,-0.075981,2.240444
0.667482,-0.081034,2.098736
0.537465,-0.239876,2.369515
0.891836,-0.135438,2.174747
0.525305,-0.367010,2.174747
0.903939,-0.318121,2.415825
0.499963,-0.412304,2.438058
0.925054,-0.355725,2.044025
0.603203,-0.259315,2.235579
0.610823,-0.314613,2.260806
0.581008,-0.353547,2.304337
0.671422,-0.345099,2.266287
0.389732,-0.632545,2.079535
0.419384,-0.583935,2.054402
0.489180,-0.917489,2.148629
0.636193,-0.859823,1.924356
0.454738,-0.987493,2.110299
0.601621,-0.928469,1.880522
0.512950,0.187062,2.143704
0.588703,0.020363,2.146422
0.487232,-0.072024,2.255850
0.683628,-0.079532,2.111418
0.547679,-0.240386,2.381127
0.902053,-0.136579,2.182491
0.529044,-0.366728,2.182491
0.904527,-0.318825,2.410656
0.500800,-0.408819,2.435195
0.922429,-0.356210,2.043087
0.610606,-0.261405,2.241060
0.616339,-0.316987,2.264409
0.584882,-0.356241,2.307601
0.676216,-0.348867,2.267995
0.390442,-0.631884,2.080158
0.419658,-0.582073,2.053930
0.487152,-0.917890,2.148841
0.634942,-0.858615,1.925697
0.451761,-0.986926,2.109696
0.599284,-0.925888,1.881396
0.533898,0.192966,2.161660
0.610458,0.025616,2.165630
0.506704,-0.067986,2.273046
0.700595,-0.078136,2.124529
0.559074,-0.240927,2.394137
0.912131,-0.138079,2.189611
0.533861,-0.366828,2.189611
0.905036,-0.319459,2.406443
0.507097,-0.407464,2.426250
0.919521,-0.356669,2.041919
0.618437,-0.263224,2.246738
0.622073,-0.319127,2.268089
0.588832,-0.358720,2.310949
0.680976,-0.352453,2.269566
0.391269,-0.631040,2.080878
0.419941,-0.579682,2.053379
0.484910,-0.918267,2.148932
0.629224,-0.852682,1.927378
0.448365,-0.986199,2.108932
0.587803,-0.912830,1.886523
0.553518,0.198536,2.178444
0.630483,0.030500,2.183321
0.524960,-0.064069,2.289209
0.716511,-0.076658,2.136790
0.570252,-0.241315,2.406897
0.921566,-0.139728,2.196060
0.539073,-0.367207,2.196060
0.905480,-0.320033,2.401873
0.514355,-0.406986,2.417000
0.916498,-0.357107,2.040577
0.626329,-0.264703,2.252388
0.627915,-0.320972,2.271780
0.592947,-0.360941,2.314456
0.685621,-0.355791,2.270977
0.392279,-0.629907,2.081717
0.420201,-0.576570,2.052821
0.482497,-0.918548,2.148861
0.622498,-0.845483,1.929101
0.444732,-0.985320,2.107967
0.576433,-0.900326,1.891362
0.574160,0.204184,2.196248
0.651772,0.035235,2.202126
0.543861,-0.060137,2.306632
0.732709,-0.075202,2.149343
0.582337,-0.241606,2.420924
0.930770,-0.141830,2.201855
0.544763,-0.367411,2.201855
0.903920,-0.321555,2.398153
0.521796,-0.406390,2.404516
0.908001,-0.360266,2.038239
0.634771,-0.265721,2.258273
0.634153,-0.322408,2.275602
0.597159,-0.362869,2.318070
0.690454,-0.358874,2.272223
0.393278,-0.628694,2.082803
0.420470,-0.573187,2.052233
0.480130,-0.918919,2.148607
0.615251,-0.837934,1.930735
0.441091,-0.984511,2.106794
0.564759,-0.887763,1.896040
0.593381,0.209468,2.212775
0.671450,0.039617,2.219426
0.561651,-0.056343,2.323214
0.748087,-0.073743,2.161231
0.594287,-0.241737,2.434846
0.939440,-0.144115,2.207085
0.551357,-0.368189,2.207085
0.902046,-0.323135,2.394589
0.530330,-0.407004,2.396110
0.899140,-0.363492,2.035794
0.643260,-0.266334,2.264025
0.640520,-0.323455,2.279353
0.601353,-0.364506,2.321619
0.695394,-0.361632,2.273277
0.394300,-0.627335,2.084246
0.420770,-0.569593,2.051637
0.477812,-0.919368,2.148120
0.607756,-0.830237,1.932259
0.437539,-0.983810,2.105360
0.553322,-0.875640,1.900436
0.611572,0.214170,2.228427
0.689868,0.043582,2.235659
0.578238,-0.053000,2.338839
0.762858,-0.072298,2.172577
0.606157,-0.241982,2.448408
0.947698,-0.146653,2.211750
0.558434,-0.369301,2.211750
0.899978,-0.324703,2.390979
0.539992,-0.408438,2.387990
0.890228,-0.366582,2.033278
0.651529,-0.266714,2.269546
0.646778,-0.324257,2.282963
0.605432,-0.365923,2.325043
0.700228,-0.364135,2.274184
0.395334,-0.625886,2.085765
0.421090,-0.565847,2.051036
0.475510,-0.919774,2.147552
0.600148,-0.822542,1.933664
0.434023,-0.983055,2.103837
0.542963,-0.864052,1.909704
0.628320,0.218437,2.242891
0.707485,0.047242,2.251398
0.593936,-0.049978,2.353833
0.776546,-0.070978,2.183122
0.617908,-0.242179,2.461989
0.955379,-0.149332,2.215870
0.565642,-0.370435,2.215870
0.897303,-0.326450,2.387849
0.550278,-0.410161,2.380876
0.880463,-0.369920,2.031193
0.659566,-0.266887,2.274959
0.652865,-0.324846,2.286493
0.609440,-0.367140,2.328460
0.704826,-0.366395,2.274972
0.396395,-0.624346,2.087381
0.421420,-0.562008,2.050448
0.473157,-0.920134,2.146871
0.592507,-0.814940,1.934887
0.430416,-0.982222,2.102211
0.533469,-0.853297,1.918777
0.644465,0.222286,2.256890
0.723986,0.050510,2.266054
0.608659,-0.047427,2.367936
0.789686,-0.069646,2.193238
0.629334,-0.242511,2.475239
0.962615,-0.152241,2.219491
0.572926,-0.371760,2.219491
0.894288,-0.328301,2.385017
0.561118,-0.412341,2.374500
0.870489,-0.373299,2.029578
0.667477,-0.266856,2.280147
0.658918,-0.325212,2.289876
0.613371,-0.368171,2.331724
0.709414,-0.368395,2.275603
0.397502,-0.622718,2.089251
0.421779,-0.558126,2.049883
0.470845,-0.920521,2.146023
0.584970,-0.807539,1.935933
0.426908,-0.981433,2.100415
0.526006,-0.844800,1.926106
0.659189,0.225671,2.269702
0.739287,0.053411,2.279636
0.622491,-0.045095,2.381187
0.802119,-0.068392,2.202817
0.640442,-0.242918,2.487911
0.969419,-0.155321,2.222651
0.580314,-0.373201,2.222651
0.891152,-0.330141,2.382362
0.572131,-0.414801,2.368729
0.860790,-0.376507,2.028114
0.675113,-0.266622,2.285101
0.664816,-0.325352,2.293118
0.617202,-0.368999,2.334872
0.713818,-0.370154,2.276117
0.397506,-0.620361,2.089863
0.422148,-0.554252,2.049330
0.466574,-0.916787,2.144040
0.577688,-0.800432,1.936825
0.424927,-0.978560,2.098591
0.519279,-0.837048,1.932936
0.673390,0.228616,2.282046
0.754346,0.055930,2.292952
0.635646,-0.043208,2.393934
0.814246,-0.067345,2.212240
0.651521,-0.243407,2.500589
0.976028,-0.158800,2.225625
0.587808,-0.374593,2.225625
0.887782,-0.332019,2.380267
0.583259,-0.417295,2.364104
0.855330,-0.377699,2.026950
0.682629,-0.266321,2.290038
0.670614,-0.325392,2.296351
0.620943,-0.369694,2.337944
0.718050,-0.371747,2.276627
0.397700,-0.618631,2.090503
0.422544,-0.550397,2.048800
0.462260,-0.912646,2.141903
0.570766,-0.793669,1.937610
0.423173,-0.975496,2.096732
0.512446,-0.829393,1.940029
0.686916,0.231201,2.293754
0.768149,0.058099,2.305180
0.647897,-0.041592,2.405865
0.825678,-0.066501,2.221164
0.662166,-0.243933,2.512810
0.982298,-0.162480,2.228187
0.595138,-0.375941,2.228187
0.886080,-0.333071,2.378546
0.592047,-0.419120,2.358356
0.850511,-0.378536,2.025905
0.689793,-0.265942,2.294783
0.676178,-0.325321,2.299486
0.624559,-0.370256,2.340932
0.722052,-0.373172,2.277095
0.397197,-0.611381,2.091322
0.422949,-0.546584,2.048300
0.456965,-0.904993,2.138746
0.564235,-0.787269,1.938306
0.416496,-0.964381,2.092008
0.506832,-0.822827,1.945226
0.699902,0.233374,2.305068
0.780981,0.059932,2.316657
0.659309,-0.040249,2.417058
0.836375,-0.065787,2.229574
0.672342,-0.244531,2.524546
0.990061,-0.166620,2.230959
0.602242,-0.377242,2.230959
0.884548,-0.334002,2.377179
0.599232,-0.420460,2.353772
0.846296,-0.379026,2.024982
0.696719,-0.265494,2.299442
0.681605,-0.325149,2.302605
0.628165,-0.370677,2.343931
0.725863,-0.374445,2.277552
0.396567,-0.603721,2.092034
0.423373,-0.542818,2.047827
0.451777,-0.897009,2.135478
0.558139,-0.781306,1.938948
0.409852,-0.952878,2.087207
0.501700,-0.816720,1.950149
0.712560,0.235147,2.316194
0.793684,0.061206,2.328300
0.670582,-0.039177,2.428337
0.846737,-0.065309,2.237954
0.682489,-0.245269,2.536314
0.997975,-0.170706,2.234802
0.609411,-0.378443,2.234802
0.882885,-0.334912,2.376462
0.605876,-0.421650,2.349746
0.842786,-0.379117,2.024257
0.703646,-0.264898,2.304233
0.687064,-0.324779,2.305849
0.631875,-0.370891,2.347059
0.729525,-0.375541,2.278017
0.395978,-0.599917,2.092474
0.423799,-0.539133,2.047378
0.447714,-0.891551,2.132755
0.552557,-0.776109,1.939676
0.406569,-0.947605,2.084639
0.497003,-0.811351,1.954715
0.724379,0.236509,2.326668
0.805596,0.062179,2.339371
0.681106,-0.038276,2.438784
0.856356,-0.064959,2.245889
0.692279,-0.246009,2.547472
1.005416,-0.174600,2.237761
0.616540,-0.379581,2.237761
0.881355,-0.335772,2.376062
0.612067,-0.422755,2.346094
0.839846,-0.378893,2.023652
0.710260,-0.264278,2.308890
0.692301,-0.324346,2.309022
0.635520,-0.370977,2.350133
0.732974,-0.376498,2.278478
0.395179,-0.592451,2.092861
0.424220,-0.535586,2.046952
0.443178,-0.883775,2.129369
0.547406,-0.771354,1.940335
0.400835,-0.936897,2.080039
0.492771,-0.806500,1.958888
0.735527,0.237498,2.336626
0.816631,0.062918,2.349660
0.690877,-0.037563,2.448526
0.865212,-0.064745,2.253266
0.701635,-0.246774,2.558085
1.012445,-0.178322,2.240335
0.623539,-0.380672,2.240335
0.879965,-0.336560,2.376020
0.617814,-0.423782,2.342818
0.837439,-0.378398,2.023155
0.716556,-0.263613,2.313385
0.697325,-0.323831,2.312124
0.639097,-0.370927,2.353173
0.736222,-0.377322,2.278926
0.394641,-0.588602,2.093127
0.424628,-0.532193,2.046548
0.439601,-0.878515,2.126766
0.542669,-0.767014,1.940935
0.396394,-0.925549,2.075725
0.488955,-0.802124,1.962681
0.746463,0.238008,2.346498
0.826883,0.063378,2.359330
0.699993,-0.036952,2.457635
0.873454,-0.064601,2.260233
0.710628,-0.247494,2.568203
1.018589,-0.182305,2.242265
0.630527,-0.381668,2.242265
0.879089,-0.337105,2.376394
0.623201,-0.424726,2.339909
0.835601,-0.377615,2.022802
0.722564,-0.262919,2.317761
0.702162,-0.323245,2.315186
0.642593,-0.370766,2.356164
0.739310,-0.378010,2.279391
0.394091,-0.581844,2.093533
0.425038,-0.528965,2.046171
0.435729,-0.871393,2.123682
0.538317,-0.763009,1.941467
0.391433,-0.915413,2.071561
0.485512,-0.798180,1.966053
0.756480,0.238335,2.355570
0.836313,0.063699,2.368192
0.708415,-0.036409,2.466042
0.880976,-0.064529,2.266692
0.719187,-0.248141,2.577745
1.024187,-0.186114,2.243854
0.637361,-0.382506,2.243854
0.878380,-0.337551,2.377077
0.628225,-0.425567,2.337327
0.834292,-0.376593,2.022563
0.728505,-0.262130,2.321936
0.707091,-0.322504,2.318149
0.646242,-0.370453,2.359097
0.742615,-0.378434,2.279772
0.393517,-0.578051,2.093711
0.425439,-0.525905,2.045820
0.432630,-0.866423,2.121300
0.534314,-0.759316,1.941932
0.387480,-0.906170,2.067935
0.482404,-0.794599,1.969102
0.765746,0.238463,2.363998
0.845050,0.063830,2.376500
0.716275,-0.035962,2.473995
0.887866,-0.064509,2.272737
0.727398,-0.248748,2.586908
1.029027,-0.189257,2.245219
0.644146,-0.383201,2.245219
0.877801,-0.337908,2.378244
0.632955,-0.426313,2.335106
0.833343,-0.375398,2.022398
0.734097,-0.261333,2.325908
0.711774,-0.321722,2.320997
0.649776,-0.370052,2.361943
0.745759,-0.378733,2.280146
0.392508,-0.571658,2.093975
0.425825,-0.523019,2.045490
0.429454,-0.860185,2.118713
0.530654,-0.755942,1.942343
0.383346,-0.897331,2.064526
0.479585,-0.791368,1.971820
0.774576,0.238426,2.372098
0.853083,0.063805,2.384174
0.723468,-0.035614,2.481251
0.894205,-0.064544,2.278408
0.735121,-0.249332,2.595449
1.033461,-0.192088,2.246440
0.650666,-0.383810,2.246440
0.877360,-0.338183,2.379597
0.637370,-0.426989,2.333158
0.832772,-0.374048,2.022312
0.739377,-0.260518,2.329615
0.716264,-0.320878,2.323671
0.653237,-0.369553,2.364634
0.748820,-0.378868,2.280444
0.391476,-0.565394,2.094195
0.426199,-0.520306,2.045172
0.426529,-0.854244,2.116295
0.527290,-0.752837,1.942687
0.379549,-0.889127,2.061385
0.477038,-0.788437,1.974289
0.782653,0.238274,2.379526
0.860436,0.063660,2.391257
0.730109,-0.035384,2.487960
0.900021,-0.064624,2.283746
0.742436,-0.249920,2.603482
1.037918,-0.194787,2.247586
0.657002,-0.384355,2.247586
0.877059,-0.338377,2.381215
0.641527,-0.427604,2.331498
0.832530,-0.372577,2.022285
0.744394,-0.259671,2.333079
0.720616,-0.319949,2.326183
0.656660,-0.368974,2.367191
0.751845,-0.378810,2.280631
0.390438,-0.559329,2.094386
0.426558,-0.517763,2.044870
0.423806,-0.848686,2.114086
0.524217,-0.750015,1.942979
0.376018,-0.881607,2.058560
0.474761,-0.785800,1.976531
0.790483,0.237861,2.386587
0.867358,0.063243,2.397977
0.736520,-0.035663,2.493863
0.905379,-0.064830,2.288854
0.749551,-0.250850,2.610686
1.042147,-0.197343,2.248636
0.663171,-0.385217,2.248636
0.876880,-0.338508,2.382519
0.645467,-0.428298,2.329921
0.832585,-0.371016,2.022316
0.749703,-0.259138,2.335987
0.725591,-0.319388,2.327968
0.661019,-0.368866,2.368875
0.756126,-0.378522,2.279829
0.389372,-0.553423,2.094568
0.426897,-0.515381,2.044579
0.421302,-0.843488,2.112068
0.521397,-0.747410,1.943208
0.372770,-0.874720,2.056024
0.472720,-0.783418,1.978543
0.797892,0.237219,2.393182
0.873767,0.062656,2.404233
0.742623,-0.036017,2.499384
0.910240,-0.065143,2.293669
0.756464,-0.251747,2.617529
1.045785,-0.200193,2.249626
0.669345,-0.385935,2.249626
0.876784,-0.338595,2.384155
0.649264,-0.428905,2.328638
0.832900,-0.369388,2.022396
0.754237,-0.258648,2.338924
0.729397,-0.318821,2.330093
0.664142,-0.368561,2.371007
0.758747,-0.378474,2.279935
0.388324,-0.547780,2.094722
0.427225,-0.513153,2.044298
0.419007,-0.838615,2.110224
0.518788,-0.745021,1.943365
0.369782,-0.868432,2.053776
0.470916,-0.781281,1.980341
0.805424,0.236084,2.399678
0.879803,0.061508,2.410383
0.749343,-0.035872,2.505374
0.914585,-0.065651,2.298523
0.764040,-0.252067,2.624825
1.039841,-0.207750,2.252995
0.699188,-0.375666,2.252995
0.877470,-0.338390,2.387825
0.669530,-0.422296,2.327761
0.833430,-0.367730,2.022505
0.759303,-0.258317,2.341439
0.734638,-0.318332,2.331476
0.671065,-0.366850,2.370614
0.762901,-0.377890,2.280397
0.387272,-0.542437,2.094879
0.427550,-0.511060,2.044010
0.416908,-0.834092,2.108593
0.516381,-0.742842,1.943458
0.366954,-0.862655,2.051887
0.469317,-0.779404,1.981891
0.813048,0.234601,2.405950
0.885378,0.060205,2.416181
0.755586,-0.035730,2.510875
0.918502,-0.066222,2.303173
0.771242,-0.252307,2.631648
1.036610,-0.213043,2.255465
0.728437,-0.365261,2.255465
0.878334,-0.338099,2.391407
0.738526,-0.394704,2.307377
0.834300,-0.365991,2.022697
0.764874,-0.258088,2.343680
0.740389,-0.317902,2.332592
0.678883,-0.365058,2.369637
0.767826,-0.377091,2.280942
0.386454,-0.538040,2.095040
0.427869,-0.509095,2.043721
0.414902,-0.829804,2.107128
0.514167,-0.740851,1.943498
0.364254,-0.857274,2.050221
0.467918,-0.777773,1.983193
0.820304,0.232979,2.411808
0.890508,0.058192,2.422088
0.761354,-0.035643,2.515924
0.921983,-0.066925,2.307674
0.786606,-0.246816,2.621519
1.032729,-0.218374,2.257873
0.782670,-0.350379,2.257873
0.878692,-0.338002,2.363188
0.801753,-0.378643,2.275519
0.835320,-0.364250,2.022931
0.770731,-0.257991,2.345697
0.746800,-0.317539,2.333463
0.687901,-0.363280,2.368158
0.773553,-0.376061,2.281482
0.385516,-0.533458,2.095184
0.428182,-0.507255,2.043440
0.413043,-0.826086,2.105854
0.512146,-0.739034,1.943503
0.361761,-0.852558,2.048764
0.466702,-0.776653,1.983360
0.827233,0.231213,2.417285
0.895224,0.056131,2.427516
0.766507,-0.038797,2.518264
0.925049,-0.067709,2.312045
0.797926,-0.250532,2.618452
1.026171,-0.225331,2.260811
0.819832,-0.342754,2.260811
0.879119,-0.337886,2.345269
0.846264,-0.364496,2.251350
0.836618,-0.362469,2.023251
0.777704,-0.258289,2.347123
0.754836,-0.317632,2.333551
0.698746,-0.362458,2.365452
0.781532,-0.374746,2.281517
0.384625,-0.529189,2.095300
0.428754,-0.505376,2.043229
0.411366,-0.822785,2.104744
0.510294,-0.737394,1.943463
0.359631,-0.848390,2.047390
0.465631,-0.775842,1.983075
0.833991,0.229200,2.422427
0.899501,0.053898,2.432639
0.770866,-0.040924,2.520849
0.927735,-0.068589,2.316231
0.806502,-0.260251,2.573354
1.019651,-0.232090,2.263482
0.859898,-0.334126,2.263482
0.879575,-0.337754,2.316664
0.890819,-0.348211,2.234046
0.837966,-0.360734,2.023578
0.784515,-0.258662,2.348290
0.762774,-0.317787,2.333416
0.709377,-0.361750,2.362569
0.789548,-0.373319,2.281381
0.383769,-0.525177,2.095392
0.429341,-0.503609,2.043019
0.409804,-0.819769,2.103757
0.508595,-0.735916,1.943380
0.357659,-0.844610,2.046164
0.464722,-0.775328,1.982420
0.840456,0.227111,2.427239
0.903526,0.051664,2.437319
0.775011,-0.044727,2.522171
0.930049,-0.069549,2.320222
0.813542,-0.269350,2.529517
1.013205,-0.238591,2.265932
0.895324,-0.326566,2.265932
0.880536,-0.337446,2.290327
0.929738,-0.333884,2.219059
0.839377,-0.359057,2.023896
0.791205,-0.259082,2.349240
0.770579,-0.317974,2.333125
0.719679,-0.361113,2.359739
0.797521,-0.371824,2.281189
0.382988,-0.521470,2.095508
0.429995,-0.501936,2.042783
0.408373,-0.817021,2.102874
0.507038,-0.734579,1.943265
0.355859,-0.841188,2.045064
0.463943,-0.775057,1.981333
0.846791,0.224812,2.431821
0.907173,0.049242,2.441793
0.778572,-0.047405,2.523906
0.932135,-0.070408,2.324346
0.819215,-0.277487,2.489143
1.008610,-0.243369,2.267876
0.926517,-0.320024,2.267876
0.881248,-0.337221,2.266641
0.963825,-0.321240,2.206107
0.840077,-0.357883,2.023964
0.797474,-0.259426,2.350044
0.777828,-0.317959,2.332768
0.728647,-0.360595,2.357301
0.805197,-0.369863,2.280523
0.382181,-0.518172,2.095602
0.430592,-0.500402,2.042524
0.407096,-0.814554,2.102081
0.505613,-0.733380,1.943115
0.354249,-0.838111,2.044072
0.463279,-0.775016,1.979939
0.852880,0.222371,2.436117
0.910475,0.046541,2.446205
0.781740,-0.050233,2.525446
0.933794,-0.071574,2.328247
0.823724,-0.284651,2.452619
1.003972,-0.248164,2.269719
0.953893,-0.314290,2.269719
0.881913,-0.337008,2.245363
0.991342,-0.311309,2.195361
0.840725,-0.356804,2.024002
0.803085,-0.259756,2.350746
0.784209,-0.317927,2.332395
0.736610,-0.359854,2.354969
0.811555,-0.368273,2.280050
0.381387,-0.515178,2.095691
0.431033,-0.499057,2.042239
0.405934,-0.812319,2.101376
0.504301,-0.732313,1.942926
0.353194,-0.836101,2.044459
0.462631,-0.774834,1.979020
0.858786,0.219762,2.440172
0.913451,0.043722,2.450400
0.784560,-0.053169,2.526734
0.935143,-0.072816,2.331972
0.827341,-0.291071,2.419553
0.999658,-0.252642,2.271419
0.977905,-0.309273,2.271419
0.882605,-0.336777,2.226344
1.015957,-0.302389,2.185750
0.841673,-0.355638,2.024100
0.808142,-0.260066,2.351311
0.789913,-0.317872,2.331941
0.743868,-0.359109,2.352680
0.817166,-0.366770,2.279513
0.380630,-0.512466,2.095773
0.431449,-0.497821,2.041944
0.404848,-0.810268,2.100757
0.503101,-0.731364,1.942706
0.352397,-0.834528,2.045162
0.462060,-0.774771,1.977967
0.864330,0.217156,2.443896
0.916121,0.040893,2.454312
0.787064,-0.056163,2.527772
0.936346,-0.073940,2.335773
0.830872,-0.295938,2.394839
0.995496,-0.256634,2.273010
0.999035,-0.304874,2.273010
0.883262,-0.336557,2.209366
1.038743,-0.293958,2.177042
0.842638,-0.354535,2.024192
0.812820,-0.260348,2.351765
0.795196,-0.317781,2.331438
0.750547,-0.358389,2.350481
0.822403,-0.365266,2.278935
0.379873,-0.509992,2.095847
0.431842,-0.496683,2.041651
0.403853,-0.808406,2.100208
0.502003,-0.730526,1.942458
0.351726,-0.833313,2.046068
0.461540,-0.774806,1.976805
0.869556,0.214549,2.447327
0.918480,0.037835,2.458159
0.789249,-0.059299,2.528672
0.937387,-0.075584,2.338818
0.833304,-0.300898,2.368900
0.981895,-0.266706,2.269336
1.017730,-0.300940,2.269336
0.885256,-0.335768,2.194378
1.058800,-0.286698,2.169275
0.843604,-0.353489,2.024295
0.817013,-0.260611,2.352212
0.799921,-0.317687,2.331019
0.756332,-0.357732,2.348670
0.827194,-0.363854,2.278370
0.379208,-0.507798,2.095920
0.432211,-0.495636,2.041360
0.402950,-0.806720,2.099723
0.501000,-0.729789,1.942184
0.351152,-0.832417,2.047162
0.461087,-0.774933,1.975563
0.874419,0.212019,2.450456
0.920176,0.034223,2.462108
0.790893,-0.062799,2.529471
0.938025,-0.077361,2.341800
0.835182,-0.305319,2.345848
0.966246,-0.275957,2.264324
1.034329,-0.297445,2.264324
0.888462,-0.334785,2.180954
1.076922,-0.280151,2.162246
0.844559,-0.352504,2.024401
0.820845,-0.260869,2.352591
0.804254,-0.317596,2.330591
0.761597,-0.357126,2.346982
0.831614,-0.362511,2.277797
0.378399,-0.505121,2.096112
0.432561,-0.494675,2.041069
0.402139,-0.805207,2.099306
0.500087,-0.729147,1.941888
0.351133,-0.832212,2.048810
0.460686,-0.775138,1.974243
0.878946,0.209576,2.453306
0.921622,0.030523,2.465922
0.792283,-0.066374,2.530153
0.938375,-0.079210,2.344626
0.836738,-0.309238,2.325342
0.949233,-0.285165,2.259977
1.049070,-0.294324,2.259977
0.889885,-0.334355,2.168792
1.093332,-0.274208,2.155881
0.845519,-0.351573,2.024510
0.824353,-0.261114,2.352910
0.808220,-0.317501,2.330162
0.766382,-0.356586,2.345448
0.835681,-0.361160,2.277101
0.377748,-0.502892,2.096247
0.432892,-0.493794,2.040779
0.401397,-0.803840,2.098948
0.499259,-0.728591,1.941573
0.351027,-0.832122,2.050385
0.460336,-0.775412,1.972861
0.883167,0.207219,2.455911
0.922760,0.026799,2.469589
0.793390,-0.069984,2.530733
0.938478,-0.081108,2.347309
0.838479,-0.312592,2.307977
0.936517,-0.293973,2.256287
1.062060,-0.291569,2.256287
0.891911,-0.333552,2.157636
1.108138,-0.268799,2.150150
0.846739,-0.350566,2.024691
0.827595,-0.261348,2.353177
0.811927,-0.317393,2.329717
0.770874,-0.356055,2.343968
0.839564,-0.359823,2.276396
0.377213,-0.500705,2.096421
0.433207,-0.492990,2.040486
0.400715,-0.802607,2.098638
0.498512,-0.728119,1.941240
0.350990,-0.832254,2.052039
0.460028,-0.775744,1.971429
0.887073,0.204956,2.458273
0.923641,0.023128,2.473040
0.794250,-0.073594,2.531196
0.938727,-0.082592,2.349615
0.839997,-0.315619,2.292298
0.924669,-0.302195,2.252674
1.073404,-0.289165,2.252674
0.896330,-0.330443,2.147441
1.121383,-0.263880,2.145066
0.847901,-0.349628,2.024866
0.830556,-0.261575,2.353390
0.815315,-0.317292,2.329263
0.774964,-0.355555,2.342538
0.843132,-0.358556,2.275700
0.376652,-0.498316,2.096663
0.433504,-0.492254,2.040194
0.400093,-0.801498,2.098379
0.497837,-0.727720,1.940893
0.351177,-0.832711,2.053885
0.459764,-0.776128,1.969965
0.890725,0.202777,2.460415
0.924571,0.019711,2.476028
0.795063,-0.077116,2.531433
0.938992,-0.083950,2.351644
0.841000,-0.318432,2.277708
0.913731,-0.309758,2.249141
1.083089,-0.287121,2.249141
0.898813,-0.329184,2.138127
1.133095,-0.259445,2.140612
0.849029,-0.348741,2.025042
0.833268,-0.261796,2.353562
0.818410,-0.317202,2.328830
0.778668,-0.355103,2.341240
0.846377,-0.357413,2.275073
0.376182,-0.496329,2.096859
0.433788,-0.491581,2.039904
0.399526,-0.800506,2.098168
0.497241,-0.727396,1.940532
0.351307,-0.833229,2.055653
0.459527,-0.776547,1.968473
0.894099,0.200721,2.462350
0.925255,0.016298,2.478858
0.795647,-0.080652,2.531593
0.939132,-0.085296,2.353519
0.841810,-0.320953,2.264611
0.903234,-0.316777,2.245693
1.091578,-0.285320,2.245693
0.901178,-0.328012,2.129808
1.143497,-0.255453,2.136775
0.850091,-0.347926,2.025217
0.835729,-0.262012,2.353698
0.821214,-0.317123,2.328407
0.782018,-0.354689,2.340029
0.849309,-0.356364,2.274476
0.375719,-0.494501,2.097045
0.434055,-0.490969,2.039622
0.399011,-0.799622,2.098001
0.496710,-0.727136,1.940161
0.351623,-0.833996,2.057524
0.459321,-0.776999,1.966967
0.897206,0.198786,2.464093
0.925822,0.013089,2.481458
0.796099,-0.084061,2.531672
0.938918,-0.086932,2.355329
0.842434,-0.323202,2.252838
0.893508,-0.323168,2.242462
1.098370,-0.283869,2.242462
0.903416,-0.326915,2.122257
1.152443,-0.251913,2.133499
0.851181,-0.347145,2.025407
0.838011,-0.262219,2.353807
0.823817,-0.317045,2.328001
0.785106,-0.354318,2.338959
0.852039,-0.355364,2.273884
0.375314,-0.492753,2.097255
0.434302,-0.490419,2.039351
0.398543,-0.798837,2.097874
0.496238,-0.726934,1.939781
0.351907,-0.834804,2.059337
0.459153,-0.777482,1.965453
0.900059,0.196972,2.465657
0.926235,0.010005,2.483876
0.796396,-0.087390,2.531691
0.939068,-0.088141,2.356897
0.843110,-0.325234,2.242241
0.885263,-0.328479,2.239734
1.103655,-0.282734,2.239734
0.905248,-0.326080,2.115552
1.160031,-0.248802,2.130793
0.852228,-0.346422,2.025595
0.840117,-0.262378,2.353916
0.826259,-0.316895,2.327636
0.787914,-0.353964,2.337986
0.854685,-0.354329,2.273286
0.374972,-0.491075,2.097476
0.434566,-0.489913,2.039102
0.398137,-0.798161,2.097800
0.495821,-0.726785,1.939395
0.352088,-0.835548,2.061016
0.459010,-0.777987,1.963938
0.902686,0.195272,2.467057
0.926691,0.007231,2.485984
0.796689,-0.090525,2.531589
0.938890,-0.089512,2.358396
0.843369,-0.327026,2.232785
0.877653,-0.333481,2.237075
1.107426,-0.281911,2.237075
0.906975,-0.325262,2.109645
1.165090,-0.247349,2.128284
0.853245,-0.345744,2.025780
0.842062,-0.262541,2.353987
0.828496,-0.316778,2.327273
0.790476,-0.353645,2.337095
0.857091,-0.353382,2.272715
0.374673,-0.489496,2.097699
0.434809,-0.489461,2.038863
0.397777,-0.797575,2.097764
0.495456,-0.726683,1.939004
0.352263,-0.836320,2.062641
0.458905,-0.778514,1.962438
0.905093,0.193691,2.468309
0.926797,0.004222,2.487947
0.796677,-0.093859,2.531381
0.938618,-0.090867,2.359771
0.843736,-0.328680,2.224187
0.871095,-0.337839,2.234882
1.109770,-0.281398,2.234882
0.908679,-0.324467,2.104514
1.170099,-0.245762,2.125972
0.854217,-0.345118,2.025957
0.843850,-0.262697,2.354034
0.830557,-0.316663,2.326920
0.792811,-0.353356,2.336276
0.859350,-0.352476,2.272138
0.374412,-0.488003,2.097925
0.435058,-0.489054,2.038633
0.397495,-0.797110,2.097789
0.495138,-0.726617,1.938616
0.352343,-0.836934,2.064095
0.458833,-0.779055,1.960944
0.907300,0.192222,2.469432
0.926980,0.001614,2.489704
0.796697,-0.096888,2.531147
0.938156,-0.092237,2.361120
0.843579,-0.330048,2.216840
0.864951,-0.341882,2.232692
1.110852,-0.281144,2.232692
0.912830,-0.321843,2.100155
1.171257,-0.244595,2.126144
0.855155,-0.344537,2.026131
0.845482,-0.262848,2.354057
0.832426,-0.316565,2.326575
0.794931,-0.353093,2.335527
0.861371,-0.351646,2.271593
0.374174,-0.486592,2.098155
0.435279,-0.488698,2.038401
0.397273,-0.796728,2.097857
0.494870,-0.726590,1.938230
0.352409,-0.837491,2.065453
0.458764,-0.779585,1.959466
0.909319,0.190877,2.470442
0.927068,-0.000879,2.491297
0.796619,-0.099831,2.530863
0.937616,-0.093556,2.362387
0.843163,-0.331208,2.210529
0.859299,-0.345652,2.230591
1.110772,-0.281125,2.230591
0.914711,-0.320942,2.096531
1.171381,-0.243957,2.126751
0.856053,-0.343997,2.026299
0.846976,-0.262999,2.354052
0.834133,-0.316477,2.326233
0.796857,-0.352857,2.334839
0.863216,-0.350868,2.271062
0.373953,-0.485266,2.098386
0.435493,-0.488389,2.038172
0.397094,-0.796423,2.097957
0.494646,-0.726614,1.937833
0.352462,-0.838025,2.066729
0.458693,-0.780114,1.958023
0.911169,0.189623,2.471345
0.926985,-0.003329,2.492784
0.796390,-0.102729,2.530564
0.936758,-0.094979,2.363727
0.842900,-0.332279,2.204741
0.854256,-0.348959,2.228768
1.109664,-0.281307,2.228768
0.921139,-0.318791,2.093598
1.172454,-0.243148,2.126772
0.866100,-0.340591,2.029119
0.848333,-0.263142,2.354032
0.835683,-0.316393,2.325902
0.798600,-0.352637,2.334188
0.864896,-0.350139,2.270557
0.373726,-0.484079,2.098580
0.435701,-0.488128,2.037942
0.396952,-0.796190,2.098083
0.494465,-0.726693,1.937431
0.352495,-0.838536,2.067931
0.458635,-0.780657,1.956649
0.912857,0.188466,2.472150
0.926990,-0.005446,2.494096
0.796214,-0.105350,2.530243
0.935901,-0.096381,2.364902
0.842508,-0.333176,2.199764
0.849679,-0.351971,2.227067
1.107696,-0.281655,2.227067
0.923847,-0.317744,2.091315
1.172787,-0.242588,2.127118
0.868438,-0.339608,2.029745
0.849565,-0.263282,2.353994
0.837079,-0.316322,2.325585
0.800165,-0.352443,2.333596
0.866401,-0.349477,2.270073
0.373492,-0.482866,2.098804
0.435902,-0.487905,2.037714
0.396868,-0.796041,2.098246
0.494335,-0.726808,1.937034
0.352524,-0.839030,2.069084
0.458568,-0.781342,1.954936
0.914392,0.187398,2.472862
0.926927,-0.007496,2.495274
0.795970,-0.107916,2.529882
0.935166,-0.097738,2.365893
0.841926,-0.333968,2.195534
0.845505,-0.354772,2.225532
1.104981,-0.282158,2.225532
0.927356,-0.315506,2.089564
1.172452,-0.242265,2.127713
0.870558,-0.338715,2.030314
0.850715,-0.263440,2.353909
0.838383,-0.316269,2.325236
0.801600,-0.352270,2.333015
0.867817,-0.348866,2.269597
0.373238,-0.482002,2.098943
0.436101,-0.487713,2.037494
0.396998,-0.796134,2.098551
0.494246,-0.726949,1.936652
0.352549,-0.839325,2.070150
0.458586,-0.782076,1.953288
0.915793,0.186412,2.473493
0.926825,-0.009415,2.496335
0.795683,-0.110363,2.529505
0.934404,-0.099070,2.366799
0.840636,-0.334443,2.192916
0.841654,-0.357363,2.223968
1.101650,-0.282778,2.223968
0.929778,-0.314346,2.088325
1.169108,-0.243383,2.128585
0.872478,-0.337909,2.030827
0.851749,-0.263580,2.353832
0.839551,-0.316209,2.324927
0.802889,-0.352112,2.332529
0.869080,-0.348274,2.269089
0.372976,-0.481290,2.099085
0.436286,-0.487557,2.037276
0.397089,-0.796172,2.098831
0.494184,-0.727125,1.936276
0.352570,-0.839661,2.071146
0.458589,-0.782663,1.951982
0.917068,0.185501,2.474050
0.926658,-0.011240,2.497333
0.795342,-0.112709,2.529159
0.933356,-0.100592,2.367663
0.839090,-0.334687,2.191300
0.837876,-0.359480,2.222245
1.097880,-0.283481,2.222245
0.932066,-0.313346,2.087532
1.167287,-0.243925,2.129067
0.874224,-0.337178,2.031294
0.852689,-0.263712,2.353747
0.840612,-0.316150,2.324629
0.804053,-0.351969,2.332083
0.870226,-0.347711,2.268594
0.372707,-0.480657,2.099231
0.436463,-0.487435,2.037059
0.397218,-0.796264,2.099136
0.494152,-0.727335,1.935904
0.352585,-0.839966,2.072082
0.458599,-0.783238,1.950745
0.918242,0.184515,2.474524
0.926350,-0.013686,2.497528
0.794879,-0.115578,2.528183
0.932230,-0.102048,2.368480
0.838245,-0.335299,2.188655
0.834528,-0.361410,2.220827
1.093764,-0.284245,2.220827
0.936781,-0.311891,2.087147
1.165092,-0.244639,2.129637
0.875809,-0.336513,2.031718
0.853562,-0.263874,2.353570
0.841584,-0.316098,2.324297
0.805112,-0.351857,2.331646
0.871265,-0.347158,2.268069
0.372482,-0.480056,2.099360
0.436640,-0.487359,2.036839
0.397382,-0.796404,2.099461
0.494156,-0.727598,1.935535
0.352592,-0.840236,2.072955
0.458601,-0.783941,1.949384
0.919304,0.183668,2.474949
0.926056,-0.015660,2.498038
0.794421,-0.118055,2.527532
0.931107,-0.103435,2.369222
0.837264,-0.335704,2.186740
0.831538,-0.363119,2.219440
1.089418,-0.285044,2.219440
0.940237,-0.309849,2.087088
1.160306,-0.245890,2.131709
0.877249,-0.335909,2.032103
0.854358,-0.264034,2.353378
0.842467,-0.316049,2.323969
0.806068,-0.351760,2.331241
0.872207,-0.346634,2.267557
0.372229,-0.479637,2.099483
0.436805,-0.487319,2.036621
0.397579,-0.796594,2.099803
0.494191,-0.727894,1.935179
0.352595,-0.840488,2.073774
0.458601,-0.784592,1.948233
0.920273,0.182804,2.475306
0.925653,-0.017800,2.498258
0.793877,-0.120652,2.526701
0.930202,-0.104703,2.369720
0.836303,-0.336119,2.185042
0.828848,-0.364797,2.218044
1.084939,-0.285869,2.218044
0.942609,-0.308785,2.087309
1.157146,-0.246695,2.133076
0.878556,-0.335361,2.032452
0.855085,-0.264209,2.353159
0.843268,-0.316011,2.323644
0.806928,-0.351678,2.330863
0.873062,-0.346162,2.267075
0.372022,-0.479233,2.099586
0.436966,-0.487315,2.036401
0.397911,-0.796988,2.100227
0.494253,-0.728228,1.934827
0.352593,-0.840606,2.074572
0.458581,-0.785212,1.947157
0.921148,0.182003,2.475612
0.925171,-0.019782,2.498492
0.793271,-0.123100,2.525946
0.929296,-0.105875,2.370192
0.835382,-0.336502,2.183919
0.826402,-0.366307,2.216974
1.080375,-0.286709,2.216974
0.944670,-0.307864,2.087752
1.153844,-0.247552,2.134512
0.879745,-0.334863,2.032770
0.855755,-0.264384,2.352925
0.844015,-0.315976,2.323314
0.807727,-0.351600,2.330483
0.873873,-0.345722,2.266637
0.371846,-0.478889,2.099682
0.437163,-0.487339,2.036203
0.398269,-0.797411,2.100660
0.494420,-0.728594,1.934518
0.352589,-0.840692,2.075315
0.458566,-0.785721,1.946193
0.921944,0.181330,2.475876
0.924944,-0.021232,2.498848
0.792879,-0.125025,2.525389
0.928624,-0.106763,2.370677
0.833964,-0.336358,2.184838
0.824047,-0.367267,2.216045
1.075818,-0.287545,2.216045
0.946490,-0.307086,2.088387
1.148676,-0.248958,2.136790
0.880826,-0.334409,2.033059
0.856375,-0.264531,2.352716
0.844699,-0.315937,2.323009
0.808451,-0.351525,2.330152
0.874614,-0.345307,2.266223
0.371702,-0.478583,2.099717
0.437384,-0.487412,2.036005
0.398630,-0.797864,2.101091
0.494686,-0.729031,1.934247
0.352571,-0.840753,2.076009
0.458522,-0.786143,1.945230
0.922665,0.180710,2.476097
0.924623,-0.022673,2.499115
0.792401,-0.126954,2.524800
0.927882,-0.107627,2.371095
0.832893,-0.336431,2.184925
0.821635,-0.365432,2.218396
1.071301,-0.288371,2.218396
0.947928,-0.306491,2.089148
1.144964,-0.249959,2.138380
0.881809,-0.333997,2.033322
0.856938,-0.264674,2.352499
0.845319,-0.315900,2.322706
0.809099,-0.351455,2.329825
0.875286,-0.344920,2.265830
0.371594,-0.478535,2.099714
0.437629,-0.487554,2.035806
0.399000,-0.798350,2.101523
0.495007,-0.729546,1.933987
0.352544,-0.840795,2.076663
0.458442,-0.786487,1.944335
0.923311,0.180087,2.476278
0.924168,-0.024186,2.499311
0.791820,-0.128933,2.524199
0.927156,-0.108442,2.371467
0.831708,-0.336519,2.185250
0.819562,-0.364576,2.219701
1.066887,-0.289179,2.219701
0.949137,-0.306009,2.090025
1.141284,-0.250965,2.139956
0.882701,-0.333621,2.033562
0.857452,-0.264813,2.352278
0.845885,-0.315862,2.322411
0.809683,-0.351392,2.329516
0.875904,-0.344548,2.265441
0.371500,-0.478571,2.099704
0.437895,-0.487736,2.035612
0.399407,-0.798893,2.101964
0.495379,-0.730102,1.933747
0.352513,-0.840788,2.077293
0.458351,-0.786776,1.943486
0.923902,0.179502,2.476424
0.923702,-0.025618,2.499458
0.791232,-0.130825,2.523610
0.926550,-0.109159,2.371811
0.830517,-0.336574,2.185812
0.817711,-0.363467,2.221241
1.062608,-0.289965,2.221241
0.950131,-0.305634,2.090988
1.137660,-0.251967,2.141507
0.883528,-0.333267,2.033792
0.857916,-0.264947,2.352051
0.846394,-0.315823,2.322118
0.810200,-0.351332,2.329215
0.876453,-0.344195,2.265064
0.371416,-0.478472,2.099687
0.438176,-0.487994,2.035407
0.399821,-0.799457,2.102403
0.495801,-0.730742,1.933510
0.352477,-0.840756,2.077888
0.458266,-0.787030,1.942785
0.924430,0.178970,2.476533
0.923265,-0.026916,2.499588
0.790668,-0.132579,2.523058
0.926060,-0.109737,2.372161
0.828834,-0.336415,2.187686
0.816510,-0.361455,2.223570
1.058481,-0.290720,2.223570
0.950919,-0.305358,2.092010
1.134106,-0.252959,2.143021
0.884274,-0.332950,2.033996
0.858337,-0.265038,2.351859
0.846856,-0.315738,2.321851
0.810653,-0.351257,2.328932
0.876955,-0.343819,2.264711
0.371327,-0.478492,2.099665
0.438501,-0.488273,2.035219
0.400237,-0.800038,2.102836
0.496318,-0.731407,1.933321
0.352435,-0.840705,2.078443
0.458219,-0.787283,1.942173
0.924902,0.178498,2.476598
0.922893,-0.028046,2.499694
0.790162,-0.134157,2.522534
0.925595,-0.110196,2.372555
0.827464,-0.336367,2.188979
0.815797,-0.360196,2.224197
1.054489,-0.291443,2.224197
0.951713,-0.305209,2.093035
1.130615,-0.253938,2.144460
0.884950,-0.332663,2.034179
0.858723,-0.265116,2.351671
0.847278,-0.315644,2.321594
0.811061,-0.351182,2.328668
0.877412,-0.343452,2.264374
0.371251,-0.478595,2.099669
0.438871,-0.488608,2.035024
0.400656,-0.800631,2.103264
0.496930,-0.732140,1.933171
0.352387,-0.840652,2.078975
0.458176,-0.787503,1.941624
0.925313,0.178065,2.476619
0.922519,-0.029089,2.499772
0.789658,-0.135635,2.522031
0.924868,-0.110875,2.372776
0.825677,-0.336118,2.191472
0.814736,-0.359434,2.224371
1.050679,-0.292130,2.224371
0.952517,-0.305035,2.094082
1.126194,-0.255209,2.146288
0.885564,-0.332402,2.034346
0.859058,-0.265197,2.351465
0.847637,-0.315566,2.321321
0.811399,-0.351111,2.328395
0.877802,-0.343125,2.264051
0.371158,-0.478838,2.099678
0.439195,-0.488984,2.034841
0.401072,-0.801227,2.103684
0.497511,-0.732897,1.933026
0.352337,-0.840592,2.079474
0.458121,-0.787692,1.941148
0.925653,0.177670,2.476573
0.922168,-0.029970,2.499778
0.789196,-0.136930,2.521522
0.924570,-0.111169,2.373022
0.823903,-0.335734,2.194168
0.814891,-0.358036,2.224833
1.047066,-0.292783,2.224833
0.952869,-0.305080,2.095132
1.121745,-0.256713,2.147515
0.886117,-0.332165,2.034497
0.859356,-0.265266,2.351258
0.847953,-0.315483,2.321054
0.811664,-0.351052,2.328140
0.878148,-0.342810,2.263731
0.371034,-0.479161,2.099700
0.439518,-0.489390,2.034672
0.401491,-0.801828,2.104098
0.498137,-0.733685,1.932932
0.352286,-0.840538,2.079946
0.458069,-0.787858,1.940719
0.925879,0.177304,2.476405
0.921822,-0.030690,2.499627
0.788937,-0.137931,2.520580
0.926139,-0.108773,2.374447
0.822332,-0.335225,2.196893
0.817810,-0.352808,2.226830
1.042014,-0.293784,2.226830
0.952561,-0.305349,2.095474
1.113368,-0.260331,2.142172
0.886606,-0.331952,2.034634
0.859630,-0.265299,2.351057
0.848245,-0.315364,2.320804
0.811889,-0.350997,2.327906
0.878460,-0.342492,2.263420
0.370913,-0.479532,2.099742
0.439843,-0.489808,2.034545
0.401920,-0.802427,2.104509
0.498781,-0.734465,1.932878
0.352253,-0.840517,2.080367
0.458026,-0.788021,1.940328
0.925781,0.176965,2.475876
0.921424,-0.031250,2.499040
0.788693,-0.138857,2.519719
0.927709,-0.106240,2.375846
0.820869,-0.334819,2.199422
0.820815,-0.347527,2.228772
1.038605,-0.294418,2.228772
0.952061,-0.305700,2.096444
1.108524,-0.261710,2.142947
0.887042,-0.331759,2.034756
0.859906,-0.265314,2.350833
0.848545,-0.315240,2.320558
0.812121,-0.350968,2.327698
0.878825,-0.342170,2.263111
0.370830,-0.479925,2.099811
0.440286,-0.490230,2.034484
0.402358,-0.803030,2.104923
0.499605,-0.735244,1.932933
0.352384,-0.840681,2.080550
0.458010,-0.788158,1.939968
0.925391,0.176700,2.475034
0.920937,-0.031582,2.498075
0.788526,-0.139585,2.518380
0.928612,-0.104564,2.376786
0.819475,-0.334387,2.201983
0.823123,-0.342158,2.230959
1.035494,-0.294954,2.230959
0.951435,-0.306108,2.097541
1.104084,-0.262892,2.143979
0.887424,-0.331587,2.034864
0.860159,-0.265298,2.350572
0.848820,-0.315100,2.320305
0.812320,-0.350945,2.327496
0.879162,-0.341849,2.262806
0.370744,-0.480360,2.099914
0.440718,-0.490659,2.034466
0.402839,-0.803559,2.105377
0.500373,-0.735995,1.933007
0.352947,-0.841192,2.081069
0.457989,-0.788290,1.939643
0.922871,0.177084,2.472465
0.920216,-0.031204,2.496187
0.788117,-0.139029,2.517141
0.928952,-0.103848,2.376843
0.812940,-0.331802,2.213061
0.823940,-0.339751,2.231915
1.029162,-0.295536,2.231915
0.951217,-0.306382,2.101597
1.095475,-0.264029,2.148729
0.887766,-0.331432,2.034959
0.860252,-0.265289,2.350262
0.848872,-0.315015,2.320050
0.811949,-0.350998,2.327410
0.879157,-0.341757,2.262525
0.370864,-0.480757,2.100236
0.441020,-0.491124,2.034431
0.403320,-0.804018,2.105819
0.500937,-0.736737,1.933026
0.353220,-0.841373,2.081224
0.457920,-0.788448,1.939572
0.915199,0.178220,2.466177
0.918065,-0.029374,2.491732
0.786689,-0.137030,2.515813
0.929205,-0.103029,2.376164
0.807241,-0.329283,2.221147
0.824690,-0.337550,2.232749
1.020845,-0.295766,2.232749
0.948475,-0.308601,2.107493
1.091047,-0.265016,2.150367
0.888097,-0.331286,2.035050
0.859130,-0.264902,2.350019
0.847471,-0.314561,2.320269
0.808833,-0.350809,2.329026
0.878065,-0.341930,2.262452
0.371016,-0.481189,2.100571
0.441311,-0.491577,2.034456
0.403747,-0.804390,2.106218
0.501559,-0.737883,1.932934
0.353480,-0.841473,2.081301
0.458035,-0.789188,1.938293
0.906814,0.179539,2.459315
0.915461,-0.027109,2.486382
0.784878,-0.134419,2.514191
0.929398,-0.102156,2.374899
0.801243,-0.326587,2.229096
0.847193,-0.325397,2.234723
1.012430,-0.295934,2.234723
0.947347,-0.309390,2.113464
1.087151,-0.265964,2.151549
0.888398,-0.331153,2.035133
0.857437,-0.264458,2.349858
0.845253,-0.314090,2.320814
0.803481,-0.350792,2.331918
0.876011,-0.342489,2.262796
0.371200,-0.481672,2.100879
0.441573,-0.492028,2.034519
0.404103,-0.804689,2.106555
0.502187,-0.739105,1.932850
0.353718,-0.841492,2.081266
0.458197,-0.790016,1.936906
0.896591,0.181108,2.450968
0.912161,-0.024393,2.479974
0.782475,-0.131340,2.512208
0.929435,-0.101249,2.372936
0.794820,-0.323839,2.236808
0.869842,-0.313304,2.236494
1.003705,-0.296129,2.236494
0.946191,-0.310170,2.119498
1.083592,-0.266855,2.152602
0.888666,-0.331033,2.035204
0.855294,-0.263988,2.349700
0.842451,-0.313588,2.321404
0.797386,-0.350751,2.334883
0.873502,-0.343203,2.263206
0.371389,-0.482170,2.101180
0.441812,-0.492478,2.034614
0.404427,-0.804947,2.106866
0.502808,-0.740376,1.932772
0.353950,-0.841468,2.081147
0.458390,-0.790911,1.935425
0.885240,0.182977,2.441413
0.907908,-0.021045,2.472056
0.779211,-0.127818,2.509511
0.929210,-0.100223,2.370158
0.776602,-0.317172,2.261222
0.891343,-0.301584,2.237768
0.972492,-0.293663,2.237768
0.944900,-0.310956,2.148258
1.080365,-0.267693,2.153552
0.888909,-0.330925,2.035267
0.852866,-0.263519,2.349352
0.839333,-0.313110,2.321750
0.791101,-0.350871,2.337265
0.870824,-0.343994,2.263434
0.371539,-0.482774,2.101333
0.442020,-0.492933,2.034725
0.404713,-0.805175,2.107143
0.503400,-0.741695,1.932683
0.354171,-0.841402,2.080918
0.458603,-0.791884,1.933814
0.869230,0.186015,2.428179
0.901094,-0.016396,2.460964
0.774286,-0.123488,2.505504
0.927994,-0.098702,2.365609
0.760750,-0.304857,2.302849
0.912978,-0.289406,2.238437
0.952908,-0.290417,2.238437
0.943512,-0.311740,2.170141
1.070703,-0.268319,2.158134
0.889125,-0.330827,2.035319
0.849507,-0.262982,2.348778
0.835303,-0.312656,2.322008
0.783970,-0.351058,2.339638
0.867548,-0.344960,2.263695
0.371592,-0.483295,2.101390
0.442187,-0.493386,2.034852
0.404958,-0.805366,2.107385
0.503980,-0.743053,1.932605
0.354332,-0.841273,2.080572
0.458823,-0.792908,1.932182
0.852957,0.189099,2.414670
0.893549,-0.011519,2.449113
0.768594,-0.118617,2.501086
0.926155,-0.096952,2.359990
0.746015,-0.292670,2.342006
0.932141,-0.278222,2.238299
0.934502,-0.286920,2.238299
0.941966,-0.312561,2.190992
1.060523,-0.268740,2.163067
0.888711,-0.330850,2.034790
0.845593,-0.262337,2.347965
0.830747,-0.312131,2.322098
0.776570,-0.351240,2.341899
0.863811,-0.345997,2.263819
0.371585,-0.483855,2.101308
0.442305,-0.493855,2.034982
0.405153,-0.805492,2.107591
0.504544,-0.744467,1.932533
0.354393,-0.841048,2.080077
0.459033,-0.793991,1.930530
0.836162,0.192193,2.400641
0.884946,-0.006332,2.436182
0.761650,-0.113108,2.495748
0.923766,-0.095075,2.353505
0.732398,-0.281089,2.378128
0.948804,-0.267769,2.237180
0.906475,-0.282596,2.237180
0.940397,-0.313368,2.209716
1.038353,-0.268774,2.167001
0.888215,-0.330914,2.034169
0.841014,-0.261668,2.347000
0.825559,-0.311653,2.322134
0.768576,-0.351533,2.344131
0.859518,-0.347224,2.264018
0.371266,-0.484878,2.101089
0.442378,-0.494336,2.035120
0.405327,-0.805624,2.107776
0.505100,-0.745911,1.932472
0.354445,-0.840861,2.079509
0.459284,-0.795128,1.928839
0.816355,0.196007,2.384169
0.873626,0.000036,2.420753
0.751595,-0.105837,2.487828
0.919573,-0.092441,2.344815
0.720125,-0.270533,2.410440
0.963823,-0.257885,2.235951
0.880299,-0.278527,2.235951
0.937045,-0.314868,2.226421
1.015458,-0.268730,2.170677
0.884793,-0.333358,2.032963
0.835623,-0.260822,2.345668
0.819904,-0.311138,2.322001
0.760413,-0.351788,2.346155
0.855039,-0.348477,2.264193
0.371798,-0.485010,2.101044
0.442387,-0.494837,2.035263
0.405444,-0.805624,2.107917
0.505623,-0.747361,1.932423
0.354471,-0.840519,2.078772
0.459553,-0.796318,1.927126
0.796872,0.199884,2.368017
0.861680,0.006481,2.405004
0.741174,-0.098536,2.479600
0.914488,-0.089585,2.335150
0.708856,-0.261111,2.439070
0.977173,-0.248330,2.234442
0.855996,-0.274715,2.234442
0.933398,-0.316436,2.241196
0.992377,-0.268572,2.174035
0.880947,-0.336270,2.031642
0.829566,-0.259899,2.343975
0.813830,-0.310629,2.321682
0.752217,-0.352042,2.347951
0.850336,-0.349756,2.264328
0.372100,-0.485218,2.101001
0.442348,-0.495350,2.035404
0.405533,-0.805575,2.108029
0.506117,-0.748828,1.932387
0.354461,-0.840141,2.077993
0.459796,-0.797531,1.925449
0.777840,0.203744,2.352246
0.848723,0.013143,2.388530
0.729662,-0.090907,2.470474
0.908195,-0.086537,2.324465
0.698665,-0.252663,2.464236
0.988883,-0.239251,2.233294
0.833378,-0.271131,2.233294
0.930222,-0.317786,2.254124
0.969190,-0.268308,2.176970
0.877744,-0.339041,2.029983
0.822911,-0.258982,2.341873
0.807407,-0.310215,2.321119
0.744055,-0.352405,2.349392
0.845442,-0.351074,2.264407
0.372422,-0.485513,2.100936
0.442248,-0.495880,2.035544
0.405603,-0.805487,2.108116
0.506585,-0.750302,1.932371
0.354444,-0.839750,2.077174
0.460033,-0.798768,1.923813
0.758998,0.207862,2.336521
0.834889,0.020006,2.371613
0.717255,-0.082876,2.460603
0.901143,-0.083322,2.313227
0.689263,-0.244993,2.486124
0.999215,-0.230768,2.232208
0.815411,-0.268364,2.232208
0.928377,-0.318317,2.264714
0.946005,-0.268001,2.179296
0.876316,-0.340143,2.029300
0.815244,-0.258001,2.339221
0.800240,-0.309853,2.320217
0.735464,-0.352816,2.350355
0.840005,-0.352436,2.264432
0.372818,-0.485740,2.100681
0.442110,-0.496417,2.035678
0.405725,-0.805231,2.108214
0.507055,-0.751798,1.932379
0.354578,-0.838936,2.076255
0.460305,-0.800037,1.922207
0.740017,0.211924,2.320800
0.820642,0.026593,2.354806
0.704108,-0.074816,2.450007
0.893049,-0.079915,2.301260
0.680668,-0.238443,2.504796
1.008289,-0.222820,2.231125
0.798987,-0.265897,2.231125
0.926690,-0.318742,2.273816
0.924065,-0.267771,2.180683
0.875020,-0.341147,2.028668
0.806103,-0.257192,2.336112
0.791608,-0.309787,2.319064
0.725764,-0.353590,2.350970
0.832873,-0.354153,2.264627
0.373108,-0.485952,2.100224
0.441837,-0.497069,2.035827
0.405841,-0.804876,2.108315
0.507568,-0.753408,1.932493
0.354727,-0.837983,2.075328
0.460629,-0.801361,1.920728
0.719244,0.216369,2.303887
0.802806,0.033913,2.335440
0.687743,-0.066754,2.436585
0.881785,-0.075545,2.286762
0.672330,-0.232254,2.521027
1.015678,-0.214210,2.229240
0.783404,-0.263585,2.229240
0.925139,-0.319119,2.281443
0.902380,-0.267610,2.181070
0.873846,-0.342085,2.028074
0.796295,-0.256264,2.332645
0.782760,-0.309715,2.317767
0.716221,-0.354328,2.351360
0.825662,-0.355775,2.264815
0.373360,-0.486138,2.099724
0.441481,-0.497795,2.035988
0.405926,-0.804471,2.108403
0.508129,-0.755287,1.933100
0.354867,-0.837082,2.074430
0.460991,-0.802790,1.919648
0.699921,0.220611,2.288200
0.785746,0.040656,2.317304
0.671788,-0.059101,2.423398
0.869907,-0.071336,2.272275
0.658920,-0.226175,2.523037
1.021615,-0.205472,2.226819
0.760343,-0.251983,2.226819
0.923714,-0.319400,2.272943
0.869606,-0.253342,2.165001
0.872790,-0.342952,2.027523
0.785294,-0.255035,2.328628
0.772964,-0.309378,2.316125
0.706056,-0.354677,2.351426
0.817822,-0.357120,2.264854
0.373560,-0.486359,2.099085
0.440988,-0.498679,2.036146
0.405993,-0.804028,2.108489
0.508844,-0.757173,1.933716
0.354975,-0.836151,2.073549
0.461489,-0.804237,1.918611
0.678378,0.225165,2.271346
0.765261,0.047405,2.297124
0.653641,-0.051008,2.408285
0.855638,-0.066805,2.256296
0.645086,-0.219832,2.517585
1.023936,-0.194656,2.221755
0.736638,-0.242243,2.221755
0.922421,-0.319593,2.257644
0.835848,-0.242630,2.143404
0.871864,-0.343769,2.027033
0.773307,-0.253690,2.324167
0.762643,-0.308995,2.314286
0.695950,-0.354969,2.351278
0.809518,-0.358303,2.264885
0.374362,-0.491600,2.098173
0.440341,-0.499881,2.036315
0.406714,-0.806003,2.109360
0.509756,-0.759224,1.934440
0.355884,-0.838253,2.073378
0.462228,-0.805931,1.917661
0.658165,0.229357,2.255514
0.745912,0.053580,2.278345
0.635902,-0.043379,2.393577
0.841114,-0.062325,2.240548
0.627755,-0.213629,2.515344
1.024802,-0.184037,2.216333
0.712177,-0.230452,2.216333
0.921216,-0.319673,2.248032
0.801824,-0.228348,2.128848
0.871034,-0.344515,2.026583
0.760586,-0.252286,2.319245
0.751703,-0.308561,2.312103
0.685558,-0.355216,2.350731
0.800661,-0.359317,2.264784
0.374816,-0.495114,2.097422
0.439586,-0.501413,2.036479
0.407612,-0.808254,2.110425
0.511006,-0.761441,1.935388
0.356980,-0.840678,2.073406
0.463278,-0.807763,1.916872
0.635621,0.233480,2.238065
0.722941,0.059697,2.257103
0.614166,-0.036013,2.375412
0.821767,-0.057214,2.221387
0.611596,-0.208885,2.506030
1.024262,-0.173656,2.210511
0.687094,-0.217974,2.210511
0.919890,-0.319536,2.231268
0.766356,-0.212935,2.107953
0.870286,-0.345089,2.026180
0.745693,-0.251087,2.312577
0.739165,-0.308399,2.308632
0.674097,-0.355825,2.348804
0.790519,-0.360230,2.263916
0.374640,-0.497482,2.096617
0.438717,-0.503372,2.036608
0.408091,-0.809015,2.110902
0.512638,-0.763844,1.936536
0.357514,-0.841369,2.073053
0.464753,-0.809848,1.916246
0.614437,0.237359,2.221759
0.700883,0.065235,2.237140
0.593489,-0.029543,2.358144
0.802970,-0.052456,2.203184
0.594368,-0.204605,2.489971
1.020541,-0.162121,2.202824
0.662675,-0.207815,2.202824
0.918580,-0.319127,2.209161
0.732886,-0.201218,2.083405
0.869634,-0.345550,2.025830
0.730432,-0.250088,2.305286
0.726266,-0.308428,2.304528
0.662412,-0.356654,2.346058
0.780015,-0.361089,2.262600
0.376606,-0.516170,2.097782
0.437787,-0.505631,2.036682
0.408681,-0.809864,2.111452
0.514537,-0.766356,1.937829
0.359150,-0.842858,2.073328
0.466510,-0.812056,1.915748
0.594204,0.241036,2.206279
0.679532,0.070464,2.218256
0.573410,-0.023496,2.341347
0.784505,-0.047851,2.185742
0.575514,-0.200752,2.472924
1.015328,-0.150939,2.194605
0.638648,-0.196009,2.194605
0.917320,-0.318613,2.188648
0.700700,-0.187135,2.061516
0.869063,-0.345921,2.025522
0.715187,-0.249035,2.298186
0.713257,-0.308380,2.300534
0.650844,-0.357346,2.343278
0.768919,-0.361701,2.261469
0.378602,-0.535310,2.099080
0.436817,-0.508081,2.036707
0.409319,-0.810734,2.112025
0.516638,-0.768959,1.939239
0.360987,-0.844580,2.073974
0.468519,-0.814408,1.915380
0.575017,0.244510,2.191708
0.659076,0.075362,2.200512
0.553995,-0.017993,2.324985
0.766170,-0.043397,2.168825
0.558259,-0.196766,2.449585
1.007421,-0.139343,2.185255
0.616152,-0.186440,2.185255
0.916054,-0.317750,2.163098
0.670688,-0.176394,2.036250
0.868563,-0.346218,2.025250
0.700390,-0.247959,2.291004
0.700652,-0.308283,2.296357
0.639716,-0.357957,2.340151
0.758098,-0.362097,2.260104
0.380562,-0.554237,2.100442
0.435810,-0.510823,2.036665
0.410075,-0.811683,2.112675
0.518962,-0.771678,1.940750
0.362669,-0.846316,2.074661
0.470792,-0.816927,1.915132
0.555334,0.248330,2.176994
0.637503,0.080593,2.182497
0.533837,-0.012549,2.308352
0.745752,-0.038241,2.150989
0.540591,-0.193442,2.428670
0.997977,-0.128034,2.175635
0.593914,-0.175395,2.175635
0.914762,-0.316595,2.140479
0.641389,-0.163400,2.013944
0.868124,-0.346448,2.025003
0.685002,-0.246013,2.282364
0.687656,-0.307343,2.290759
0.628573,-0.357873,2.335814
0.746858,-0.361341,2.257120
0.382369,-0.572468,2.101803
0.434778,-0.513705,2.036576
0.410842,-0.812626,2.113334
0.521499,-0.774451,1.942307
0.364292,-0.848071,2.075485
0.473290,-0.819555,1.914992
0.536865,0.252121,2.163263
0.617323,0.085550,2.165901
0.514810,-0.007414,2.292636
0.726637,-0.033227,2.134482
0.524033,-0.189610,2.403090
0.986964,-0.117153,2.165619
0.573371,-0.166633,2.165619
0.913464,-0.315175,2.114389
0.614620,-0.153723,1.989561
0.867750,-0.346573,2.024792
0.670111,-0.243639,2.275265
0.674897,-0.305836,2.286874
0.617943,-0.356980,2.333116
0.735100,-0.359986,2.256161
0.384060,-0.589780,2.103137
0.433740,-0.516657,2.036449
0.411618,-0.813557,2.113995
0.523965,-0.777321,1.943852
0.365915,-0.849865,2.076445
0.475837,-0.822420,1.914933
0.519256,0.256137,2.150329
0.598316,0.090459,2.150542
0.496596,-0.001839,2.277748
0.708350,-0.028008,2.118988
0.508752,-0.185323,2.378458
0.975250,-0.107258,2.155703
0.554523,-0.158220,2.155703
0.912168,-0.313711,2.089321
0.590157,-0.144651,1.966482
0.867421,-0.346623,2.024602
0.655977,-0.241011,2.268654
0.662756,-0.304070,2.283211
0.607862,-0.355757,2.330498
0.723757,-0.358300,2.255249
0.384244,-0.598379,2.102590
0.432714,-0.519610,2.036301
0.412397,-0.814472,2.114654
0.526452,-0.780164,1.945401
0.367498,-0.851677,2.077581
0.478437,-0.825317,1.914959
0.501099,0.261833,2.137165
0.578626,0.096908,2.135377
0.478429,0.004757,2.263299
0.689494,-0.021333,2.103563
0.493788,-0.180035,2.353743
0.961456,-0.097435,2.145212
0.536512,-0.149223,2.145212
0.910196,-0.311867,2.064712
0.567098,-0.135196,1.944195
0.867107,-0.346600,2.024403
0.640371,-0.236518,2.259604
0.649156,-0.300563,2.276800
0.596270,-0.352984,2.324805
0.711176,-0.354632,2.251433
0.384076,-0.606611,2.101711
0.431711,-0.522530,2.036140
0.413114,-0.815326,2.115289
0.529169,-0.783048,1.947014
0.369310,-0.853626,2.078965
0.481220,-0.828211,1.915068
0.484446,0.267434,2.125205
0.560570,0.103173,2.121695
0.461709,0.011101,2.249975
0.672016,-0.014729,2.089513
0.479928,-0.174776,2.329858
0.946717,-0.088218,2.134662
0.520072,-0.140739,2.134662
0.908119,-0.309915,2.041328
0.546164,-0.126392,1.923323
0.866797,-0.346531,2.024206
0.625776,-0.232001,2.250999
0.636312,-0.296934,2.270528
0.585222,-0.349971,2.319009
0.699105,-0.350686,2.247534
0.384790,-0.617021,2.102029
0.430734,-0.525371,2.035977
0.414633,-0.818469,2.116789
0.531859,-0.785869,1.948611
0.372254,-0.854856,2.081233
0.484002,-0.831066,1.915226
0.468677,0.273739,2.114099
0.543564,0.109913,2.109207
0.446209,0.017393,2.237744
0.655287,-0.007534,2.076496
0.467193,-0.169509,2.307492
0.931253,-0.079755,2.124246
0.505157,-0.132858,2.124246
0.905897,-0.307850,2.019549
0.527249,-0.118341,1.904060
0.866472,-0.346474,2.023993
0.611756,-0.226992,2.242677
0.623835,-0.292782,2.264274
0.574448,-0.346411,2.313009
0.687059,-0.345925,2.243442
0.385448,-0.626595,2.102347
0.429793,-0.528128,2.035813
0.418120,-0.821824,2.116645
0.534498,-0.788661,1.950185
0.376053,-0.856290,2.083584
0.486743,-0.833910,1.915428
0.453767,0.280751,2.103896
0.527768,0.116911,2.097889
0.431634,0.024005,2.226422
0.639429,0.000130,2.064570
0.455019,-0.163814,2.285805
0.915528,-0.072092,2.114200
0.491266,-0.124937,2.114200
0.903389,-0.306058,1.998842
0.509828,-0.110382,1.885948
0.866143,-0.346434,2.023765
0.598304,-0.221423,2.234542
0.611686,-0.287993,2.257922
0.563882,-0.342167,2.306669
0.675076,-0.340282,2.239052
0.385846,-0.634008,2.102416
0.428904,-0.530706,2.035665
0.420433,-0.825620,2.118484
0.537029,-0.791359,1.951698
0.378931,-0.860216,2.085615
0.489383,-0.836667,1.915642
0.439745,0.288423,2.094563
0.512886,0.124594,2.087697
0.417772,0.031367,2.216024
0.624554,0.007899,2.053746
0.443562,-0.157539,2.265349
0.899131,-0.065727,2.104497
0.478456,-0.116942,2.104497
0.900737,-0.304292,1.979513
0.493895,-0.102508,1.869160
0.865782,-0.346378,2.023510
0.585238,-0.214908,2.226680
0.599694,-0.282171,2.251582
0.553452,-0.336925,2.300223
0.663034,-0.333474,2.234474
0.386199,-0.640711,2.102472
0.428076,-0.533084,2.035542
0.422626,-0.829356,2.120250
0.539393,-0.793930,1.953128
0.381604,-0.864147,2.087483
0.491840,-0.839298,1.915861
0.425943,0.298456,2.086023
0.498349,0.134282,2.078573
0.403240,0.042083,2.206416
0.609623,0.017475,2.043680
0.432023,-0.150001,2.247177
0.878148,-0.060831,2.094532
0.465538,-0.106227,2.094532
0.896591,-0.303159,1.962139
0.478058,-0.091355,1.854046
0.865350,-0.346441,2.023146
0.571120,-0.204281,2.218402
0.586270,-0.271871,2.244457
0.541672,-0.327247,2.293189
0.649363,-0.322385,2.228711
0.386508,-0.646779,2.102515
0.427358,-0.535113,2.035466
0.425472,-0.832389,2.120329
0.541389,-0.796198,1.954401
0.384983,-0.867498,2.087466
0.493895,-0.841607,1.916047
0.413214,0.308788,2.078460
0.484656,0.144708,2.070648
0.389883,0.052703,2.197928
0.595623,0.027350,2.034729
0.422773,-0.142849,2.235108
0.857225,-0.056477,2.085407
0.461107,-0.099493,2.085407
0.892038,-0.302127,1.959902
0.475790,-0.083226,1.869462
0.864742,-0.346556,2.022678
0.557998,-0.193581,2.210727
0.573702,-0.261430,2.237716
0.530574,-0.317289,2.286433
0.636470,-0.311158,2.223116
0.386777,-0.652261,2.102543
0.426719,-0.536899,2.035422
0.427315,-0.835180,2.121367
0.543257,-0.798484,1.955997
0.387199,-0.870513,2.088520
0.495799,-0.843902,1.916556
0.401330,0.320488,2.071897
0.471969,0.155993,2.063846
0.377365,0.063829,2.190511
0.582321,0.037939,2.026813
0.414285,-0.135207,2.224974
0.836268,-0.052337,2.076963
0.458560,-0.093770,2.076963
0.885764,-0.301156,1.961222
0.475995,-0.076362,1.889301
0.863170,-0.346862,2.021923
0.545461,-0.182270,2.203550
0.561527,-0.250324,2.231259
0.519630,-0.306373,2.279844
0.623855,-0.299370,2.217590
0.386999,-0.657184,2.102545
0.426149,-0.538475,2.035393
0.429642,-0.837808,2.121735
0.545037,-0.800499,1.957361
0.389915,-0.873456,2.088743
0.497604,-0.845929,1.916934
0.389601,0.335792,2.066531
0.459278,0.170849,2.058602
0.364829,0.077221,2.184267
0.568468,0.051728,2.019997
0.405293,-0.125717,2.217298
0.813355,-0.047058,2.068963
0.443802,-0.106890,2.068963
0.869180,-0.297184,1.993871
0.462407,-0.089866,1.920624
0.852544,-0.346185,2.020022
0.532151,-0.167894,2.196542
0.548304,-0.236138,2.224643
0.507440,-0.291502,2.272896
0.609998,-0.285161,2.211616
0.387172,-0.661495,2.102533
0.425644,-0.539879,2.035369
0.431797,-0.840081,2.122969
0.546620,-0.802285,1.958573
0.394234,-0.876289,2.090327
0.499197,-0.847710,1.917241
0.378502,0.353679,2.062300
0.447873,0.185004,2.054609
0.352101,0.093805,2.179483
0.555091,0.067403,2.014348
0.395813,-0.114697,2.210774
0.789780,-0.041346,2.061678
0.424687,-0.118656,2.061678
0.844690,-0.291081,2.017581
0.432257,-0.117655,1.965672
0.833289,-0.342909,2.016099
0.518475,-0.151788,2.189648
0.533604,-0.218689,2.217336
0.493816,-0.273670,2.265192
0.594106,-0.267891,2.204399
0.387293,-0.664828,2.102591
0.425187,-0.541125,2.035366
0.433860,-0.841925,2.124248
0.547772,-0.803175,1.960067
0.398098,-0.878878,2.092072
0.500685,-0.848843,1.918645
0.368322,0.372558,2.059196
0.436704,0.205012,2.052721
0.339895,0.112098,2.176015
0.542559,0.083564,2.009773
0.385980,-0.102667,2.205375
0.766885,-0.035665,2.055179
0.406170,-0.128465,2.055179
0.819246,-0.283509,2.038456
0.404503,-0.140649,2.003731
0.811397,-0.339078,2.011980
0.504434,-0.133384,2.182528
0.519078,-0.200447,2.209899
0.480071,-0.255095,2.257310
0.578312,-0.249916,2.196637
0.387403,-0.667301,2.102838
0.424771,-0.542197,2.035396
0.435881,-0.843533,2.125588
0.548704,-0.803640,1.961612
0.401527,-0.881216,2.093641
0.502361,-0.849724,1.920402
0.358939,0.392370,2.056980
0.426745,0.224870,2.051766
0.328703,0.130455,2.173500
0.530730,0.100706,2.006178
0.376483,-0.090436,2.201089
0.744446,-0.029666,2.049277
0.387444,-0.136193,2.049277
0.790670,-0.273376,2.057143
0.378678,-0.160619,2.036366
0.786588,-0.333107,2.007598
0.491061,-0.114588,2.175613
0.504842,-0.181376,2.202203
0.466576,-0.236088,2.249309
0.562652,-0.231066,2.188088
0.387493,-0.668741,2.103381
0.424386,-0.543090,2.035446
0.437893,-0.844845,2.127005
0.549465,-0.803805,1.963150
0.404734,-0.883315,2.095232
0.504034,-0.850383,1.922332
0.350005,0.415052,2.055510
0.417414,0.246799,2.051797
0.317772,0.150847,2.172010
0.519316,0.119369,2.003448
0.365718,-0.076539,2.197427
0.720463,-0.021758,2.043714
0.367780,-0.141464,2.043714
0.756542,-0.260906,2.072310
0.352846,-0.175282,2.060800
0.755858,-0.323923,2.001700
0.476904,-0.093576,2.168418
0.489476,-0.160163,2.193896
0.450854,-0.214051,2.240204
0.545909,-0.210329,2.178681
0.386570,-0.664033,2.104706
0.423648,-0.542430,2.034955
0.439422,-0.845973,2.128015
0.549913,-0.803621,1.964562
0.406924,-0.884952,2.096169
0.504674,-0.850192,1.923251
0.342084,0.436823,2.054553
0.409116,0.268190,2.052343
0.307789,0.170126,2.170911
0.508851,0.137635,2.001325
0.355191,-0.063044,2.194574
0.698422,-0.014336,2.038756
0.349230,-0.146042,2.038756
0.724673,-0.249256,2.086087
0.329122,-0.187927,2.081800
0.727021,-0.315009,1.996002
0.463710,-0.073390,2.161649
0.475069,-0.139840,2.185959
0.436192,-0.193306,2.231643
0.530184,-0.190458,2.169530
0.382850,-0.646881,2.106369
0.422747,-0.540947,2.034015
0.440394,-0.845286,2.129040
0.549899,-0.802967,1.965783
0.408541,-0.885520,2.096841
0.504744,-0.849388,1.923889
0.334927,0.458045,2.053884
0.401716,0.289357,2.053354
0.298247,0.189386,2.170218
0.499227,0.155447,1.999644
0.344407,-0.049207,2.192101
0.677790,-0.007047,2.034143
0.331032,-0.149676,2.034143
0.694997,-0.238080,2.097980
0.307126,-0.198662,2.099522
0.699463,-0.305469,1.989783
0.450945,-0.053364,2.155034
0.460940,-0.119640,2.178021
0.421622,-0.172904,2.223131
0.514816,-0.170836,2.160211
0.380029,-0.636411,2.108718
0.421493,-0.538547,2.032048
0.441510,-0.845743,2.130044
0.548666,-0.801323,1.966387
0.410133,-0.886491,2.097569
0.503384,-0.847337,1.923633
0.328338,0.478624,2.053140
0.394440,0.310865,2.054345
0.288517,0.208244,2.169311
0.489781,0.173889,1.997925
0.332153,-0.035005,2.189090
0.657562,0.000528,2.029312
0.312716,-0.152352,2.029312
0.666355,-0.226738,2.107793
0.285566,-0.207926,2.114064
0.672616,-0.295316,1.982286
0.437703,-0.032613,2.147443
0.446165,-0.098693,2.168761
0.405902,-0.151853,2.212811
0.498884,-0.150369,2.149387
0.376978,-0.611989,2.102850
0.418509,-0.532649,2.026322
0.440380,-0.840720,2.131159
0.541900,-0.795821,1.963327
0.410166,-0.884472,2.097798
0.496043,-0.840879,1.918845
0.322232,0.498031,2.052236
0.387879,0.330911,2.055291
0.279258,0.225814,2.168283
0.481171,0.191161,1.996357
0.320310,-0.021515,2.186334
0.638901,0.007646,2.024748
0.295363,-0.154642,2.024748
0.640336,-0.216087,2.116310
0.265610,-0.216183,2.126467
0.647955,-0.285715,1.974849
0.425312,-0.013144,2.139959
0.432281,-0.079047,2.159582
0.391067,-0.132297,2.202614
0.483961,-0.131207,2.138678
0.374015,-0.587691,2.096562
0.414847,-0.524698,2.019340
0.436608,-0.830163,2.133474
0.531399,-0.788050,1.957650
0.409322,-0.872691,2.095982
0.484931,-0.831972,1.911039
0.316575,0.516039,2.051182
0.381790,0.349579,2.056095
0.270479,0.242028,2.166814
0.473208,0.207400,1.994782
0.308477,-0.008687,2.183429
0.621610,0.014360,2.020318
0.278675,-0.156684,2.020318
0.616717,-0.206034,2.123424
0.247115,-0.223586,2.137013
0.625343,-0.276660,1.967458
0.413553,0.005089,2.132406
0.419053,-0.060652,2.150257
0.376809,-0.114070,2.192158
0.469733,-0.113210,2.127765
0.371066,-0.564323,2.090200
0.410899,-0.515773,2.011337
0.432427,-0.819132,2.135889
0.517275,-0.778071,1.948962
0.407233,-0.859147,2.093827
0.470310,-0.820732,1.899879
0.311272,0.532631,2.049821
0.376138,0.366688,2.056481
0.262020,0.257813,2.165163
0.465832,0.222487,1.993090
0.296407,0.004176,2.179981
0.605335,0.020967,2.015787
0.262623,-0.158605,2.015787
0.595233,-0.196662,2.129287
0.229551,-0.230384,2.145597
0.604093,-0.267901,1.959653
0.402187,0.022349,2.124394
0.406133,-0.043153,2.140287
0.362698,-0.096717,2.180780
0.455867,-0.096128,2.116283
0.365111,-0.542611,2.089766
0.406738,-0.506222,2.002418
0.426204,-0.810052,2.142206
0.501442,-0.766832,1.938273
0.403998,-0.849324,2.096190
0.454024,-0.808178,1.886644
0.305830,0.548034,2.047343
0.370445,0.382387,2.055811
0.252888,0.273220,2.162100
0.458464,0.236698,1.990391
0.283135,0.017130,2.175080
0.589186,0.027196,2.010194
0.246418,-0.160344,2.010194
0.575199,-0.187835,2.133649
0.212811,-0.236593,2.152296
0.584620,-0.259617,1.951470
0.390104,0.039110,2.114190
0.392209,-0.026065,2.127569
0.347300,-0.080048,2.166458
0.441009,-0.079556,2.101725
0.358908,-0.521907,2.088585
0.402032,-0.494080,1.990331
0.419030,-0.800108,2.148468
0.488504,-0.760704,1.928919
0.399608,-0.838322,2.098502
0.440742,-0.801913,1.875289
0.300765,0.562203,2.044618
0.365040,0.396720,2.054664
0.244173,0.287364,2.158794
0.451602,0.249713,1.987493
0.270046,0.029181,2.169637
0.574192,0.032925,2.004568
0.231198,-0.161830,2.004568
0.557062,-0.179660,2.137033
0.196991,-0.242143,2.157286
0.567021,-0.251939,1.943478
0.378779,0.054382,2.104021
0.379104,-0.010527,2.114874
0.332755,-0.065037,2.152192
0.427087,-0.064562,2.087285
0.354001,-0.501433,2.080945
0.397521,-0.482173,1.977998
0.412685,-0.789443,2.150962
0.475712,-0.755056,1.919446
0.392345,-0.819354,2.095505
0.427612,-0.796256,1.863977
0.295828,0.575290,2.041238
0.359825,0.409905,2.052875
0.235471,0.300587,2.154708
0.445038,0.261817,1.984066
0.257194,0.040455,2.163657
0.559666,0.038291,1.998088
0.216390,-0.163115,1.998088
0.540442,-0.171795,2.139083
0.181973,-0.247075,2.160495
0.551168,-0.244899,1.935524
0.367749,0.068477,2.092877
0.366226,0.003802,2.100881
0.318138,-0.051212,2.135918
0.413655,-0.050824,2.071943
0.349235,-0.482395,2.072828
0.391433,-0.471154,1.964112
0.406117,-0.778673,2.152828
0.463678,-0.750566,1.910158
0.384755,-0.800410,2.091616
0.415451,-0.791230,1.853012
0.291019,0.587393,2.037056
0.354664,0.422092,2.050218
0.226786,0.313074,2.149392
0.438616,0.273012,1.979819
0.244763,0.051080,2.157271
0.545716,0.043186,1.990871
0.202070,-0.164146,1.990871
0.525075,-0.164395,2.139621
0.167945,-0.251293,2.162079
0.536769,-0.238545,1.927396
0.357024,0.081315,2.080960
0.353655,0.016783,2.085979
0.304135,-0.038867,2.119267
0.400374,-0.038431,2.055272
0.343872,-0.464546,2.063457
0.385443,-0.460508,1.950132
0.398848,-0.767590,2.153751
0.451503,-0.746435,1.900313
0.376240,-0.781318,2.086280
0.403209,-0.786864,1.841548
