0.123660,0.456121,3.345389
0.132531,0.260134,3.414729
-0.053912,0.152126,3.379313
0.308383,0.147057,3.391387
-0.116761,-0.121222,3.357489
0.360897,-0.121793,3.353266
-0.125862,-0.336361,3.353266
0.347975,-0.357645,3.248831
-0.124615,-0.406777,3.210932
0.319836,-0.443779,3.196547
0.120236,-0.098058,3.393543
0.120429,-0.154480,3.332123
0.036761,-0.231376,3.308945
0.200100,-0.234818,3.316767
-0.010157,-0.739889,3.148511
0.202317,-0.775928,3.312289
0.008808,-1.102393,3.104336
0.161155,-1.141987,3.290504
-0.015825,-1.157517,3.038055
0.173669,-1.194095,3.238175
0.124338,0.460169,3.305670
0.133099,0.263014,3.371148
-0.052896,0.154683,3.338089
0.308581,0.150557,3.352275
-0.116005,-0.119176,3.318193
0.362265,-0.120029,3.320929
-0.125551,-0.334846,3.320929
0.349152,-0.354957,3.211007
-0.124660,-0.404973,3.172019
0.322754,-0.441690,3.168400
0.120992,-0.095054,3.353072
0.121348,-0.151879,3.292324
0.037626,-0.228341,3.268703
0.201224,-0.232623,3.278729
-0.003077,-0.731857,3.108829
0.202274,-0.775328,3.291671
0.017553,-1.086501,3.036052
0.161637,-1.141817,3.289158
-0.000191,-1.135999,2.961512
0.174214,-1.193124,3.235480
0.118180,0.468275,3.246295
0.128666,0.269629,3.305321
-0.055991,0.160384,3.275159
0.303958,0.158233,3.288468
-0.118925,-0.112019,3.245270
0.361615,-0.112409,3.258075
-0.128146,-0.327014,3.258075
0.349500,-0.342680,3.134760
-0.126007,-0.397141,3.096308
0.325773,-0.432137,3.108363
0.118612,-0.088424,3.288032
0.119244,-0.145542,3.227575
0.035985,-0.222152,3.204433
0.199516,-0.225849,3.214463
0.004469,-0.721741,3.056042
0.206182,-0.761464,3.204333
0.025609,-1.071879,2.970238
0.166227,-1.134168,3.261485
0.013570,-1.116476,2.889197
0.178270,-1.181921,3.201856
0.117306,0.484321,3.125091
0.128241,0.284240,3.172091
-0.055880,0.172871,3.145258
0.302802,0.173761,3.141773
-0.116867,-0.097021,3.107116
0.376796,-0.047224,2.986656
-0.127095,-0.309055,2.986656
0.318306,-0.173243,2.989973
-0.125842,-0.378460,2.948928
0.263771,-0.220974,2.696593
0.119947,-0.073109,3.144217
0.119360,-0.129617,3.082366
0.036550,-0.206593,3.059789
0.199280,-0.208397,3.064957
0.013935,-0.709958,2.958550
0.207793,-0.712229,2.978474
0.034223,-1.060547,2.904693
0.173167,-1.117651,3.132330
0.026286,-1.100932,2.818213
0.182676,-1.162107,3.063792
0.118780,0.497877,3.019280
0.129028,0.296753,3.059285
-0.054152,0.183758,3.033900
0.302811,0.186930,3.017892
-0.114549,-0.084433,2.993159
0.388869,-0.019608,2.859795
-0.125929,-0.294341,2.859795
0.307202,-0.135216,2.872287
-0.125323,-0.363289,2.829886
0.252617,-0.177134,2.609089
0.121989,-0.060456,3.023772
0.120265,-0.116524,2.960952
0.037795,-0.193567,2.938848
0.199785,-0.194083,2.940796
0.021231,-0.696950,2.861274
0.209644,-0.684537,2.849775
0.041572,-1.050272,2.845002
0.179365,-1.102217,3.013141
0.036949,-1.087058,2.754486
0.186395,-1.144212,2.937563
0.123718,0.509507,2.919695
0.132759,0.307533,2.955538
-0.050412,0.193413,2.938055
0.305240,0.199895,2.906762
-0.111036,-0.073154,2.897787
0.404902,0.018220,2.709555
-0.124580,-0.281359,2.709555
0.293940,-0.057147,2.774903
-0.124142,-0.350741,2.731496
0.225465,-0.077789,2.445421
0.125486,-0.049419,2.917089
0.122028,-0.105248,2.854110
0.039569,-0.182637,2.835761
0.200924,-0.181469,2.828642
0.025212,-0.681446,2.761925
0.212751,-0.656366,2.721477
0.047369,-1.039811,2.787113
0.184697,-1.087662,2.904331
0.045014,-1.073494,2.693700
0.188775,-1.128111,2.823380
0.128492,0.519108,2.835993
0.136685,0.316598,2.868479
-0.047001,0.201593,2.858455
0.307667,0.211040,2.814711
-0.107621,-0.063420,2.818042
0.418020,0.049484,2.586623
-0.123232,-0.270247,2.586623
0.271224,0.012599,2.693874
-0.123110,-0.340217,2.649626
0.204753,-0.000341,2.320483
0.128922,-0.040013,2.827770
0.123811,-0.095592,2.764776
0.041203,-0.173338,2.749811
0.202077,-0.170807,2.735119
0.027874,-0.667647,2.676197
0.215475,-0.633417,2.618056
0.052075,-1.029056,2.730206
0.189575,-1.074408,2.807256
0.051367,-1.060053,2.634819
0.190848,-1.113709,2.722174
0.134267,0.527960,2.759498
0.140661,0.324544,2.791888
-0.042692,0.209466,2.788208
0.311132,0.221316,2.733053
-0.104088,-0.055052,2.749138
0.429826,0.077737,2.480331
-0.121612,-0.260259,2.480331
0.252247,0.075491,2.622817
-0.121966,-0.330583,2.576503
0.182361,0.066302,2.220899
0.132494,-0.031603,2.749570
0.125798,-0.086931,2.686703
0.042887,-0.165172,2.675708
0.203613,-0.161272,2.652283
0.028755,-0.652037,2.595617
0.217976,-0.614152,2.532488
0.055132,-1.013625,2.664657
0.193916,-1.062253,2.721401
0.055203,-1.042356,2.568393
0.192496,-1.100957,2.633189
0.140127,0.535474,2.691634
0.144238,0.333375,2.720623
-0.038024,0.216550,2.725474
0.313074,0.225309,2.657804
-0.100127,-0.047406,2.685863
0.438879,0.105677,2.386750
-0.119336,-0.250984,2.386750
0.235061,0.132070,2.557328
-0.119946,-0.321845,2.509547
0.163180,0.124747,2.138685
0.135739,-0.025028,2.677350
0.127453,-0.080738,2.614639
0.044581,-0.158606,2.606963
0.204600,-0.154417,2.577835
0.030132,-0.637984,2.526002
0.220210,-0.598878,2.460509
0.058157,-1.005596,2.610680
0.197643,-1.052501,2.645971
0.059109,-1.033077,2.513533
0.193511,-1.090917,2.555344
0.145042,0.541907,2.633945
0.147379,0.340981,2.659691
-0.033995,0.222582,2.671341
0.314684,0.228998,2.593918
-0.096775,-0.040793,2.631510
0.446460,0.128731,2.308310
-0.117441,-0.243007,2.308310
0.220865,0.180447,2.501206
-0.118181,-0.314430,2.452337
0.146553,0.176026,2.068179
0.138482,-0.019358,2.616142
0.128858,-0.075403,2.553592
0.046003,-0.152982,2.548598
0.205449,-0.148510,2.514832
0.031619,-0.626074,2.466668
0.222009,-0.585575,2.398134
0.060669,-0.998601,2.562611
0.201011,-1.043847,2.579792
0.062321,-1.024979,2.464788
0.194488,-1.082072,2.487251
0.149158,0.547795,2.583784
0.150172,0.347841,2.606636
-0.030603,0.227770,2.624150
0.315936,0.232630,2.538187
-0.093950,-0.034939,2.584027
0.453119,0.148673,2.239877
-0.115865,-0.236048,2.239877
0.208009,0.223896,2.452129
-0.116672,-0.307930,2.402529
0.130964,0.222800,2.010449
0.140872,-0.014281,2.563025
0.130044,-0.070618,2.500672
0.047202,-0.148009,2.497984
0.206136,-0.143168,2.460110
0.033053,-0.615800,2.415283
0.223492,-0.573620,2.342305
0.062813,-0.992401,2.519823
0.204089,-1.036017,2.521692
0.064950,-1.017786,2.421476
0.195373,-1.074112,2.427657
0.152646,0.553299,2.539338
0.152680,0.354248,2.559373
-0.027728,0.232300,2.582073
0.316991,0.236238,2.489093
-0.091529,-0.029852,2.541696
0.459049,0.167015,2.179076
-0.114581,-0.229989,2.179076
0.195808,0.265017,2.408628
-0.115457,-0.302205,2.358349
0.116775,0.265502,1.968693
0.142979,-0.009657,2.515918
0.131121,-0.066255,2.453744
0.048296,-0.143519,2.452941
0.206779,-0.138303,2.411726
0.034423,-0.606749,2.369913
0.225045,-0.562798,2.292221
0.064630,-0.986782,2.481092
0.206872,-1.028839,2.470488
0.067131,-1.011300,2.382315
0.196254,-1.066845,2.375175
0.155642,0.558172,2.499652
0.154838,0.359835,2.517375
-0.025282,0.236331,2.544344
0.317952,0.239646,2.445227
-0.089480,-0.025314,2.503727
0.464236,0.184293,2.126123
-0.113523,-0.224606,2.126123
0.184701,0.301963,2.369566
-0.114450,-0.297086,2.318657
0.104402,0.302315,1.943271
0.144737,-0.005496,2.473754
0.132009,-0.062252,2.411670
0.049190,-0.139447,2.412482
0.207322,-0.133861,2.368202
0.035697,-0.598876,2.329689
0.226759,-0.553309,2.249233
0.066168,-0.981773,2.446492
0.209337,-1.022442,2.425070
0.068982,-1.005518,2.347287
0.197072,-1.060355,2.328574
0.158383,0.562664,2.463872
0.156749,0.364894,2.479474
-0.023044,0.239925,2.510170
0.318886,0.242664,2.405724
-0.087507,-0.021254,2.469478
0.468678,0.201127,2.081924
-0.112433,-0.219799,2.081924
0.175332,0.334497,2.334434
-0.113282,-0.292648,2.283209
0.094248,0.333916,1.932671
0.146432,-0.001685,2.435677
0.132932,-0.058653,2.373699
0.050141,-0.135782,2.375991
0.207971,-0.129887,2.329134
0.036889,-0.591777,2.293391
0.228684,-0.545237,2.213974
0.067517,-0.977177,2.415442
0.211531,-1.016689,2.384444
0.070621,-1.000219,2.315807
0.197839,-1.054470,2.286780
0.161015,0.566689,2.432024
0.158543,0.369432,2.445367
-0.020817,0.243101,2.479666
0.319838,0.245043,2.371116
-0.085493,-0.017661,2.438991
0.472380,0.216785,2.047571
-0.111122,-0.215685,2.047571
0.168010,0.361283,2.303527
-0.111861,-0.288878,2.252402
0.086872,0.358419,1.934530
0.148218,0.001761,2.402121
0.134015,-0.055520,2.340340
0.051264,-0.132569,2.343902
0.208820,-0.126446,2.295252
0.037968,-0.585194,2.260892
0.230785,-0.538852,2.187434
0.068728,-0.973017,2.387600
0.213499,-1.011554,2.347781
0.072057,-0.995454,2.287510
0.198538,-1.049168,2.248950
0.163529,0.570084,2.404142
0.160262,0.373549,2.415479
-0.018636,0.245875,2.452844
0.320771,0.246483,2.341564
-0.083543,-0.014488,2.411971
0.475513,0.229854,2.022709
-0.109584,-0.212120,2.022709
0.161723,0.379127,2.276414
-0.110329,-0.285730,2.224699
0.082724,0.370667,1.941704
0.150042,0.004688,2.373431
0.135228,-0.052970,2.311898
0.052526,-0.129912,2.316448
0.209863,-0.123695,2.266660
0.038910,-0.579099,2.232547
0.233045,-0.534243,2.169589
0.069838,-0.969253,2.362523
0.215291,-1.006837,2.314644
0.073278,-0.991220,2.261998
0.199167,-1.044309,2.214890
0.165980,0.572737,2.380734
0.161920,0.377121,2.390451
-0.016520,0.248205,2.430049
0.321630,0.247134,2.317672
-0.081562,-0.011784,2.388954
0.478129,0.239864,2.008401
-0.107751,-0.209305,2.008401
0.163785,0.388715,2.253778
-0.108542,-0.283346,2.201581
0.084385,0.381304,1.952256
0.151910,0.007042,2.350049
0.136595,-0.051026,2.288753
0.053969,-0.127840,2.293888
0.211107,-0.121617,2.243798
0.039704,-0.573538,2.208765
0.235341,-0.531359,2.159966
0.070832,-0.965856,2.339840
0.216919,-1.002481,2.285124
0.074244,-0.987514,2.239002
0.199731,-1.039875,2.184760
0.168221,0.575173,2.358950
0.163441,0.379852,2.368724
-0.014678,0.250426,2.408643
0.323391,0.248607,2.296841
-0.079915,-0.009515,2.368602
0.479952,0.232183,2.014572
-0.106031,-0.207274,2.014572
0.190923,0.339892,2.235120
-0.106604,-0.281734,2.183305
0.112342,0.326352,1.960935
0.153644,0.009208,2.330534
0.138038,-0.049122,2.269463
0.055387,-0.125813,2.274235
0.212542,-0.119898,2.225955
0.040263,-0.568604,2.189414
0.237512,-0.530102,2.156747
0.071635,-0.962845,2.319300
0.218369,-0.998514,2.259347
0.074976,-0.984248,2.218275
0.200311,-1.035762,2.158669
0.170364,0.577101,2.340770
0.164934,0.381901,2.350827
-0.012916,0.252297,2.390461
0.325428,0.249600,2.280687
-0.078436,-0.007716,2.351726
0.480583,0.218111,2.032801
-0.104332,-0.205800,2.032801
0.227908,0.267051,2.220543
-0.104593,-0.280799,2.169647
0.154552,0.240609,1.982047
0.155340,0.010996,2.315346
0.139546,-0.047575,2.254619
0.056832,-0.124176,2.258819
0.214127,-0.118701,2.212833
0.040584,-0.564319,2.174464
0.239349,-0.530279,2.158705
0.072242,-0.960212,2.300831
0.219647,-0.994966,2.237404
0.075402,-0.981469,2.199804
0.200859,-1.032026,2.136717
0.172329,0.578625,2.324862
0.166507,0.383348,2.335440
-0.011252,0.253915,2.374499
0.327622,0.250004,2.268216
-0.077027,-0.006154,2.337072
0.479194,0.194173,2.062499
-0.102785,-0.204565,2.062499
0.266534,0.176438,2.208243
-0.102776,-0.280218,2.158619
0.201389,0.133006,2.018682
0.157009,0.012448,2.302932
0.141148,-0.046323,2.242622
0.058281,-0.122849,2.246109
0.215887,-0.117937,2.202914
0.040618,-0.560685,2.162945
0.240812,-0.531701,2.164014
0.072686,-0.957910,2.284297
0.220719,-0.991807,2.219022
0.075630,-0.979070,2.183389
0.201390,-1.028578,2.118538
