-0.282525,0.777834,2.219981
-0.241743,0.580955,2.240356
-0.446306,0.443763,2.262924
-0.035106,0.472028,2.225084
-0.533189,0.164625,2.296443
0.123814,0.194702,2.218674
-0.548748,-0.094804,2.218674
0.164467,-0.052922,2.250156
-0.542403,-0.118484,2.244131
0.161228,-0.097873,2.132751
-0.209062,0.192173,2.254291
-0.205668,0.123238,2.194385
-0.292627,0.026234,2.179326
-0.105369,0.039464,2.180537
-0.281653,-0.476501,2.115360
-0.018113,-0.464062,2.079791
-0.216998,-0.832064,2.076579
0.088365,-0.777117,2.067502
-0.245319,-0.881955,2.058564
0.143318,-0.826694,2.049103
-0.282025,0.774411,2.203748
-0.238130,0.578386,2.225110
-0.442266,0.441988,2.254108
-0.031769,0.469693,2.204771
-0.526250,0.163526,2.290441
0.130960,0.191396,2.195220
-0.539152,-0.096310,2.195220
0.169858,-0.056588,2.247983
-0.533294,-0.120247,2.241233
0.166047,-0.100255,2.117197
-0.203181,0.191060,2.242292
-0.200868,0.122077,2.184158
-0.287496,0.024937,2.171523
-0.100340,0.038584,2.168846
-0.277052,-0.476119,2.110862
-0.004601,-0.461387,2.061171
-0.216161,-0.832418,2.081159
0.117830,-0.772443,2.044355
-0.249590,-0.882720,2.069834
0.170470,-0.821001,2.026076
-0.281156,0.770701,2.187889
-0.234124,0.575542,2.210196
-0.437747,0.440022,2.245648
-0.028012,0.466913,2.184386
-0.518151,0.162165,2.285271
0.138615,0.187652,2.171547
-0.527215,-0.098131,2.171547
0.175668,-0.060733,2.247834
-0.522457,-0.121669,2.240372
0.171223,-0.102871,2.101684
-0.196758,0.189566,2.230352
-0.195596,0.120511,2.174306
-0.281733,0.023203,2.164233
-0.094974,0.037398,2.157628
-0.272051,-0.475799,2.107969
0.007807,-0.459056,2.044646
-0.215038,-0.834632,2.084230
0.144758,-0.768779,2.023962
-0.251165,-0.884747,2.074888
0.194799,-0.816157,2.005571
-0.279525,0.765983,2.171231
-0.228563,0.571460,2.193664
-0.429908,0.436335,2.235648
-0.022916,0.462963,2.161965
-0.508257,0.160669,2.281054
0.147806,0.182832,2.145509
-0.512195,-0.099969,2.145509
0.182113,-0.065821,2.250104
-0.508427,-0.123057,2.242059
0.178353,-0.109747,2.083711
-0.188924,0.187340,2.217671
-0.189109,0.118208,2.164308
-0.274541,0.020747,2.157401
-0.088409,0.035520,2.145951
-0.266355,-0.475724,2.106849
0.019466,-0.456992,2.029947
-0.214429,-0.837331,2.088205
0.169387,-0.766097,2.006016
-0.252896,-0.887175,2.079989
0.216772,-0.812348,1.987198
-0.275621,0.757678,2.150215
-0.219181,0.564729,2.172681
-0.417585,0.430510,2.223806
-0.015483,0.456722,2.134145
-0.491540,0.158418,2.278309
0.159412,0.176871,2.114244
-0.487551,-0.102067,2.114244
0.191144,-0.072102,2.257629
-0.486192,-0.123930,2.249418
0.188524,-0.118185,2.062358
-0.177046,0.183037,2.202991
-0.178927,0.113693,2.153490
-0.262742,0.016253,2.151205
-0.079283,0.031955,2.133691
-0.257586,-0.476900,2.110221
0.031872,-0.455488,2.016788
-0.214896,-0.840875,2.093344
0.192232,-0.764835,1.990468
-0.255357,-0.890197,2.085435
0.236810,-0.810423,1.970856
-0.270397,0.747122,2.127151
-0.207877,0.556409,2.150042
-0.403187,0.423988,2.211697
-0.005950,0.447849,2.102696
-0.470083,0.157970,2.275517
0.173698,0.168592,2.078105
-0.452683,-0.099912,2.078105
0.202947,-0.080254,2.269747
-0.448188,-0.128501,2.266343
0.201401,-0.128546,2.039927
-0.163430,0.177637,2.188476
-0.166749,0.107840,2.143380
-0.248258,0.010647,2.146343
-0.068160,0.026956,2.122367
-0.244936,-0.479672,2.119140
0.045486,-0.454990,2.005474
-0.215882,-0.843352,2.105057
0.213259,-0.765396,1.977224
-0.259554,-0.890850,2.096357
0.254651,-0.810816,1.956536
-0.264715,0.735958,2.104443
-0.196171,0.547681,2.127846
-0.386637,0.416323,2.199027
0.003433,0.438875,2.072972
-0.443785,0.155716,2.274640
0.187277,0.160682,2.044328
-0.414666,-0.099979,2.044328
0.214760,-0.088183,2.284333
-0.407770,-0.136112,2.286181
0.213638,-0.135707,2.018865
-0.148336,0.171364,2.173665
-0.152796,0.101047,2.133283
-0.232604,0.004495,2.142067
-0.054474,0.021006,2.110476
-0.231359,-0.483193,2.130014
0.058947,-0.455189,1.995951
-0.214710,-0.846202,2.119906
0.232511,-0.767266,1.965926
-0.262260,-0.891966,2.108841
0.270497,-0.812926,1.943992
-0.258101,0.723548,2.081452
-0.184329,0.538330,2.106314
-0.369613,0.408044,2.186764
0.012743,0.429507,2.044649
-0.415994,0.152235,2.275286
0.200388,0.152801,2.012263
-0.374880,-0.101110,2.012263
0.227331,-0.096219,2.300650
-0.377700,-0.141740,2.300115
0.226773,-0.143345,1.998271
-0.132797,0.164567,2.159411
-0.137923,0.093625,2.123806
-0.215388,-0.002428,2.138580
-0.040237,0.014703,2.099386
-0.216612,-0.486744,2.142364
0.072297,-0.455921,1.988036
-0.209583,-0.849378,2.139302
0.249876,-0.770278,1.956561
-0.262138,-0.893682,2.123693
0.284161,-0.816673,1.933301
-0.251492,0.709216,2.058315
-0.171667,0.526362,2.084219
-0.352538,0.399223,2.175282
0.022434,0.418443,2.016820
-0.388120,0.148381,2.276488
0.212921,0.144859,1.982491
-0.332332,-0.101596,1.982491
0.241006,-0.104350,2.318021
-0.346309,-0.147133,2.314785
0.240807,-0.151542,1.978575
-0.114960,0.155640,2.146143
-0.119424,0.083497,2.115941
-0.192105,-0.012256,2.137137
-0.023708,0.006471,2.090905
-0.196967,-0.490614,2.157923
0.085673,-0.456261,1.981534
-0.192127,-0.853118,2.165928
0.265513,-0.776955,1.950695
-0.251713,-0.897106,2.146943
0.295157,-0.823568,1.925610
-0.245161,0.694742,2.036686
-0.159799,0.514656,2.063957
-0.335583,0.389426,2.164585
0.031466,0.407675,1.991499
-0.362069,0.144687,2.277989
0.224337,0.137455,1.955739
-0.291756,-0.100896,1.955739
0.253978,-0.111970,2.335755
-0.315545,-0.151711,2.329963
0.254752,-0.159854,1.960657
-0.097524,0.146347,2.134198
-0.100960,0.072978,2.109317
-0.168665,-0.022519,2.136623
-0.007252,-0.002098,2.083930
-0.177118,-0.494805,2.173896
0.098481,-0.456819,1.976507
-0.170394,-0.856509,2.193680
0.279312,-0.785010,1.946849
-0.237181,-0.900336,2.171862
0.304059,-0.832067,1.919849
-0.239500,0.679583,2.016438
-0.148756,0.502714,2.045357
-0.319410,0.379403,2.154881
0.039905,0.396919,1.968474
-0.337844,0.141072,2.279610
0.235025,0.130058,1.931642
-0.255072,-0.100182,1.931642
0.266414,-0.119573,2.351948
-0.286587,-0.155966,2.344485
0.268383,-0.168185,1.944809
-0.080624,0.136645,2.123690
-0.082575,0.061932,2.104107
-0.145502,-0.033068,2.137138
0.009361,-0.011291,2.078710
-0.155660,-0.499570,2.190586
0.110945,-0.458054,1.973533
-0.147073,-0.859654,2.220690
0.291651,-0.794550,1.944188
-0.220691,-0.903430,2.196643
0.311323,-0.842326,1.915264
-0.234863,0.660314,1.997045
-0.138339,0.487671,2.027993
-0.303966,0.367947,2.146425
0.047774,0.384783,1.947464
-0.315927,0.137335,2.281035
0.245152,0.122169,1.910243
-0.221909,-0.099742,1.910243
0.279248,-0.127375,2.366080
-0.259405,-0.160054,2.357886
0.283310,-0.177628,1.932236
-0.063430,0.125733,2.114548
-0.063311,0.049694,2.100356
-0.120302,-0.045345,2.139449
0.027127,-0.021533,2.075059
-0.134189,-0.503343,2.206796
0.123478,-0.459686,1.971611
-0.127544,-0.868256,2.242886
0.301585,-0.805771,1.944229
-0.202925,-0.912878,2.216300
0.315837,-0.854734,1.913501
-0.230953,0.641376,1.979778
-0.128899,0.472825,2.012486
-0.289465,0.356080,2.139031
0.054886,0.372440,1.928738
-0.287281,0.125692,2.287164
0.254488,0.114323,1.891408
-0.186417,-0.105725,1.891408
0.291718,-0.135298,2.386075
-0.230079,-0.168466,2.375597
0.298710,-0.187444,1.922113
-0.045596,0.113231,2.106566
-0.042514,0.035583,2.097806
-0.094008,-0.059053,2.142334
0.046245,-0.032830,2.072681
-0.113512,-0.507351,2.222372
0.135368,-0.461478,1.970603
-0.108486,-0.877682,2.263688
0.310243,-0.818212,1.946584
-0.184762,-0.923482,2.234755
0.319044,-0.868401,1.914020
-0.227983,0.620173,1.964413
-0.120298,0.456736,1.998749
-0.274510,0.339871,2.132680
0.061333,0.359668,1.912166
-0.258672,0.110648,2.295722
0.263197,0.106126,1.874990
-0.152199,-0.114148,1.874990
0.304207,-0.143628,2.407812
-0.191867,-0.181340,2.404606
0.314516,-0.197809,1.914479
-0.028510,0.100244,2.099879
-0.022528,0.021334,2.096277
-0.069086,-0.072751,2.145617
0.064890,-0.044243,2.071440
-0.094575,-0.511032,2.236678
0.146468,-0.463354,1.970361
-0.089921,-0.887360,2.282829
0.317759,-0.831094,1.950663
-0.166180,-0.934634,2.251671
0.321346,-0.882464,1.916181
-0.226878,0.592306,1.951909
-0.112606,0.434662,1.987288
-0.260606,0.321750,2.128236
0.067102,0.342879,1.898236
-0.230686,0.092924,2.305458
0.271891,0.094850,1.862001
-0.120799,-0.123480,1.862001
0.319035,-0.154477,2.430796
-0.157226,-0.194734,2.434120
0.333421,-0.210560,1.912226
-0.011505,0.083166,2.096409
-0.002525,0.003205,2.098306
-0.044479,-0.089413,2.151760
0.083896,-0.059643,2.074586
-0.077393,-0.514487,2.249737
0.156872,-0.465377,1.970801
-0.070013,-0.899211,2.300813
0.323115,-0.844025,1.961044
-0.145216,-0.948597,2.267611
0.321337,-0.896704,1.924669
-0.226646,0.564292,1.941658
-0.105957,0.412533,1.977743
-0.246799,0.298988,2.125955
0.072163,0.326284,1.886477
-0.203605,0.072207,2.317590
0.279838,0.083572,1.851301
-0.091193,-0.134690,1.851301
0.333386,-0.164950,2.455437
-0.128068,-0.205088,2.459337
0.353260,-0.222424,1.913563
0.004101,0.066412,2.094170
0.015838,-0.014262,2.101066
-0.022063,-0.105337,2.158087
0.101487,-0.074556,2.078500
-0.061706,-0.517872,2.261724
0.166608,-0.467532,1.971852
-0.051144,-0.911034,2.317141
0.326944,-0.856767,1.972762
-0.124773,-0.962659,2.281959
0.320124,-0.910733,1.934492
-0.227427,0.535109,1.933833
-0.100353,0.389333,1.970408
-0.234251,0.276087,2.124894
0.076447,0.308804,1.877167
-0.182651,0.057353,2.325851
0.287096,0.072147,1.842974
-0.064848,-0.145175,1.842974
0.347601,-0.175014,2.478757
-0.101154,-0.214457,2.483776
0.374181,-0.234329,1.918561
0.019450,0.047501,2.094214
0.034145,-0.033887,2.106000
-0.000439,-0.122594,2.165507
0.119103,-0.091030,2.084682
-0.047363,-0.521313,2.272746
0.175753,-0.469857,1.973432
-0.031985,-0.923488,2.331922
0.329279,-0.868031,1.987171
-0.103447,-0.977546,2.294808
0.317679,-0.923264,1.947021
-0.228914,0.506064,1.928149
-0.095731,0.365725,1.965040
-0.222870,0.252130,2.125432
0.080056,0.291050,1.870049
-0.151266,0.026622,2.328936
0.293680,0.060336,1.837211
-0.044712,-0.150272,1.837211
0.361673,-0.184802,2.494409
-0.080803,-0.220591,2.500577
0.395118,-0.245504,1.926057
0.033438,0.028769,2.095385
0.050776,-0.052866,2.111451
0.019162,-0.139320,2.172924
0.135336,-0.107352,2.091653
-0.034328,-0.524862,2.282898
0.184652,-0.472973,1.975760
-0.013612,-0.935818,2.345087
0.329044,-0.879026,2.003304
-0.082636,-0.992320,2.306100
0.312885,-0.935557,1.961428
-0.231359,0.475206,1.924774
-0.092027,0.342276,1.961454
-0.213293,0.229009,2.127602
0.083041,0.272758,1.865180
-0.118813,-0.004317,2.326055
0.300235,0.046580,1.835351
-0.026305,-0.154910,1.835351
0.376586,-0.195445,2.507498
-0.062465,-0.226203,2.514863
0.414873,-0.255781,1.934864
0.046037,0.010595,2.097507
0.065738,-0.070924,2.117288
0.036816,-0.155327,2.180444
0.150209,-0.123324,2.099214
-0.022537,-0.528524,2.292274
0.192940,-0.476339,1.978513
0.004008,-0.947868,2.356769
0.327784,-0.889024,2.020258
-0.062471,-1.006748,2.316017
0.307352,-0.946820,1.976839
-0.234071,0.446275,1.922861
-0.089153,0.318934,1.959544
-0.205076,0.206923,2.130732
0.085431,0.254382,1.862327
-0.089800,-0.032870,2.322938
0.306094,0.033174,1.835372
-0.009796,-0.159184,1.835372
0.390692,-0.205190,2.519449
-0.045807,-0.231319,2.527902
0.433527,-0.265200,1.944837
0.057525,-0.009647,2.101586
0.079476,-0.091068,2.124795
0.053099,-0.174295,2.189586
0.163935,-0.140848,2.108173
-0.011886,-0.532017,2.300833
0.200659,-0.479945,1.981646
0.024337,-0.959913,2.366029
0.325847,-0.890603,2.028936
-0.038995,-1.021055,2.323365
0.304463,-0.950643,1.984642
-0.237168,0.417197,1.923273
-0.087106,0.294952,1.959701
-0.198063,0.184165,2.135354
0.087179,0.235473,1.861753
-0.064361,-0.060203,2.321660
0.311548,0.019478,1.837950
0.004922,-0.163568,1.837950
0.404460,-0.215524,2.530339
-0.030773,-0.236293,2.539894
0.451352,-0.274004,1.955335
0.067895,-0.029125,2.106420
0.091888,-0.110083,2.132468
0.067729,-0.192238,2.198602
0.176511,-0.157364,2.117168
-0.002195,-0.535380,2.308709
0.207768,-0.483610,1.985036
0.043714,-0.971365,2.373575
0.323185,-0.890442,2.036759
-0.016458,-1.034633,2.329052
0.301283,-0.952718,1.991756
-0.240386,0.388931,1.925442
-0.085674,0.271214,1.961555
-0.190592,0.159639,2.140894
0.088473,0.216356,1.863303
-0.038151,-0.089114,2.318901
0.316392,0.006449,1.841840
0.018489,-0.168108,1.841840
0.417825,-0.224401,2.539996
-0.016817,-0.241293,2.550709
0.468063,-0.281716,1.965319
0.077412,-0.048585,2.112396
0.103322,-0.128743,2.140728
0.081189,-0.209937,2.208070
0.188029,-0.173222,2.126237
0.006700,-0.538754,2.315995
0.214251,-0.487128,1.988556
0.063069,-0.982046,2.379501
0.320025,-0.888910,2.043712
0.006184,-1.047251,2.333135
0.297897,-0.953317,1.998175
-0.243563,0.362474,1.928721
-0.084713,0.248634,1.964536
-0.183776,0.137008,2.146105
0.089373,0.198058,1.866192
-0.014806,-0.115149,2.316296
0.320625,-0.005752,1.846638
0.030501,-0.172394,1.846638
0.430741,-0.232609,2.548585
-0.004274,-0.245808,2.560453
0.483815,-0.288741,1.975258
0.085965,-0.067016,2.118716
0.113649,-0.146248,2.148885
0.093314,-0.226478,2.217193
0.198458,-0.188077,2.134984
0.014763,-0.542008,2.322637
0.220290,-0.490862,1.992303
0.081553,-0.991852,2.384266
0.316869,-0.887037,2.049959
0.027839,-1.058774,2.336163
0.295278,-0.952105,2.003278
-0.246710,0.337779,1.932949
-0.084099,0.227668,1.968228
-0.177789,0.115899,2.151592
0.090000,0.180789,1.870098
0.005948,-0.138446,2.314069
0.324646,-0.017343,1.852324
0.041024,-0.176426,1.852324
0.442700,-0.239871,2.556194
0.007001,-0.249909,2.569253
0.499420,-0.295361,1.985726
0.093510,-0.084005,2.124962
0.122797,-0.162250,2.156574
0.104071,-0.241713,2.225737
0.207836,-0.201744,2.143147
0.022051,-0.545130,2.328662
0.225802,-0.494549,1.996071
0.099028,-1.000898,2.388017
0.313473,-0.884388,2.055458
0.048264,-1.069320,2.338318
0.292672,-0.949698,2.007601
-0.249621,0.314813,1.938247
-0.083700,0.208072,1.972833
-0.172340,0.096555,2.156917
0.090436,0.164590,1.874905
0.023101,-0.159751,2.313428
0.328207,-0.028032,1.858424
0.048202,-0.180186,1.858424
0.454026,-0.246458,2.562948
0.015872,-0.253668,2.577291
0.513453,-0.301141,1.995474
0.100320,-0.099641,2.130988
0.131087,-0.176850,2.163645
0.113889,-0.255486,2.233387
0.216386,-0.214347,2.150558
0.028624,-0.548020,2.334062
0.230818,-0.498291,1.999797
0.115033,-1.009022,2.391159
0.310234,-0.880924,2.060070
0.066935,-1.078729,2.340015
0.290419,-0.949048,2.011666
-0.252328,0.294003,1.944190
-0.083522,0.190114,1.977960
-0.167430,0.078827,2.162332
0.090716,0.149639,1.880271
0.038286,-0.179104,2.312959
0.331361,-0.037770,1.864709
0.053482,-0.183702,1.864709
0.464457,-0.252316,2.568712
0.023173,-0.257100,2.584417
0.525955,-0.306134,2.004303
0.106373,-0.113819,2.136629
0.138500,-0.189985,2.170000
0.122705,-0.267884,2.240204
0.224082,-0.225728,2.157072
0.034612,-0.550779,2.338851
0.235279,-0.501531,2.003133
0.129969,-1.016569,2.393941
0.307017,-0.876888,2.063929
0.084264,-1.087381,2.341539
0.288294,-0.947865,2.015187
-0.254644,0.275003,1.951321
-0.083361,0.173709,1.983703
-0.162333,0.062717,2.167452
0.090910,0.135985,1.885994
0.051793,-0.196761,2.312605
0.335052,-0.046911,1.871173
0.056992,-0.186932,1.871173
0.474326,-0.257357,2.573445
0.028968,-0.260185,2.590595
0.537247,-0.310419,2.012165
0.112209,-0.126881,2.141681
0.145584,-0.202071,2.175471
0.130996,-0.279129,2.245988
0.231342,-0.236206,2.162501
0.040046,-0.553444,2.343071
0.239213,-0.504342,2.005994
0.143371,-1.023319,2.396000
0.303818,-0.872606,2.067103
0.099692,-1.095049,2.342509
0.285750,-0.946077,2.018186
-0.256642,0.257899,1.959006
-0.083262,0.158893,1.989765
-0.157626,0.048187,2.172312
0.091071,0.123598,1.891901
0.063994,-0.211811,2.312224
0.338504,-0.055141,1.877429
0.058949,-0.189913,1.877429
0.483413,-0.261748,2.577286
0.033390,-0.262964,2.595918
0.547432,-0.314180,2.019277
0.117452,-0.138653,2.146289
0.151935,-0.212913,2.180350
0.138443,-0.289208,2.251114
0.237857,-0.245627,2.167309
0.044932,-0.556469,2.346669
0.242810,-0.514953,2.010211
0.155613,-1.029629,2.398045
0.300577,-0.868118,2.069600
0.113715,-1.102143,2.343615
0.282799,-0.943590,2.020660
-0.258101,0.242583,1.967545
-0.083013,0.145494,1.996287
-0.153001,0.034736,2.178165
0.091367,0.112412,1.897894
0.074914,-0.223664,2.308290
0.341714,-0.062344,1.883120
0.058334,-0.189004,1.883120
0.491745,-0.265544,2.575272
0.035423,-0.262039,2.595931
0.556588,-0.317461,2.025709
0.122148,-0.149225,2.150473
0.157621,-0.222609,2.184700
0.145120,-0.298273,2.255713
0.243713,-0.254060,2.171547
0.049852,-0.563882,2.349159
0.245732,-0.525702,2.014084
0.158317,-1.024177,2.396911
0.297253,-0.863442,2.071326
0.112619,-1.093527,2.344724
0.277971,-0.938464,2.022450
-0.259141,0.229077,1.976511
-0.082710,0.133525,2.002984
-0.148715,0.022691,2.183777
0.091699,0.102353,1.903858
0.084764,-0.234468,2.305492
0.344736,-0.068791,1.888463
0.056450,-0.187272,1.888463
0.499370,-0.268875,2.571710
0.036207,-0.260231,2.594370
0.564848,-0.320362,2.031532
0.126363,-0.158722,2.154258
0.162735,-0.231304,2.188577
0.151124,-0.306437,2.259853
0.249009,-0.261727,2.175221
0.053596,-0.567514,2.351481
0.247919,-0.536192,2.017354
0.167072,-1.027184,2.398256
0.293725,-0.858576,2.072294
0.121884,-1.096476,2.345871
0.272484,-0.932940,2.024234
-0.259565,0.217531,1.986433
-0.082316,0.122874,2.009783
-0.144616,0.011873,2.189342
0.092135,0.093302,1.909723
0.093526,-0.243833,2.302484
0.347530,-0.074524,1.893467
0.053707,-0.184938,1.893467
0.506289,-0.271801,2.567032
0.036071,-0.257760,2.591608
0.572287,-0.322914,2.036810
0.130145,-0.167276,2.157694
0.167349,-0.239140,2.192060
0.156536,-0.313833,2.263590
0.253774,-0.268727,2.178454
0.056812,-0.570984,2.353349
0.249347,-0.546130,2.019968
0.175107,-1.029883,2.399396
0.290184,-0.853661,2.072680
0.130361,-1.099102,2.346851
0.268427,-0.929158,2.025996
-0.258674,0.208061,1.998033
-0.081345,0.113377,2.017115
-0.140242,0.002018,2.195240
0.093558,0.084753,1.915887
0.101549,-0.252026,2.299520
0.350633,-0.079855,1.898304
0.051040,-0.182496,1.898304
0.512740,-0.274507,2.562028
0.035829,-0.255126,2.588359
0.579091,-0.325283,2.041647
0.133533,-0.175060,2.160815
0.171460,-0.246307,2.195188
0.161277,-0.320761,2.266928
0.257819,-0.275721,2.180912
0.059421,-0.574141,2.354705
0.249914,-0.555461,2.021735
0.182706,-1.031988,2.400193
0.286735,-0.848824,2.072529
0.138355,-1.101069,2.347502
0.264465,-0.925403,2.027534
-0.256778,0.200266,2.010186
-0.079863,0.105052,2.024829
-0.135934,-0.006739,2.201200
0.095185,0.077031,1.921918
0.108719,-0.258996,2.296541
0.353618,-0.084589,1.902881
0.048100,-0.179781,1.902881
0.518550,-0.276934,2.556677
0.035171,-0.252171,2.584613
0.585232,-0.327375,2.046054
0.136578,-0.182140,2.163672
0.175117,-0.252845,2.198008
0.165439,-0.327156,2.269897
0.261309,-0.282290,2.182920
0.061398,-0.577154,2.355575
0.249951,-0.564360,2.022954
0.189511,-1.033844,2.400903
0.283351,-0.844111,2.071925
0.145492,-1.102774,2.348086
0.260599,-0.921705,2.028851
-0.253824,0.193935,2.022852
-0.077872,0.097730,2.032845
-0.130446,-0.015620,2.206931
0.097176,0.069985,1.927917
0.114812,-0.266501,2.294507
0.356652,-0.088736,1.907264
0.042892,-0.184457,1.907264
0.523825,-0.279117,2.551624
0.032485,-0.255956,2.581180
0.590775,-0.329238,2.050079
0.139351,-0.188655,2.166290
0.178365,-0.258890,2.200516
0.169079,-0.333247,2.272468
0.264275,-0.288605,2.184388
0.062696,-0.579943,2.355906
0.249530,-0.572776,2.023676
0.195634,-1.035251,2.401386
0.280084,-0.839541,2.070914
0.151913,-1.103949,2.348430
0.260847,-0.913871,2.029374
-0.249393,0.189114,2.036129
-0.075116,0.091417,2.041283
-0.124986,-0.023647,2.212565
0.099683,0.063565,1.934008
0.120004,-0.273261,2.292566
0.359939,-0.092388,1.911528
0.037182,-0.189822,1.911528
0.528774,-0.281114,2.546334
0.029168,-0.260402,2.577381
0.595477,-0.330466,2.053632
0.141881,-0.194586,2.168683
0.181265,-0.264406,2.202753
0.172261,-0.338901,2.274718
0.266829,-0.294530,2.185416
0.063259,-0.582493,2.355691
0.248749,-0.578209,2.023560
0.201107,-1.036139,2.401608
0.277671,-0.834926,2.069063
0.157618,-1.104486,2.348493
0.258303,-0.909414,2.028937
-0.243385,0.185668,2.049902
-0.071389,0.086018,2.050154
-0.119230,-0.030967,2.218466
0.103089,0.057587,1.940381
0.124316,-0.279344,2.290696
0.363566,-0.095557,1.915635
0.031099,-0.195799,1.915635
0.533242,-0.282983,2.540873
0.025327,-0.265453,2.573273
0.599988,-0.332007,2.056860
0.144180,-0.200006,2.170902
0.183831,-0.269457,2.204758
0.174999,-0.344217,2.276749
0.268930,-0.300421,2.185956
0.063125,-0.584805,2.354976
0.244562,-0.591204,2.016093
0.194061,-1.025472,2.397557
0.276560,-0.831630,2.069463
0.143576,-1.088595,2.348390
0.258457,-0.903703,2.029068
-0.234013,0.184044,2.065374
-0.066399,0.081460,2.059503
-0.112556,-0.038007,2.224741
0.107408,0.052040,1.947062
0.127970,-0.284936,2.288964
0.367612,-0.098248,1.919591
0.008616,-0.234484,1.919591
0.537294,-0.284718,2.498491
0.015290,-0.284439,2.552214
0.604092,-0.333428,2.059774
0.146310,-0.204997,2.172984
0.186134,-0.274110,2.206560
0.177335,-0.349232,2.278540
0.270699,-0.306080,2.186146
0.062411,-0.586858,2.353844
0.239632,-0.604236,2.007400
0.185367,-1.013717,2.393024
0.275689,-0.828597,2.069840
0.127969,-1.071937,2.348236
0.259036,-0.897976,2.028969
-0.222717,0.183476,2.081021
-0.059421,0.077541,2.069576
-0.105179,-0.044438,2.231101
0.112956,0.046932,1.954247
0.130884,-0.290085,2.287227
0.372281,-0.100479,1.923403
-0.012675,-0.269726,1.923403
0.540989,-0.286336,2.461213
0.004571,-0.303757,2.531432
0.607473,-0.334468,2.062203
0.148359,-0.209555,2.174987
0.188286,-0.278304,2.208224
0.179399,-0.353852,2.280250
0.272460,-0.311258,2.186123
0.061129,-0.588565,2.352323
0.237062,-0.609860,2.004256
0.175667,-1.001489,2.388265
0.274191,-0.824811,2.067758
0.111651,-1.055179,2.348021
0.257477,-0.893465,2.027763
-0.208419,0.184134,2.097736
-0.050013,0.074310,2.080670
-0.096874,-0.050131,2.238184
0.120011,0.042161,1.962033
0.133176,-0.294737,2.285574
0.378336,-0.102561,1.927387
-0.031511,-0.303681,1.927387
0.544520,-0.288050,2.424933
-0.014794,-0.345820,2.486152
0.610654,-0.335548,2.064449
0.150393,-0.213713,2.176972
0.190282,-0.282090,2.209756
0.181215,-0.358125,2.281882
0.274122,-0.316059,2.185886
0.055013,-0.594749,2.350797
0.234303,-0.614323,2.001020
0.165406,-0.989143,2.383431
0.272641,-0.821168,2.065335
0.095262,-1.038796,2.347691
0.255712,-0.889097,2.026208
-0.191039,0.185984,2.115268
-0.037639,0.071807,2.093125
-0.086036,-0.053511,2.248919
0.129754,0.037513,1.970723
0.134782,-0.300440,2.283499
0.384940,-0.104311,1.931194
-0.049495,-0.340465,1.931194
0.547766,-0.289724,2.389399
-0.027645,-0.375113,2.457080
0.613491,-0.336526,2.066405
0.152562,-0.217459,2.179018
0.192119,-0.285517,2.211161
0.182844,-0.362011,2.283411
0.275731,-0.320511,2.185463
0.048010,-0.600978,2.348920
0.230924,-0.616872,1.997309
0.155005,-0.977022,2.378661
0.271260,-0.817798,2.062765
0.079218,-1.023015,2.347162
0.253893,-0.884992,2.024551
-0.164322,0.189669,2.136464
-0.017342,0.070290,2.109573
-0.071296,-0.057951,2.259591
0.146017,0.032412,1.981877
0.136645,-0.304827,2.282059
0.396094,-0.106480,1.935024
-0.062423,-0.371625,1.935024
0.550933,-0.292099,2.357777
-0.037777,-0.401880,2.429517
0.616214,-0.338976,2.066992
0.156264,-0.221668,2.181731
0.194287,-0.289059,2.212496
0.184383,-0.366124,2.284770
0.277867,-0.325633,2.184559
0.038070,-0.606390,2.346632
0.220741,-0.622240,1.985009
0.144726,-0.965389,2.374069
0.267417,-0.818655,2.055938
0.063916,-1.008242,2.346612
0.248348,-0.884654,2.017063
-0.131231,0.194501,2.160438
0.005151,0.069604,2.126345
-0.055520,-0.061784,2.270673
0.163584,0.027662,1.993125
0.138266,-0.308755,2.280797
0.407817,-0.108619,1.938681
-0.072361,-0.400142,1.938681
0.553681,-0.294896,2.328387
-0.046156,-0.427574,2.402744
0.615879,-0.343422,2.067876
0.160310,-0.225584,2.184472
0.196446,-0.292333,2.213707
0.185840,-0.370020,2.285978
0.280024,-0.330542,2.183450
0.027999,-0.611656,2.344392
0.210031,-0.626481,1.972093
0.134577,-0.954329,2.369567
0.263125,-0.819943,2.048455
0.049419,-0.994624,2.346043
0.242026,-0.884699,2.008699
-0.097476,0.199240,2.183527
0.033000,0.069876,2.145361
-0.036521,-0.064515,2.283420
0.183972,0.023368,2.005048
0.139601,-0.312367,2.279691
0.419940,-0.110546,1.942078
-0.080417,-0.425901,1.942078
0.556185,-0.297628,2.301983
-0.053339,-0.451838,2.377573
0.616324,-0.346500,2.068813
0.166339,-0.229223,2.187602
0.199512,-0.295412,2.214796
0.187711,-0.373981,2.287020
0.283160,-0.335339,2.181626
0.023060,-0.615021,2.342404
0.199272,-0.629263,1.960015
0.124952,-0.944029,2.365366
0.258523,-0.821160,2.041213
0.036035,-0.982216,2.345488
0.235112,-0.884648,2.000483
-0.060008,0.205107,2.207013
0.062632,0.071015,2.164074
-0.014990,-0.065931,2.297479
0.205697,0.019502,2.017196
0.140757,-0.315796,2.278741
0.432576,-0.112331,1.945295
-0.087805,-0.448255,1.945295
0.559043,-0.300525,2.278091
-0.060129,-0.473917,2.353835
0.617032,-0.348382,2.069312
0.173852,-0.232396,2.190824
0.203418,-0.298159,2.215701
0.189900,-0.377812,2.287877
0.286880,-0.339813,2.179277
0.011048,-0.614298,2.339243
0.188932,-0.630735,1.948129
0.115900,-0.934450,2.361454
0.253739,-0.822349,2.033852
0.023790,-0.970962,2.344853
0.227807,-0.884545,1.992101
-0.016764,0.213115,2.231927
0.098522,0.074158,2.184880
0.014283,-0.061992,2.316541
0.233780,0.016513,2.031600
0.142083,-0.318719,2.277932
0.447863,-0.114387,1.948524
-0.092838,-0.467785,1.948524
0.561654,-0.303521,2.257042
-0.064961,-0.493691,2.332410
0.616636,-0.352141,2.069629
0.182649,-0.234955,2.194427
0.207821,-0.300468,2.216616
0.192114,-0.381257,2.288646
0.290615,-0.343859,2.176922
-0.000777,-0.612994,2.335930
0.179223,-0.629934,1.934556
0.107542,-0.925602,2.357851
0.251162,-0.821284,2.029024
0.012738,-0.960807,2.344175
0.223547,-0.882515,1.987139
0.025760,0.222496,2.255612
0.133210,0.077969,2.204471
0.042947,-0.057144,2.335411
0.261054,0.014341,2.045434
0.143362,-0.321355,2.277284
0.463422,-0.115939,1.951716
-0.097949,-0.484253,1.951716
0.564174,-0.306423,2.239503
-0.068979,-0.510939,2.313658
0.616901,-0.354337,2.069933
0.192946,-0.236538,2.198602
0.213181,-0.302046,2.217745
0.194574,-0.384017,2.289532
0.294552,-0.347385,2.174628
-0.011246,-0.611646,2.332537
0.170633,-0.628435,1.922192
0.100005,-0.917658,2.354636
0.246651,-0.821778,2.021279
0.002827,-0.951712,2.343538
0.216369,-0.881613,1.978367
0.068908,0.232535,2.277156
0.168167,0.082635,2.223373
0.071513,-0.051335,2.353864
0.288355,0.013023,2.059043
0.145779,-0.322397,2.277469
0.479136,-0.117153,1.954787
-0.101647,-0.498662,1.954787
0.566475,-0.309167,2.223760
-0.072017,-0.525859,2.297089
0.616798,-0.357976,2.069525
0.203798,-0.237584,2.202970
0.218921,-0.303196,2.218948
0.197092,-0.386425,2.290386
0.298511,-0.350519,2.172456
-0.025393,-0.607366,2.327287
0.163040,-0.626145,1.910385
0.093103,-0.910420,2.351711
0.244351,-0.820656,2.016405
-0.006107,-0.943542,2.342924
0.212216,-0.879643,1.973310
0.116998,0.244795,2.299546
0.206575,0.088365,2.243606
0.104689,-0.042654,2.376024
0.319436,0.013215,2.074464
0.148727,-0.322566,2.278176
0.495286,-0.118126,1.957878
-0.103874,-0.511266,1.957878
0.568638,-0.311811,2.209623
-0.074177,-0.539308,2.281936
0.615810,-0.362380,2.068856
0.218867,-0.236648,2.208023
0.228046,-0.302495,2.220219
0.200785,-0.387939,2.291056
0.305226,-0.352047,2.169340
-0.036974,-0.602644,2.322205
0.156813,-0.623499,1.901034
0.080443,-0.904581,2.348534
0.242382,-0.819489,2.011925
-0.013251,-0.936742,2.342224
0.208115,-0.876614,1.969975
0.160390,0.255815,2.319163
0.242192,0.093887,2.262175
0.136821,-0.033487,2.398025
0.348295,0.013684,2.088844
0.152008,-0.321957,2.279331
0.510939,-0.118887,1.960931
-0.104826,-0.522143,1.960931
0.570637,-0.314356,2.197108
-0.075663,-0.551412,2.268152
0.614501,-0.366887,2.067881
0.233466,-0.235432,2.213061
0.236945,-0.301538,2.221643
0.204533,-0.389071,2.291697
0.310765,-0.353500,2.166989
-0.047927,-0.597541,2.317050
0.151387,-0.620368,1.892031
0.067616,-0.899474,2.345488
0.240671,-0.818272,2.007798
-0.024905,-0.930808,2.339520
0.204584,-0.874373,1.966799
0.201817,0.265930,2.337526
0.276720,0.099164,2.280154
0.167015,-0.025207,2.417623
0.376426,0.014464,2.102941
0.155464,-0.321074,2.280619
0.525961,-0.119567,1.963867
-0.104765,-0.532251,1.963867
0.572368,-0.316851,2.185495
-0.076123,-0.563013,2.254908
0.612479,-0.371650,2.066349
0.248195,-0.233898,2.217860
0.246311,-0.300171,2.222880
0.208682,-0.389777,2.292095
0.317466,-0.354087,2.163948
-0.057803,-0.592254,2.312166
0.146544,-0.616967,1.884014
0.055683,-0.894925,2.342807
0.239195,-0.817018,2.004003
-0.035570,-0.925558,2.336840
0.201339,-0.872109,1.964057
0.241506,0.275461,2.355008
0.310006,0.104377,2.297216
0.195963,-0.017439,2.436426
0.403361,0.015399,2.116651
0.172149,-0.299533,2.342604
0.540303,-0.120222,1.966845
-0.092847,-0.531011,1.966845
0.573839,-0.319349,2.188493
-0.068989,-0.567742,2.251026
0.609724,-0.376671,2.064128
0.262776,-0.232106,2.222500
0.255730,-0.298517,2.224051
0.212940,-0.390142,2.292385
0.324136,-0.354286,2.160944
-0.066863,-0.586827,2.307475
0.142296,-0.613191,1.876637
0.044311,-0.890915,2.340359
0.237926,-0.815736,2.000523
-0.045632,-0.920983,2.334143
0.198348,-0.869822,1.961717
0.282420,0.284689,2.372959
0.343269,0.108822,2.314502
0.226086,-0.010156,2.457054
0.431460,0.015987,2.131724
0.187710,-0.280388,2.399370
0.554647,-0.121222,1.970410
-0.079094,-0.527406,1.970410
0.574817,-0.322037,2.194329
-0.060280,-0.570539,2.249525
0.607093,-0.381529,2.059364
0.277315,-0.230210,2.227270
0.265183,-0.296661,2.225312
0.217320,-0.390106,2.292600
0.330662,-0.354171,2.158237
-0.075066,-0.581322,2.303034
0.138706,-0.608876,1.869887
0.033647,-0.887356,2.338147
0.236849,-0.814443,1.997345
-0.054956,-0.917045,2.331531
0.195364,-0.866425,1.960362
0.319621,0.292862,2.389290
0.373728,0.112843,2.330284
0.252962,-0.004073,2.475042
0.457221,0.016591,2.145851
0.202208,-0.263578,2.450100
0.568233,-0.122251,1.974111
-0.064079,-0.521950,1.974111
0.575552,-0.324684,2.202369
-0.050321,-0.571650,2.250083
0.603955,-0.386327,2.054083
0.291636,-0.228350,2.231934
0.274707,-0.294766,2.226577
0.221900,-0.389747,2.292672
0.337120,-0.353803,2.155740
-0.082390,-0.575790,2.298901
0.135738,-0.604164,1.863792
0.023800,-0.884174,2.336201
0.235948,-0.813143,1.994443
-0.063486,-0.913579,2.329033
0.192510,-0.862720,1.959595
0.353650,0.299969,2.404318
0.402322,0.116407,2.345115
0.277144,0.001154,2.490852
0.481614,0.017054,2.159460
0.215535,-0.248730,2.494974
0.581305,-0.123398,1.978007
-0.033710,-0.500104,1.978007
0.576056,-0.327267,2.221008
-0.037872,-0.568923,2.251394
0.600668,-0.390914,2.049726
0.306045,-0.226422,2.236418
0.284723,-0.292694,2.227743
0.227116,-0.388821,2.292391
0.344145,-0.352983,2.153304
-0.088621,-0.570234,2.295134
0.133429,-0.598943,1.858575
0.015190,-0.881265,2.334526
0.235203,-0.811849,1.991808
-0.068868,-0.911106,2.327392
0.189977,-0.858972,1.959183
0.384495,0.306235,2.417991
0.428318,0.119483,2.358712
0.299024,0.005702,2.504827
0.504835,0.017493,2.172603
0.230525,-0.232884,2.538311
0.594172,-0.124728,1.982352
0.008238,-0.474645,1.982352
0.576413,-0.329732,2.271279
-0.018572,-0.563347,2.268185
0.597564,-0.395188,2.045418
0.319610,-0.224543,2.240714
0.294365,-0.290602,2.228908
0.232267,-0.387656,2.292066
0.350951,-0.351990,2.151069
-0.094141,-0.564802,2.291657
0.131636,-0.593525,1.854018
0.007215,-0.878711,2.333030
0.234586,-0.810562,1.989416
-0.075338,-0.908567,2.325238
0.187655,-0.855182,1.959141
0.412158,0.311746,2.430278
0.452254,0.122120,2.371352
0.318663,0.008744,2.516083
0.526473,0.017848,2.184930
0.241243,-0.223223,2.571522
0.606946,-0.126724,1.987026
0.037149,-0.458145,1.987026
0.576511,-0.332296,2.306192
-0.003435,-0.559940,2.281227
0.594143,-0.399500,2.040903
0.332383,-0.222787,2.244805
0.303618,-0.288566,2.230053
0.237293,-0.386341,2.291693
0.357582,-0.350881,2.149006
-0.099013,-0.559522,2.288471
0.130312,-0.587921,1.850094
-0.000148,-0.876473,2.331702
0.234067,-0.809241,1.987249
-0.081249,-0.906453,2.323116
0.185498,-0.851347,1.959451
0.437283,0.316575,2.441495
0.474126,0.124423,2.382984
0.336367,0.011283,2.525964
0.546319,0.018044,2.196433
0.251133,-0.214586,2.601246
0.619533,-0.129133,1.992212
0.067682,-0.437037,1.992212
0.576517,-0.334745,2.323605
0.014037,-0.552559,2.286934
0.590853,-0.403544,2.036489
0.344522,-0.221154,2.248727
0.312603,-0.286610,2.231197
0.242212,-0.384955,2.291307
0.364098,-0.349668,2.147086
-0.103266,-0.554348,2.285547
0.129422,-0.582196,1.846811
-0.007120,-0.874538,2.330478
0.233648,-0.807920,1.985295
-0.086791,-0.904760,2.320913
0.183529,-0.847542,1.960051
0.459909,0.320781,2.451691
0.493912,0.126426,2.393596
0.352466,0.013225,2.534482
0.564696,0.018034,2.207197
0.259241,-0.207149,2.625914
0.631547,-0.131777,1.997566
0.102146,-0.413661,1.997566
0.576735,-0.337279,2.337721
0.035488,-0.542316,2.292191
0.588403,-0.407523,2.031884
0.355893,-0.219661,2.252434
0.321213,-0.284764,2.232317
0.246964,-0.383514,2.290897
0.370536,-0.348401,2.145334
-0.106954,-0.549300,2.282884
0.128970,-0.576310,1.844157
-0.013661,-0.872874,2.329316
0.233316,-0.806607,1.983540
-0.091943,-0.903466,2.318577
0.181771,-0.843923,1.960876
0.480302,0.324471,2.460912
0.511882,0.128149,2.403302
0.367070,0.014634,2.541798
0.581691,0.017928,2.217453
0.266526,-0.200518,2.648057
0.643507,-0.135024,2.003561
0.133425,-0.391938,2.003561
0.576884,-0.339714,2.349457
0.056755,-0.531357,2.297111
0.586417,-0.411193,2.027712
0.366696,-0.218248,2.255935
0.329654,-0.282955,2.233397
0.251651,-0.382054,2.290449
0.377076,-0.346979,2.143623
-0.110049,-0.544292,2.280493
0.128923,-0.570295,1.842175
-0.019682,-0.871409,2.328190
0.233055,-0.805317,1.981975
-0.096640,-0.902499,2.316102
0.180160,-0.840329,1.961952
0.499079,0.327682,2.469447
0.528029,0.129645,2.412050
0.380322,0.015489,2.547961
0.597253,0.017682,2.226952
0.273095,-0.194570,2.668005
0.654977,-0.138610,2.009836
0.156635,-0.375634,2.009836
0.576986,-0.342059,2.360125
0.073769,-0.522527,2.301828
0.584716,-0.414591,2.023870
0.376776,-0.216867,2.259255
0.337744,-0.281132,2.234499
0.256177,-0.380513,2.290064
0.383458,-0.345451,2.142038
-0.112610,-0.539435,2.278325
0.129237,-0.564245,1.840772
-0.025185,-0.870147,2.327081
0.232867,-0.804048,1.980583
-0.100885,-0.901885,2.313442
0.178716,-0.836866,1.963176
0.516235,0.330462,2.477314
0.542874,0.130828,2.420219
0.392367,0.015726,2.552991
0.611644,0.017197,2.235935
0.279060,-0.189237,2.686072
0.666196,-0.142635,2.016777
0.176193,-0.363369,2.016777
0.577113,-0.344254,2.370150
0.088941,-0.515964,2.306677
0.583524,-0.417594,2.020133
0.386582,-0.215333,2.262707
0.345945,-0.279005,2.235915
0.260729,-0.378756,2.290101
0.389869,-0.343697,2.140494
-0.114509,-0.534664,2.276230
0.129950,-0.558167,1.839996
-0.030058,-0.869050,2.325890
0.232719,-0.802791,1.979352
-0.104423,-0.901748,2.310227
0.177397,-0.833569,1.964536
0.531775,0.332879,2.484482
0.556246,0.131847,2.427611
0.403296,0.015373,2.556909
0.624633,0.016613,2.244230
0.284541,-0.184423,2.702477
0.676841,-0.146863,2.023878
0.193825,-0.351017,2.023878
0.577236,-0.346339,2.379016
0.103303,-0.508053,2.311457
0.582117,-0.420455,2.017229
0.397598,-0.213382,2.265501
0.356633,-0.276036,2.236376
0.268334,-0.375880,2.288532
0.400081,-0.340010,2.137515
-0.113233,-0.528412,2.274496
0.132301,-0.550746,1.841365
-0.033744,-0.867904,2.324711
0.232623,-0.801562,1.978270
-0.106043,-0.901613,2.308790
0.176220,-0.830406,1.966026
0.545772,0.335007,2.490959
0.568379,0.132707,2.434350
0.413119,0.014646,2.560118
0.636415,0.015983,2.251883
0.289552,-0.180125,2.717346
0.686999,-0.151235,2.031205
0.209897,-0.340617,2.031205
0.577386,-0.348273,2.387105
0.117297,-0.501199,2.316241
0.580867,-0.423075,2.014578
0.406809,-0.211709,2.268505
0.364614,-0.273671,2.237718
0.273222,-0.373645,2.288372
0.406778,-0.337600,2.136103
-0.113589,-0.523756,2.272815
0.134064,-0.544420,1.841986
-0.037474,-0.867123,2.323531
0.232571,-0.800369,1.977324
-0.108382,-0.901567,2.306359
0.175159,-0.827781,1.967113
0.558481,0.336782,2.496916
0.579395,0.133397,2.440502
0.422134,0.013246,2.562067
0.647128,0.015251,2.259043
0.294138,-0.176364,2.730760
0.696904,-0.156153,2.039124
0.224295,-0.331303,2.039124
0.577666,-0.350391,2.394390
0.130289,-0.494753,2.320780
0.579125,-0.426509,2.012506
0.416916,-0.210197,2.270870
0.375002,-0.271313,2.238018
0.281480,-0.371250,2.286475
0.416860,-0.334349,2.133528
-0.110350,-0.517514,2.271518
0.137127,-0.536985,1.844381
-0.039596,-0.866227,2.322250
0.232555,-0.799170,1.976494
-0.108702,-0.901576,2.305039
0.174238,-0.825022,1.968640
0.569952,0.338221,2.502344
0.589379,0.133932,2.446114
0.430135,0.011406,2.563189
0.656823,0.014465,2.265670
0.298330,-0.173162,2.742832
0.706229,-0.161225,2.047130
0.237276,-0.322913,2.047130
0.578091,-0.352671,2.401007
0.142348,-0.488706,2.325163
0.577456,-0.430038,2.010777
0.426478,-0.208773,2.272952
0.385033,-0.269052,2.238178
0.289784,-0.368892,2.284425
0.426819,-0.331080,2.130996
-0.106329,-0.511399,2.270517
0.140466,-0.529665,1.847197
-0.040957,-0.865451,2.320964
0.232571,-0.797977,1.975767
-0.108475,-0.901652,2.303784
0.173433,-0.822435,1.970173
0.580318,0.339273,2.507271
0.598424,0.134300,2.451230
0.437170,0.009183,2.563550
0.665619,0.013631,2.271824
0.299774,-0.178570,2.742462
0.714916,-0.166248,2.055028
0.248034,-0.314787,2.055028
0.578643,-0.355042,2.404693
0.152634,-0.482863,2.328157
0.575892,-0.433580,2.009398
0.435271,-0.207469,2.274865
0.394271,-0.266942,2.238425
0.297302,-0.366696,2.282724
0.435955,-0.328023,2.128802
-0.102359,-0.505740,2.269815
0.143801,-0.522719,1.850126
-0.042009,-0.864842,2.319710
0.232620,-0.796813,1.975140
-0.108027,-0.901879,2.302491
0.172719,-0.820053,1.971620
0.589634,0.339952,2.511697
0.606612,0.134501,2.455902
0.443437,0.006779,2.563472
0.673672,0.012733,2.277572
0.301663,-0.181179,2.744971
0.722859,-0.171102,2.062558
0.257216,-0.307509,2.062558
0.579609,-0.357799,2.407249
0.162023,-0.477392,2.330867
0.574451,-0.437124,2.008201
0.443424,-0.206279,2.276623
0.402950,-0.264981,2.238676
0.304490,-0.364613,2.281093
0.444633,-0.325127,2.126848
-0.098078,-0.500406,2.269373
0.147249,-0.516018,1.853251
-0.042335,-0.864389,2.318417
0.232695,-0.795662,1.974594
-0.106917,-0.902220,2.300995
0.172042,-0.818008,1.972723
0.597943,0.340188,2.515618
0.614008,0.134485,2.460156
0.448921,0.004066,2.562815
0.681025,0.011733,2.282895
0.303047,-0.184640,2.745569
0.730082,-0.175727,2.069632
0.265979,-0.302472,2.069632
0.580642,-0.360563,2.401064
0.171869,-0.472187,2.331177
0.573106,-0.440617,2.007278
0.450965,-0.205204,2.278233
0.411071,-0.263166,2.238925
0.311285,-0.362676,2.279574
0.452813,-0.322400,2.125059
-0.093607,-0.495391,2.269205
0.150705,-0.509655,1.856467
-0.040163,-0.863807,2.316753
0.232797,-0.794539,1.974130
-0.103981,-0.902312,2.299342
0.171438,-0.816122,1.973766
0.605273,0.339927,2.519026
0.620650,0.134261,2.464022
0.453607,0.000638,2.561173
0.687698,0.010693,2.287790
0.303946,-0.189238,2.743993
0.736629,-0.180109,2.076249
0.270039,-0.301027,2.076249
0.581856,-0.363429,2.394374
0.179692,-0.468233,2.332151
0.571887,-0.444039,2.006546
0.458140,-0.204262,2.279616
0.418962,-0.261514,2.239020
0.318192,-0.360933,2.277770
0.461046,-0.319768,2.123232
-0.088501,-0.490557,2.269292
0.154343,-0.503448,1.859939
-0.037305,-0.863235,2.315043
0.232925,-0.793446,1.973738
-0.100466,-0.902429,2.297729
0.170935,-0.814241,1.974955
0.611622,0.339231,2.521937
0.626578,0.133840,2.467509
0.457598,-0.002875,2.559230
0.693709,0.009645,2.292271
0.304469,-0.194327,2.741110
0.742556,-0.184212,2.082427
0.274555,-0.299000,2.082427
0.583195,-0.366307,2.386770
0.187340,-0.464223,2.332408
0.570801,-0.447355,2.006006
0.464740,-0.203420,2.280858
0.426284,-0.260007,2.239104
0.324663,-0.359305,2.276100
0.468727,-0.317331,2.121598
-0.083355,-0.486062,2.269573
0.157916,-0.497589,1.863395
-0.033903,-0.862715,2.313343
0.233050,-0.792379,1.973402
-0.096593,-0.902558,2.296173
0.170499,-0.812519,1.976118
0.617040,0.338143,2.524375
0.631816,0.133237,2.470637
0.460974,-0.006342,2.557197
0.699119,0.008595,2.296373
0.304681,-0.199679,2.737340
0.747904,-0.188031,2.088165
0.276473,-0.299901,2.088165
0.584593,-0.369129,2.377141
0.192864,-0.459521,2.329929
0.569825,-0.450536,2.005634
0.470801,-0.202662,2.281988
0.433057,-0.258624,2.239204
0.330698,-0.357787,2.274576
0.475855,-0.315079,2.120150
-0.078234,-0.481911,2.270003
0.161400,-0.492104,1.866801
-0.030137,-0.862224,2.311645
0.233197,-0.791348,1.973125
-0.092462,-0.902699,2.294683
0.170115,-0.811052,1.977092
0.621570,0.336692,2.526371
0.636406,0.132453,2.473410
0.463765,-0.009861,2.554869
0.703964,0.007547,2.300116
0.304619,-0.205318,2.732585
0.752724,-0.191590,2.093475
0.280314,-0.299266,2.093475
0.586078,-0.371930,2.366140
0.199111,-0.454427,2.327477
0.569024,-0.453673,2.005434
0.476353,-0.201992,2.283008
0.439301,-0.257380,2.239304
0.336299,-0.356422,2.273207
0.482447,-0.313023,2.118852
-0.073231,-0.478116,2.270523
0.164750,-0.487003,1.870102
-0.026051,-0.861763,2.309988
0.233361,-0.790352,1.972901
-0.088334,-0.902903,2.293391
0.169852,-0.809659,1.978189
0.625268,0.334921,2.527946
0.640386,0.131509,2.475862
0.466006,-0.013367,2.552352
0.708290,0.006499,2.303528
0.304305,-0.211106,2.727111
0.757053,-0.194888,2.098368
0.280419,-0.299412,2.098368
0.587641,-0.374698,2.358236
0.203489,-0.450113,2.326303
0.568452,-0.456828,2.005461
0.481429,-0.201398,2.283934
0.445038,-0.256256,2.239411
0.341467,-0.355182,2.271981
0.488529,-0.311141,2.117689
-0.068397,-0.474658,2.271107
0.167955,-0.482275,1.873283
-0.021734,-0.861339,2.308382
0.233536,-0.789390,1.972723
-0.084219,-0.903141,2.292240
0.169653,-0.808387,1.979264
0.628199,0.332895,2.529149
0.643784,0.130422,2.478009
0.467618,-0.017192,2.549298
0.712129,0.005444,2.306634
0.303704,-0.217314,2.720628
0.760932,-0.197935,2.102866
0.281775,-0.299268,2.102866
0.589259,-0.377412,2.350257
0.207914,-0.445731,2.324653
0.568021,-0.459898,2.005636
0.486061,-0.200877,2.284767
0.450296,-0.255254,2.239509
0.346241,-0.354073,2.270855
0.494127,-0.309430,2.116649
-0.063743,-0.471508,2.271741
0.171004,-0.477907,1.876324
-0.017299,-0.860938,2.306816
0.233720,-0.788467,1.972590
-0.080159,-0.903400,2.291209
0.169449,-0.807264,1.980169
0.630437,0.330656,2.530015
0.646666,0.129223,2.479881
0.468771,-0.020960,2.546123
0.715516,0.004380,2.309453
0.302928,-0.223515,2.713729
0.764401,-0.200751,2.106993
0.281271,-0.298601,2.106993
0.590925,-0.380070,2.344517
0.210972,-0.441061,2.323740
0.567676,-0.462806,2.005797
0.490374,-0.200438,2.285480
0.455251,-0.254381,2.239541
0.350880,-0.353114,2.269650
0.499489,-0.307866,2.115674
-0.058999,-0.468575,2.272444
0.174012,-0.473805,1.879325
-0.012788,-0.860580,2.305318
0.233913,-0.787586,1.972493
-0.076155,-0.903673,2.290284
0.169348,-0.806219,1.981164
0.632063,0.328239,2.530590
0.649050,0.127912,2.481493
0.469560,-0.024545,2.543073
0.718475,0.003305,2.312003
0.302028,-0.229534,2.706798
0.767562,-0.203257,2.110854
0.280343,-0.298105,2.110854
0.592704,-0.382496,2.339313
0.213511,-0.436558,2.322887
0.567479,-0.465408,2.006062
0.494302,-0.200058,2.286122
0.459771,-0.253608,2.239577
0.355116,-0.352251,2.268570
0.504385,-0.306465,2.114823
-0.054513,-0.465939,2.273160
0.176843,-0.470042,1.882158
-0.008278,-0.860263,2.303888
0.234111,-0.786741,1.972429
-0.072182,-0.903932,2.289402
0.169290,-0.805269,1.982130
0.633144,0.325705,2.530907
0.650982,0.126522,2.482858
0.470097,-0.027852,2.540174
0.721032,0.002224,2.314301
0.301083,-0.235243,2.699941
0.770358,-0.205660,2.114377
0.277030,-0.301184,2.114377
0.594420,-0.384944,2.331055
0.215378,-0.433284,2.320942
0.567324,-0.468006,2.006386
0.497947,-0.199734,2.286675
0.464007,-0.252927,2.239582
0.359191,-0.351484,2.267510
0.509028,-0.305189,2.114046
-0.050012,-0.463511,2.273906
0.179612,-0.466538,1.884922
-0.003850,-0.859933,2.302510
0.234315,-0.785941,1.972396
-0.068240,-0.904172,2.288561
0.169207,-0.804420,1.982939
0.633760,0.323100,2.531005
0.652513,0.125076,2.483989
0.470295,-0.031150,2.537013
0.723216,0.001132,2.316359
0.300060,-0.240908,2.692714
0.772842,-0.207890,2.117599
0.273196,-0.304685,2.117599
0.596116,-0.387321,2.323016
0.216707,-0.430314,2.318831
0.567247,-0.470515,2.006781
0.501266,-0.199458,2.287164
0.467867,-0.252331,2.239583
0.362906,-0.350817,2.266550
0.513256,-0.304050,2.113352
-0.045799,-0.461346,2.274644
0.182187,-0.463349,1.887499
0.000490,-0.859635,2.301215
0.234526,-0.785174,1.972390
-0.064399,-0.904402,2.287778
0.169151,-0.803650,1.983705
0.633977,0.320462,2.530919
0.653672,0.123580,2.484913
0.470259,-0.034249,2.533948
0.725050,0.000035,2.318192
0.298997,-0.246296,2.685612
0.775037,-0.209960,2.120546
0.269010,-0.308457,2.120546
0.597776,-0.389616,2.315299
0.217552,-0.427630,2.316585
0.567223,-0.472914,2.007215
0.504284,-0.199218,2.287606
0.471375,-0.251801,2.239593
0.366261,-0.350211,2.265714
0.517108,-0.303026,2.112743
-0.041893,-0.459419,2.275361
0.184591,-0.460440,1.889906
0.004686,-0.859364,2.300002
0.234740,-0.784442,1.972407
-0.060689,-0.904609,2.287036
0.169118,-0.802953,1.984429
0.633854,0.317827,2.530677
0.654494,0.122057,2.485644
0.470020,-0.037159,2.530995
0.726556,-0.001066,2.319812
0.297910,-0.251402,2.678699
0.776970,-0.211887,2.123239
0.264784,-0.312608,2.123239
0.599391,-0.391823,2.307621
0.218046,-0.425285,2.314089
0.567247,-0.475206,2.007685
0.507057,-0.199019,2.287982
0.474616,-0.251340,2.239582
0.369440,-0.349681,2.264894
0.520679,-0.302105,2.112195
-0.038067,-0.457673,2.276078
0.186874,-0.457773,1.892185
0.008624,-0.859081,2.298805
0.234956,-0.783746,1.972444
-0.057070,-0.904793,2.286321
0.169107,-0.802323,1.985115
0.633425,0.315207,2.530298
0.655035,0.120531,2.486206
0.469720,-0.039749,2.528360
0.727762,-0.002165,2.321234
0.296244,-0.257349,2.669579
0.778664,-0.213673,2.125699
0.260409,-0.315492,2.125699
0.600963,-0.393936,2.301530
0.217973,-0.422709,2.311960
0.567321,-0.477388,2.008184
0.509575,-0.198846,2.288323
0.477550,-0.250928,2.239583
0.372271,-0.349198,2.264202
0.523919,-0.301281,2.111711
-0.034592,-0.456133,2.276757
0.188988,-0.455355,1.894292
0.012386,-0.858821,2.297682
0.235174,-0.783083,1.972498
-0.053604,-0.904959,2.285649
0.169116,-0.801755,1.985765
0.632726,0.312626,2.529797
0.655299,0.118996,2.486608
0.469281,-0.042168,2.525832
0.728691,-0.003258,2.322471
0.295035,-0.262035,2.662654
0.780134,-0.215334,2.127944
0.256047,-0.319094,2.127944
0.602487,-0.395964,2.295167
0.217673,-0.420635,2.309479
0.567432,-0.479467,2.008708
0.511861,-0.198701,2.288626
0.480215,-0.250565,2.239586
0.374844,-0.348772,2.263580
0.526864,-0.300542,2.111279
-0.031375,-0.454767,2.277405
0.190944,-0.453163,1.896229
0.015955,-0.858589,2.296635
0.235400,-0.782441,1.972566
-0.050322,-0.905110,2.285020
0.169144,-0.801239,1.986378
0.631802,0.310102,2.529194
0.655321,0.117468,2.486868
0.468730,-0.044420,2.523408
0.729367,-0.004343,2.323536
0.293841,-0.266430,2.655951
0.781388,-0.216895,2.129988
0.254050,-0.321418,2.129988
0.603957,-0.397922,2.288068
0.218306,-0.418049,2.305915
0.567569,-0.481461,2.009253
0.513940,-0.198580,2.288894
0.482638,-0.250244,2.239588
0.377190,-0.348394,2.263017
0.529545,-0.299881,2.110899
-0.028381,-0.453564,2.278017
0.192760,-0.451177,1.898016
0.019323,-0.858376,2.295657
0.235632,-0.781832,1.972646
-0.047217,-0.905248,2.284437
0.169192,-0.800776,1.986959
0.630693,0.307651,2.528511
0.655147,0.115964,2.487008
0.467987,-0.046637,2.520861
0.729810,-0.005414,2.324441
0.291623,-0.271209,2.617965
0.782447,-0.218352,2.131845
0.251712,-0.326587,2.131845
0.605376,-0.399795,2.270901
0.218292,-0.416366,2.296225
0.567731,-0.483352,2.009808
0.515830,-0.198482,2.289128
0.484841,-0.249964,2.239590
0.379329,-0.348061,2.262506
0.531983,-0.299288,2.110560
-0.025600,-0.452507,2.278592
0.194440,-0.449382,1.899662
0.022477,-0.858177,2.294738
0.235869,-0.781252,1.972735
-0.044286,-0.905373,2.283895
0.169258,-0.800361,1.987510
0.629434,0.305285,2.527763
0.654763,0.114470,2.487034
0.467179,-0.048683,2.518468
0.730048,-0.006468,2.325202
0.289443,-0.277670,2.575017
0.783335,-0.219704,2.133529
0.243516,-0.334755,2.133529
0.606737,-0.401566,2.252976
0.214673,-0.416465,2.285505
0.567918,-0.485134,2.010367
0.517544,-0.198402,2.289335
0.486841,-0.249713,2.239592
0.381273,-0.347764,2.262046
0.534200,-0.298755,2.110258
-0.023029,-0.451578,2.279128
0.195997,-0.447762,1.901176
0.025429,-0.858001,2.293880
0.236116,-0.780700,1.972836
-0.041528,-0.905488,2.283394
0.169344,-0.799990,1.988036
0.628027,0.303004,2.526947
0.654165,0.112981,2.486936
0.466174,-0.050709,2.516034
0.730102,-0.007497,2.325830
0.288755,-0.281857,2.535526
0.784120,-0.220853,2.135075
0.235368,-0.344828,2.135075
0.608097,-0.403137,2.241580
0.210973,-0.418020,2.278308
0.568186,-0.486718,2.010967
0.519098,-0.198339,2.289515
0.488657,-0.249489,2.239595
0.383042,-0.347503,2.261632
0.536215,-0.298274,2.109988
-0.020661,-0.450763,2.279624
0.197441,-0.446305,1.902572
0.028171,-0.857843,2.293077
0.236364,-0.780174,1.972945
-0.038940,-0.905594,2.282940
0.169444,-0.799660,1.988537
0.626226,0.300756,2.525964
0.653303,0.111483,2.486663
0.465077,-0.052631,2.513666
0.729984,-0.008500,2.326335
0.288601,-0.285915,2.497944
0.784747,-0.221898,2.136464
0.226767,-0.354982,2.136464
0.609394,-0.404608,2.231223
0.206558,-0.420131,2.271230
0.568468,-0.488198,2.011562
0.520506,-0.198290,2.289672
0.490306,-0.249290,2.239599
0.384653,-0.347281,2.261271
0.538046,-0.297840,2.109743
-0.018494,-0.450044,2.280075
0.198776,-0.444996,1.903857
0.030728,-0.857701,2.292333
0.236614,-0.779675,1.973064
-0.036508,-0.905689,2.282516
0.169557,-0.799368,1.989016
0.624180,0.298523,2.524820
0.652050,0.109924,2.486144
0.463949,-0.054298,2.511615
0.729706,-0.009473,2.326719
0.287499,-0.290581,2.463093
0.785175,-0.222874,2.137665
0.217042,-0.366460,2.137665
0.610587,-0.406005,2.220975
0.200984,-0.423449,2.263660
0.568729,-0.489604,2.012128
0.521747,-0.198249,2.289806
0.491783,-0.249102,2.239609
0.386094,-0.347060,2.260941
0.539671,-0.297446,2.109548
-0.016547,-0.449420,2.280483
0.199964,-0.443830,1.905004
0.033100,-0.857573,2.291641
0.236864,-0.779201,1.973189
-0.034131,-0.905775,2.282126
0.169683,-0.799110,1.989474
0.620764,0.296234,2.523076
0.650366,0.108375,2.485389
0.462690,-0.055820,2.509699
0.729115,-0.010413,2.326902
0.287603,-0.293211,2.432308
0.785421,-0.223755,2.138658
0.209379,-0.375695,2.138658
0.611671,-0.407290,2.212797
0.196283,-0.426144,2.257222
0.568922,-0.490868,2.012673
0.522792,-0.198225,2.289909
0.493070,-0.248941,2.239630
0.387376,-0.346863,2.260663
0.541085,-0.297100,2.109408
-0.014807,-0.448880,2.280850
0.201035,-0.442794,1.906039
0.035298,-0.857462,2.291000
0.237108,-0.778755,1.973319
-0.031892,-0.905851,2.281769
0.169815,-0.798884,1.989912
0.616777,0.294022,2.521028
0.648024,0.106797,2.484240
0.461302,-0.057082,2.508109
0.728211,-0.011312,2.326846
0.287780,-0.295454,2.404461
0.785492,-0.224534,2.139451
0.202106,-0.384482,2.139451
0.612664,-0.408467,2.205505
0.191466,-0.429068,2.251076
0.569227,-0.491829,2.012960
0.523353,-0.198207,2.290046
0.493793,-0.248784,2.239846
0.388037,-0.346606,2.260817
0.541715,-0.296879,2.109665
-0.013398,-0.448556,2.281182
0.201969,-0.441936,1.906927
0.037335,-0.857363,2.290408
0.237344,-0.778337,1.973454
-0.029786,-0.905923,2.281442
0.169952,-0.798689,1.990331
0.611487,0.291757,2.518381
0.645291,0.105264,2.482851
0.459714,-0.058164,2.506712
0.726789,-0.012190,2.326435
0.288034,-0.297817,2.378381
0.785413,-0.225051,2.140078
0.194692,-0.393340,2.140078
0.613606,-0.409477,2.198953
0.186186,-0.432500,2.245084
0.569673,-0.492549,2.013221
0.523514,-0.198225,2.290201
0.494078,-0.248679,2.240176
0.388294,-0.346399,2.261182
0.541825,-0.296788,2.110126
-0.012266,-0.448400,2.281479
0.202785,-0.441257,1.907689
0.039222,-0.857280,2.289861
0.237564,-0.777944,1.973589
-0.027802,-0.905998,2.281145
0.170087,-0.798518,1.990730
0.605600,0.289581,2.515431
0.642147,0.103764,2.481196
0.457903,-0.059105,2.505433
0.724998,-0.013024,2.325736
0.288213,-0.299871,2.355271
0.785158,-0.225452,2.140508
0.187732,-0.401666,2.140508
0.614452,-0.410393,2.193153
0.180890,-0.436066,2.239401
0.570140,-0.493164,2.013435
0.523332,-0.198278,2.290361
0.494001,-0.248624,2.240587
0.388179,-0.346256,2.261732
0.541533,-0.296808,2.110719
-0.011407,-0.448391,2.281734
0.203487,-0.440747,1.908340
0.040978,-0.857210,2.289358
0.237773,-0.777576,1.973727
-0.025885,-0.906100,2.280883
0.170223,-0.798373,1.991113
0.599216,0.287560,2.512105
0.638432,0.102285,2.479177
0.455934,-0.059803,2.504329
0.722834,-0.013776,2.324781
0.288310,-0.301681,2.334774
0.784759,-0.225737,2.140772
0.181203,-0.409473,2.140772
0.615219,-0.411220,2.188038
0.175607,-0.439730,2.234030
0.570639,-0.493664,2.013607
0.522757,-0.198362,2.290509
0.493530,-0.248611,2.241062
0.387748,-0.346143,2.262412
0.540789,-0.296934,2.111445
-0.010787,-0.448506,2.281951
0.204069,-0.440423,1.908867
0.042606,-0.857157,2.288893
0.237975,-0.777230,1.973868
-0.024068,-0.906215,2.280645
0.170361,-0.798250,1.991481
0.592352,0.285642,2.508431
0.634359,0.100895,2.476924
0.453836,-0.060337,2.503367
0.720306,-0.014450,2.323530
0.288352,-0.303304,2.316507
0.784184,-0.225788,2.140844
0.175039,-0.416714,2.140844
0.615893,-0.411945,2.183509
0.170311,-0.443421,2.228937
0.571361,-0.493983,2.013768
0.521868,-0.198458,2.290644
0.492740,-0.248624,2.241586
0.387037,-0.346059,2.263215
0.539684,-0.297141,2.112254
-0.010384,-0.448728,2.282132
0.204538,-0.440271,1.909283
0.044118,-0.857117,2.288463
0.238162,-0.776909,1.974009
-0.022359,-0.906331,2.280427
0.170497,-0.798149,1.991835
0.584898,0.283891,2.504247
0.629606,0.099551,2.474254
0.451378,-0.060729,2.502308
0.717345,-0.015025,2.321918
0.288407,-0.304659,2.300206
0.783443,-0.225715,2.140693
0.169267,-0.423126,2.140693
0.616508,-0.412604,2.179724
0.165136,-0.446819,2.224376
0.571944,-0.494240,2.013945
0.520435,-0.198719,2.290644
0.491437,-0.248852,2.242042
0.385992,-0.346108,2.263984
0.538207,-0.297525,2.113132
-0.010315,-0.449100,2.282300
0.204860,-0.440331,1.909573
0.045519,-0.857089,2.288067
0.238338,-0.776609,1.974149
-0.020728,-0.906465,2.280228
0.170632,-0.798067,1.992174
0.576030,0.282505,2.499125
0.623423,0.098290,2.470471
0.448326,-0.060988,2.501178
0.713514,-0.015369,2.319621
0.288285,-0.305943,2.285719
0.782390,-0.225317,2.140071
0.163708,-0.429216,2.140071
0.617076,-0.413193,2.176308
0.159849,-0.450369,2.219934
0.572503,-0.494391,2.014164
0.518616,-0.199032,2.290576
0.489800,-0.249155,2.242504
0.384669,-0.346225,2.264845
0.536417,-0.298041,2.114071
-0.010493,-0.449568,2.282431
0.205052,-0.440590,1.909760
0.046835,-0.857091,2.287698
0.238512,-0.776330,1.974292
-0.019209,-0.906601,2.280047
0.170771,-0.798005,1.992504
0.566636,0.281269,2.493484
0.616780,0.097128,2.466357
0.444911,-0.061032,2.499997
0.709012,-0.015599,2.316757
0.288030,-0.307013,2.272712
0.780982,-0.224616,2.138859
0.158179,-0.434733,2.138859
0.617587,-0.413729,2.173473
0.154413,-0.453751,2.215849
0.573049,-0.494485,2.014389
0.516289,-0.199474,2.290371
0.487711,-0.249618,2.242919
0.383041,-0.346465,2.265729
0.534222,-0.298767,2.115063
-0.010973,-0.450139,2.282539
0.205067,-0.441095,1.909801
0.048063,-0.857107,2.287357
0.238698,-0.776072,1.974444
-0.017769,-0.906745,2.279879
0.170931,-0.797970,1.992833
0.556357,0.280309,2.486984
0.609344,0.096120,2.461476
0.440891,-0.060986,2.498698
0.703783,-0.015588,2.313284
0.287612,-0.307847,2.261176
0.779312,-0.223681,2.137115
0.152568,-0.439680,2.137115
0.618047,-0.414212,2.171288
0.148824,-0.456933,2.212161
0.573625,-0.494519,2.014651
0.513608,-0.199959,2.290057
0.485324,-0.250152,2.243300
0.381149,-0.346803,2.266668
0.531793,-0.299587,2.116061
-0.011711,-0.450806,2.282605
0.204947,-0.441802,1.909757
0.047809,-0.857829,2.287020
0.238904,-0.775836,1.974603
-0.017815,-0.907491,2.278393
0.171113,-0.797961,1.993160
0.544656,0.279496,2.479410
0.601130,0.095264,2.456044
0.436505,-0.060650,2.497374
0.697834,-0.015362,2.309157
0.287007,-0.308420,2.251122
0.777448,-0.222115,2.134701
0.147457,-0.444161,2.134701
0.618483,-0.414569,2.169335
0.143481,-0.459991,2.208681
0.574282,-0.494275,2.015059
0.510558,-0.200507,2.289624
0.482640,-0.250775,2.243638
0.379087,-0.347210,2.267621
0.529121,-0.300536,2.117081
-0.012637,-0.451542,2.282638
0.204692,-0.442691,1.909618
0.047522,-0.858578,2.286693
0.239167,-0.775624,1.974776
-0.017955,-0.908239,2.276786
0.171345,-0.797987,1.993490
0.529005,0.278837,2.468851
0.588897,0.094374,2.447669
0.430637,-0.058453,2.496217
0.689383,-0.014856,2.302771
0.286091,-0.308739,2.242594
0.775299,-0.219738,2.131468
0.143165,-0.448144,2.131468
0.618806,-0.414517,2.167383
0.138283,-0.462986,2.205426
0.574647,-0.494069,2.015366
0.506430,-0.201124,2.288886
0.479171,-0.251518,2.243901
0.376623,-0.347630,2.268630
0.525856,-0.301729,2.118237
-0.013905,-0.452469,2.282636
0.204235,-0.443845,1.909292
0.047076,-0.859476,2.286302
0.239552,-0.775444,1.974976
-0.018365,-0.909057,2.274930
0.171667,-0.798060,1.993833
0.512975,0.278412,2.457770
0.576537,0.093641,2.439145
0.424258,-0.055801,2.495104
0.680397,-0.014149,2.295794
0.284886,-0.308808,2.235576
0.772806,-0.216251,2.127339
0.139207,-0.451773,2.127339
0.619014,-0.413985,2.165669
0.133292,-0.465873,2.202408
0.575467,-0.492815,2.016056
0.501870,-0.201759,2.287968
0.475360,-0.252305,2.244080
0.373977,-0.348089,2.269625
0.522354,-0.303026,2.119396
-0.015363,-0.453489,2.282625
0.203644,-0.445194,1.908866
0.046544,-0.860442,2.285854
0.240059,-0.775308,1.975219
-0.018909,-0.909942,2.272868
0.172075,-0.798184,1.994201
0.495561,0.278187,2.445608
0.562627,0.093041,2.429373
0.417004,-0.052583,2.494007
0.670288,-0.013106,2.287683
0.282388,-0.308540,2.231204
0.770056,-0.212004,2.122616
0.135719,-0.455081,2.122616
0.619010,-0.412770,2.164014
0.128706,-0.468694,2.199410
0.576617,-0.489113,2.017118
0.496648,-0.202456,2.286854
0.471008,-0.253199,2.244207
0.371067,-0.348627,2.270654
0.518242,-0.304615,2.120718
-0.017080,-0.454655,2.282612
0.202863,-0.446836,1.908242
0.045880,-0.861524,2.285328
0.241098,-0.775207,1.975484
-0.019197,-0.910634,2.271284
0.172798,-0.798377,1.994584
0.472981,0.277824,2.429301
0.544442,0.092567,2.415930
0.406351,-0.047973,2.492350
0.657038,-0.011342,2.276564
0.279263,-0.308181,2.228303
0.766013,-0.206356,2.116367
0.132465,-0.458140,2.116367
0.618655,-0.410938,2.162557
0.124199,-0.471537,2.196584
0.577668,-0.484946,2.018355
0.488245,-0.203714,2.285779
0.463222,-0.254974,2.245138
0.365672,-0.349935,2.273180
0.509515,-0.308571,2.124318
-0.020687,-0.456777,2.282196
0.201888,-0.448944,1.906676
0.044026,-0.863405,2.284299
0.242109,-0.775134,1.975793
-0.020146,-0.911659,2.269235
0.173521,-0.798594,1.994988
0.450845,0.277500,2.413185
0.526429,0.092162,2.402653
0.394984,-0.043036,2.490678
0.643189,-0.009384,2.264939
0.275599,-0.307629,2.226892
0.761002,-0.199765,2.108734
0.129490,-0.460938,2.108734
0.618095,-0.408648,2.161264
0.119938,-0.474291,2.193956
0.578404,-0.481926,2.019310
0.479593,-0.204994,2.284675
0.455216,-0.256800,2.246093
0.360090,-0.351315,2.275797
0.500589,-0.312648,2.128004
-0.024486,-0.459060,2.281808
0.200850,-0.451240,1.904988
0.042167,-0.865373,2.283260
0.243306,-0.775064,1.976097
-0.021135,-0.912722,2.267192
0.174360,-0.798830,1.995385
0.426409,0.276553,2.395630
0.507661,0.091658,2.388864
0.382037,-0.037866,2.488939
0.628355,-0.007228,2.252387
0.271370,-0.307070,2.226668
0.755573,-0.192853,2.100845
0.126727,-0.463529,2.100845
0.617420,-0.406101,2.160121
0.115790,-0.477054,2.191464
0.579077,-0.478834,2.020289
0.470894,-0.206152,2.283371
0.447398,-0.258444,2.246803
0.354582,-0.352707,2.278286
0.492930,-0.316022,2.130887
-0.028318,-0.461471,2.281543
0.199694,-0.453729,1.903375
0.040429,-0.867383,2.282303
0.244595,-0.774975,1.976385
-0.022083,-0.913809,2.265236
0.175259,-0.799063,1.995768
0.397273,0.274750,2.375306
0.484609,0.090859,2.371174
0.365425,-0.032654,2.485440
0.610799,-0.004867,2.237456
0.266260,-0.307180,2.227366
0.749011,-0.185495,2.092307
0.115831,-0.464546,2.092307
0.616587,-0.403394,2.165000
0.106990,-0.479471,2.191308
0.579512,-0.476313,2.021315
0.461495,-0.207427,2.281773
0.439359,-0.260197,2.247429
0.348988,-0.354201,2.280778
0.485235,-0.319540,2.133873
-0.032331,-0.464099,2.281354
0.198532,-0.456305,1.901682
0.041214,-0.868561,2.281501
0.245789,-0.774880,1.976651
-0.021224,-0.914334,2.264098
0.176112,-0.799286,1.996130
0.369502,0.272913,2.355699
0.462633,0.090068,2.354198
0.348614,-0.027697,2.481427
0.593424,-0.002649,2.222713
0.260268,-0.307490,2.229126
0.742133,-0.178279,2.083710
0.110517,-0.470135,2.083710
0.615660,-0.400789,2.167729
0.101165,-0.484598,2.190523
0.579842,-0.474043,2.022324
0.451565,-0.208887,2.279835
0.430997,-0.262134,2.247855
0.343263,-0.355840,2.283181
0.477597,-0.323120,2.136813
-0.036627,-0.466908,2.281320
0.197324,-0.458986,1.899877
0.042342,-0.869529,2.280705
0.246995,-0.774776,1.976883
-0.020018,-0.914740,2.263089
0.176978,-0.799505,1.996464
0.342689,0.270951,2.336648
0.440884,0.089206,2.337666
0.331077,-0.023073,2.476506
0.576014,-0.000622,2.207978
0.253878,-0.308148,2.231541
0.734978,-0.171292,2.075219
0.105418,-0.475786,2.075219
0.614650,-0.398128,2.170638
0.095459,-0.489891,2.189963
0.580186,-0.471255,2.023325
0.441464,-0.210435,2.277691
0.422586,-0.264164,2.248101
0.337534,-0.357573,2.285420
0.470219,-0.326643,2.139626
-0.041096,-0.469835,2.281435
0.196081,-0.461707,1.898023
0.043730,-0.870359,2.279941
0.248193,-0.774683,1.977109
-0.018579,-0.915062,2.262209
0.177851,-0.799731,1.996790
0.313435,0.268383,2.315732
0.416185,0.087928,2.319089
0.309026,-0.021757,2.465992
0.556229,0.001130,2.191549
0.245268,-0.310313,2.234218
0.726555,-0.164247,2.066410
0.097774,-0.481571,2.066410
0.613745,-0.395649,2.172953
0.087742,-0.495661,2.188998
0.580563,-0.468010,2.024271
0.430528,-0.212437,2.274862
0.413821,-0.266645,2.247887
0.331604,-0.359839,2.287329
0.463144,-0.330158,2.142206
-0.044770,-0.472132,2.281594
0.194745,-0.464468,1.896091
0.045330,-0.871082,2.279199
0.249381,-0.774610,1.977329
-0.016984,-0.915299,2.261432
0.178731,-0.799969,1.997108
0.286369,0.265637,2.296278
0.393052,0.086648,2.301817
0.287664,-0.021076,2.455452
0.537339,0.002659,2.175903
0.236511,-0.312627,2.237222
0.717711,-0.157855,2.057714
0.090315,-0.486945,2.057714
0.613092,-0.393503,2.174850
0.080036,-0.501283,2.187891
0.581096,-0.464134,2.025146
0.419447,-0.214359,2.271667
0.405088,-0.269027,2.247362
0.325829,-0.362127,2.289080
0.456388,-0.333447,2.144313
-0.048337,-0.474402,2.281814
0.193182,-0.467432,1.893972
0.047075,-0.871706,2.278481
0.250600,-0.774552,1.977539
-0.015289,-0.915463,2.260740
0.179640,-0.800218,1.997416
0.259810,0.262442,2.277362
0.370670,0.085236,2.285244
0.265900,-0.021456,2.444321
0.518787,0.003947,2.160688
0.227859,-0.314956,2.240396
0.708590,-0.151786,2.049279
0.083001,-0.492022,2.049279
0.612051,-0.391275,2.176681
0.072382,-0.506773,2.186874
0.581267,-0.461601,2.026030
0.406841,-0.216894,2.267540
0.394902,-0.272104,2.246032
0.318764,-0.365650,2.290241
0.448364,-0.337441,2.145924
-0.052636,-0.476280,2.282323
0.190807,-0.471622,1.890834
0.048930,-0.872258,2.277797
0.250822,-0.775479,1.976072
-0.013559,-0.915541,2.260129
0.179754,-0.802543,1.992512
0.234300,0.258928,2.259581
0.348527,0.083430,2.269095
0.244489,-0.022390,2.432799
0.500519,0.004939,2.145921
0.219144,-0.317328,2.243660
0.699170,-0.146070,2.041154
0.075080,-0.496896,2.041154
0.611016,-0.389133,2.178750
0.064301,-0.512174,2.186109
0.581386,-0.459204,2.026885
0.394065,-0.219650,2.263106
0.384639,-0.275366,2.244412
0.311699,-0.369332,2.291127
0.440486,-0.341410,2.147299
-0.058673,-0.479339,2.283367
0.188318,-0.476142,1.887559
0.050849,-0.872735,2.277146
0.250966,-0.776645,1.974346
-0.011796,-0.915569,2.259612
0.179906,-0.805314,1.986940
0.210185,0.254968,2.242908
0.327682,0.081583,2.253983
0.222973,-0.024108,2.420598
0.482953,0.005663,2.131863
0.210427,-0.319629,2.246998
0.689759,-0.140715,2.033378
0.066281,-0.501617,2.033378
0.609983,-0.387036,2.181681
0.055692,-0.517499,2.185987
0.581457,-0.456932,2.027711
0.381511,-0.222466,2.258528
0.374593,-0.278660,2.242593
0.304728,-0.373094,2.291735
0.432944,-0.345242,2.148464
-0.063255,-0.481332,2.284037
0.185758,-0.480860,1.884295
0.052834,-0.873149,2.276528
0.250980,-0.778008,1.972487
-0.010603,-0.915651,2.259183
0.180020,-0.808409,1.980968
0.186706,0.250410,2.226835
0.307158,0.079423,2.239323
0.201969,-0.026191,2.408636
0.465973,0.006146,2.118456
0.201729,-0.321869,2.250313
0.680343,-0.135783,2.025972
0.056754,-0.505741,2.025972
0.608978,-0.385031,2.184660
0.046590,-0.522470,2.186002
0.581491,-0.454787,2.028504
0.368899,-0.225435,2.253712
0.364559,-0.282062,2.240530
0.297622,-0.376994,2.291981
0.425700,-0.348959,2.149460
-0.067870,-0.483798,2.284681
0.183183,-0.485641,1.881040
0.054862,-0.873500,2.275945
0.250905,-0.779532,1.970446
-0.009409,-0.915700,2.258867
0.180136,-0.811767,1.974629
0.162270,0.245078,2.210573
0.285154,0.076764,2.223862
0.178511,-0.030278,2.393793
0.447285,0.006226,2.104434
0.190787,-0.324101,2.253535
0.670159,-0.131211,2.018643
0.043940,-0.509630,2.018643
0.608012,-0.383102,2.188323
0.035358,-0.527460,2.186447
0.581492,-0.452780,2.029254
0.353686,-0.229653,2.247883
0.352043,-0.286868,2.237679
0.288672,-0.381806,2.291589
0.416313,-0.353961,2.150437
-0.073450,-0.487587,2.285187
0.180534,-0.490534,1.876534
0.056928,-0.873784,2.275388
0.250680,-0.781282,1.967367
-0.008185,-0.915692,2.258608
0.180314,-0.815449,1.966451
0.137171,0.239895,2.194622
0.262517,0.073888,2.208229
0.155075,-0.035114,2.378082
0.428330,0.006118,2.090544
0.179230,-0.326557,2.256457
0.659172,-0.127144,2.011221
0.030467,-0.513579,2.011221
0.607036,-0.381244,2.191839
0.023540,-0.532534,2.186962
0.581444,-0.450914,2.029957
0.338531,-0.233904,2.241877
0.339662,-0.291673,2.234635
0.279491,-0.386668,2.290764
0.407196,-0.358789,2.151259
-0.078688,-0.495062,2.284986
0.177985,-0.495161,1.871972
0.058987,-0.874009,2.274859
0.250335,-0.783064,1.964020
-0.007048,-0.915661,2.258394
0.180483,-0.819186,1.957929
0.113266,0.234856,2.179792
0.241067,0.071187,2.193561
0.132540,-0.039885,2.363225
0.409671,0.005812,2.077203
0.166994,-0.329177,2.258875
0.648073,-0.123528,2.004115
0.016648,-0.517690,2.004115
0.606031,-0.379452,2.195118
0.011313,-0.537745,2.187500
0.581359,-0.449215,2.030612
0.323620,-0.238076,2.235733
0.327480,-0.296391,2.231372
0.270209,-0.391454,2.289430
0.398364,-0.363368,2.151921
-0.075224,-0.509559,2.283505
0.175545,-0.499587,1.867425
0.061036,-0.874197,2.274349
0.249869,-0.784903,1.960473
-0.005901,-0.915590,2.258225
0.180558,-0.822933,1.949291
0.090415,0.230043,2.165854
0.220356,0.068708,2.179542
0.111076,-0.044518,2.348994
0.391484,0.005466,2.064501
0.154582,-0.331799,2.260909
0.637049,-0.120361,1.997366
0.006109,-0.522409,1.997366
0.605031,-0.377738,2.197594
0.000019,-0.546061,2.188311
0.581247,-0.447645,2.031219
0.309120,-0.242039,2.229548
0.315632,-0.300898,2.227961
0.261102,-0.396035,2.287793
0.389834,-0.367627,2.152406
-0.067134,-0.534141,2.281989
0.173228,-0.503880,1.862916
0.063040,-0.874345,2.273867
0.249325,-0.786823,1.956758
-0.004772,-0.915489,2.258104
0.180612,-0.826730,1.940615
0.066261,0.225474,2.151383
0.198202,0.066557,2.164590
0.089103,-0.048923,2.334530
0.372422,0.005529,2.051509
0.142126,-0.334222,2.262341
0.617824,-0.121689,1.992043
-0.003558,-0.526944,1.992043
0.601318,-0.378002,2.199705
-0.010590,-0.554335,2.189155
0.579511,-0.448569,2.033697
0.293333,-0.245284,2.222407
0.302687,-0.304699,2.223714
0.251321,-0.400136,2.285584
0.380660,-0.371155,2.152345
-0.058595,-0.558367,2.280382
0.171178,-0.512290,1.859176
0.064958,-0.874493,2.273400
0.250186,-0.788933,1.956426
-0.003668,-0.915356,2.258034
0.182117,-0.830221,1.936513
0.043479,0.221800,2.137967
0.177643,0.064892,2.150826
0.068672,-0.052883,2.320926
0.354428,0.005772,2.039454
0.130086,-0.336290,2.263391
0.598278,-0.123369,1.987294
-0.014137,-0.530648,1.987294
0.597331,-0.378449,2.200837
-0.021087,-0.560309,2.188734
0.577641,-0.449721,2.036434
0.277803,-0.247872,2.215309
0.289736,-0.307840,2.219313
0.241382,-0.403692,2.283231
0.371204,-0.374147,2.151899
-0.055404,-0.570159,2.278697
0.169404,-0.521258,1.855731
0.066813,-0.874621,2.272950
0.249866,-0.793379,1.953616
-0.002580,-0.915176,2.258006
0.182672,-0.836762,1.929457
0.020718,0.220266,2.124287
0.156023,0.064927,2.136693
0.047748,-0.054628,2.306940
0.335562,0.007262,2.027475
0.117384,-0.337415,2.263473
0.578596,-0.124340,1.983138
-0.022745,-0.533999,1.983138
0.593395,-0.378364,2.201633
-0.028398,-0.564858,2.188863
0.576293,-0.450120,2.039294
0.261091,-0.248948,2.207476
0.275613,-0.309603,2.214160
0.230351,-0.405914,2.280146
0.360336,-0.375964,2.150732
-0.048247,-0.589308,2.276217
0.168817,-0.526610,1.855346
0.068593,-0.874714,2.272493
0.249897,-0.794962,1.952152
-0.001528,-0.914973,2.258005
0.183171,-0.839429,1.925769
-0.000035,0.219380,2.111826
0.136131,0.065480,2.123792
0.028764,-0.055941,2.294083
0.317684,0.009245,2.016435
0.105337,-0.338226,2.263289
0.559183,-0.125177,1.979562
-0.030610,-0.537018,1.979562
0.589241,-0.378241,2.202235
-0.035021,-0.568969,2.188977
0.574875,-0.450521,2.042229
0.245232,-0.249388,2.199895
0.262048,-0.310709,2.209005
0.219583,-0.407326,2.276774
0.349566,-0.377155,2.149312
-0.041129,-0.607207,2.273783
0.168449,-0.531628,1.855588
0.070300,-0.874779,2.272040
0.249848,-0.796397,1.950969
-0.000559,-0.914828,2.258053
0.183518,-0.841822,1.922871
-0.019531,0.219681,2.100049
0.117223,0.067448,2.111692
0.011312,-0.056535,2.282095
0.300417,0.012102,2.006227
0.093714,-0.338506,2.262655
0.540214,-0.125678,1.976544
-0.037786,-0.539644,1.976544
0.584886,-0.377925,2.202589
-0.041000,-0.572632,2.189062
0.573416,-0.450755,2.045093
0.229917,-0.248664,2.192319
0.248807,-0.310709,2.203642
0.209058,-0.407756,2.273100
0.338629,-0.377249,2.147393
-0.034218,-0.623830,2.271446
0.167750,-0.539940,1.854643
0.071894,-0.874800,2.271568
0.250393,-0.800448,1.949270
0.000327,-0.914713,2.258133
0.184917,-0.843986,1.920444
-0.037881,0.221402,2.088881
0.099521,0.070438,2.100457
-0.005217,-0.055728,2.270613
0.284141,0.015721,1.996855
0.080852,-0.338920,2.262338
0.522049,-0.125843,1.974043
-0.042992,-0.541827,1.974043
0.580377,-0.376807,2.201499
-0.045943,-0.575987,2.188512
0.571886,-0.450428,2.047684
0.215137,-0.246916,2.184901
0.235838,-0.309685,2.198213
0.198389,-0.406905,2.268980
0.327544,-0.376365,2.145238
-0.027635,-0.639136,2.269238
0.167271,-0.547763,1.854076
0.073352,-0.874757,2.271069
0.249969,-0.804920,1.947905
0.001164,-0.914609,2.258243
0.185645,-0.845930,1.918287
-0.056162,0.228435,2.077030
0.081428,0.078370,2.088986
-0.022034,-0.050889,2.258579
0.267381,0.022789,1.987822
0.069467,-0.335661,2.260520
0.504002,-0.124908,1.972030
-0.051083,-0.540693,1.972030
0.575106,-0.374703,2.203259
-0.053232,-0.577979,2.189816
0.570012,-0.449462,2.050233
0.199959,-0.240462,2.176255
0.222341,-0.304062,2.191355
0.186840,-0.401727,2.263449
0.315874,-0.370496,2.141245
-0.021399,-0.653161,2.267183
0.166972,-0.553731,1.854422
0.074727,-0.874694,2.270580
0.251313,-0.809599,1.951423
0.001965,-0.914515,2.258375
0.188001,-0.850633,1.919311
-0.072851,0.236794,2.066044
0.064769,0.087624,2.078421
-0.037791,-0.044181,2.247180
0.251755,0.030754,1.979607
0.059962,-0.333130,2.259270
0.486822,-0.123485,1.970447
-0.058327,-0.538498,1.970447
0.569799,-0.373165,2.205284
-0.059749,-0.579407,2.191324
0.568198,-0.448880,2.053288
0.185507,-0.232203,2.167822
0.209264,-0.296465,2.184462
0.175014,-0.394173,2.257831
0.304521,-0.362576,2.136773
-0.015520,-0.665921,2.265280
0.167142,-0.557612,1.856060
0.076044,-0.874614,2.270106
0.252790,-0.814335,1.955255
0.002735,-0.914427,2.258525
0.190502,-0.855478,1.920768
-0.088851,0.253756,2.054758
0.048281,0.104591,2.067343
-0.054536,-0.028950,2.235406
0.236078,0.044430,1.971473
0.049843,-0.326501,2.257247
0.469558,-0.120028,1.969029
-0.062970,-0.529058,1.969029
0.562640,-0.368553,2.211566
-0.064478,-0.577587,2.195928
0.565195,-0.445920,2.055930
0.169898,-0.216988,2.158442
0.194618,-0.281994,2.176482
0.161080,-0.379772,2.250778
0.291170,-0.347895,2.131371
-0.010907,-0.671761,2.262674
0.167231,-0.561103,1.857340
0.078759,-0.876472,2.269878
0.253718,-0.819263,1.957703
0.006290,-0.917119,2.257433
0.192251,-0.859955,1.921224
-0.103123,0.275072,2.044017
0.033496,0.123722,2.057242
-0.070367,-0.009750,2.224517
0.221492,0.060149,1.963992
0.039912,-0.317431,2.254908
0.455133,-0.115617,1.966747
-0.067612,-0.459871,1.966747
0.554692,-0.361517,2.250035
-0.069994,-0.533084,2.228319
0.561434,-0.440780,2.057266
0.155335,-0.200188,2.149498
0.180747,-0.265909,2.168714
0.147540,-0.363356,2.243639
0.278328,-0.331952,2.125957
-0.006645,-0.675217,2.259923
0.167489,-0.563857,1.859054
0.081282,-0.878267,2.269679
0.254651,-0.823971,1.960205
0.009712,-0.919776,2.256269
0.193995,-0.864292,1.921904
-0.115282,0.300379,2.034170
0.020499,0.146813,2.047803
-0.085111,0.014294,2.214154
0.208210,0.078437,1.957062
0.028304,-0.297923,2.251348
0.441572,-0.109664,1.964300
-0.072517,-0.397066,1.964300
0.545489,-0.352389,2.285847
-0.077831,-0.451448,2.287720
0.556691,-0.433521,2.057964
0.141686,-0.180974,2.140819
0.167519,-0.247551,2.161033
0.134264,-0.344363,2.236301
0.265826,-0.314257,2.120476
-0.002692,-0.676380,2.257055
0.167982,-0.565585,1.861416
0.083496,-0.879834,2.269482
0.255521,-0.828283,1.962625
0.012830,-0.922177,2.255057
0.195699,-0.868356,1.922675
-0.125052,0.327642,2.025358
0.009542,0.173004,2.038948
-0.097959,0.039701,2.204350
0.196427,0.099792,1.950543
0.009146,-0.263914,2.262144
0.428878,-0.100523,1.961143
-0.074180,-0.365004,1.961143
0.534200,-0.339518,2.309810
-0.079397,-0.421443,2.316472
0.547606,-0.416979,2.054496
0.129107,-0.159495,2.132293
0.155073,-0.227009,2.153327
0.121536,-0.323234,2.228733
0.253597,-0.294364,2.114723
0.000966,-0.675046,2.254093
0.168765,-0.565877,1.864591
0.085055,-0.880411,2.269179
0.256290,-0.832073,1.964843
0.014536,-0.923126,2.254788
0.197278,-0.872019,1.923360
-0.128823,0.366449,2.016677
0.001274,0.208630,2.030269
-0.108610,0.074544,2.192557
0.186937,0.127587,1.943933
-0.013161,-0.218378,2.272248
0.416702,-0.088330,1.957467
-0.077396,-0.332925,1.957467
0.521742,-0.323464,2.326972
-0.083433,-0.394945,2.334929
0.537421,-0.399917,2.050236
0.116738,-0.130536,2.122090
0.142220,-0.199168,2.143476
0.107011,-0.294503,2.218904
0.240758,-0.267707,2.105831
0.004542,-0.671513,2.250957
0.170131,-0.563775,1.869052
0.086519,-0.880898,2.268884
0.256969,-0.835157,1.966658
0.016118,-0.923964,2.254591
0.198648,-0.875023,1.923696
-0.129976,0.406574,2.008934
-0.004760,0.244198,2.022573
-0.117119,0.109702,2.181441
0.179208,0.155319,1.938033
-0.033497,-0.174159,2.281083
0.405843,-0.075167,1.953582
-0.080998,-0.303613,1.953582
0.508960,-0.306711,2.340968
-0.089196,-0.363599,2.349543
0.526660,-0.381978,2.043612
0.105887,-0.101982,2.112374
0.130697,-0.171685,2.133915
0.093693,-0.266302,2.209297
0.228962,-0.241299,2.096794
0.008004,-0.665944,2.247625
0.171682,-0.560951,1.873788
0.087882,-0.881310,2.268599
0.257623,-0.837940,1.968354
0.017592,-0.924702,2.254475
0.199940,-0.877739,1.924014
-0.124538,0.456353,2.002572
-0.006677,0.287567,2.015228
-0.122944,0.150886,2.169314
0.174935,0.189435,1.932120
-0.055365,-0.122973,2.288718
0.395743,-0.055859,1.948003
-0.086938,-0.270573,1.948003
0.494286,-0.284035,2.349151
-0.097621,-0.325819,2.356497
0.512533,-0.354072,2.032941
0.096539,-0.067643,2.100345
0.120095,-0.138645,2.121416
0.080323,-0.232299,2.195636
0.217589,-0.209516,2.084280
0.011583,-0.658327,2.243655
0.173475,-0.557263,1.878803
0.089154,-0.881654,2.268321
0.258156,-0.840248,1.969762
0.018962,-0.925346,2.254427
0.201024,-0.879988,1.924178
-0.117177,0.503917,1.997398
-0.006625,0.329199,2.008985
-0.127213,0.189797,2.158219
0.172060,0.221503,1.926911
-0.075371,-0.073551,2.293993
0.386974,-0.036932,1.942566
-0.093211,-0.238028,1.942566
0.480534,-0.262396,2.354222
-0.105221,-0.295876,2.360791
0.498756,-0.325943,2.021517
0.088581,-0.035355,2.089140
0.110793,-0.107577,2.109610
0.068043,-0.199818,2.182196
0.207390,-0.179607,2.072307
0.014997,-0.649378,2.239384
0.175494,-0.552508,1.884086
0.090344,-0.881937,2.268043
0.258530,-0.840536,1.971328
0.020230,-0.925903,2.254438
0.201779,-0.880600,1.925989
-0.107815,0.549319,1.993232
-0.004851,0.368850,2.003714
-0.130005,0.227614,2.147959
0.170824,0.252812,1.922104
-0.094284,-0.023814,2.296901
0.379458,-0.017912,1.936994
-0.099925,-0.204451,1.936994
0.467557,-0.241251,2.356065
-0.113566,-0.257974,2.358942
0.485109,-0.298010,2.009236
0.081863,-0.004119,2.078191
0.102553,-0.077370,2.097787
0.056588,-0.167867,2.168127
0.198083,-0.150560,2.060214
0.018329,-0.638829,2.234530
0.177648,-0.547036,1.889461
0.091454,-0.882158,2.267761
0.258827,-0.840158,1.972831
0.021402,-0.926381,2.254497
0.202398,-0.880695,1.928062
-0.094651,0.592472,1.989401
0.000912,0.409794,1.998819
-0.130001,0.267766,2.137100
0.172746,0.284909,1.917209
-0.110522,0.025410,2.295648
0.373451,0.002691,1.930128
-0.107919,-0.168679,1.930128
0.453998,-0.218608,2.351421
-0.122998,-0.215864,2.348433
0.470629,-0.268480,1.993811
0.076823,0.028141,2.065862
0.095507,-0.045903,2.083889
0.045716,-0.134190,2.150761
0.189578,-0.120640,2.045964
0.021751,-0.627092,2.228880
0.179911,-0.541104,1.894722
0.092492,-0.882306,2.267457
0.259075,-0.839261,1.974272
0.022478,-0.926790,2.254622
0.202908,-0.880365,1.930358
-0.081579,0.630844,1.986184
0.007135,0.446758,1.994733
-0.129034,0.304270,2.127143
0.175643,0.314570,1.912790
-0.124444,0.069006,2.293763
0.368664,0.022735,1.923151
-0.115331,-0.136065,1.923151
0.441529,-0.197311,2.345280
-0.131383,-0.184419,2.338461
0.457125,-0.241247,1.978904
0.072855,0.057481,2.054512
0.089556,-0.017286,2.070874
0.036216,-0.103582,2.134324
0.182163,-0.093331,2.032450
0.025067,-0.615074,2.222928
0.182216,-0.534969,1.899792
0.093460,-0.882387,2.267135
0.259298,-0.837923,1.975656
0.023463,-0.927132,2.254775
0.203333,-0.879661,1.932839
-0.068051,0.665495,1.983361
0.014122,0.480525,1.991227
-0.127189,0.337562,2.117696
0.179619,0.342311,1.908691
-0.136297,0.108140,2.290846
0.365078,0.042170,1.916047
-0.122371,-0.105791,1.916047
0.429914,-0.177082,2.336780
-0.139350,-0.155727,2.326087
0.444006,-0.215383,1.963194
0.070004,0.084441,2.043635
0.084692,0.009087,2.058042
0.027978,-0.075319,2.117794
0.175807,-0.067998,2.018949
0.028239,-0.602607,2.216588
0.184591,-0.528795,1.904655
0.094360,-0.882413,2.266800
0.259511,-0.836220,1.976989
0.024361,-0.927415,2.254958
0.203689,-0.878637,1.935478
-0.052843,0.697675,1.980413
0.023035,0.512307,1.987895
-0.121989,0.371533,2.106667
0.185326,0.368818,1.904622
-0.146403,0.143314,2.287555
0.362849,0.061532,1.908182
-0.128819,-0.077325,1.908182
0.418694,-0.156827,2.324981
-0.146070,-0.124739,2.310239
0.431097,-0.190758,1.945489
0.068325,0.109420,2.032716
0.080876,0.033648,2.044683
0.020963,-0.048372,2.099579
0.170272,-0.044285,2.005092
0.031139,-0.588911,2.208720
0.187301,-0.523634,1.909279
0.095190,-0.882342,2.266404
0.259786,-0.834316,1.978302
0.025083,-0.927635,2.255136
0.203993,-0.877282,1.938287
-0.037446,0.726469,1.977411
0.032266,0.540911,1.984817
-0.116743,0.402051,2.096871
0.191898,0.393217,1.900616
-0.154922,0.174480,2.283776
0.361873,0.080135,1.899772
-0.134537,-0.051389,1.899772
0.408558,-0.137676,2.310101
-0.151827,-0.097076,2.293030
0.419056,-0.168477,1.927254
0.067519,0.132286,2.022200
0.077905,0.056268,2.031454
0.014971,-0.023860,2.081958
0.165520,-0.022507,1.991278
0.032266,-0.574682,2.197694
0.190072,-0.518842,1.913647
0.095627,-0.881167,2.264813
0.260014,-0.832353,1.979648
0.025763,-0.927578,2.255328
0.204078,-0.875413,1.941346
-0.022261,0.752021,1.974425
0.041727,0.566486,1.981700
-0.110623,0.429338,2.086634
0.198889,0.415291,1.896529
-0.161612,0.202025,2.278498
0.362379,0.098134,1.890407
-0.139614,-0.029366,1.890407
0.399557,-0.119405,2.294901
-0.156819,-0.072705,2.276054
0.407981,-0.147869,1.907876
0.067455,0.152827,2.011933
0.075747,0.076657,2.018185
0.010089,-0.001818,2.064458
0.161507,-0.002798,1.977253
0.029933,-0.557026,2.180245
0.193113,-0.513611,1.917697
0.095173,-0.877121,2.259529
0.260202,-0.829753,1.980946
0.026164,-0.925687,2.252805
0.203732,-0.871064,1.946034
-0.007889,0.774491,1.971641
0.050927,0.589153,1.978678
-0.104531,0.453517,2.077057
0.205892,0.435054,1.892544
-0.167101,0.226546,2.273058
0.363483,0.114726,1.881090
-0.143906,-0.009935,1.881090
0.391710,-0.102949,2.279055
-0.160858,-0.051514,2.259115
0.398320,-0.129256,1.889219
0.067900,0.171138,2.002271
0.074204,0.094826,2.005461
0.006140,0.017778,2.047689
0.158143,0.014752,1.963915
0.026797,-0.539889,2.161731
0.196169,-0.508517,1.921457
0.094129,-0.872209,2.252126
0.260401,-0.826982,1.982199
0.026599,-0.922748,2.248001
0.203301,-0.866329,1.950776
0.005829,0.794215,1.968508
0.059793,0.609315,1.975635
-0.098068,0.474731,2.066533
0.212700,0.452685,1.888424
-0.171309,0.248649,2.266988
0.365115,0.130086,1.871147
-0.147524,0.007429,1.871147
0.384924,-0.087994,2.263750
-0.164272,-0.033039,2.243054
0.389983,-0.112445,1.870208
0.068880,0.187369,1.992750
0.073373,0.110862,1.992500
0.003224,0.035046,2.030560
0.155469,0.030304,1.950500
0.021286,-0.520693,2.135800
0.199151,-0.503679,1.924901
0.087275,-0.861322,2.229804
0.260586,-0.824010,1.983396
0.022454,-0.908882,2.213845
0.202919,-0.861692,1.955462
0.018516,0.811445,1.965315
0.068052,0.627118,1.972553
-0.091693,0.493345,2.056313
0.219157,0.468315,1.884252
-0.174299,0.267931,2.260115
0.367019,0.144018,1.861308
-0.150644,0.022289,1.861308
0.379114,-0.074684,2.249168
-0.167142,-0.017016,2.227914
0.382724,-0.097706,1.852189
0.070176,0.201667,1.983687
0.072946,0.124892,1.980002
0.000956,0.050083,2.014283
0.153255,0.043958,1.937618
0.015561,-0.502880,2.110208
0.202045,-0.499152,1.928027
0.075918,-0.846580,2.198102
0.260767,-0.820956,1.984542
0.014053,-0.890888,2.168956
0.203632,-0.857640,1.956922
0.029845,0.826275,1.961817
0.075721,0.642825,1.969462
-0.085492,0.509536,2.046271
0.225192,0.482068,1.880022
-0.176812,0.286741,2.253261
0.369096,0.156594,1.851545
-0.153138,0.036434,1.851545
0.374111,-0.062918,2.235662
-0.169524,-0.003141,2.213811
0.376425,-0.084884,1.834990
0.071772,0.214166,1.974934
0.072894,0.137033,1.967752
-0.000717,0.063031,1.998522
0.151475,0.055848,1.925050
0.009676,-0.486079,2.083677
0.204826,-0.494934,1.930829
0.060028,-0.828976,2.159107
0.260943,-0.817876,1.985632
0.001337,-0.870256,2.117081
0.204444,-0.853592,1.957973
0.039730,0.838965,1.957911
0.082496,0.656500,1.965857
-0.079855,0.523095,2.035232
0.230455,0.494126,1.875448
-0.178807,0.303252,2.246407
0.371017,0.168036,1.841319
-0.155567,0.049411,1.841319
0.369706,-0.052468,2.223494
-0.172011,0.009575,2.201895
0.370769,-0.073775,1.817659
0.073486,0.224860,1.965809
0.073033,0.147242,1.954801
-0.001952,0.073865,1.982339
0.149900,0.065923,1.911698
0.003832,-0.471317,2.056452
0.207464,-0.490939,1.933151
0.047100,-0.819803,2.127216
0.261109,-0.814786,1.986653
-0.009065,-0.859634,2.076629
0.205392,-0.849550,1.958607
0.048552,0.849461,1.953709
0.088702,0.668237,1.962018
-0.075019,0.534685,2.024810
0.235167,0.504582,1.870696
-0.180404,0.317402,2.239242
0.372726,0.178007,1.831050
-0.157827,0.060567,1.831050
0.365768,-0.043646,2.212273
-0.174164,0.020320,2.190816
0.365765,-0.064405,1.800943
0.075306,0.233869,1.956797
0.073287,0.155687,1.941973
-0.002912,0.082676,1.966364
0.148568,0.074390,1.898707
-0.001766,-0.458456,2.030316
0.209892,-0.487253,1.935082
0.031671,-0.811118,2.092762
0.261269,-0.811698,1.987592
-0.021980,-0.849674,2.034390
0.206368,-0.845554,1.958902
0.056142,0.857719,1.948900
0.093940,0.677862,1.957548
-0.071060,0.543968,2.014135
0.239349,0.513340,1.865540
-0.181752,0.329443,2.231647
0.374232,0.186778,1.820930
-0.160078,0.068223,1.820930
0.362082,-0.036112,2.200959
-0.175856,0.024549,2.179263
0.361154,-0.056543,1.784692
0.077034,0.241154,1.947603
0.073507,0.162307,1.928873
-0.003733,0.089399,1.950251
0.147395,0.081209,1.885639
-0.007077,-0.447292,2.005405
0.212099,-0.483882,1.936661
0.015986,-0.803429,2.058623
0.261424,-0.808659,1.988454
-0.035107,-0.840902,1.993367
0.207419,-0.841644,1.958879
0.060388,0.862275,1.941686
0.097311,0.684933,1.951537
-0.069192,0.550114,2.001085
0.241903,0.520033,1.858631
-0.184034,0.338349,2.221420
0.374385,0.194124,1.809337
-0.163359,0.075608,1.809337
0.358106,-0.030256,2.190314
-0.178668,0.030152,2.169350
0.356165,-0.050495,1.767743
0.077882,0.246144,1.937083
0.072755,0.166415,1.914033
-0.005191,0.093426,1.932623
0.145416,0.085806,1.871029
-0.013825,-0.437603,1.978404
0.214038,-0.480813,1.937725
0.000803,-0.797409,2.025051
0.261543,-0.805597,1.989166
-0.047715,-0.833962,1.953728
0.208532,-0.837698,1.958407
0.061356,0.860096,1.932577
0.096222,0.683674,1.940662
-0.070383,0.552207,1.984023
0.242381,0.524604,1.849888
-0.188423,0.343933,2.206456
0.373196,0.199996,1.796657
-0.168664,0.081313,1.796657
0.352981,-0.026034,2.179088
-0.181883,0.035731,2.160698
0.350231,-0.046206,1.750020
0.076640,0.247706,1.924075
0.069988,0.167704,1.896802
-0.008475,0.094449,1.912442
0.141768,0.088017,1.854575
-0.021594,-0.429518,1.951522
0.215464,-0.477974,1.937840
-0.013006,-0.792778,1.993548
0.261543,-0.802559,1.989646
-0.058854,-0.828530,1.916905
0.209691,-0.833721,1.957317
0.054323,0.856373,1.918432
0.091195,0.683692,1.928475
-0.076935,0.549222,1.962650
0.238386,0.526451,1.837525
-0.196929,0.346048,2.184759
0.369462,0.204508,1.782140
-0.177850,0.084644,1.782140
0.345721,-0.023285,2.164224
-0.186660,0.039553,2.151211
0.341990,-0.043365,1.730813
0.072915,0.247314,1.909051
0.064465,0.166411,1.876920
-0.014280,0.092670,1.889701
0.135823,0.088003,1.835867
-0.031810,-0.423761,1.923602
0.215164,-0.475279,1.935076
-0.026154,-0.789174,1.963418
0.261229,-0.799300,1.989651
-0.069438,-0.824216,1.882215
0.210562,-0.829523,1.955262
0.044475,0.850697,1.903256
0.083994,0.681871,1.915387
-0.084985,0.544803,1.941437
0.232819,0.526744,1.824470
-0.206649,0.346032,2.162358
0.364704,0.207899,1.767527
-0.191036,0.077570,1.767527
0.338222,-0.021550,2.145316
-0.194271,0.034710,2.139466
0.333867,-0.041502,1.712733
0.067754,0.245439,1.893478
0.057742,0.163816,1.856902
-0.021157,0.089623,1.867075
0.128904,0.086754,1.817121
-0.041823,-0.419273,1.897700
0.213636,-0.472630,1.930260
-0.039331,-0.786208,1.934782
0.260875,-0.796140,1.989460
-0.080103,-0.820605,1.849737
0.211422,-0.825458,1.952791
0.027042,0.841851,1.882843
0.070355,0.677183,1.897699
-0.098885,0.537143,1.914979
0.222135,0.524172,1.807569
-0.222984,0.342149,2.131313
0.355752,0.210332,1.750655
-0.210246,0.071585,1.750655
0.327766,-0.020769,2.118767
-0.211250,0.025028,2.114706
0.322494,-0.040810,1.692957
0.057898,0.241129,1.874108
0.046562,0.158992,1.833140
-0.032334,0.084403,1.840816
0.118057,0.083377,1.795052
-0.053267,-0.415938,1.871861
0.206774,-0.468473,1.914833
-0.050784,-0.783521,1.909306
0.259342,-0.790728,1.985281
-0.089139,-0.817332,1.820934
0.211744,-0.818990,1.944181
