0.246429,0.920098,2.755976
0.237370,0.751736,2.864913
0.034955,0.668680,2.895657
0.443814,0.632352,2.911528
-0.038092,0.407932,2.896187
0.518015,0.365255,2.959325
-0.026570,0.174262,2.959325
0.513556,0.114028,2.788544
-0.000119,0.133958,2.782686
0.503069,0.011056,2.877647
0.233043,0.411773,2.922883
0.232581,0.343294,2.936988
0.138328,0.256312,2.943504
0.326905,0.248726,2.953307
0.087498,-0.223873,2.954998
0.327444,-0.219790,2.960005
0.111678,-0.593830,3.061718
0.334226,-0.610689,2.907388
0.090289,-0.671021,3.020271
0.350268,-0.676634,2.861982
0.258224,0.892721,2.713026
0.244607,0.733590,2.845520
0.050755,0.653979,2.872952
0.453085,0.607270,2.875974
-0.032670,0.397592,2.887526
0.524009,0.332174,2.910135
-0.025382,0.165460,2.910135
0.511480,0.082963,2.776136
0.001200,0.132290,2.775256
0.501278,-0.008836,2.848342
0.236805,0.393570,2.908523
0.235401,0.325437,2.923755
0.140329,0.242953,2.935307
0.327111,0.231152,2.939970
0.076012,-0.220082,2.910883
0.333830,-0.218361,2.943058
0.110638,-0.596162,3.040320
0.334109,-0.610567,2.907510
0.080694,-0.669081,2.963002
0.355879,-0.682588,2.862270
0.260218,0.885843,2.700420
0.265879,0.711164,2.808855
0.053758,0.649729,2.866616
0.456182,0.604025,2.855694
-0.031644,0.395279,2.884840
0.527321,0.319403,2.881410
-0.022221,0.165948,2.881410
0.517450,0.070822,2.767450
0.005156,0.126775,2.765400
0.501386,-0.011151,2.831161
0.244516,0.386393,2.894675
0.241083,0.320271,2.913272
0.144025,0.238568,2.930310
0.330524,0.226867,2.930615
0.068516,-0.211326,2.884375
0.342824,-0.225043,2.927072
0.089898,-0.601455,2.975534
0.332497,-0.611408,2.905523
0.061776,-0.672241,2.916281
0.358913,-0.686532,2.863819
0.262395,0.866627,2.672425
0.271317,0.698321,2.797519
0.060295,0.630948,2.845142
0.456240,0.579828,2.821303
-0.025362,0.384169,2.875055
0.525063,0.307145,2.851108
-0.013936,0.154687,2.851108
0.509791,0.062198,2.758712
0.011293,0.078916,2.736346
0.494231,-0.048454,2.772349
0.250446,0.372000,2.881567
0.246220,0.306991,2.901410
0.148231,0.227792,2.924139
0.333597,0.213740,2.917262
0.063313,-0.204959,2.865122
0.356984,-0.227667,2.913355
0.079360,-0.596770,2.963726
0.332872,-0.613365,2.903459
0.035469,-0.668395,2.894665
0.367211,-0.693988,2.864669
0.263876,0.831246,2.638029
0.270465,0.680869,2.779055
0.064520,0.621133,2.829008
0.458060,0.570331,2.804475
-0.019984,0.378058,2.868756
0.518470,0.283198,2.800877
-0.008252,0.148087,2.800877
0.506774,0.034033,2.753975
0.015817,0.075077,2.723074
0.496088,-0.042796,2.758173
0.251773,0.363618,2.871634
0.247829,0.299670,2.892648
0.150310,0.221340,2.918804
0.335050,0.206592,2.908398
0.062880,-0.208909,2.859856
0.364290,-0.233704,2.897301
0.052875,-0.605327,2.910196
0.332754,-0.614754,2.902297
0.010444,-0.658184,2.837436
0.324124,-0.669939,2.824256
0.265346,0.821381,2.628022
0.275761,0.641165,2.750206
0.066405,0.601589,2.811912
0.460644,0.544267,2.776325
-0.012966,0.362253,2.857008
0.515194,0.269213,2.782131
-0.004389,0.131169,2.782131
0.496962,0.023096,2.745131
0.020136,0.100502,2.730464
0.482130,-0.086578,2.704085
0.254880,0.345764,2.857303
0.250586,0.285557,2.881104
0.152233,0.207903,2.913141
0.337823,0.194002,2.897915
0.059753,-0.219384,2.845654
0.370805,-0.245133,2.881878
0.037708,-0.604267,2.879374
0.332852,-0.616204,2.901107
-0.005880,-0.663213,2.810069
0.321295,-0.673802,2.825349
0.263827,0.783050,2.597173
0.275971,0.624714,2.736509
0.065831,0.581711,2.797202
0.459685,0.528520,2.757654
-0.011559,0.350079,2.843469
0.508244,0.252149,2.758723
0.020476,0.118703,2.758723
0.483259,-0.006664,2.738103
0.045343,0.046150,2.707102
0.478834,-0.092123,2.687200
0.256059,0.332162,2.847917
0.251899,0.273502,2.873180
0.153427,0.195184,2.910010
0.339092,0.184252,2.891395
0.054629,-0.228445,2.832783
0.369571,-0.254033,2.865412
0.032252,-0.606100,2.872172
0.332632,-0.616351,2.896646
-0.016581,-0.665073,2.792695
0.358362,-0.693863,2.860907
0.263326,0.766797,2.588932
0.283003,0.592673,2.708161
0.064382,0.552333,2.779966
0.450040,0.503476,2.733598
-0.002332,0.300665,2.821152
0.494600,0.223210,2.726333
0.026039,0.068319,2.726333
0.482407,-0.025041,2.717560
0.068094,-0.025264,2.673143
0.460099,-0.131485,2.655118
0.258708,0.309600,2.836419
0.253964,0.252405,2.864277
0.155930,0.176745,2.906772
0.339081,0.168706,2.884978
0.046397,-0.241424,2.818633
0.371359,-0.268022,2.847856
0.029182,-0.608030,2.868762
0.332379,-0.616268,2.895528
-0.019758,-0.665366,2.787984
0.360669,-0.693633,2.861249
0.258935,0.719249,2.568263
0.269478,0.551763,2.693332
0.055041,0.521258,2.766815
0.442956,0.468729,2.713931
-0.003119,0.287600,2.812398
0.482921,0.188812,2.706545
0.029385,0.055139,2.706545
0.464747,-0.055878,2.711321
0.066148,0.015266,2.689662
0.445529,-0.154061,2.628462
0.256288,0.281779,2.827358
0.253132,0.227427,2.856951
0.157201,0.149809,2.906375
0.339850,0.141569,2.876823
0.038694,-0.262258,2.805526
0.372309,-0.293644,2.833386
0.026545,-0.609281,2.865279
0.332585,-0.617474,2.893903
-0.021663,-0.667231,2.784330
0.368573,-0.697734,2.867600
0.251166,0.692790,2.562730
0.269403,0.522257,2.678555
0.048273,0.483705,2.754623
0.431353,0.448707,2.702862
-0.002491,0.247882,2.791492
0.480546,0.174715,2.696984
0.034971,0.014096,2.696984
0.456717,-0.078327,2.697107
0.081659,-0.080273,2.659441
0.429182,-0.185560,2.607383
0.254094,0.252253,2.819688
0.250891,0.198074,2.850952
0.156091,0.125239,2.902461
0.337169,0.120427,2.874578
0.026501,-0.275571,2.774574
0.371838,-0.311765,2.811987
0.025976,-0.612630,2.864966
0.332991,-0.618084,2.889020
-0.022976,-0.669161,2.783485
0.354131,-0.696907,2.893726
0.243994,0.650440,2.550534
0.286381,0.465723,2.673057
0.049193,0.456619,2.742075
0.439244,0.392037,2.699232
-0.003630,0.216600,2.780060
0.467747,0.136917,2.679025
0.029829,-0.015952,2.679025
0.445697,-0.105423,2.681579
0.074105,-0.010938,2.680784
0.417802,-0.211791,2.589797
0.255414,0.219861,2.812354
0.249860,0.170723,2.843782
0.148963,0.097893,2.900485
0.333487,0.079236,2.864265
0.018074,-0.292521,2.745699
0.381159,-0.348195,2.784370
0.021643,-0.617350,2.860190
0.333195,-0.618288,2.883833
-0.027295,-0.674550,2.780306
0.353046,-0.696966,2.893292
0.237012,0.607350,2.544246
0.246999,0.423951,2.673852
0.043987,0.400506,2.737116
0.422078,0.359191,2.688315
-0.009432,0.165791,2.772820
0.460036,0.113172,2.668421
0.040563,-0.059463,2.668421
0.423689,-0.179064,2.664629
0.057228,-0.134548,2.633365
0.385596,-0.271702,2.558769
0.240995,0.175996,2.809628
0.239492,0.126062,2.840043
0.143967,0.054061,2.894543
0.331280,0.054177,2.863283
0.009310,-0.320393,2.706888
0.396519,-0.361100,2.740927
0.019439,-0.619434,2.855503
0.335024,-0.617624,2.877487
-0.028559,-0.675836,2.780527
0.363852,-0.694130,2.882453
0.234287,0.579896,2.537035
0.245491,0.405047,2.664403
0.040913,0.386044,2.732955
0.421291,0.343062,2.682979
-0.013094,0.116375,2.759368
0.441544,0.072237,2.654434
0.060663,-0.100086,2.654434
0.411048,-0.194866,2.646705
0.085249,-0.172240,2.613939
0.381815,-0.285213,2.556121
0.237040,0.157238,2.800618
0.235235,0.107566,2.831165
0.135449,0.029375,2.884685
0.328153,0.027662,2.853985
0.003717,-0.337799,2.682544
0.411258,-0.382281,2.727951
0.018228,-0.620167,2.847078
0.331877,-0.618938,2.870170
-0.029668,-0.676830,2.780391
0.361708,-0.694091,2.851726
0.230020,0.542873,2.531684
0.188390,0.382074,2.676349
0.035348,0.352791,2.727169
0.408529,0.317789,2.668590
-0.016737,0.106019,2.757467
0.438778,0.070187,2.650779
0.048889,-0.118606,2.650779
0.396181,-0.232400,2.659331
0.082360,-0.133581,2.648825
0.370451,-0.334125,2.536974
0.216225,0.119666,2.800249
0.220766,0.066354,2.828452
0.134338,-0.007168,2.882268
0.321445,-0.010371,2.842932
-0.005372,-0.353789,2.651487
0.442154,-0.406610,2.706374
0.014176,-0.619947,2.839120
0.336380,-0.607788,2.844651
-0.030739,-0.677984,2.780699
0.321026,-0.670672,2.773898
0.230930,0.504375,2.527928
0.228569,0.339491,2.592924
0.031244,0.303089,2.716866
0.405665,0.253276,2.664741
-0.027254,0.069879,2.750153
0.418991,0.005551,2.630976
-0.029790,-0.236582,2.630976
0.394066,-0.233909,2.598926
0.019726,-0.306477,2.567931
0.371120,-0.339083,2.527008
0.227108,0.067243,2.778237
0.226771,0.012665,2.818601
0.133799,-0.058683,2.887665
0.318949,-0.060470,2.842975
-0.015266,-0.372973,2.617470
0.496787,-0.415275,2.658484
0.013479,-0.622617,2.835655
0.331893,-0.627842,2.852211
-0.031474,-0.678520,2.780933
0.365241,-0.701276,2.863148
0.213679,0.449389,2.521134
0.223928,0.266015,2.649269
0.019931,0.252710,2.718874
0.402850,0.225114,2.660917
-0.044845,0.020783,2.748627
0.407797,-0.022306,2.623642
-0.022909,-0.238273,2.623642
0.368118,-0.320242,2.598617
0.026608,-0.308169,2.567622
0.338784,-0.419678,2.495804
0.213101,0.024841,2.776260
0.211711,-0.022293,2.806275
0.113037,-0.103623,2.860888
0.299342,-0.105263,2.824141
-0.022257,-0.443167,2.618528
0.512325,-0.441642,2.645235
0.011093,-0.623580,2.826519
0.331041,-0.628821,2.851958
-0.031655,-0.678842,2.780022
0.365757,-0.701461,2.862773
0.205982,0.417809,2.522802
0.197337,0.228397,2.647419
0.015834,0.228532,2.715106
0.396304,0.182691,2.666816
-0.055795,0.000498,2.750066
0.397846,-0.065654,2.620208
-0.026144,-0.243042,2.620208
0.360248,-0.343497,2.581282
0.023372,-0.312938,2.550287
0.333520,-0.444875,2.484898
0.193005,-0.000163,2.767707
0.191140,-0.047254,2.795106
0.095718,-0.117347,2.854951
0.284001,-0.133180,2.810243
-0.022556,-0.455382,2.603001
0.510265,-0.462757,2.638065
0.009856,-0.625759,2.818898
0.330609,-0.637768,2.859372
-0.033376,-0.681158,2.778581
0.369560,-0.708603,2.864736
0.203655,0.383375,2.524050
0.210281,0.185800,2.639997
0.007509,0.198216,2.713524
0.383962,0.140083,2.661189
-0.073268,-0.026146,2.748653
0.389965,-0.105600,2.612260
-0.029007,-0.256624,2.612260
0.359821,-0.345264,2.565035
-0.012995,-0.332342,2.536505
0.337225,-0.448725,2.486877
0.211054,-0.049158,2.777757
0.211038,-0.095782,2.808712
0.117088,-0.165739,2.881595
0.305028,-0.178979,2.820745
-0.035768,-0.390905,2.535975
0.428336,-0.444080,2.700058
0.011378,-0.626584,2.813556
0.312400,-0.647819,2.870688
-0.035765,-0.683814,2.781262
0.374315,-0.699804,2.872857
0.201982,0.365583,2.518525
0.209161,0.174479,2.637074
-0.001301,0.162616,2.713624
0.379008,0.097571,2.661061
-0.068698,-0.070162,2.728652
0.389180,-0.147076,2.608471
-0.033068,-0.276833,2.608471
0.385153,-0.375021,2.540089
-0.014931,-0.354978,2.521332
0.358557,-0.478864,2.471036
0.205240,-0.061819,2.773362
0.204093,-0.109255,2.803854
0.107905,-0.179927,2.876264
0.295963,-0.195789,2.814914
0.018500,-0.368754,2.656656
0.478659,-0.553078,2.652308
0.015009,-0.625987,2.804353
0.293240,-0.647992,2.885055
-0.035660,-0.684644,2.781599
0.364537,-0.696139,2.885133
0.192355,0.319375,2.520389
0.189551,0.141574,2.641912
-0.006478,0.122891,2.715540
0.380152,0.072446,2.661689
-0.081499,-0.106011,2.735427
0.365573,-0.171195,2.607003
-0.032816,-0.277827,2.607003
0.347975,-0.433504,2.540292
-0.015338,-0.355995,2.521088
0.326593,-0.534879,2.468132
0.197262,-0.087358,2.768852
0.198198,-0.133705,2.797856
0.099009,-0.208916,2.864881
0.298852,-0.219838,2.809976
0.018202,-0.370121,2.654528
0.422392,-0.463609,2.682668
0.015590,-0.624266,2.793745
0.287071,-0.639074,2.871759
-0.033530,-0.686833,2.780120
0.360984,-0.688495,2.876358
0.185735,0.289961,2.531182
0.184022,0.096294,2.653895
-0.013257,0.103691,2.714605
0.376147,0.053754,2.660248
-0.081706,-0.127407,2.731814
0.362271,-0.207322,2.598127
-0.022392,-0.343119,2.598127
0.336066,-0.439380,2.523133
-0.007872,-0.421177,2.501055
0.334634,-0.544864,2.473212
0.189345,-0.108988,2.761797
0.190167,-0.152206,2.787837
0.087482,-0.228150,2.851686
0.293127,-0.242002,2.797220
0.017597,-0.405829,2.659025
0.415416,-0.480620,2.669047
0.016363,-0.624707,2.789911
0.286210,-0.639755,2.871555
-0.031334,-0.688992,2.780307
0.360384,-0.688852,2.876241
0.187222,0.279073,2.525392
0.179782,0.088005,2.651740
-0.014190,0.081809,2.709976
0.375164,0.009276,2.658150
-0.094599,-0.143093,2.735246
0.360051,-0.232126,2.593728
-0.029233,-0.324247,2.593728
0.336072,-0.462826,2.511240
-0.014709,-0.402323,2.489157
0.324803,-0.568524,2.468073
0.182631,-0.127266,2.753334
0.183334,-0.170788,2.777305
0.080094,-0.243153,2.841538
0.289283,-0.264875,2.783716
0.019762,-0.408315,2.655528
0.411336,-0.489791,2.659440
0.019551,-0.628172,2.788610
0.284800,-0.639999,2.870844
-0.030277,-0.691003,2.781085
0.359154,-0.688876,2.875629
0.177169,0.224913,2.520273
0.187300,0.025802,2.639313
-0.021208,0.031527,2.707187
0.369129,-0.027634,2.656236
-0.103332,-0.189980,2.736664
0.354600,-0.267582,2.592703
-0.035860,-0.398263,2.592703
0.322670,-0.555574,2.503402
-0.021363,-0.476197,2.481359
0.321742,-0.663027,2.464564
0.152043,-0.177219,2.726941
0.144179,-0.217691,2.747994
0.024875,-0.285607,2.805747
0.232516,-0.315705,2.754309
0.028954,-0.460852,2.668148
0.415773,-0.516195,2.411885
0.030913,-0.669562,2.822444
0.278342,-0.630509,2.867832
-0.027376,-0.685302,2.769485
0.352972,-0.678372,2.872852
0.175100,0.218735,2.519679
0.190924,0.018238,2.637192
-0.024213,0.011528,2.707923
0.365749,-0.046044,2.652632
-0.111406,-0.205933,2.743191
0.354856,-0.286820,2.597450
-0.011173,-0.346852,2.597450
0.322433,-0.556022,2.508005
0.003318,-0.424749,2.485973
0.322037,-0.666103,2.475962
0.149201,-0.194354,2.728848
0.139834,-0.237951,2.751064
0.020220,-0.302951,2.806790
0.224778,-0.335417,2.760664
0.028519,-0.463028,2.667255
0.425943,-0.277188,2.375542
0.021088,-0.668105,2.807534
0.402797,-0.599424,2.629973
-0.039953,-0.691277,2.760689
0.387365,-0.657362,2.556879
0.172394,0.207370,2.520737
0.184161,0.003644,2.635141
-0.026955,0.002630,2.708405
0.362840,-0.056795,2.652505
-0.115692,-0.213722,2.743675
0.378273,-0.297753,2.606417
-0.006771,-0.387544,2.606417
0.301841,-0.540910,2.503799
0.007721,-0.465451,2.481764
0.317821,-0.648571,2.485550
0.145662,-0.197113,2.725974
0.137012,-0.239114,2.748032
0.017049,-0.304893,2.803692
0.222363,-0.336247,2.757510
0.026472,-0.468626,2.665650
0.409720,-0.223693,2.377768
0.020063,-0.667647,2.805392
0.386572,-0.545965,2.632239
-0.041029,-0.693362,2.759872
0.370818,-0.604599,2.559695
0.170440,0.204222,2.519525
0.182568,0.000122,2.634060
-0.027854,-0.003391,2.708349
0.357282,-0.067005,2.650647
-0.111544,-0.224090,2.732842
0.372859,-0.307265,2.601538
-0.012124,-0.371524,2.601538
0.302043,-0.546916,2.504019
0.002366,-0.449418,2.481987
0.318595,-0.656293,2.499853
0.151280,-0.204930,2.719941
0.145722,-0.247369,2.740009
0.031456,-0.318735,2.793814
0.243767,-0.345013,2.741390
0.077861,-0.485318,2.641803
0.397968,-0.196269,2.359184
0.023104,-0.666250,2.806214
0.374816,-0.518592,2.613710
-0.039864,-0.693225,2.764295
0.358416,-0.576039,2.540511
0.167738,0.192907,2.520928
0.177025,-0.010241,2.637545
-0.029736,-0.008740,2.709042
0.356652,-0.069353,2.649635
-0.106509,-0.232706,2.727951
0.364723,-0.309118,2.596218
-0.008350,-0.369586,2.596218
0.302424,-0.549714,2.506291
0.006141,-0.447484,2.484258
0.318305,-0.658540,2.497350
0.152102,-0.213660,2.723670
0.147313,-0.255090,2.743929
0.034154,-0.326296,2.799941
0.245082,-0.352441,2.747416
0.076678,-0.481142,2.644140
0.406483,-0.306330,2.342057
0.023521,-0.665775,2.805676
0.415984,-0.618011,2.259002
-0.040035,-0.693318,2.764987
0.399454,-0.675903,2.186150
0.167469,0.189267,2.520625
0.174959,-0.014066,2.637729
-0.029766,-0.011920,2.708684
0.354435,-0.076891,2.649490
-0.107764,-0.234945,2.727983
0.342211,-0.315752,2.593280
-0.010021,-0.367533,2.593280
0.296077,-0.544202,2.507360
0.004475,-0.445457,2.485319
0.315203,-0.651654,2.496510
0.140654,-0.222655,2.731741
0.132748,-0.264997,2.754889
0.019895,-0.329590,2.812647
0.211828,-0.367061,2.769533
0.014493,-0.475222,2.669814
0.420880,-0.300261,2.390808
0.026245,-0.664446,2.804505
0.428257,-0.611525,2.307420
-0.041832,-0.694406,2.774063
0.379045,-0.659175,2.391860
0.167248,0.186671,2.520822
0.174718,-0.017963,2.637500
-0.030927,-0.013830,2.708788
0.354034,-0.080035,2.651560
-0.091885,-0.244297,2.709763
0.346190,-0.318632,2.598404
-0.009381,-0.367117,2.598404
0.297407,-0.548994,2.506637
-0.027857,-0.446432,2.494839
0.314964,-0.655674,2.493474
0.138813,-0.219165,2.728869
0.130862,-0.258950,2.750340
0.014185,-0.323342,2.807039
0.214371,-0.354469,2.760408
0.015893,-0.476119,2.669259
0.401741,-0.212029,2.392138
0.027888,-0.662792,2.806240
0.400083,-0.527288,2.349639
-0.040049,-0.694287,2.776891
0.364867,-0.607705,2.413931
0.167569,0.192593,2.517977
0.169234,-0.009022,2.639171
-0.031127,-0.013794,2.708740
0.353811,-0.079700,2.651698
-0.092649,-0.243638,2.710084
0.344030,-0.318222,2.602719
-0.005690,-0.366429,2.602719
0.285862,-0.539069,2.509480
-0.025904,-0.445404,2.498390
0.296697,-0.644745,2.482709
0.136887,-0.221168,2.733232
0.129244,-0.263702,2.756681
0.013856,-0.324417,2.811275
0.217104,-0.368217,2.770417
0.016601,-0.476495,2.668998
0.509361,-0.360179,2.448515
0.027904,-0.662635,2.806278
0.295670,-0.611227,2.531532
-0.039586,-0.694301,2.776202
0.316970,-0.713297,2.500601
0.169069,0.198049,2.520412
0.168494,-0.004356,2.640081
-0.030741,-0.012264,2.708340
0.352517,-0.079122,2.653838
-0.120232,-0.227157,2.735997
0.337799,-0.316365,2.599216
-0.006560,-0.364837,2.599216
0.298438,-0.541188,2.512546
-0.027112,-0.443713,2.501944
0.307234,-0.647939,2.483603
0.132516,-0.214842,2.734196
0.124543,-0.257112,2.757130
0.001974,-0.310103,2.808351
0.214529,-0.362830,2.771297
-0.089730,-0.398163,2.389335
0.390797,-0.214762,2.398014
0.030029,-0.649418,2.792584
0.297865,-0.602652,2.522447
-0.035381,-0.694794,2.781759
0.315663,-0.707655,2.500715
0.173294,0.218288,2.525621
0.166074,0.017360,2.645615
-0.034750,0.002443,2.709522
0.354621,-0.063628,2.656396
-0.115742,-0.216399,2.732887
0.336964,-0.299942,2.599121
-0.005979,-0.363369,2.599121
0.298567,-0.525827,2.513143
-0.046381,-0.432299,2.493804
0.309733,-0.633110,2.490582
0.112522,-0.190709,2.736273
0.100515,-0.231869,2.757787
-0.034486,-0.275542,2.812845
0.188490,-0.348028,2.766464
-0.056356,-0.427947,2.403364
0.366662,-0.278059,2.373691
0.023173,-0.635866,2.779139
0.293582,-0.621820,2.525409
-0.031494,-0.694418,2.784357
0.313576,-0.711184,2.495068
0.174006,0.229706,2.535069
0.171032,0.017976,2.644572
-0.035371,0.025538,2.710121
0.352215,-0.046932,2.656233
-0.118491,-0.190931,2.738181
0.333851,-0.282861,2.599438
-0.008614,-0.352668,2.599438
0.297805,-0.525086,2.515353
-0.044155,-0.424632,2.497540
0.310189,-0.632483,2.491915
0.153029,-0.177529,2.735428
0.151360,-0.215585,2.757357
0.029309,-0.275396,2.821002
0.252249,-0.320160,2.764370
-0.044842,-0.396056,2.406962
0.407091,-0.274702,2.357883
0.022690,-0.634562,2.779654
0.299986,-0.629093,2.519010
-0.030920,-0.694082,2.782264
0.307355,-0.698948,2.480416
0.177456,0.268909,2.530792
0.189785,0.060403,2.629127
-0.030797,0.051012,2.704965
0.340689,-0.004666,2.652182
-0.100537,-0.172434,2.721202
0.335227,-0.241925,2.605096
-0.013872,-0.348204,2.605096
0.297932,-0.525293,2.517279
-0.050848,-0.419781,2.500925
0.304248,-0.629298,2.479024
0.154810,-0.169857,2.739256
0.151128,-0.211005,2.762454
0.031308,-0.270133,2.825176
0.247191,-0.306834,2.776777
-0.034876,-0.384792,2.408139
0.397475,-0.204406,2.379517
0.022702,-0.633979,2.780117
0.307096,-0.575342,2.524328
-0.030162,-0.694188,2.781769
0.305704,-0.675278,2.482294
0.176692,0.285009,2.532448
0.176431,0.093032,2.637792
-0.032534,0.070867,2.704289
0.339889,0.031271,2.656233
-0.075713,-0.162820,2.687065
0.342078,-0.210114,2.606034
-0.016335,-0.344633,2.606034
0.320710,-0.517677,2.521056
-0.053486,-0.416220,2.505251
0.322777,-0.619866,2.456008
0.170098,-0.134544,2.761645
0.169358,-0.180405,2.789585
0.069509,-0.241557,2.856242
0.269136,-0.269807,2.802421
-0.024997,-0.323770,2.437101
0.397319,-0.208530,2.388865
0.022332,-0.633750,2.780887
0.308687,-0.545677,2.520966
-0.030020,-0.694322,2.781636
0.310528,-0.630516,2.476624
0.176456,0.329975,2.534973
0.170557,0.114758,2.640750
-0.028831,0.100361,2.702261
0.339962,0.037002,2.656890
-0.107708,-0.119778,2.716643
0.341401,-0.208284,2.602061
-0.011909,-0.289048,2.602061
0.307880,-0.476042,2.538651
-0.049511,-0.360539,2.524025
0.309486,-0.559487,2.464484
0.167807,-0.123748,2.765395
0.167304,-0.170908,2.793554
0.068141,-0.230142,2.859070
0.266150,-0.263432,2.805551
-0.020451,-0.400995,2.468139
0.398119,-0.203808,2.393878
0.022684,-0.633100,2.783450
0.304700,-0.536385,2.516558
-0.031859,-0.691596,2.784030
0.303544,-0.607069,2.464142
0.176594,0.358088,2.534540
0.158413,0.175302,2.647875
-0.031265,0.139315,2.700245
0.341998,0.071230,2.650286
-0.094115,-0.086786,2.708638
0.341375,-0.198352,2.591206
-0.012318,-0.290044,2.591206
0.282781,-0.419651,2.537865
-0.042365,-0.363145,2.515638
0.302136,-0.520492,2.472160
0.163612,-0.072880,2.774085
0.164683,-0.123155,2.802591
0.072109,-0.184736,2.870006
0.261088,-0.225549,2.809458
-0.012475,-0.403940,2.504997
0.401603,-0.183492,2.399364
0.022254,-0.632378,2.784836
0.311565,-0.542165,2.487299
-0.031783,-0.691396,2.783378
0.310021,-0.603941,2.436441
0.172618,0.410476,2.535459
0.161273,0.203294,2.640326
-0.030273,0.183111,2.697731
0.345814,0.122483,2.652600
-0.088439,-0.055943,2.705185
0.342012,-0.196607,2.588747
-0.020777,-0.288715,2.588747
0.295996,-0.419592,2.531034
-0.045177,-0.362641,2.505304
0.309559,-0.486138,2.466046
0.159482,-0.050284,2.772358
0.159147,-0.100392,2.801937
0.065750,-0.157553,2.863863
0.248926,-0.193415,2.817491
-0.007756,-0.405513,2.516079
0.507237,-0.426154,2.563849
0.021762,-0.630512,2.784898
0.298342,-0.652069,2.871611
-0.031283,-0.690212,2.783225
0.354372,-0.695937,2.835320
0.172924,0.439700,2.538912
0.161392,0.254268,2.641256
-0.031362,0.206976,2.699386
0.344512,0.148740,2.652609
-0.085374,-0.039641,2.701196
0.354714,-0.087048,2.602181
-0.024282,-0.288905,2.602181
0.311290,-0.391883,2.528488
-0.046766,-0.362815,2.501518
0.317111,-0.461774,2.455977
0.163837,-0.020697,2.775046
0.163952,-0.075265,2.804930
0.071486,-0.138733,2.862390
0.256128,-0.169334,2.822634
-0.010683,-0.398697,2.527207
0.492687,-0.424282,2.570819
0.021158,-0.629360,2.785720
0.310720,-0.644772,2.849475
-0.031098,-0.689366,2.781307
0.363029,-0.702666,2.833260
0.166777,0.491366,2.548275
0.166093,0.290755,2.638509
-0.031248,0.251343,2.696691
0.345684,0.191734,2.658174
-0.085921,0.019431,2.701225
0.355456,-0.060423,2.604724
-0.030350,-0.261023,2.604724
0.321852,-0.361728,2.542433
-0.052142,-0.334931,2.515130
0.310328,-0.406398,2.419282
0.165344,0.011436,2.774301
0.165152,-0.044600,2.804748
0.073928,-0.108462,2.861531
0.255788,-0.139148,2.821143
-0.010256,-0.391036,2.547880
0.487710,-0.424919,2.603908
0.019858,-0.628084,2.785935
0.311992,-0.639629,2.846028
-0.031212,-0.688954,2.782511
0.361055,-0.700711,2.832362
0.166731,0.518943,2.551911
0.166314,0.327502,2.634854
-0.032767,0.277227,2.696472
0.341239,0.228045,2.654234
-0.082030,0.027014,2.698383
0.359854,-0.024571,2.607687
-0.034911,-0.257591,2.607687
0.333805,-0.305824,2.545299
-0.054178,-0.331450,2.516487
0.317070,-0.379587,2.454189
0.166124,0.038976,2.769810
0.166056,-0.018496,2.800171
0.075473,-0.086212,2.855540
0.256456,-0.106322,2.814740
-0.017999,-0.382032,2.559345
0.464088,-0.402496,2.588430
0.019144,-0.627476,2.787916
0.314000,-0.636652,2.844028
-0.031388,-0.688438,2.782382
0.361239,-0.699058,2.830821
0.162315,0.576371,2.560133
0.170725,0.378549,2.636298
-0.030269,0.323877,2.697040
0.341225,0.275027,2.655897
-0.074006,0.058555,2.690261
0.362613,0.006440,2.610633
-0.050884,-0.164686,2.610633
0.349814,-0.227198,2.601230
-0.069056,-0.238140,2.570951
0.327740,-0.319613,2.460917
0.167768,0.086792,2.767467
0.167178,0.028034,2.797112
0.078414,-0.037052,2.848268
0.254601,-0.064194,2.812020
-0.017245,-0.362297,2.588862
0.403498,-0.439418,2.687343
0.017883,-0.627325,2.793746
0.316143,-0.630176,2.839755
-0.031771,-0.688202,2.781941
0.360277,-0.695566,2.832416
0.162069,0.610987,2.567460
0.169390,0.416550,2.637261
-0.032430,0.345972,2.696516
0.344784,0.312164,2.660163
-0.070236,0.069579,2.687133
0.362760,0.040876,2.614633
0.030859,-0.154675,2.614633
0.351518,-0.206933,2.560991
0.012715,-0.228011,2.530760
0.335059,-0.291199,2.470319
0.168354,0.125359,2.763219
0.168162,0.067524,2.791704
0.078573,-0.017219,2.843560
0.257479,-0.009651,2.805218
-0.024243,-0.350080,2.599461
0.392710,-0.392054,2.691971
0.017412,-0.626378,2.795628
0.322138,-0.621042,2.834881
-0.033076,-0.688242,2.782774
0.357347,-0.691886,2.834983
0.157195,0.660048,2.576315
0.171681,0.465625,2.636328
-0.031824,0.394520,2.694039
0.341626,0.347775,2.659550
-0.066696,0.130115,2.685250
0.368588,0.073161,2.617335
-0.021104,-0.082636,2.617335
0.353901,-0.176667,2.578435
-0.039214,-0.155837,2.548260
0.338289,-0.253247,2.465661
0.169268,0.156605,2.760671
0.168837,0.095094,2.789017
0.080432,0.027203,2.835565
0.256846,0.009287,2.802980
-0.026933,-0.322258,2.621824
0.387743,-0.376095,2.699852
0.016646,-0.624899,2.796884
0.322791,-0.618613,2.834728
-0.032895,-0.687845,2.782670
0.357281,-0.689684,2.834284
0.148038,0.701095,2.585829
0.160755,0.509397,2.640939
-0.035994,0.422228,2.696769
0.336932,0.385766,2.662132
-0.071061,0.157721,2.684697
0.376317,0.109969,2.620764
-0.025867,-0.058431,2.620764
0.360096,-0.117753,2.585994
-0.010519,-0.121243,2.536896
0.336719,-0.210479,2.464421
0.161851,0.193401,2.756665
0.162018,0.130317,2.783373
0.073706,0.052756,2.826286
0.251443,0.044623,2.797221
-0.027248,-0.310228,2.636357
0.373862,-0.347677,2.719440
0.016257,-0.623860,2.799184
0.322263,-0.622974,2.839985
-0.033309,-0.687592,2.783103
0.358990,-0.692322,2.832059
0.146505,0.740240,2.591099
0.157712,0.538952,2.643474
-0.037761,0.457468,2.695409
0.336252,0.423578,2.667551
-0.071846,0.170016,2.682729
0.382429,0.143469,2.624441
-0.027635,-0.053448,2.624441
0.373179,-0.077995,2.584332
-0.010720,-0.117746,2.537829
0.346677,-0.160228,2.483163
0.161898,0.214945,2.756554
0.162604,0.150324,2.782697
0.076409,0.074366,2.822971
0.250946,0.065634,2.796037
-0.032777,-0.293983,2.652224
0.366237,-0.330169,2.734353
0.015245,-0.622175,2.805204
0.320734,-0.621583,2.843020
-0.033466,-0.687306,2.782974
0.358460,-0.689968,2.832777
0.143377,0.779576,2.599375
0.158723,0.584666,2.645187
-0.041062,0.481065,2.696618
0.329463,0.469813,2.668525
-0.073695,0.199032,2.682742
0.383404,0.172344,2.629303
-0.033798,-0.052703,2.629303
0.374244,-0.050207,2.587271
-0.015146,-0.117106,2.541683
0.347561,-0.140634,2.484165
0.158804,0.255589,2.751191
0.158855,0.189876,2.775848
0.071829,0.113360,2.812043
0.245900,0.105627,2.787871
-0.026030,-0.268936,2.672143
0.353262,-0.293762,2.749556
0.014430,-0.620512,2.808789
0.320890,-0.621113,2.844549
-0.033565,-0.687104,2.782936
0.358554,-0.689197,2.832892
0.136811,0.813550,2.609489
0.158182,0.626181,2.650158
-0.048012,0.518045,2.701354
0.324403,0.496210,2.670392
-0.084846,0.225888,2.685791
0.385899,0.208742,2.634225
-0.066721,0.005185,2.634225
0.371157,-0.045861,2.587851
-0.053236,-0.016949,2.584825
0.345660,-0.107933,2.487214
0.156886,0.282060,2.747729
0.156708,0.213872,2.771034
0.069845,0.135858,2.804061
0.242925,0.129621,2.781885
-0.022366,-0.254275,2.688144
0.342604,-0.271819,2.760559
0.013675,-0.619716,2.812265
0.320683,-0.620533,2.849363
-0.033255,-0.686206,2.785230
0.358806,-0.687545,2.834134
0.138056,0.857695,2.614522
0.152480,0.644809,2.651855
-0.050178,0.541204,2.702132
0.323924,0.529600,2.672662
-0.089601,0.236935,2.687529
0.389534,0.231190,2.636975
-0.075751,0.011659,2.636975
0.387553,0.005116,2.601072
-0.064905,-0.009930,2.592729
0.356568,-0.090486,2.508436
0.153065,0.307847,2.744420
0.153322,0.240541,2.766260
0.066724,0.159866,2.796314
0.240789,0.156225,2.777314
-0.016761,-0.237009,2.703176
0.334447,-0.253654,2.770127
0.012395,-0.619191,2.814840
0.321329,-0.619978,2.855623
-0.032460,-0.683609,2.782268
0.357724,-0.686104,2.834073
0.134742,0.872712,2.619346
0.145023,0.677156,2.655417
-0.053916,0.566665,2.703667
0.321064,0.553811,2.674148
-0.106697,0.285780,2.697115
0.392359,0.256450,2.642996
-0.094081,0.054923,2.642996
0.387732,0.028429,2.630122
-0.084570,-0.000025,2.606443
0.360329,-0.027217,2.531605
0.149709,0.327179,2.743268
0.150523,0.257671,2.764457
0.064567,0.176079,2.793033
0.238051,0.174129,2.774675
-0.010439,-0.230224,2.721649
0.322336,-0.239066,2.788243
0.011926,-0.619186,2.820492
0.321567,-0.620388,2.858322
-0.032631,-0.683605,2.782343
0.358329,-0.685122,2.833154
0.135978,0.905147,2.632099
0.147313,0.713962,2.664483
-0.054330,0.589613,2.702094
0.324920,0.583219,2.675587
-0.110850,0.295610,2.700738
0.394731,0.291723,2.652994
-0.109956,0.062600,2.652994
0.388085,0.062489,2.641436
-0.109010,-0.016615,2.625101
0.361516,-0.033643,2.532748
0.147833,0.349830,2.743302
0.148152,0.277557,2.763010
0.061801,0.194297,2.788006
0.235055,0.192332,2.772923
-0.003504,-0.227017,2.737222
0.309441,-0.225010,2.804485
0.012016,-0.619770,2.827507
0.320149,-0.619770,2.862541
-0.032905,-0.683519,2.782545
0.356796,-0.684128,2.836938
0.128249,0.923144,2.636123
0.136689,0.725134,2.667694
-0.058372,0.602552,2.702678
0.318535,0.609679,2.675071
-0.124461,0.330755,2.719743
0.393850,0.306582,2.656835
-0.127446,0.096814,2.656835
0.390886,0.076967,2.664688
-0.119083,0.027102,2.641294
0.364672,0.029518,2.556006
0.143194,0.359154,2.743235
0.144383,0.286289,2.762176
0.059271,0.202641,2.784645
0.231564,0.202080,2.772334
-0.001579,-0.229706,2.753956
0.302568,-0.221694,2.817314
0.013477,-0.620470,2.832329
0.319760,-0.620835,2.866661
-0.032960,-0.683456,2.782638
0.360892,-0.682236,2.840783
0.127849,0.955114,2.647540
0.136704,0.713049,2.677707
-0.058765,0.630026,2.704156
0.319099,0.617697,2.678130
-0.130335,0.338806,2.725487
0.395812,0.327630,2.662441
-0.143587,0.103091,2.662441
0.391451,0.096337,2.683548
-0.138627,0.038502,2.670345
0.362898,0.032431,2.561932
0.141004,0.367832,2.743068
0.140771,0.303203,2.759508
0.055742,0.220666,2.778948
0.226952,0.217904,2.768193
0.002004,-0.226755,2.769488
0.294897,-0.230854,2.831524
0.012982,-0.622430,2.837431
0.318492,-0.619682,2.868693
-0.033295,-0.683402,2.782214
0.360003,-0.680493,2.842156
0.126486,0.965056,2.656379
0.131859,0.713092,2.682967
-0.061614,0.637496,2.704401
0.317087,0.627587,2.680052
-0.137920,0.345952,2.734056
0.399434,0.340335,2.670231
-0.154771,0.109193,2.670231
0.395416,0.107223,2.703398
-0.142698,0.041999,2.688657
0.365614,0.009729,2.568572
0.136336,0.376159,2.742264
0.136907,0.310974,2.757394
0.052241,0.227788,2.774922
0.223746,0.225169,2.765222
0.007138,-0.222094,2.790213
0.283938,-0.236679,2.845587
0.014902,-0.620804,2.845240
0.317193,-0.618770,2.871322
-0.033178,-0.681557,2.780194
0.358982,-0.681796,2.838788
0.125561,0.965247,2.659636
0.127833,0.714108,2.690782
-0.065162,0.642518,2.706139
0.315477,0.637235,2.682976
-0.144586,0.352455,2.741779
0.399130,0.343841,2.673165
-0.161042,0.114945,2.673165
0.393788,0.110719,2.721078
-0.151511,0.050413,2.720007
0.366563,0.046342,2.586306
0.133342,0.381479,2.741356
0.133924,0.316753,2.754887
0.049138,0.232845,2.769946
0.220932,0.230707,2.761236
0.012787,-0.223991,2.809717
0.277381,-0.233722,2.851509
0.014950,-0.620172,2.845885
0.316469,-0.617948,2.872407
-0.033271,-0.681314,2.780428
0.359027,-0.682908,2.837992
0.114555,0.969740,2.673430
0.126496,0.715998,2.695560
-0.067229,0.648902,2.708272
0.313598,0.646265,2.686607
-0.148756,0.355621,2.746715
0.399207,0.350048,2.676883
-0.172916,0.118436,2.676883
0.389344,0.115034,2.735821
-0.169821,0.058726,2.736514
0.362038,0.013901,2.591144
0.130719,0.386248,2.739476
0.130959,0.321947,2.751291
0.045694,0.238679,2.763134
0.217077,0.236058,2.755589
0.017210,-0.225092,2.820791
0.267651,-0.231725,2.862151
0.015113,-0.619974,2.847294
0.315782,-0.617928,2.873840
-0.032673,-0.681090,2.782954
0.358366,-0.682546,2.838751
0.116032,0.973324,2.682940
0.124369,0.717961,2.701067
-0.067149,0.655321,2.709556
0.311489,0.651931,2.689484
-0.154669,0.358430,2.753577
0.398534,0.352201,2.679491
-0.183921,0.121616,2.679491
0.389240,0.115430,2.746594
-0.179481,0.057746,2.746261
0.362415,0.015130,2.600696
0.128816,0.389196,2.738263
0.129040,0.324933,2.748920
0.044289,0.242955,2.757854
0.214279,0.239195,2.752249
0.019419,-0.225068,2.830100
0.262521,-0.230412,2.866520
0.015817,-0.619692,2.849322
0.314365,-0.616523,2.876182
-0.033295,-0.680430,2.781462
0.357990,-0.681403,2.840003
0.115886,0.974172,2.688619
0.123415,0.718005,2.705498
-0.068164,0.658367,2.711203
0.310840,0.655752,2.693955
-0.159148,0.360315,2.759048
0.397418,0.353011,2.682694
-0.193747,0.124417,2.682694
0.388892,0.114804,2.762003
-0.194988,0.060445,2.758712
0.364130,0.013106,2.617476
0.127806,0.390994,2.737320
0.127932,0.327103,2.746882
0.043525,0.245213,2.753735
0.212908,0.240866,2.749664
0.020133,-0.224312,2.838353
0.259300,-0.230988,2.869921
0.016847,-0.619080,2.853780
0.313519,-0.618313,2.878317
-0.032539,-0.679509,2.782092
0.357935,-0.682153,2.839860
0.115524,0.975642,2.691637
0.127271,0.719637,2.710685
-0.067768,0.658598,2.712256
0.310345,0.657625,2.696822
-0.162627,0.361086,2.762957
0.395696,0.354047,2.686572
-0.202313,0.126299,2.686572
0.389577,0.115329,2.772917
-0.200761,0.062029,2.761399
0.366447,0.013291,2.623096
0.128126,0.392131,2.736209
0.128111,0.328280,2.744612
0.043906,0.246535,2.748878
0.212211,0.242536,2.745987
0.019466,-0.224159,2.840839
0.256843,-0.227519,2.870563
0.018064,-0.620086,2.861197
0.311886,-0.613895,2.880320
-0.030463,-0.676925,2.785951
0.357161,-0.681003,2.841007
0.113562,0.977878,2.704077
0.127040,0.719217,2.712896
-0.066974,0.660062,2.713721
0.310977,0.659216,2.701494
-0.164099,0.361754,2.764929
0.395003,0.351623,2.690037
-0.208877,0.127951,2.690037
0.389895,0.112255,2.778407
-0.205684,0.061873,2.768491
0.367658,0.007433,2.641306
0.127309,0.392587,2.735050
0.126891,0.328723,2.742298
0.042375,0.247020,2.743639
0.210385,0.242665,2.743518
0.019322,-0.224795,2.842256
0.256852,-0.227511,2.870574
0.017926,-0.616676,2.860189
0.311555,-0.612884,2.881578
-0.030395,-0.675694,2.786481
0.347435,-0.678506,2.858062
0.110508,0.979694,2.711579
0.124469,0.719918,2.717118
-0.067628,0.659845,2.714880
0.310487,0.659249,2.702574
-0.165273,0.362622,2.766685
0.393293,0.350843,2.693320
-0.209165,0.128303,2.693320
0.387738,0.111108,2.779750
-0.208152,0.062244,2.773816
0.367181,0.006114,2.646282
0.125980,0.392979,2.734243
0.125506,0.328872,2.740774
0.040865,0.246748,2.740952
0.209076,0.242644,2.741593
0.018335,-0.226831,2.841423
0.257138,-0.227406,2.870294
0.018131,-0.616733,2.860426
0.311899,-0.613097,2.882008
-0.030566,-0.675369,2.786605
0.351217,-0.675345,2.852608
0.109364,0.980231,2.714158
0.123453,0.719702,2.718708
-0.067847,0.660074,2.714994
0.309571,0.659982,2.704007
-0.166017,0.363596,2.767581
0.392593,0.351402,2.695072
-0.208949,0.128737,2.695072
0.384857,0.111378,2.780103
-0.208701,0.063533,2.774784
0.368329,0.044329,2.651344
0.124882,0.393417,2.733490
0.124378,0.329259,2.739516
0.040238,0.246908,2.739829
0.207343,0.243207,2.739243
0.012915,-0.223355,2.830126
0.257243,-0.227691,2.869837
0.018069,-0.616671,2.860295
0.313040,-0.612925,2.883629
-0.030565,-0.675394,2.786442
0.352417,-0.675221,2.850709
