0.135930,0.684728,2.518870
0.122887,0.519072,2.625498
-0.040324,0.440674,2.638928
0.286128,0.420642,2.625123
-0.114069,0.212659,2.624104
0.356241,0.162800,2.613811
-0.106182,0.032861,2.613811
0.362316,-0.051296,2.484251
-0.085440,-0.030602,2.451157
0.351969,-0.140952,2.521090
0.119973,0.195823,2.676829
0.118226,0.129555,2.661287
0.042033,0.058198,2.666584
0.193194,0.055120,2.664900
0.012038,-0.357691,2.674368
0.204952,-0.356506,2.492610
0.060903,-0.689930,2.747842
0.190429,-0.675160,2.446525
0.041430,-0.756250,2.715848
0.204639,-0.736577,2.365010
0.144003,0.665057,2.465499
0.124691,0.503242,2.578132
-0.036150,0.435644,2.608615
0.292224,0.402454,2.576021
-0.115535,0.209056,2.599849
0.356697,0.163040,2.587936
-0.102489,0.029514,2.587936
0.363688,-0.063329,2.460296
-0.081788,-0.028839,2.424011
0.348407,-0.151630,2.480802
0.123244,0.188397,2.647744
0.120077,0.122035,2.638362
0.042838,0.051653,2.649047
0.195793,0.046549,2.642988
0.012508,-0.365434,2.666801
0.202127,-0.353168,2.467328
0.060578,-0.689751,2.746718
0.195509,-0.653070,2.384973
0.039266,-0.760045,2.726175
0.202662,-0.707958,2.297883
0.149419,0.647960,2.415689
0.136756,0.489037,2.549708
-0.028915,0.422563,2.563128
0.294359,0.391047,2.555480
-0.111598,0.205798,2.578017
0.359665,0.149453,2.531250
-0.100341,0.023413,2.531250
0.361079,-0.088428,2.442693
-0.076623,-0.047156,2.384375
0.344175,-0.174731,2.440383
0.126209,0.171966,2.614215
0.123206,0.106005,2.607188
0.044353,0.036429,2.617266
0.196817,0.030597,2.615103
0.012419,-0.371106,2.648220
0.200369,-0.365452,2.441431
0.059102,-0.690013,2.744323
0.198422,-0.663271,2.314863
0.037342,-0.761029,2.726573
0.206308,-0.710419,2.223269
0.145761,0.609531,2.377946
0.141649,0.466153,2.499237
-0.027701,0.414062,2.541801
0.294160,0.369513,2.492614
-0.102642,0.186626,2.545110
0.358836,0.134667,2.497607
-0.089630,0.005053,2.497607
0.359955,-0.099982,2.409018
-0.072446,-0.038929,2.375941
0.346176,-0.188481,2.386582
0.131345,0.163302,2.586560
0.125605,0.098389,2.586299
0.046789,0.031559,2.605840
0.198094,0.022078,2.591872
0.010051,-0.376092,2.630325
0.198253,-0.363604,2.420076
0.058966,-0.696555,2.747630
0.195485,-0.656222,2.267005
0.034655,-0.765170,2.724253
0.203028,-0.705079,2.176143
0.167334,0.594378,2.324212
0.146396,0.443710,2.460261
-0.017188,0.395688,2.491916
0.298249,0.343904,2.445121
-0.099339,0.175358,2.531506
0.364708,0.111652,2.444538
-0.084498,-0.007143,2.444538
0.358328,-0.132026,2.397264
-0.068279,-0.051461,2.363242
0.347756,-0.212703,2.347996
0.136122,0.146597,2.555138
0.130572,0.083019,2.559154
0.052043,0.018515,2.584599
0.202387,0.008321,2.567731
0.008694,-0.376381,2.610085
0.199055,-0.370282,2.387588
0.056428,-0.693308,2.736016
0.197879,-0.653614,2.260986
0.032495,-0.766986,2.719179
0.202637,-0.698419,2.167587
0.170705,0.571298,2.267543
0.151728,0.421804,2.411183
-0.012993,0.381314,2.462998
0.312782,0.318275,2.401550
-0.093354,0.164100,2.505754
0.362720,0.081067,2.398528
-0.078249,-0.026168,2.398528
0.352184,-0.165109,2.384426
-0.063866,-0.067934,2.357396
0.340879,-0.250635,2.298772
0.139176,0.132764,2.517734
0.132795,0.070506,2.526379
0.052942,0.006490,2.558452
0.205212,-0.008437,2.534480
0.004621,-0.384104,2.589881
0.200774,-0.383895,2.356407
0.053237,-0.685243,2.720278
0.202100,-0.664233,2.234993
0.032185,-0.766433,2.717096
0.202645,-0.712543,2.142847
0.175324,0.546843,2.214549
0.153861,0.390379,2.360294
-0.007363,0.352266,2.418894
0.310409,0.293451,2.350241
-0.082171,0.138090,2.476229
0.366804,0.055727,2.348646
-0.067170,-0.060495,2.348646
0.357406,-0.188501,2.371308
-0.061265,-0.085558,2.351537
0.345236,-0.280826,2.261930
0.146150,0.111819,2.485866
0.140179,0.051523,2.500638
0.062456,-0.011709,2.537169
0.210969,-0.021378,2.516151
-0.002382,-0.388613,2.566391
0.203382,-0.380416,2.336227
0.053117,-0.687051,2.714035
0.204115,-0.670930,2.223758
0.029031,-0.767663,2.710897
0.201566,-0.721662,2.132600
0.190969,0.494612,2.152731
0.166490,0.356696,2.314796
0.007129,0.328482,2.368772
0.313242,0.258847,2.299048
-0.073153,0.113990,2.450839
0.365376,0.019148,2.302058
-0.056412,-0.092190,2.302058
0.354786,-0.211104,2.365063
-0.045733,-0.158409,2.344065
0.346131,-0.303030,2.217544
0.153820,0.086374,2.456349
0.147241,0.027407,2.475688
0.069824,-0.027696,2.520562
0.216228,-0.047685,2.489364
-0.010057,-0.389900,2.546914
0.206807,-0.390599,2.297077
0.051746,-0.688604,2.705055
0.201224,-0.684756,2.195205
0.030393,-0.766605,2.700371
0.199520,-0.744147,2.109253
0.192117,0.471042,2.108575
0.212351,0.316704,2.263211
0.010851,0.305740,2.327501
0.316368,0.229720,2.249819
-0.067844,0.077737,2.416035
0.366614,-0.013374,2.241008
-0.045827,-0.134012,2.241008
0.357820,-0.241589,2.350393
-0.038516,-0.202013,2.334032
0.350270,-0.335231,2.185212
0.170999,0.068752,2.428313
0.157963,0.014946,2.456271
0.076302,-0.037438,2.506113
0.219948,-0.054203,2.479844
-0.027885,-0.388140,2.509171
0.217455,-0.393354,2.274870
0.051999,-0.689804,2.701762
0.201978,-0.687405,2.189443
0.028981,-0.767589,2.696677
0.200572,-0.751664,2.106891
0.199622,0.410320,2.080704
0.169887,0.245322,2.226971
0.025049,0.277508,2.276365
0.320290,0.189197,2.203132
-0.058931,0.071159,2.402838
0.364934,-0.045110,2.198810
-0.041095,-0.142506,2.198810
0.358728,-0.281634,2.343889
-0.029601,-0.210927,2.332630
0.353206,-0.376376,2.154206
0.167335,0.047824,2.402292
0.160779,0.000880,2.433592
0.084161,-0.044088,2.496561
0.226618,-0.069891,2.456241
-0.031589,-0.388000,2.501058
0.235016,-0.398509,2.250001
0.047404,-0.681621,2.674103
0.199972,-0.694924,2.181759
0.023959,-0.761758,2.666166
0.200779,-0.761466,2.100899
0.206314,0.366755,2.019200
0.152703,0.230128,2.182967
0.037457,0.246367,2.233269
0.325648,0.156149,2.167471
-0.049887,0.053199,2.366472
0.361847,-0.070706,2.161627
-0.030096,-0.164890,2.161627
0.361068,-0.325155,2.342924
-0.028558,-0.234608,2.334671
0.354105,-0.419071,2.112492
0.169147,0.037023,2.380563
0.166679,-0.009843,2.413619
0.094172,-0.049480,2.499748
0.242717,-0.100520,2.413188
-0.033895,-0.388829,2.496125
0.244605,-0.415078,2.219658
0.041540,-0.679484,2.649754
0.199851,-0.706408,2.174782
0.012573,-0.757533,2.637568
0.201186,-0.768849,2.096224
0.203660,0.327076,1.966040
0.124870,0.235559,2.139494
0.042280,0.223578,2.187784
0.326643,0.118225,2.134408
-0.047362,0.045233,2.333962
0.360553,-0.097391,2.128490
-0.007105,-0.169276,2.128490
0.360750,-0.386339,2.340427
-0.037446,-0.231874,2.332184
0.338070,-0.469795,2.076597
0.166327,0.030401,2.362796
0.167508,-0.017241,2.401154
0.102441,-0.053123,2.493417
0.243265,-0.103140,2.411264
-0.034101,-0.388624,2.492625
0.246649,-0.416260,2.216090
0.031201,-0.687139,2.621843
0.203567,-0.707737,2.172668
0.001627,-0.758753,2.621648
0.201206,-0.769930,2.095945
0.207346,0.284888,1.932590
0.126525,0.195953,2.110202
0.048677,0.192538,2.148819
0.332407,0.075973,2.101901
-0.028603,0.022483,2.329472
0.364516,-0.139329,2.100428
0.002166,-0.193359,2.100428
0.358560,-0.394100,2.336814
0.031280,-0.256923,2.332572
0.337935,-0.484546,2.057346
0.174496,0.021758,2.302892
0.179757,-0.020828,2.337779
0.130300,-0.056794,2.476167
0.258385,-0.128945,2.347374
-0.036373,-0.394102,2.488770
0.241102,-0.462326,2.194715
0.025165,-0.689400,2.607249
0.201221,-0.754232,2.155194
-0.008898,-0.758990,2.607311
0.201076,-0.776864,2.081094
0.213710,0.228145,1.897571
0.116146,0.198805,2.088029
0.053072,0.162650,2.113639
0.337074,0.043880,2.073966
-0.020749,0.014995,2.313683
0.363117,-0.172607,2.067742
0.009608,-0.199636,2.067742
0.357240,-0.399764,2.331098
0.034532,-0.265030,2.331342
0.340578,-0.476685,2.047989
0.175257,0.010953,2.283219
0.182981,-0.035087,2.316962
0.143728,-0.080095,2.472363
0.272503,-0.167429,2.303323
-0.035408,-0.393580,2.487907
0.246327,-0.423786,2.207906
0.012181,-0.674368,2.581871
0.206419,-0.694630,2.170317
-0.023248,-0.751985,2.584970
0.201602,-0.771158,2.098769
0.217419,0.179160,1.873006
0.129329,0.100797,2.055904
0.050567,0.114996,2.104678
0.344994,0.011368,2.043819
-0.012568,-0.003419,2.293916
0.363725,-0.207417,2.048659
0.044130,-0.211777,2.048659
0.352897,-0.425886,2.316120
0.067340,-0.277696,2.319139
0.345705,-0.518836,2.018842
0.170995,-0.011247,2.214793
0.175097,-0.042222,2.243788
0.150476,-0.092257,2.483509
0.262995,-0.195940,2.256150
-0.038910,-0.399889,2.484435
0.249201,-0.427941,2.203194
0.010018,-0.673798,2.579828
0.117990,-0.928885,2.227295
-0.024586,-0.752677,2.591028
0.090169,-1.006898,2.189023
0.213872,0.142229,1.868451
0.132976,0.051151,2.049655
0.048004,0.070139,2.080189
0.341670,-0.043519,2.019264
0.015259,-0.030067,2.263780
0.364187,-0.256273,2.038807
0.051213,-0.235274,2.038807
0.351573,-0.473605,2.317006
0.078978,-0.299310,2.322233
0.345554,-0.567775,1.999339
0.209241,-0.072147,2.236050
0.219982,-0.105838,2.271530
0.186736,-0.122495,2.411335
0.321538,-0.212436,2.295957
-0.036383,-0.392579,2.486569
0.256725,-0.492537,2.178744
0.008985,-0.672374,2.579850
0.207536,-0.699671,2.163476
-0.024211,-0.751761,2.592309
0.202841,-0.775551,2.095893
0.217942,0.088613,1.841647
0.131224,0.040588,2.034472
0.050246,0.059580,2.059250
0.341934,-0.093014,2.003900
0.011876,-0.086660,2.278601
0.362540,-0.306215,2.021702
0.082056,-0.290303,2.021702
0.347345,-0.529968,2.302073
0.113167,-0.351856,2.314029
0.351005,-0.623482,1.981278
0.196083,-0.068758,2.135635
0.204065,-0.096955,2.154612
0.233865,-0.185567,2.433630
0.340405,-0.302059,2.138795
-0.038558,-0.413932,2.483327
0.258061,-0.494022,2.177823
0.010317,-0.675343,2.583856
0.208590,-0.703885,2.158599
-0.022304,-0.749610,2.592638
0.241118,-0.750907,2.070527
0.224247,0.062415,1.814287
0.128503,0.006819,2.002027
0.049630,0.028727,2.027995
0.341017,-0.141770,1.992844
0.010601,-0.093206,2.269244
0.359495,-0.352229,2.022873
0.093736,-0.291976,2.022873
0.343429,-0.569130,2.291632
0.117717,-0.357076,2.300829
0.345705,-0.662693,1.977230
0.214338,-0.159902,2.203985
0.226046,-0.201311,2.242463
0.173139,-0.219053,2.392241
0.341016,-0.315179,2.238141
-0.086483,-0.447972,2.480828
0.264707,-0.539822,2.146416
0.014464,-0.704778,2.606601
0.204219,-0.711250,2.152223
-0.033644,-0.763216,2.589700
0.245244,-0.755373,2.066314
0.220530,0.034528,1.812324
0.133571,-0.039443,1.998699
0.054854,-0.019499,2.023568
0.337686,-0.178000,1.984314
0.008830,-0.106572,2.251979
0.354763,-0.388253,2.014886
0.101709,-0.298009,2.014886
0.339235,-0.605002,2.287240
0.120168,-0.365318,2.291981
0.341014,-0.698583,1.969438
0.203178,-0.204644,2.154892
0.211954,-0.244835,2.182623
0.168397,-0.295000,2.360422
0.323061,-0.370669,2.152845
-0.118274,-0.449163,2.502768
0.249305,-0.550692,2.167623
0.016088,-0.705960,2.607950
0.207560,-0.715435,2.151153
-0.035975,-0.760587,2.626167
0.255069,-0.747669,2.063203
0.226977,0.003542,1.792014
0.134092,-0.045055,1.983246
0.055307,-0.024475,2.008354
0.337816,-0.186682,1.966646
0.082104,-0.192468,2.224270
0.349143,-0.394169,2.007379
0.083455,-0.358506,2.007379
0.335711,-0.611008,2.352712
0.083905,-0.413852,2.399747
0.337094,-0.704546,1.963946
0.196700,-0.240694,2.101398
0.205013,-0.284232,2.122844
0.164298,-0.358481,2.306467
0.312171,-0.431349,2.069618
-0.115011,-0.428468,2.510477
0.168475,-0.728738,2.201074
0.016062,-0.706077,2.607917
0.444825,-0.770468,2.087247
-0.035998,-0.760683,2.626054
0.339915,-0.774064,2.085828
0.165235,0.009168,1.874274
0.140708,-0.106398,1.980137
0.061883,-0.085461,2.005064
0.344122,-0.249009,1.964536
0.100469,-0.187679,2.253593
0.345967,-0.451997,2.018057
0.055931,-0.399792,2.018057
0.335232,-0.666334,2.260245
0.048353,-0.468958,2.254484
0.354459,-0.758127,1.958173
0.194347,-0.238028,2.090061
0.199590,-0.272990,2.103289
0.177367,-0.357166,2.325434
0.305655,-0.450629,2.025372
-0.127802,-0.445146,2.482765
0.180694,-0.707583,2.185219
0.018194,-0.705363,2.610167
0.231089,-0.717426,2.147360
-0.036299,-0.758695,2.624274
0.276342,-0.760560,2.063111
0.165157,0.007786,1.867174
0.139337,-0.109832,1.970840
0.060511,-0.088895,1.995767
0.342751,-0.252443,1.955239
0.087308,-0.181477,2.248741
0.343503,-0.453165,2.013754
0.078720,-0.398035,2.013754
0.336020,-0.668766,2.219833
0.088893,-0.466848,2.224904
0.349326,-0.761354,1.962306
0.191369,-0.239188,2.073517
0.197290,-0.272113,2.090612
0.177926,-0.357055,2.324968
0.305561,-0.450984,2.023069
-0.128420,-0.452787,2.475589
0.185675,-0.705470,2.161916
0.019679,-0.705255,2.610833
0.226109,-0.720269,2.144421
-0.035243,-0.758078,2.624974
0.195590,-0.773263,2.085948
0.179467,0.035004,1.823953
0.137918,-0.087997,1.918967
0.059093,-0.067060,1.943894
0.341332,-0.230608,1.903366
0.095295,-0.158740,2.195737
0.343728,-0.428900,1.989000
0.092141,-0.367584,1.989000
0.337220,-0.645417,2.242240
0.090113,-0.294746,2.223151
0.349619,-0.737765,1.975583
0.191606,-0.246616,2.054352
0.197687,-0.282973,2.074824
0.178519,-0.388396,2.302719
0.303410,-0.454117,2.019553
-0.108217,-0.529879,2.455426
0.187587,-0.712136,2.151530
0.054718,-0.725024,2.657040
0.224025,-0.721465,2.141853
-0.013511,-0.745779,2.619312
0.194490,-0.777583,2.083316
0.186816,0.024493,1.813183
0.138692,-0.087784,1.915263
0.059866,-0.066847,1.940191
0.342106,-0.230395,1.899662
0.097234,-0.158666,2.191475
0.346351,-0.437580,1.992593
0.091398,-0.369076,1.992593
0.338732,-0.653335,2.230865
0.079132,-0.437660,2.234121
0.349994,-0.744939,1.980421
0.182426,-0.202041,1.990689
0.186984,-0.229874,2.004129
0.198041,-0.374394,2.298360
0.290358,-0.470316,1.940091
-0.100079,-0.493227,2.448446
0.187715,-0.713564,2.147420
0.021423,-0.712626,2.610633
0.219929,-0.723510,2.138165
-0.036834,-0.763041,2.618701
0.277921,-0.783984,2.075206
0.183831,0.016851,1.806845
0.139562,-0.100909,1.905602
0.060736,-0.079972,1.930530
0.342976,-0.243520,1.890002
0.101201,-0.168223,2.182186
0.350467,-0.442734,1.994844
0.088958,-0.377608,1.994844
0.339249,-0.657843,2.223511
0.078997,-0.446598,2.225548
0.349529,-0.749360,1.984208
0.183976,-0.213069,1.991303
0.188739,-0.241436,2.006018
0.198279,-0.374295,2.298253
0.292580,-0.470876,1.942227
-0.100350,-0.490723,2.448849
0.189275,-0.719098,2.141277
0.022959,-0.711241,2.611913
0.218267,-0.728851,2.133506
-0.043832,-0.754155,2.605367
0.280388,-0.786166,2.071486
0.186548,0.005823,1.786169
0.138566,-0.092432,1.898423
0.059740,-0.071494,1.923350
0.341980,-0.235042,1.882822
0.100973,-0.165642,2.172582
0.352165,-0.445394,1.995851
0.087571,-0.376006,1.995851
0.340116,-0.660119,2.208557
0.078951,-0.445159,2.210465
0.349348,-0.751666,1.985795
0.184418,-0.216841,1.990954
0.189787,-0.248777,2.006130
0.198519,-0.390572,2.288690
0.292893,-0.473067,1.941733
-0.050261,-0.528471,2.412522
0.190315,-0.722066,2.138825
0.027493,-0.772285,2.607100
0.218595,-0.728495,2.133631
-0.042607,-0.745904,2.587178
0.280799,-0.785911,2.071748
0.184685,0.000666,1.781021
0.138345,-0.091815,1.897413
0.059519,-0.070878,1.922340
0.341759,-0.234426,1.881812
0.101514,-0.166412,2.170677
0.355846,-0.429121,1.990805
0.098962,-0.379328,1.990805
0.341293,-0.643019,2.194993
0.091319,-0.448581,2.196820
0.350641,-0.734676,1.985307
0.193477,-0.255489,2.024993
0.200733,-0.294311,2.048585
0.192474,-0.391908,2.286651
0.302042,-0.460907,2.000546
-0.090068,-0.545659,2.434368
0.190529,-0.721421,2.136950
0.026831,-0.768171,2.606737
0.217301,-0.728418,2.133755
-0.032285,-0.721004,2.590020
0.188493,-0.785007,2.067853
0.180390,0.000249,1.790355
0.136683,-0.102299,1.901032
0.057857,-0.081362,1.925959
0.340097,-0.244910,1.885431
0.086709,-0.250562,2.137525
0.357415,-0.420605,1.984921
-0.024937,-0.341119,1.984921
0.343412,-0.633653,2.379175
-0.032236,-0.410395,2.381028
0.351814,-0.725582,1.985182
0.175923,-0.210265,1.982363
0.180226,-0.234705,1.994539
0.203181,-0.373375,2.291535
0.291228,-0.476364,1.931026
-0.103140,-0.468733,2.440642
0.190529,-0.719097,2.135789
0.048902,-0.707486,2.618220
0.217775,-0.727822,2.134070
-0.020927,-0.738256,2.597077
0.191573,-0.786308,2.066004
0.173149,-0.000747,1.800487
0.135763,-0.107247,1.909759
0.056937,-0.086310,1.934686
0.339177,-0.249857,1.894158
0.085194,-0.228632,2.163039
0.362509,-0.463692,1.983902
0.138997,-0.250434,1.983902
0.339828,-0.674214,2.358109
0.131701,-0.319694,2.359962
0.350079,-0.765852,1.992625
0.175264,-0.206640,1.984063
0.179349,-0.229918,1.995865
0.209708,-0.356766,2.298579
0.291504,-0.475283,1.930422
-0.103518,-0.442170,2.439575
0.190518,-0.715232,2.137468
0.042744,-0.709231,2.615370
0.213848,-0.732575,2.128070
-0.023061,-0.747321,2.600919
0.192414,-0.787149,2.066742
0.177756,0.016798,1.777658
0.141045,-0.073066,1.897812
0.062220,-0.052129,1.922739
0.344459,-0.215676,1.882211
0.084832,-0.218746,2.136027
0.363229,-0.395944,1.973876
0.139543,-0.248481,1.973876
0.349165,-0.610146,2.354360
0.132252,-0.317681,2.356211
0.353799,-0.702988,1.981023
0.207268,-0.239962,2.043445
0.216155,-0.280325,2.070471
0.196579,-0.327943,2.242668
0.306650,-0.436284,2.053138
-0.079206,-0.430275,2.435924
0.192502,-0.696433,2.136798
0.043619,-0.708535,2.615058
0.213244,-0.730487,2.130131
-0.022701,-0.744614,2.597832
0.269654,-0.763069,2.048076
0.166601,0.009432,1.811324
0.141006,-0.092309,1.926213
0.062180,-0.071372,1.951140
0.344419,-0.234920,1.910612
0.084361,-0.218947,2.176638
0.368897,-0.422975,1.987911
0.157809,-0.207149,1.987911
0.346865,-0.636609,2.366129
0.182291,-0.203216,2.433492
0.338546,-0.729154,1.976341
0.229750,-0.284689,2.096965
0.243233,-0.328430,2.127757
0.196763,-0.364266,2.187788
0.337677,-0.401527,2.153631
-0.059259,-0.409203,2.422673
0.192779,-0.639090,2.142462
0.013776,-0.701511,2.591005
0.207379,-0.733520,2.132601
-0.043404,-0.753707,2.594088
0.266645,-0.761348,2.050734
0.171961,0.060278,1.764058
0.147731,-0.035790,1.882816
-0.013434,0.048531,2.093657
0.351145,-0.178401,1.867216
0.089018,-0.156173,2.240730
0.365891,-0.361210,1.955269
0.207267,-0.190755,1.955269
0.352518,-0.588593,2.404703
0.246683,-0.202282,2.463557
0.338393,-0.680594,1.966130
0.224166,-0.213396,2.074419
0.233544,-0.254806,2.112206
0.180417,-0.299449,2.192723
0.338800,-0.343207,2.163386
-0.035011,-0.466490,2.469478
0.197908,-0.618094,2.157242
0.009183,-0.713370,2.592215
0.206813,-0.724229,2.137153
-0.054754,-0.757013,2.592464
0.195652,-0.790335,2.070673
0.172090,0.074727,1.777056
0.158926,-0.030993,1.890564
-0.002239,0.053328,2.101405
0.362340,-0.173603,1.874963
0.097059,-0.144288,2.248277
0.367659,-0.359779,1.958043
0.145646,-0.297350,1.958043
0.356162,-0.573358,2.378933
0.161842,-0.348371,2.426678
0.332762,-0.663901,1.960166
0.234695,-0.181376,2.082483
0.243903,-0.214028,2.120983
0.193534,-0.239528,2.211506
0.345112,-0.311835,2.171010
-0.031335,-0.467493,2.470607
0.200985,-0.592525,2.166443
0.009883,-0.715020,2.592452
0.204396,-0.724688,2.138047
-0.056564,-0.754755,2.592312
0.259095,-0.730680,2.048918
0.178746,0.099549,1.701135
0.157684,0.048612,1.840134
-0.003481,0.132933,2.050975
0.361098,-0.093998,1.824534
0.085398,-0.076794,2.207331
0.367609,-0.296340,1.924407
0.120941,-0.246037,1.924407
0.352788,-0.506171,2.322603
0.132789,-0.302452,2.365220
0.340327,-0.599080,1.950898
0.235784,-0.117613,2.068213
0.245600,-0.157170,2.113885
0.197701,-0.185280,2.207288
0.343014,-0.244956,2.167575
-0.019029,-0.400889,2.414527
0.257372,-0.499379,2.120762
0.008602,-0.688398,2.576150
0.200804,-0.723911,2.140415
-0.038347,-0.746991,2.594615
0.208628,-0.783531,2.091809
0.184578,0.174191,1.744090
0.159213,0.051037,1.842185
-0.001952,0.135358,2.053025
0.359214,-0.089358,1.845577
0.086560,-0.076004,2.207784
0.376360,-0.278747,1.921467
0.121224,-0.246284,1.921467
0.355137,-0.490210,2.322018
0.132778,-0.303044,2.364288
0.343085,-0.583165,1.936875
0.234789,-0.114903,2.072605
0.243997,-0.154332,2.118952
0.189740,-0.175261,2.221710
0.342532,-0.244710,2.168781
-0.018345,-0.399440,2.412628
0.255101,-0.577659,2.138564
0.015440,-0.679121,2.572332
0.201888,-0.718821,2.141769
-0.032686,-0.741009,2.588436
0.207528,-0.780839,2.093858
0.205381,0.203255,1.750403
0.161791,0.072621,1.836401
0.047644,0.116054,1.981880
0.353294,-0.068994,1.847882
0.092986,-0.067356,2.178779
0.376141,-0.263873,1.911655
0.101372,-0.236240,1.911655
0.353405,-0.476570,2.299366
0.104168,-0.292535,2.343752
0.341667,-0.569678,1.921067
0.202942,-0.070339,2.086403
0.205523,-0.107592,2.136768
0.153257,-0.119820,2.210038
0.277181,-0.182495,2.196209
-0.007850,-0.411962,2.415506
0.266139,-0.563763,2.132368
0.020670,-0.661926,2.553907
0.202028,-0.718438,2.141482
-0.020458,-0.740103,2.567439
0.207004,-0.779940,2.093290
0.201359,0.226121,1.747670
0.164868,0.089665,1.829749
0.036257,0.187372,1.953030
0.347111,-0.015426,1.835221
0.067493,-0.020763,2.129428
0.374249,-0.234354,1.896274
-0.113378,0.072782,1.896274
0.352473,-0.455892,2.047413
-0.173668,0.103963,2.024265
0.334548,-0.521342,1.900813
0.200065,-0.048371,2.073739
0.201063,-0.081343,2.121379
0.145813,-0.081459,2.200948
0.273504,-0.167884,2.182940
0.009920,-0.432730,2.418791
0.255083,-0.488644,2.107809
0.024046,-0.675664,2.550687
0.202144,-0.717188,2.141575
-0.028712,-0.756522,2.553335
0.206862,-0.780120,2.093066
0.208501,0.317151,1.714840
0.158481,0.191087,1.803517
0.036284,0.193053,1.952198
0.356981,0.018429,1.825893
0.050551,-0.023332,2.121688
0.375944,-0.232581,1.892632
-0.054037,0.145633,1.892632
0.338153,-0.444231,2.026652
-0.088899,0.201955,1.999164
0.335486,-0.513675,1.886806
0.197589,0.014142,2.064734
0.200349,-0.027667,2.116075
0.145462,-0.040938,2.200704
0.274594,-0.120066,2.169991
0.018086,-0.378924,2.368956
0.242192,-0.468622,2.080317
0.031285,-0.667173,2.518924
0.203650,-0.711939,2.140949
-0.017071,-0.751116,2.518257
0.205400,-0.777838,2.095984
0.207990,0.320545,1.716914
0.160122,0.190554,1.802602
0.038569,0.199549,1.954487
0.355691,0.041267,1.819557
0.040122,-0.027476,2.111915
0.377133,-0.231936,1.890175
-0.050810,0.155350,1.890175
0.337324,-0.443309,2.031646
-0.081121,0.216291,2.009081
0.334678,-0.511602,1.868443
0.194552,0.013326,2.062083
0.195376,-0.028665,2.112267
0.137668,-0.040869,2.193191
0.263677,-0.119047,2.163807
0.018611,-0.374393,2.353060
0.243638,-0.470168,2.080964
0.045511,-0.669803,2.493945
0.204383,-0.711155,2.141045
0.004028,-0.751834,2.489757
0.205593,-0.778301,2.095311
0.209697,0.368999,1.716123
0.169592,0.227875,1.792046
0.032330,0.236384,1.946965
0.350939,0.087516,1.814625
-0.006734,0.060850,2.090263
0.384957,-0.114556,1.854999
-0.043069,-0.145584,1.854999
0.347560,-0.372625,2.029859
-0.055181,-0.214396,2.013916
0.329047,-0.438910,1.841030
0.189438,0.035454,2.044286
0.188633,-0.008185,2.092724
0.130321,-0.030473,2.176424
0.254938,-0.089097,2.138205
0.022674,-0.352720,2.306582
0.242596,-0.444972,2.086989
0.054063,-0.681071,2.463426
0.205564,-0.709417,2.141678
0.014637,-0.756293,2.432972
0.205655,-0.778324,2.095450
0.207925,0.387400,1.718608
0.167065,0.245702,1.793698
0.032265,0.238030,1.947607
0.346099,0.104797,1.812237
-0.006392,0.063580,2.088524
0.383238,-0.105972,1.850983
-0.056263,-0.136622,1.850983
0.346445,-0.363764,2.015814
-0.058658,-0.206051,2.014971
0.323588,-0.428619,1.831922
0.185207,0.047778,2.036680
0.184112,0.002939,2.083219
0.121419,-0.019971,2.150238
0.250902,-0.072596,2.127871
0.044208,-0.357599,2.253781
0.241887,-0.429116,2.087193
0.062567,-0.699272,2.414985
0.205708,-0.709317,2.141608
0.010053,-0.764734,2.391829
0.207296,-0.779594,2.097659
0.216849,0.399282,1.721399
0.222989,0.244876,1.786717
0.032229,0.264797,1.942970
0.342652,0.138869,1.808434
-0.010515,0.075316,2.082167
0.383733,-0.072395,1.835526
-0.058948,-0.125710,1.835526
0.350237,-0.334455,2.011332
-0.053090,-0.194422,2.002980
0.305000,-0.384873,1.801734
0.193938,0.059346,2.020029
0.187352,0.017753,2.062507
0.117977,-0.007230,2.124261
0.247006,-0.056319,2.113392
0.041199,-0.346705,2.235887
0.240497,-0.413178,2.084992
0.069995,-0.687773,2.370057
0.205431,-0.708170,2.141180
0.023670,-0.757525,2.337713
0.207117,-0.779416,2.096815
0.229431,0.416438,1.724860
0.239411,0.258709,1.784312
0.033619,0.310966,1.915959
0.339351,0.161421,1.803580
-0.033578,0.180137,2.050906
0.384825,-0.048432,1.827267
-0.033042,-0.034319,1.827267
0.342912,-0.313188,2.047277
-0.026320,-0.103080,2.041897
0.309675,-0.373933,1.793840
0.200297,0.071202,2.013918
0.189782,0.028060,2.057032
0.116697,-0.002960,2.122896
0.246660,-0.037774,2.101008
0.033644,-0.348622,2.208136
0.241603,-0.395132,2.080893
0.063134,-0.697066,2.315672
0.205580,-0.707557,2.141366
0.027928,-0.765071,2.284585
0.206699,-0.778906,2.094613
0.264765,0.446534,1.638535
0.247967,0.275241,1.781681
0.091627,0.324664,1.838461
0.339585,0.187852,1.796430
-0.032452,0.192329,2.040586
0.387583,-0.016091,1.818463
-0.043399,-0.021236,1.818463
0.366515,-0.228770,2.046657
-0.037375,-0.089951,2.039511
0.326798,-0.311288,1.765473
0.199856,0.075355,2.009713
0.188237,0.031203,2.051908
0.118317,0.004246,2.111700
0.232077,-0.028909,2.080415
0.044502,-0.346061,2.155555
0.236871,-0.385129,2.074327
0.077035,-0.692055,2.241140
0.205298,-0.707579,2.141556
0.025740,-0.765173,2.244095
0.206651,-0.778847,2.094694
0.261384,0.466212,1.640202
0.243153,0.310492,1.772854
0.090255,0.329572,1.838336
0.337440,0.214513,1.789332
-0.037095,0.198499,2.039488
0.386288,-0.000676,1.813047
-0.043815,-0.015458,1.813047
0.366801,-0.212843,2.043643
-0.043256,-0.084030,2.032948
0.325605,-0.293535,1.749227
0.198664,0.087646,1.994947
0.186987,0.040350,2.036691
0.118847,0.011593,2.107725
0.231609,-0.030457,2.051277
0.035523,-0.341591,2.136209
0.235582,-0.384934,2.070060
0.070746,-0.697989,2.189485
0.203746,-0.706648,2.141386
0.023754,-0.775957,2.152985
0.207197,-0.779206,2.096783
0.253351,0.495359,1.646018
0.218158,0.355088,1.774328
0.082352,0.345116,1.839678
0.334135,0.237235,1.786460
-0.038668,0.201892,2.036944
0.384186,0.030944,1.800449
-0.051405,-0.012000,1.800449
0.363782,-0.180317,2.038543
-0.055259,-0.080561,2.028053
0.324882,-0.260202,1.724624
0.191778,0.100741,1.982010
0.182234,0.049540,2.021922
0.116728,0.020600,2.082865
0.230030,-0.023799,2.040087
0.035476,-0.344275,2.091733
0.230948,-0.377594,2.061216
0.056864,-0.698586,2.124484
0.202365,-0.705096,2.139961
0.018948,-0.770442,2.072968
0.204887,-0.778271,2.102118
0.245732,0.532596,1.652301
0.210783,0.370752,1.771539
0.068479,0.361440,1.844162
0.332178,0.262096,1.783194
-0.050812,0.216990,2.031680
0.385382,0.057357,1.795204
-0.057031,0.002719,1.795204
0.361517,-0.164571,2.031022
-0.060278,-0.066337,2.024124
0.317196,-0.237781,1.703097
0.182186,0.116782,1.963199
0.173760,0.063257,1.999221
0.107582,0.028595,2.058952
0.226399,-0.012030,2.016289
0.035044,-0.350597,2.066610
0.227251,-0.363931,2.050656
0.044966,-0.693653,2.060200
0.201565,-0.704442,2.138872
0.015050,-0.762249,1.999710
0.191277,-0.781739,2.101980
0.234479,0.550410,1.659360
0.203808,0.391218,1.767046
0.058126,0.373369,1.845382
0.330685,0.273674,1.780973
-0.057140,0.222849,2.026872
0.383468,0.068261,1.789390
-0.067027,0.008545,1.789390
0.345500,-0.149005,2.021316
-0.065134,-0.060843,2.019361
0.304897,-0.223396,1.673993
0.176682,0.126007,1.950832
0.168760,0.070999,1.985606
0.099753,0.034434,2.040606
0.223975,-0.005970,2.002870
0.037312,-0.346672,2.025768
0.224795,-0.357569,2.036972
0.036020,-0.682837,1.995686
0.201105,-0.705190,2.137449
0.019413,-0.744520,1.944842
0.185740,-0.780038,2.094759
0.224764,0.568083,1.665918
0.195595,0.409066,1.765086
0.052107,0.383345,1.842190
0.327663,0.287219,1.777135
-0.062066,0.226841,2.020741
0.382293,0.081621,1.780790
-0.074915,0.012726,1.780790
0.347751,-0.118610,2.014872
-0.075879,-0.056745,2.013262
0.308959,-0.195629,1.661716
0.169576,0.134306,1.935072
0.161964,0.077788,1.966499
0.091809,0.037875,2.018271
0.218883,0.000298,1.978178
0.031582,-0.346036,1.991645
0.223957,-0.356461,2.026906
0.028880,-0.671625,1.936926
0.198281,-0.711019,2.133443
0.002650,-0.731869,1.874797
0.190432,-0.779335,2.094837
0.216127,0.579580,1.670500
0.189392,0.423911,1.762170
0.040902,0.393539,1.840702
0.324459,0.309997,1.771250
-0.068023,0.227652,2.015697
0.375850,0.100032,1.766352
-0.082589,0.013568,1.766352
0.344512,-0.101295,2.003961
-0.082993,-0.055951,2.005979
0.305057,-0.174166,1.641926
0.163519,0.142118,1.918478
0.156438,0.084118,1.947529
0.083743,0.039623,1.994194
0.216450,0.005760,1.960345
0.026870,-0.328023,1.956352
0.222031,-0.354411,2.013730
0.024692,-0.647693,1.882837
0.198084,-0.710563,2.132323
-0.000055,-0.706166,1.818622
0.192958,-0.779076,2.095392
0.207927,0.589779,1.675665
0.183038,0.438842,1.759983
0.030612,0.400934,1.838039
0.321209,0.317830,1.768171
-0.077214,0.228662,2.005066
0.372025,0.108737,1.756558
-0.092770,0.014692,1.756558
0.338430,-0.088481,1.994464
-0.091864,-0.054892,1.996311
0.297433,-0.159528,1.620244
0.157679,0.147796,1.902613
0.150819,0.088273,1.928813
0.076566,0.040105,1.971718
0.212557,0.009287,1.938283
0.028606,-0.312050,1.934571
0.221437,-0.353308,1.999923
0.023997,-0.635772,1.842735
0.197474,-0.710911,2.130906
0.000194,-0.692221,1.776562
0.197042,-0.780435,2.094862
0.198206,0.597264,1.678841
0.176731,0.449587,1.758475
0.021141,0.406711,1.832671
0.315410,0.331464,1.762050
-0.086166,0.227545,1.990898
0.366459,0.120748,1.744718
-0.100435,0.013527,1.744718
0.334300,-0.076590,1.980546
-0.099178,-0.056034,1.983942
0.293299,-0.147844,1.603029
0.151233,0.152019,1.886780
0.144628,0.091154,1.910227
0.069310,0.040365,1.946698
0.207728,0.011598,1.919474
0.023143,-0.308266,1.898847
0.219282,-0.357365,1.987625
0.018657,-0.621273,1.806825
0.196745,-0.711639,2.129076
-0.003963,-0.675779,1.738803
0.197202,-0.780308,2.094671
0.187226,0.604655,1.679554
0.169387,0.459402,1.755322
0.009015,0.410633,1.824293
0.308483,0.347222,1.754590
-0.094778,0.222500,1.975928
0.361679,0.131137,1.733453
-0.114102,0.008926,1.733453
0.331446,-0.064531,1.959239
-0.110889,-0.038340,1.961852
0.290031,-0.134694,1.587163
0.142706,0.156295,1.865170
0.136293,0.094178,1.884990
0.060031,0.040460,1.917328
0.200653,0.013931,1.891027
0.019633,-0.308925,1.873288
0.215947,-0.359357,1.974862
0.017281,-0.615068,1.781453
0.195802,-0.707666,2.122604
-0.003472,-0.667199,1.711180
0.198017,-0.778903,2.094981
0.174304,0.619315,1.677046
0.158795,0.472762,1.750946
-0.004694,0.413822,1.813236
0.302244,0.355793,1.749063
-0.107440,0.216850,1.953810
0.358662,0.135406,1.725519
-0.124032,0.003085,1.725519
0.327054,-0.057710,1.947077
-0.118464,-0.045599,1.946899
0.287299,-0.129651,1.573269
0.134365,0.161369,1.844476
0.128625,0.098002,1.861700
0.051761,0.041113,1.891275
0.194554,0.017549,1.864227
0.013380,-0.307763,1.842641
0.210864,-0.361517,1.960380
0.015466,-0.613525,1.762928
0.195057,-0.708230,2.119989
-0.002897,-0.663686,1.690767
0.199406,-0.779327,2.092602
0.163275,0.629485,1.672763
0.149044,0.481167,1.744605
-0.016631,0.414403,1.801508
0.296832,0.360491,1.743444
-0.116507,0.208123,1.930336
0.350881,0.141043,1.712328
-0.132830,-0.005565,1.712328
0.322857,-0.050775,1.909413
-0.127456,-0.074901,1.915190
0.285892,-0.123712,1.560853
0.123777,0.164285,1.819110
0.118274,0.099772,1.832796
0.039241,0.039943,1.855150
0.186444,0.018402,1.834716
0.007249,-0.310081,1.815109
0.207342,-0.365479,1.941198
0.013453,-0.609613,1.750934
0.193304,-0.706011,2.112433
-0.002543,-0.657563,1.676698
0.199749,-0.778687,2.089978
0.144005,0.638318,1.666936
0.138642,0.489127,1.738526
-0.030985,0.415210,1.785169
0.288965,0.365196,1.735686
-0.125709,0.202222,1.899937
0.344942,0.145764,1.702875
-0.140719,-0.011634,1.702875
0.319108,-0.045345,1.892820
-0.137738,-0.070057,1.889941
0.284203,-0.119981,1.550436
0.114854,0.166377,1.797276
0.109843,0.100911,1.808173
0.030633,0.038869,1.826527
0.179080,0.019251,1.807664
-0.002217,-0.310795,1.785852
0.201839,-0.373835,1.913009
0.013936,-0.701909,1.724722
0.194184,-0.702967,2.100618
0.003881,-0.758144,1.647660
0.200588,-0.778039,2.088162
0.128447,0.647788,1.660944
0.126628,0.496224,1.729471
-0.044323,0.413070,1.769060
0.279164,0.374772,1.725029
-0.133766,0.192691,1.875522
0.339152,0.149250,1.694037
-0.156684,-0.020373,1.694037
0.316853,-0.042927,1.854754
-0.148966,-0.085268,1.852351
0.283008,-0.117301,1.541639
0.105508,0.169108,1.773733
0.101255,0.103051,1.782462
0.021938,0.038612,1.796612
0.172010,0.021808,1.781170
-0.007154,-0.311402,1.758985
0.195369,-0.376734,1.872020
0.012062,-0.703742,1.716346
0.191174,-0.694315,2.079299
0.003570,-0.758617,1.639235
0.202612,-0.772358,2.073782
0.118123,0.656115,1.651928
0.117534,0.502332,1.717367
-0.054342,0.413833,1.748275
0.271182,0.378964,1.716214
-0.142256,0.188730,1.835262
0.329923,0.153944,1.685007
-0.162519,-0.024733,1.685007
0.314467,-0.039987,1.824418
-0.156474,-0.092649,1.824138
0.282288,-0.110854,1.537693
0.097092,0.172269,1.751714
0.093044,0.105808,1.759202
0.013873,0.040733,1.769918
0.163823,0.025375,1.758144
-0.015265,-0.309273,1.736005
0.186190,-0.366414,1.821855
0.012275,-0.701672,1.710113
0.186723,-0.675123,2.041088
0.007008,-0.755231,1.632859
0.202302,-0.771070,2.059321
0.107707,0.661033,1.641811
0.105944,0.506410,1.706123
-0.064659,0.415388,1.730311
0.260354,0.384635,1.704627
-0.149806,0.185767,1.803466
0.320730,0.157655,1.678079
-0.171496,-0.027442,1.678079
0.312802,-0.037745,1.779060
-0.166327,-0.100668,1.779913
0.282566,-0.108886,1.534730
0.089021,0.175927,1.731811
0.085643,0.109659,1.737602
0.007342,0.043069,1.745282
0.156986,0.030738,1.735574
-0.017414,-0.307409,1.719757
0.179448,-0.354982,1.777085
0.011232,-0.699767,1.708429
0.189578,-0.663132,1.997234
0.007287,-0.752522,1.630924
0.183290,-0.706352,1.918596
0.099510,0.666445,1.629505
0.096443,0.511649,1.693681
-0.074357,0.415224,1.710400
0.252084,0.390434,1.694670
-0.159423,0.180998,1.764965
0.314623,0.160489,1.672301
-0.179113,-0.032028,1.672301
0.311478,-0.035967,1.738505
-0.174661,-0.099168,1.735575
0.283321,-0.107847,1.533218
0.082939,0.179224,1.712030
0.080330,0.112601,1.716738
0.002500,0.044007,1.721434
0.152687,0.035319,1.714824
-0.018117,-0.306638,1.705317
0.170039,-0.335789,1.730529
0.009536,-0.698752,1.706682
0.186855,-0.645535,1.948796
0.007892,-0.750926,1.628937
0.183194,-0.688160,1.869626
0.092551,0.673217,1.619972
0.086280,0.516940,1.681869
-0.083637,0.417514,1.693365
0.242503,0.397094,1.681905
-0.167190,0.182504,1.734386
0.305509,0.164989,1.665983
-0.187796,-0.028583,1.665983
0.310568,-0.033475,1.690717
-0.183551,-0.100091,1.685305
0.285864,-0.104130,1.533003
0.075866,0.183057,1.693264
0.073855,0.116212,1.696721
-0.003262,0.047009,1.697332
0.146833,0.039287,1.695912
-0.018032,-0.304490,1.692425
0.167477,-0.334265,1.703716
0.009573,-0.695835,1.706603
0.184503,-0.644170,1.922224
0.007706,-0.746738,1.627909
0.182011,-0.686217,1.842653
0.086168,0.684805,1.614625
0.075136,0.523049,1.667008
-0.091179,0.417647,1.674737
0.232775,0.403742,1.670416
-0.173039,0.185018,1.699803
0.298127,0.169849,1.660300
-0.190155,-0.023864,1.660300
0.310428,-0.030389,1.642419
-0.190551,-0.098326,1.632991
0.288390,-0.101068,1.533671
0.069725,0.184928,1.674739
0.068633,0.117295,1.677449
-0.007346,0.047098,1.676321
0.142345,0.042354,1.676958
-0.019356,-0.308024,1.682046
0.165587,-0.321601,1.653581
0.010614,-0.698272,1.706179
0.177081,-0.636309,1.866486
0.010290,-0.744708,1.626963
0.176398,-0.678072,1.786687
0.075575,0.685500,1.597244
0.065760,0.526418,1.654556
-0.098484,0.416268,1.656474
0.227150,0.405012,1.661053
-0.180074,0.186849,1.664161
0.291380,0.173082,1.655131
-0.194302,-0.020668,1.655131
0.310047,-0.028649,1.600205
-0.188986,-0.097525,1.580353
0.289210,-0.099815,1.534303
0.065386,0.186599,1.658766
0.065369,0.118663,1.660078
-0.009304,0.047286,1.655290
0.140067,0.044468,1.661376
-0.022490,-0.309697,1.671950
0.162463,-0.321421,1.631450
0.001549,-0.597151,1.689390
0.170428,-0.645400,1.821470
0.003129,-0.638582,1.609401
0.172008,-0.686831,1.741482
0.074759,0.692182,1.592188
0.057307,0.528831,1.640817
-0.104743,0.416675,1.636436
0.218906,0.411743,1.647083
-0.184293,0.187830,1.631864
0.285166,0.175982,1.649168
-0.194618,-0.015513,1.649168
0.308386,-0.027596,1.548083
-0.187995,-0.092101,1.527124
0.292944,-0.096141,1.537809
0.060913,0.188595,1.642083
0.061816,0.120637,1.641776
-0.011782,0.048180,1.634561
0.137243,0.047971,1.644266
-0.025124,-0.309028,1.662316
0.158322,-0.321204,1.588022
0.001957,-0.595878,1.686754
0.163570,-0.633381,1.753553
0.005069,-0.636998,1.606624
0.166682,-0.674501,1.673423
0.068585,0.697037,1.583345
0.050314,0.530313,1.625158
-0.110404,0.414552,1.617936
0.212140,0.414994,1.634981
-0.188697,0.189394,1.596876
0.279588,0.176427,1.642679
-0.195841,-0.012786,1.642679
0.307491,-0.028388,1.502630
-0.187434,-0.086453,1.477456
0.294933,-0.093228,1.540509
0.056621,0.188414,1.626452
0.058153,0.120177,1.625107
-0.014922,0.046786,1.616142
0.134115,0.048791,1.629413
-0.027607,-0.309945,1.654234
0.156351,-0.314496,1.562682
0.002069,-0.596312,1.684179
0.157736,-0.607073,1.673779
0.006770,-0.637353,1.604062
0.162437,-0.648114,1.593662
0.067330,0.697172,1.570729
0.043991,0.530329,1.611073
-0.114659,0.410436,1.597317
0.206471,0.415473,1.621360
-0.191456,0.187709,1.566062
0.274972,0.174676,1.636379
-0.194713,-0.009886,1.636379
0.305306,-0.031144,1.458459
-0.186932,-0.077873,1.430842
0.293715,-0.098397,1.540704
0.053461,0.186978,1.612150
0.055794,0.118507,1.609496
-0.015956,0.044419,1.597236
0.131878,0.048052,1.616351
-0.028699,-0.309126,1.643444
0.155417,-0.310901,1.529148
0.001678,-0.595641,1.679581
0.153385,-0.586313,1.598190
0.008133,-0.636559,1.599496
0.159839,-0.627231,1.518106
0.063111,0.695202,1.554387
0.040941,0.526966,1.592143
-0.116566,0.407423,1.578288
0.202751,0.414964,1.608760
-0.194181,0.190538,1.537605
0.270374,0.171467,1.629296
-0.192422,-0.000294,1.629296
0.304307,-0.035144,1.424919
-0.181754,-0.069821,1.388580
0.293739,-0.099899,1.540874
0.051379,0.184199,1.594522
0.054116,0.115890,1.591238
-0.017151,0.041604,1.577307
0.130123,0.046084,1.600425
-0.029158,-0.310208,1.631762
0.154051,-0.305926,1.507753
0.001696,-0.594691,1.675008
0.156599,-0.684100,1.559372
0.009791,-0.635623,1.595057
0.164694,-0.725032,1.479420
0.052916,0.693971,1.539281
0.035885,0.525207,1.577315
-0.119428,0.404651,1.559997
0.195280,0.413351,1.589424
-0.198877,0.190181,1.504714
0.264687,0.169579,1.619412
-0.188782,0.002898,1.619412
0.302646,-0.037999,1.385250
-0.174830,-0.062136,1.349589
0.293700,-0.100267,1.541281
0.048747,0.180570,1.577920
0.052116,0.111964,1.572805
-0.018292,0.037639,1.558498
0.128310,0.043559,1.581409
-0.029824,-0.311301,1.619642
0.149602,-0.304945,1.484445
0.001876,-0.594274,1.671300
0.163447,-0.694216,1.480484
0.009803,-0.634985,1.591198
0.171374,-0.734927,1.400381
0.051204,0.693082,1.525165
0.031088,0.521349,1.555425
-0.120894,0.399184,1.538069
0.191968,0.412012,1.574285
-0.198229,0.188131,1.480169
0.261270,0.161616,1.605484
-0.185753,0.006619,1.605484
0.298153,-0.047368,1.354988
-0.170129,-0.058154,1.318076
0.292793,-0.104321,1.540196
0.046449,0.178179,1.559400
0.050519,0.109857,1.554244
-0.019453,0.035754,1.538539
0.127145,0.041973,1.564984
-0.030576,-0.311281,1.604956
0.148307,-0.303256,1.465249
0.002263,-0.595050,1.668147
0.158327,-0.693878,1.411841
0.011943,-0.635910,1.588295
0.168044,-0.736185,1.331882
0.052014,0.691424,1.509061
0.026206,0.519801,1.537782
-0.123495,0.394749,1.519287
0.187653,0.407740,1.553960
-0.198378,0.183849,1.452307
0.257988,0.159931,1.592453
-0.181462,0.005129,1.592453
0.295617,-0.049853,1.323359
-0.163761,-0.054122,1.289767
0.290566,-0.105480,1.537200
0.043496,0.175005,1.541196
0.048043,0.106444,1.534990
-0.021934,0.032358,1.519787
0.125545,0.039064,1.545090
-0.031501,-0.313526,1.592909
0.145028,-0.301371,1.446990
0.001126,-0.592692,1.659693
0.154422,-0.688164,1.364825
0.010454,-0.633458,1.579730
0.163918,-0.735859,1.283830
0.052741,0.689893,1.498609
0.023827,0.515587,1.518551
-0.124848,0.389859,1.498694
0.187050,0.404958,1.535868
-0.197841,0.179621,1.430909
0.254844,0.157535,1.576790
-0.176716,0.003535,1.576790
0.293866,-0.052484,1.298737
-0.157267,-0.054563,1.265010
0.288435,-0.105848,1.532229
0.042694,0.172080,1.522449
0.047727,0.103847,1.515504
-0.022080,0.029185,1.500040
0.125784,0.036663,1.525342
-0.033556,-0.318210,1.581762
0.142669,-0.301262,1.430445
0.000753,-0.591705,1.654146
0.156086,-0.683098,1.325156
0.010679,-0.632431,1.574213
0.166353,-0.734076,1.243098
0.054969,0.685901,1.479227
0.020829,0.511790,1.496968
-0.125152,0.386733,1.480175
0.175863,0.395529,1.504636
-0.195538,0.176058,1.411771
0.253346,0.154989,1.557818
-0.171509,0.000964,1.557818
0.291187,-0.055284,1.278754
-0.151451,-0.055314,1.246592
0.287483,-0.107324,1.516702
0.039669,0.164590,1.499518
0.044384,0.095666,1.491124
-0.024044,0.023418,1.476838
0.120796,0.030656,1.500913
-0.033929,-0.323193,1.567484
0.140080,-0.307033,1.406551
-0.000468,-0.590128,1.646312
0.150324,-0.685827,1.290518
0.006464,-0.630782,1.566013
0.157285,-0.736726,1.207754
0.055287,0.680262,1.456803
0.021707,0.506875,1.477237
-0.123054,0.385677,1.460449
0.176378,0.391741,1.489963
-0.192307,0.170570,1.389346
0.253246,0.151878,1.537512
-0.165174,-0.004724,1.537512
0.289532,-0.058698,1.257332
-0.144504,-0.059175,1.227259
0.284376,-0.110808,1.496547
0.038943,0.161468,1.480122
0.043653,0.093028,1.470769
-0.024715,0.020822,1.455154
0.119271,0.028867,1.479611
-0.033600,-0.327437,1.550567
0.137377,-0.307832,1.381866
-0.001824,-0.590574,1.637606
0.142320,-0.679176,1.241150
0.006547,-0.631164,1.557400
0.150420,-0.729571,1.157286
0.057437,0.676886,1.440231
0.025058,0.501089,1.453722
-0.122083,0.382566,1.440510
0.179844,0.392706,1.468633
-0.190361,0.166208,1.373617
0.254427,0.149197,1.513515
-0.161619,-0.010447,1.513515
0.287051,-0.061929,1.244050
-0.140470,-0.066765,1.213230
0.282852,-0.113967,1.474024
0.041290,0.159879,1.457106
0.045826,0.092353,1.446744
-0.023042,0.018547,1.432359
0.121696,0.029035,1.454277
-0.034033,-0.329210,1.529698
0.135385,-0.306169,1.350843
-0.003256,-0.587797,1.625932
0.132980,-0.683014,1.232235
0.004620,-0.628363,1.545655
0.140410,-0.733887,1.149562
0.059649,0.670016,1.415226
0.027082,0.495010,1.431373
-0.121866,0.379641,1.420384
0.183112,0.390108,1.441763
-0.186292,0.161752,1.357874
0.256187,0.143622,1.488745
-0.157870,-0.017490,1.488745
0.286724,-0.067414,1.232259
-0.136955,-0.076559,1.201345
0.281632,-0.119621,1.444175
0.041867,0.156877,1.431857
0.045854,0.090296,1.419365
-0.024175,0.015885,1.404824
0.122258,0.026480,1.424997
-0.033094,-0.332253,1.509930
0.132281,-0.309389,1.324273
-0.004223,-0.585613,1.616066
0.127413,-0.682438,1.194227
0.001763,-0.625927,1.535493
0.133041,-0.732979,1.110658
0.064046,0.666240,1.393485
0.031615,0.490891,1.408676
-0.119477,0.375171,1.397142
0.185650,0.387486,1.416353
-0.180802,0.156248,1.343076
0.258824,0.138863,1.457440
-0.155314,-0.026210,1.457440
0.288676,-0.072486,1.222031
-0.136671,-0.085949,1.193061
0.282907,-0.121079,1.413299
0.043265,0.154231,1.404061
0.046558,0.088490,1.388091
-0.024454,0.014125,1.374427
0.122458,0.025028,1.390067
-0.033059,-0.333460,1.484156
0.130949,-0.313339,1.300060
-0.004238,-0.581914,1.601954
0.109872,-0.679149,1.148946
0.001091,-0.621786,1.521110
0.113988,-0.728160,1.063969
0.069905,0.660046,1.367939
0.037384,0.484808,1.383507
-0.114909,0.376121,1.376595
0.186168,0.378579,1.386253
-0.174623,0.145575,1.323978
0.261718,0.134907,1.425711
-0.153271,-0.042268,1.425711
0.292844,-0.075744,1.211575
-0.137355,-0.095158,1.188231
0.286873,-0.127749,1.374061
0.047467,0.149852,1.378130
0.050074,0.084794,1.359606
-0.019753,0.012325,1.346749
0.124009,0.022159,1.360381
-0.031028,-0.341489,1.460315
0.130897,-0.315990,1.270019
-0.002014,-0.582054,1.588539
0.092373,-0.685790,1.135968
0.001001,-0.621791,1.507508
0.093808,-0.734949,1.051832
0.076107,0.653513,1.341987
0.043623,0.478211,1.357387
-0.109673,0.373210,1.350100
0.188159,0.377963,1.360478
-0.169071,0.140019,1.309396
0.265069,0.130959,1.392649
-0.153504,-0.052590,1.392649
0.294737,-0.079800,1.205333
-0.140125,-0.105776,1.185624
0.293697,-0.170994,1.334690
0.051639,0.146794,1.348730
0.053985,0.083232,1.326225
-0.015029,0.011548,1.311325
0.126440,0.021412,1.325624
-0.030546,-0.335916,1.419376
0.134063,-0.316860,1.236753
-0.005504,-0.572489,1.554276
0.023928,-0.658667,1.066594
-0.002327,-0.611868,1.473082
0.023108,-0.702070,0.982119
0.077259,0.648301,1.316581
0.044764,0.473027,1.332066
-0.105288,0.370239,1.324480
0.189182,0.375681,1.328898
-0.163973,0.136591,1.295893
0.269056,0.130819,1.359779
-0.155277,-0.061000,1.359779
0.299491,-0.078148,1.202109
-0.143478,-0.112791,1.185055
0.292295,-0.127400,1.298698
0.052920,0.143004,1.321592
0.054874,0.080403,1.295828
-0.012893,0.009126,1.281531
0.125962,0.019974,1.294092
-0.031484,-0.330797,1.386844
0.134875,-0.318619,1.207836
-0.009949,-0.566837,1.522916
-0.092827,-0.526473,0.972808
-0.008448,-0.606013,1.441587
-0.091326,-0.565649,0.891479
0.079324,0.643147,1.289822
0.046831,0.467875,1.305271
-0.102193,0.370867,1.299956
0.188705,0.373770,1.300798
-0.158221,0.132691,1.280844
0.273941,0.129078,1.322514
-0.157477,-0.070018,1.322514
0.298630,-0.079487,1.200236
-0.146672,-0.116543,1.186114
0.296378,-0.125390,1.249279
0.055227,0.141125,1.293210
0.056953,0.079934,1.264164
-0.009225,0.009577,1.251364
0.126395,0.020678,1.258397
-0.037005,-0.321947,1.337095
0.138846,-0.318941,1.178927
0.005585,-0.631930,1.540736
-0.030757,-0.647801,1.039998
0.006675,-0.674610,1.462044
-0.035579,-0.684833,0.957510
0.100684,0.626937,1.247132
0.068189,0.451667,1.262609
-0.100528,0.373046,1.277294
0.186963,0.376226,1.272385
-0.155663,0.130812,1.269078
0.273830,0.143846,1.285413
-0.159545,-0.075042,1.285413
0.298021,-0.062838,1.198837
-0.149699,-0.141735,1.180685
0.299701,-0.122547,1.205472
0.061963,0.142993,1.261930
0.060832,0.084360,1.232044
-0.007905,0.014900,1.222097
0.128361,0.025732,1.224900
-0.041278,-0.321515,1.283807
0.141519,-0.316588,1.162961
0.005013,-0.629123,1.489788
0.088609,-0.583643,1.050154
0.007751,-0.665116,1.415200
0.107898,-0.488994,1.088152
0.096713,0.631377,1.202858
0.064218,0.456103,1.218353
-0.089192,0.379232,1.224288
0.198795,0.378217,1.211874
-0.152164,0.132896,1.240342
0.278515,0.146071,1.208414
-0.162776,-0.078328,1.208414
0.300331,-0.057302,1.196274
-0.155666,-0.146094,1.181287
0.297153,-0.112329,1.106536
0.059699,0.142519,1.204039
0.057399,0.085266,1.170840
-0.014518,0.016436,1.163757
0.127041,0.025898,1.158080
-0.047066,-0.324313,1.201718
0.141093,-0.338800,1.121979
0.002968,-0.633293,1.404934
0.155613,-0.715681,1.073041
0.000789,-0.671069,1.325146
0.152547,-0.754400,0.991571
0.092281,0.621972,1.179312
0.059785,0.446696,1.194824
-0.091463,0.375786,1.216107
0.199763,0.375016,1.194985
-0.151503,0.133936,1.232137
0.279176,0.149920,1.182116
-0.165805,-0.077082,1.182116
0.301961,-0.049669,1.188390
-0.161029,-0.145741,1.177269
0.298517,-0.101022,1.061781
0.058971,0.140956,1.193844
0.056041,0.084013,1.160107
-0.016115,0.014532,1.155134
0.126512,0.023706,1.146199
-0.053305,-0.327879,1.174081
0.139767,-0.340276,1.118059
0.008563,-0.644761,1.362942
0.153543,-0.718550,1.077263
0.004896,-0.680500,1.284344
0.148018,-0.757666,0.996121
0.087624,0.600039,1.140278
0.055129,0.424769,1.155812
-0.094468,0.373436,1.201202
0.196248,0.361388,1.155947
-0.151560,0.136302,1.219975
0.280935,0.157588,1.140416
-0.168208,-0.074461,1.140416
0.304210,-0.041507,1.176371
-0.166375,-0.143615,1.168097
0.294655,-0.090987,1.020787
0.054539,0.134171,1.165102
0.049043,0.079188,1.133390
-0.022771,0.010760,1.134197
0.118505,0.016541,1.117001
-0.067438,-0.332026,1.122333
0.137058,-0.343629,1.109194
-0.117433,-0.715705,1.098509
0.156731,-0.725554,1.089634
-0.130740,-0.765745,1.018327
0.144786,-0.765147,1.009433
0.000000,0.000000,0.000000
0.000000,0.000000,0.000000
0.000000,0.000000,0.000000
0.000000,0.000000,0.000000
0.000000,0.000000,0.000000
0.000000,0.000000,0.000000
0.000000,0.000000,0.000000
0.000000,0.000000,0.000000
0.000000,0.000000,0.000000
0.000000,0.000000,0.000000
0.000000,0.000000,0.000000
0.000000,0.000000,0.000000
0.000000,0.000000,0.000000
0.000000,0.000000,0.000000
0.000000,0.000000,0.000000
0.000000,0.000000,0.000000
0.000000,0.000000,0.000000
0.000000,0.000000,0.000000
0.000000,0.000000,0.000000
0.000000,0.000000,0.000000
