-0.047269,0.865950,2.882585
-0.065167,0.688608,2.966495
-0.237657,0.576363,2.921758
0.113408,0.575797,3.009090
-0.313887,0.314164,2.911696
0.176290,0.303684,3.050567
-0.334056,0.080088,3.050567
0.175926,0.083555,2.872785
-0.327423,-0.001492,2.865288
0.177217,0.007430,2.985519
-0.057055,0.351355,2.974110
-0.049954,0.285289,2.957615
-0.121554,0.210065,2.939155
0.027953,0.201168,2.967742
-0.165903,-0.298750,2.911922
0.004602,-0.276008,3.139516
-0.179734,-0.602452,2.829568
-0.021171,-0.593363,3.334028
-0.173889,-0.653899,2.758514
-0.044770,-0.671990,3.342895
-0.051976,0.870926,2.874790
-0.069654,0.694223,2.939776
-0.247064,0.580081,2.901186
0.108243,0.576480,2.970128
-0.318888,0.308461,2.887935
0.172037,0.304201,3.031525
-0.332389,0.084011,3.031525
0.162859,0.090703,2.850192
-0.323061,0.000527,2.828352
0.160237,0.010684,2.922367
-0.063636,0.353718,2.944862
-0.058092,0.287220,2.926073
-0.131835,0.209789,2.908522
0.020087,0.202189,2.932061
-0.172579,-0.298975,2.888995
0.009409,-0.278650,3.102167
-0.181080,-0.601607,2.827246
-0.026339,-0.604224,3.316330
-0.175420,-0.656484,2.753954
-0.054678,-0.679630,3.333480
-0.056649,0.877703,2.852216
-0.085015,0.701831,2.903326
-0.247765,0.581991,2.871671
0.103263,0.575448,2.953681
-0.315745,0.306354,2.851631
0.161675,0.312287,2.979118
-0.321597,0.083437,2.979118
0.150241,0.097286,2.784667
-0.312827,0.001498,2.770024
0.141420,0.027307,2.865013
-0.075015,0.354318,2.910819
-0.067635,0.286476,2.892431
-0.139763,0.210750,2.874126
0.011154,0.203090,2.901854
-0.178429,-0.291304,2.871426
0.016597,-0.270727,3.050720
-0.181107,-0.605291,2.823689
-0.026269,-0.589597,3.278879
-0.175548,-0.657021,2.756305
-0.058538,-0.663282,3.295474
-0.062235,0.879306,2.837229
-0.086998,0.702029,2.893940
-0.252155,0.578773,2.837443
0.100176,0.580548,2.932331
-0.320178,0.313036,2.812907
0.152760,0.319333,2.944959
-0.310155,0.091669,2.944959
0.132785,0.113698,2.755730
-0.303951,0.018442,2.731144
0.121212,0.044307,2.807846
-0.078876,0.354867,2.893921
-0.070652,0.287875,2.872154
-0.143131,0.210277,2.848639
0.008091,0.205203,2.880805
-0.180018,-0.293540,2.857237
0.026778,-0.269804,3.000846
-0.187017,-0.616803,2.815552
-0.020354,-0.576123,3.243598
-0.179320,-0.667356,2.746580
0.000981,-0.620950,3.160749
-0.065751,0.874405,2.806428
-0.091880,0.701866,2.875326
-0.256480,0.576559,2.819090
0.095763,0.581881,2.911434
-0.319561,0.320041,2.788009
0.151235,0.328360,2.927185
-0.297161,0.107273,2.927185
0.111615,0.141024,2.702299
-0.277155,0.030194,2.676767
0.099620,0.084044,2.743135
-0.082241,0.354529,2.872597
-0.073258,0.288009,2.848491
-0.145447,0.209148,2.825644
0.006353,0.206153,2.855922
-0.180671,-0.290883,2.843026
0.036376,-0.282411,2.969635
-0.185865,-0.618635,2.815479
-0.013257,-0.588522,3.205114
-0.178435,-0.669577,2.744250
-0.014642,-0.670325,3.208348
-0.068754,0.878647,2.787586
-0.092891,0.700955,2.841936
-0.256996,0.576983,2.793386
0.089700,0.583483,2.891150
-0.317769,0.327370,2.751225
0.139797,0.339185,2.873053
-0.289425,0.117929,2.873053
0.091607,0.161492,2.658639
-0.254685,0.025386,2.624039
0.061100,0.114750,2.675533
-0.084233,0.354624,2.847496
-0.074713,0.287778,2.824047
-0.146353,0.209543,2.802480
0.004006,0.207668,2.833401
-0.184069,-0.290409,2.828753
0.053684,-0.273266,2.907578
-0.187107,-0.620930,2.811240
-0.019392,-0.585488,3.137899
-0.178764,-0.670622,2.744601
0.003847,-0.663690,3.140641
-0.070027,0.879557,2.782696
-0.095306,0.701720,2.828019
-0.260841,0.573382,2.769221
0.081952,0.583979,2.867714
-0.319250,0.330623,2.719295
0.134186,0.338478,2.838526
-0.268594,0.130412,2.838526
0.037834,0.191727,2.615247
-0.219585,0.045340,2.579757
-0.007477,0.142579,2.605609
-0.083461,0.355519,2.829688
-0.072674,0.289384,2.803983
-0.142664,0.210544,2.780964
0.006350,0.211516,2.812261
-0.184274,-0.290404,2.819857
0.050253,-0.267618,2.858043
-0.188884,-0.624475,2.809821
-0.020594,-0.581164,3.068164
-0.179274,-0.673114,2.741777
0.009751,-0.655323,3.089921
-0.072167,0.881738,2.762444
-0.097601,0.700543,2.812970
-0.258750,0.572430,2.745520
0.082019,0.583363,2.852880
-0.317895,0.338771,2.689260
0.135586,0.342672,2.826726
-0.229126,0.148361,2.826726
0.031967,0.242806,2.594373
-0.190906,0.105872,2.546626
-0.014036,0.216450,2.584007
-0.083318,0.354989,2.816401
-0.071037,0.289129,2.790133
-0.138892,0.208365,2.761850
0.007468,0.212130,2.803255
-0.182280,-0.286168,2.806034
0.046674,-0.278424,2.838873
-0.187312,-0.624222,2.807512
-0.009388,-0.611866,3.026861
-0.178063,-0.673870,2.743836
0.022058,-0.686332,3.035284
-0.071018,0.882164,2.741735
-0.097698,0.700569,2.801754
-0.254636,0.577169,2.730721
0.080029,0.585361,2.832441
-0.320466,0.349419,2.667819
0.135437,0.349212,2.795997
-0.210187,0.179068,2.795997
0.011999,0.273466,2.557005
-0.147030,0.115210,2.504021
-0.044891,0.283128,2.565863
-0.085574,0.353369,2.802932
-0.073625,0.287562,2.774530
-0.140002,0.209508,2.748946
0.001545,0.210419,2.784712
-0.182054,-0.287909,2.797730
0.048477,-0.268245,2.784250
-0.186229,-0.624157,2.805205
0.001475,-0.610843,2.945867
-0.179813,-0.674938,2.740038
0.030872,-0.683050,2.923615
-0.069847,0.882805,2.726943
-0.100212,0.699638,2.776827
-0.256353,0.578639,2.718706
0.081413,0.586371,2.815171
-0.315032,0.355019,2.644719
0.129734,0.351945,2.767754
-0.170500,0.211613,2.767754
-0.021679,0.327449,2.535878
-0.095054,0.162256,2.483612
-0.095373,0.315152,2.517321
-0.089070,0.358123,2.787717
-0.077676,0.292453,2.760432
-0.143331,0.214611,2.736381
-0.003177,0.213449,2.772558
-0.181259,-0.290100,2.790746
0.044160,-0.268692,2.766532
-0.182842,-0.625102,2.806258
0.014348,-0.614726,2.871434
-0.181818,-0.677249,2.737828
0.055070,-0.681088,2.849481
-0.070182,0.881809,2.708046
-0.099023,0.701472,2.751883
-0.259491,0.577848,2.697756
0.076725,0.594833,2.788455
-0.306276,0.357046,2.613855
0.126402,0.352293,2.741878
-0.133507,0.253705,2.741878
-0.030970,0.333331,2.500743
-0.069135,0.235104,2.459130
-0.104618,0.321041,2.484985
-0.090360,0.362409,2.768005
-0.080042,0.296584,2.742576
-0.144916,0.219144,2.720811
-0.007625,0.217667,2.755063
-0.181899,-0.287573,2.780951
0.041905,-0.281408,2.742007
-0.180371,-0.624505,2.804976
0.013337,-0.636981,2.833788
-0.181818,-0.676599,2.742052
0.056360,-0.686016,2.771250
-0.068893,0.883309,2.699574
-0.095136,0.652401,2.726642
-0.256304,0.580163,2.681128
0.078781,0.588352,2.775915
-0.296731,0.354508,2.598201
0.118831,0.350780,2.706946
-0.079061,0.339823,2.706946
-0.038051,0.336581,2.507101
-0.031046,0.299693,2.465505
-0.013111,0.290428,2.439551
-0.091797,0.358116,2.751988
-0.082216,0.296050,2.728878
-0.146804,0.218898,2.703015
-0.011470,0.216990,2.743686
-0.181418,-0.287905,2.774263
0.036508,-0.288473,2.722334
-0.179261,-0.626122,2.804905
0.053228,-0.627315,2.732984
-0.182074,-0.677244,2.742671
0.071941,-0.681449,2.676295
-0.066271,0.886671,2.690039
-0.091462,0.704815,2.720859
-0.247275,0.575942,2.658812
0.084299,0.581896,2.758807
-0.282314,0.351744,2.572668
0.115166,0.349042,2.681153
-0.069804,0.348805,2.681153
-0.015165,0.342529,2.487796
0.000229,0.343853,2.446501
0.002969,0.293031,2.355327
-0.091816,0.361092,2.738895
-0.082601,0.296939,2.714752
-0.147244,0.220562,2.686098
-0.013304,0.217530,2.730849
-0.179631,-0.286023,2.764337
0.027329,-0.302858,2.698617
-0.178821,-0.624827,2.803658
0.069065,-0.627357,2.664498
-0.182265,-0.678361,2.743673
0.081530,-0.693867,2.598265
-0.063239,0.887977,2.662532
-0.091106,0.704805,2.714666
-0.244257,0.570076,2.641352
0.087153,0.579651,2.739436
-0.271346,0.357657,2.549606
0.113832,0.350768,2.649414
-0.059026,0.368559,2.649414
-0.028987,0.340888,2.465857
-0.005963,0.379446,2.446645
-0.010853,0.291390,2.321863
-0.091657,0.363235,2.724296
-0.082948,0.298422,2.700267
-0.147804,0.222674,2.675920
-0.014486,0.219246,2.713107
-0.180492,-0.287022,2.759647
0.023457,-0.307855,2.682261
-0.179020,-0.625534,2.803563
0.069958,-0.632709,2.606184
-0.182553,-0.678864,2.743511
0.086140,-0.691531,2.525811
-0.061665,0.891592,2.655555
-0.086402,0.703892,2.699254
-0.243923,0.570273,2.633547
0.091823,0.580886,2.722525
-0.270295,0.359615,2.536878
0.105335,0.346853,2.618808
-0.029691,0.404575,2.618808
-0.020530,0.428582,2.464690
0.034114,0.427604,2.428436
-0.062485,0.455825,2.384285
-0.088950,0.368933,2.711308
-0.081571,0.304453,2.687466
-0.147385,0.227241,2.661182
-0.013677,0.223856,2.704149
-0.178626,-0.289091,2.751541
0.022790,-0.305931,2.666750
-0.178458,-0.626769,2.803383
0.071044,-0.625835,2.582573
-0.182634,-0.680592,2.743773
0.083142,-0.672043,2.484812
-0.056602,0.884695,2.639636
-0.083357,0.700514,2.685825
-0.241807,0.568796,2.615851
0.096472,0.576435,2.698425
-0.266286,0.368405,2.494005
0.108586,0.345422,2.596330
-0.029170,0.409120,2.596330
0.013456,0.460855,2.464356
0.035180,0.440484,2.436278
0.042291,0.398372,2.346330
-0.085753,0.367591,2.697176
-0.078970,0.303306,2.673004
-0.145713,0.226779,2.648261
-0.010240,0.221934,2.686939
-0.179712,-0.291011,2.745914
0.027634,-0.324440,2.634609
-0.177227,-0.628253,2.802681
0.073395,-0.650317,2.511430
-0.183147,-0.681586,2.743086
0.084947,-0.684050,2.439599
-0.047555,0.880034,2.619079
-0.077378,0.698901,2.675344
-0.236637,0.569324,2.598831
0.097536,0.568300,2.667796
-0.266587,0.367057,2.483532
0.115505,0.346925,2.576501
-0.055957,0.437408,2.576501
0.004603,0.467693,2.449376
0.013676,0.458102,2.424181
-0.032365,0.507949,2.361544
-0.081505,0.366872,2.685457
-0.076054,0.302775,2.660440
-0.142847,0.227425,2.634037
-0.008605,0.221895,2.675431
-0.179752,-0.291781,2.739739
0.026322,-0.317618,2.630108
-0.178462,-0.629916,2.802502
0.071331,-0.620339,2.495984
-0.185890,-0.683174,2.743022
0.083107,-0.664081,2.397409
-0.043835,0.878586,2.611814
-0.069145,0.694700,2.651265
-0.231182,0.568265,2.584919
0.103514,0.550108,2.632915
-0.265397,0.364485,2.475958
0.124084,0.334738,2.554388
-0.056311,0.439545,2.554388
0.005588,0.472413,2.448727
0.012144,0.462037,2.421924
-0.033911,0.518305,2.369514
-0.076052,0.345813,2.659555
-0.072909,0.277262,2.632535
-0.143449,0.213711,2.623326
-0.003349,0.193185,2.631411
-0.179001,-0.296346,2.734787
0.024663,-0.316984,2.626065
-0.179825,-0.630862,2.800888
0.077343,-0.619312,2.479406
-0.186803,-0.681245,2.738897
0.084259,-0.665909,2.381679
-0.039984,0.874448,2.597667
-0.060458,0.691598,2.640222
-0.224736,0.564059,2.566993
0.105738,0.549265,2.624072
-0.255400,0.368862,2.439185
0.130141,0.344216,2.515871
-0.046376,0.441762,2.515871
-0.076543,0.366962,2.444652
0.021391,0.464752,2.416582
-0.145437,0.374544,2.398162
-0.073354,0.342856,2.650598
-0.070360,0.274652,2.624321
-0.141798,0.207451,2.611757
-0.001643,0.192820,2.625441
-0.175715,-0.297868,2.726924
0.022763,-0.315167,2.617291
-0.179831,-0.630752,2.800505
0.077672,-0.614996,2.473681
-0.187116,-0.681597,2.738910
0.083159,-0.663783,2.376916
-0.023579,0.861805,2.573895
-0.053932,0.687002,2.630032
-0.221504,0.568743,2.560744
0.112287,0.549488,2.608770
-0.253603,0.379912,2.422721
0.132543,0.345914,2.496914
-0.040999,0.442552,2.496914
-0.082903,0.366976,2.401731
0.026415,0.466421,2.373580
-0.154719,0.373997,2.419300
-0.069087,0.339855,2.637460
-0.067322,0.272696,2.609605
-0.140154,0.204394,2.599229
0.000988,0.191413,2.606509
-0.173451,-0.299178,2.719445
0.022386,-0.316329,2.603766
-0.179057,-0.629057,2.797493
0.077763,-0.614579,2.471889
-0.186312,-0.684440,2.739927
0.081598,-0.666263,2.376542
-0.019125,0.863622,2.567347
-0.042248,0.683547,2.611122
-0.214413,0.570388,2.548022
0.122660,0.545115,2.586445
-0.250428,0.384126,2.407670
0.136872,0.340658,2.476499
-0.034611,0.432121,2.476499
-0.089510,0.413382,2.405608
0.032792,0.455986,2.377462
-0.164971,0.437624,2.378602
-0.061813,0.336557,2.619531
-0.061695,0.269569,2.591185
-0.136322,0.200826,2.583108
0.006123,0.188176,2.586922
-0.171448,-0.304612,2.710204
0.025667,-0.324900,2.591632
-0.179109,-0.629871,2.797106
0.073781,-0.618832,2.464053
-0.186714,-0.683778,2.737132
0.082085,-0.673680,2.370709
-0.008730,0.862864,2.549951
-0.029297,0.677291,2.587397
-0.203587,0.569710,2.529601
0.127509,0.541780,2.565425
-0.245410,0.384101,2.390898
0.147732,0.341882,2.447108
-0.028679,0.421818,2.447108
-0.087297,0.414287,2.398659
0.038716,0.445680,2.370517
-0.165640,0.438422,2.383783
-0.053184,0.331881,2.598989
-0.054059,0.264944,2.571051
-0.129444,0.197804,2.566813
0.012503,0.183924,2.564592
-0.166892,-0.308331,2.697971
0.029221,-0.328541,2.583597
-0.178917,-0.629639,2.796455
0.073621,-0.621351,2.461263
-0.186407,-0.684352,2.735113
0.081079,-0.677951,2.368790
0.002693,0.859262,2.534148
-0.019305,0.674448,2.575717
-0.196349,0.570200,2.519320
0.140085,0.539532,2.548531
-0.235134,0.386347,2.377417
0.155206,0.340376,2.428533
0.062589,0.388440,2.428533
-0.079567,0.414608,2.385382
0.129976,0.412299,2.357243
-0.157825,0.439352,2.365284
-0.045015,0.330630,2.584510
-0.046890,0.264483,2.555172
-0.122765,0.196201,2.547176
0.019012,0.182888,2.549922
-0.160693,-0.304758,2.681266
0.034581,-0.326644,2.572618
-0.175375,-0.629028,2.792176
0.073876,-0.625425,2.460188
-0.188192,-0.686295,2.737271
0.080706,-0.681996,2.367589
0.014400,0.857938,2.514112
-0.006524,0.673912,2.559030
-0.182948,0.573984,2.509357
0.153436,0.538340,2.526464
-0.225936,0.393862,2.363837
0.152774,0.340810,2.402761
0.070004,0.359609,2.402761
-0.132613,0.407206,2.356745
0.137383,0.383465,2.328609
-0.140124,0.363674,2.240889
-0.035063,0.329683,2.568654
-0.038660,0.263529,2.538947
-0.115036,0.195649,2.531050
0.026015,0.181837,2.534650
-0.154717,-0.304526,2.670369
0.041718,-0.329556,2.558554
-0.173967,-0.628027,2.786699
0.073690,-0.626778,2.458553
-0.193256,-0.689265,2.729538
0.079509,-0.684573,2.366508
0.025075,0.860117,2.497995
-0.000383,0.672777,2.547526
-0.171104,0.573719,2.491559
0.161556,0.537593,2.509407
-0.220701,0.395180,2.346952
0.156643,0.343834,2.379348
0.074761,0.363666,2.379348
-0.132064,0.406461,2.347015
0.142133,0.387520,2.318882
-0.139939,0.362605,2.238822
-0.027890,0.328197,2.554637
-0.031108,0.262392,2.523457
-0.108173,0.194249,2.518379
0.034861,0.181325,2.514295
-0.148492,-0.305889,2.658485
0.046532,-0.327834,2.544607
-0.170358,-0.628797,2.781637
0.080480,-0.631747,2.451156
-0.192964,-0.689119,2.729247
0.079424,-0.690569,2.359555
0.033675,0.859211,2.483147
0.012878,0.673573,2.521897
-0.161668,0.571773,2.476140
0.172103,0.538747,2.486924
-0.219335,0.393123,2.336225
0.165799,0.346073,2.355807
0.076643,0.370081,2.355807
-0.123562,0.402874,2.322245
0.144006,0.393932,2.294116
-0.127535,0.357715,2.216064
-0.018203,0.328866,2.536519
-0.022932,0.262312,2.506814
-0.100838,0.194004,2.504616
0.042107,0.181392,2.498247
-0.144191,-0.306362,2.642719
0.052937,-0.329911,2.533356
-0.169610,-0.627111,2.773450
0.080353,-0.632925,2.447171
-0.193081,-0.688749,2.724993
0.078241,-0.694318,2.359494
0.049171,0.860086,2.466505
0.024840,0.674637,2.508148
-0.150158,0.573025,2.464613
0.183070,0.538664,2.468421
-0.205144,0.396143,2.321443
0.167642,0.344893,2.341207
0.090102,0.371714,2.341207
-0.027287,0.444613,2.313831
0.157456,0.395562,2.285705
-0.092264,0.477853,2.321112
-0.006543,0.328404,2.520387
-0.012149,0.261831,2.490165
-0.089608,0.194406,2.487206
0.051923,0.180462,2.481762
-0.137884,-0.301132,2.618209
0.060569,-0.331504,2.519355
-0.165494,-0.626026,2.763982
0.080641,-0.633021,2.444607
-0.193360,-0.689210,2.722700
0.078965,-0.697994,2.357291
0.055952,0.854008,2.451599
0.037139,0.674013,2.495596
-0.140079,0.574159,2.452480
0.189959,0.536068,2.452430
-0.188798,0.399651,2.303911
0.170726,0.343065,2.325356
0.106056,0.377379,2.325356
-0.045563,0.346035,2.293218
0.173400,0.401222,2.265097
-0.117659,0.347025,2.270175
0.001171,0.327268,2.508749
-0.005585,0.260545,2.478606
-0.083654,0.193790,2.476950
0.057468,0.179348,2.469222
-0.138104,-0.302371,2.605782
0.065942,-0.332690,2.506394
-0.163240,-0.626432,2.750244
0.080626,-0.634895,2.441751
-0.194045,-0.693097,2.717440
0.078046,-0.701041,2.355382
0.064833,0.852379,2.435631
0.048490,0.675483,2.482587
-0.131793,0.574391,2.439044
0.198647,0.537659,2.434881
-0.178085,0.397271,2.294120
0.172925,0.344490,2.310557
0.116117,0.374160,2.310557
-0.045133,0.345511,2.280654
0.183450,0.398000,2.252538
-0.117819,0.345851,2.290134
0.009573,0.326629,2.496103
0.001741,0.259504,2.466090
-0.077069,0.192016,2.465074
0.064178,0.179142,2.456392
-0.135809,-0.303531,2.588963
0.069256,-0.333097,2.498739
-0.161976,-0.628500,2.744778
0.079511,-0.635761,2.439893
-0.194065,-0.696338,2.715911
0.077706,-0.703157,2.354522
0.070205,0.852971,2.423633
0.057416,0.675627,2.471259
-0.126085,0.578134,2.434474
0.204411,0.540516,2.426968
-0.171665,0.401889,2.288705
0.177519,0.356436,2.287516
0.121004,0.374576,2.287516
-0.066871,0.411717,2.266430
0.188327,0.398412,2.238317
-0.148335,0.430144,2.279323
0.017081,0.328400,2.484943
0.008563,0.261590,2.455040
-0.070823,0.194156,2.455082
0.070571,0.180957,2.444423
-0.140061,-0.301215,2.572401
0.076608,-0.328318,2.484403
-0.157173,-0.611797,2.698424
0.079255,-0.635658,2.439111
-0.160122,-0.655534,2.614568
0.078314,-0.703970,2.354414
0.078138,0.850649,2.408786
0.062477,0.674601,2.460119
-0.117328,0.577286,2.422926
0.212609,0.543125,2.413738
-0.162714,0.399477,2.280158
0.180169,0.357952,2.278358
0.119820,0.372792,2.278358
-0.036666,0.372424,2.255057
0.187132,0.396624,2.226949
-0.108945,0.377248,2.266687
0.024258,0.327908,2.474095
0.015938,0.261184,2.444346
-0.062855,0.192820,2.443623
0.078240,0.181605,2.434497
-0.142516,-0.303273,2.555949
0.078925,-0.325226,2.478358
-0.152109,-0.613839,2.697059
0.079591,-0.634579,2.437659
-0.188557,-0.686936,2.713477
0.078281,-0.704459,2.355202
0.084450,0.852562,2.400558
0.073795,0.674219,2.445970
-0.109604,0.578782,2.416995
0.220702,0.541697,2.402135
-0.154304,0.400349,2.275590
0.184496,0.344785,2.280900
0.120831,0.371161,2.280900
-0.029615,0.370916,2.246393
0.188107,0.394980,2.218301
-0.100985,0.379626,2.236333
0.032722,0.328827,2.462759
0.023272,0.262039,2.434088
-0.056192,0.193128,2.434801
0.084856,0.183157,2.424112
-0.144974,-0.299359,2.534397
0.087928,-0.318405,2.462950
-0.145207,-0.616039,2.691662
0.080149,-0.633539,2.436778
-0.182616,-0.690391,2.695895
0.077543,-0.702538,2.356884
0.092126,0.853933,2.391987
0.080863,0.673788,2.437815
-0.103312,0.577604,2.408036
0.225439,0.541402,2.392841
-0.155515,0.399043,2.270754
0.202507,0.359372,2.248740
0.131195,0.366628,2.248740
-0.010934,0.350754,2.224908
0.198434,0.390435,2.196830
-0.082081,0.347881,2.282991
0.039211,0.327520,2.453246
0.029561,0.260656,2.424705
-0.049745,0.191714,2.425534
0.090597,0.182148,2.414411
-0.147221,-0.296303,2.513963
0.092719,-0.320449,2.456656
-0.133520,-0.612772,2.671381
0.080212,-0.632869,2.436364
-0.180936,-0.692048,2.688195
0.077678,-0.702655,2.356415
0.098416,0.851934,2.379828
0.085498,0.673095,2.430942
-0.098116,0.576856,2.403489
0.230130,0.538422,2.382088
-0.151766,0.398137,2.267841
0.202270,0.341685,2.255897
0.135387,0.364067,2.255897
-0.000434,0.413986,2.219362
0.202602,0.387865,2.191296
-0.068002,0.438086,2.270466
0.043631,0.325307,2.445390
0.033318,0.258266,2.416867
-0.045857,0.189877,2.418156
0.093931,0.179791,2.405988
-0.147998,-0.294171,2.493298
0.093394,-0.320290,2.453092
-0.127751,-0.617418,2.652581
0.080144,-0.632597,2.436015
-0.179527,-0.691786,2.621044
0.077427,-0.702938,2.355890
0.103667,0.853638,2.372019
0.091190,0.671464,2.420388
-0.093538,0.576505,2.398465
0.233668,0.536835,2.375021
-0.152206,0.398155,2.265520
0.202769,0.340909,2.254817
0.135347,0.361922,2.254817
-0.012829,0.351930,2.215922
0.202529,0.385709,2.187868
-0.084695,0.355604,2.241854
0.048443,0.323853,2.436175
0.037746,0.256701,2.408363
-0.041679,0.188721,2.410568
0.098280,0.178040,2.397124
-0.145255,-0.297964,2.481946
0.094977,-0.322233,2.449058
-0.135771,-0.632218,2.636070
0.078206,-0.633106,2.434985
-0.182038,-0.696103,2.619877
0.075884,-0.703450,2.356149
0.107878,0.850979,2.362828
0.095520,0.670028,2.413953
-0.088297,0.574287,2.392229
0.237587,0.535049,2.366908
-0.149724,0.396545,2.260532
0.203311,0.337078,2.247745
0.137245,0.363337,2.247745
-0.012048,0.345575,2.207404
0.204396,0.387113,2.179364
-0.083834,0.348407,2.235406
0.051865,0.322146,2.429466
0.040811,0.254943,2.402012
-0.038497,0.187569,2.404009
0.100854,0.176130,2.391108
-0.142751,-0.305793,2.470176
0.095548,-0.323182,2.445317
-0.128599,-0.640546,2.605935
0.076381,-0.634676,2.435947
-0.174761,-0.703038,2.585006
0.077597,-0.706674,2.357674
0.110834,0.846895,2.350827
0.101498,0.668510,2.406631
-0.084482,0.571576,2.386087
0.240983,0.534853,2.361595
-0.148080,0.392835,2.258103
0.203745,0.334267,2.242161
0.138591,0.360427,2.242161
-0.011336,0.339890,2.205463
0.205710,0.384191,2.177436
-0.083030,0.341764,2.234289
0.055330,0.320881,2.422802
0.043921,0.253602,2.395954
-0.035565,0.186419,2.397985
0.103320,0.174693,2.385357
-0.140504,-0.308589,2.457349
0.097836,-0.323962,2.440670
-0.131714,-0.638255,2.563057
0.075325,-0.636886,2.434952
-0.191526,-0.703186,2.554779
0.076941,-0.707375,2.356441
0.113302,0.846355,2.346957
0.106583,0.667384,2.397308
-0.081582,0.569569,2.382380
0.246543,0.533141,2.354823
-0.145949,0.390383,2.256355
0.204176,0.330700,2.238019
0.139269,0.352642,2.238019
-0.010455,0.339101,2.201190
0.206355,0.376395,2.173177
-0.081998,0.341902,2.232289
0.059386,0.320009,2.415440
0.047496,0.252539,2.389804
-0.032672,0.185157,2.392390
0.106983,0.173204,2.379575
-0.138319,-0.313603,2.448310
0.098829,-0.324823,2.437788
-0.137904,-0.648342,2.543075
0.075897,-0.644135,2.427979
-0.193107,-0.706436,2.536310
0.076788,-0.709284,2.354783
0.116218,0.848081,2.342208
0.108538,0.667631,2.391647
-0.078062,0.567205,2.378125
0.248808,0.534165,2.350159
-0.142576,0.387024,2.254651
0.205340,0.326597,2.233758
0.142748,0.352048,2.233758
-0.058846,0.395127,2.200607
0.209793,0.375786,2.172611
-0.146908,0.417971,2.236429
0.061584,0.319750,2.409915
0.049707,0.252059,2.385197
-0.030205,0.184530,2.388554
0.108974,0.173139,2.374641
-0.138840,-0.317542,2.439979
0.099642,-0.324861,2.435145
-0.160357,-0.647754,2.504534
0.075330,-0.646002,2.426425
-0.215942,-0.710188,2.468256
0.074641,-0.709486,2.355364
0.118840,0.850722,2.335923
0.110757,0.667241,2.384897
-0.075138,0.566014,2.375104
0.250606,0.534769,2.345722
-0.141487,0.384563,2.255985
0.210434,0.328062,2.229911
0.142817,0.351507,2.229911
-0.057589,0.393764,2.196442
0.209825,0.375232,2.168462
-0.146930,0.415665,2.237362
0.063401,0.319417,2.404107
0.051356,0.251546,2.380616
-0.028461,0.184029,2.385071
0.110328,0.173064,2.369680
-0.137442,-0.320996,2.434856
0.100544,-0.326341,2.432867
-0.179692,-0.654498,2.475179
0.075244,-0.645774,2.425581
-0.226452,-0.713042,2.446265
0.075915,-0.711554,2.355257
0.120553,0.851197,2.333271
0.112064,0.667122,2.379065
-0.073266,0.564664,2.371737
0.251439,0.532359,2.335940
-0.139321,0.382856,2.253752
0.205251,0.323051,2.220078
0.130359,0.357304,2.220078
-0.058412,0.394024,2.210295
0.197336,0.381018,2.182328
-0.146300,0.417681,2.237359
0.064943,0.318841,2.398619
0.052451,0.250797,2.376378
-0.027187,0.183600,2.382049
0.111153,0.172337,2.364788
-0.137170,-0.325315,2.429295
0.101298,-0.326051,2.430894
-0.183377,-0.658064,2.449785
0.074916,-0.645478,2.425840
-0.231382,-0.705432,2.383429
0.075518,-0.711180,2.355394
0.121342,0.851055,2.326349
0.112777,0.666939,2.373085
-0.072322,0.562406,2.367748
0.252596,0.527474,2.326580
-0.139161,0.380512,2.251198
0.207632,0.323889,2.218730
0.129537,0.356992,2.218730
-0.055198,0.392830,2.210557
0.196482,0.380695,2.182603
-0.142808,0.415811,2.235633
0.066051,0.318256,2.392937
0.053301,0.250025,2.372007
-0.026526,0.183016,2.379648
0.112221,0.170840,2.358559
-0.134323,-0.329647,2.425567
0.102089,-0.326149,2.428056
-0.199013,-0.658683,2.419149
0.075421,-0.643861,2.425297
-0.238597,-0.707017,2.368751
0.074827,-0.710693,2.353783
0.122094,0.850347,2.321810
0.112643,0.665876,2.369767
-0.072261,0.561207,2.365091
0.252608,0.523209,2.319077
-0.140133,0.379542,2.249598
0.208991,0.323834,2.216448
0.129552,0.356960,2.216448
-0.012947,0.382886,2.210382
0.196464,0.380651,2.182442
-0.086926,0.402570,2.228246
0.066522,0.317771,2.388220
0.053646,0.249690,2.368075
-0.026243,0.182600,2.377449
0.112689,0.169874,2.352346
-0.132387,-0.333635,2.422807
0.101953,-0.326491,2.426319
-0.201172,-0.663262,2.404786
0.074371,-0.645207,2.424870
-0.246923,-0.705164,2.338622
0.074966,-0.710361,2.353514
0.122045,0.847687,2.316479
0.111721,0.665136,2.366042
-0.072159,0.560356,2.362910
0.250949,0.521057,2.313386
-0.142696,0.379123,2.249363
0.209756,0.323696,2.213025
0.125939,0.357578,2.213025
-0.051917,0.390296,2.209165
0.192820,0.381258,2.181237
-0.139141,0.412496,2.223093
0.066133,0.316762,2.383565
0.053198,0.248613,2.364179
-0.026312,0.181581,2.374916
0.112009,0.168934,2.347366
-0.131227,-0.334331,2.420821
0.102120,-0.326571,2.424736
-0.205610,-0.666676,2.393267
0.072936,-0.646938,2.424184
-0.245457,-0.704502,2.324672
0.076787,-0.712914,2.350244
0.118477,0.844633,2.308333
0.111393,0.664137,2.361367
-0.073211,0.559333,2.360335
0.247879,0.520378,2.307370
-0.143241,0.377368,2.248704
0.210195,0.323054,2.210828
0.131776,0.339653,2.210828
-0.052056,0.389846,2.159087
0.198623,0.363321,2.131173
-0.139473,0.412111,2.223724
0.065906,0.316039,2.378936
0.052834,0.247863,2.360524
-0.026352,0.180738,2.372284
0.111293,0.168494,2.343246
-0.129398,-0.336162,2.418742
0.102125,-0.327164,2.423314
-0.203564,-0.666379,2.388617
0.072407,-0.647284,2.423773
-0.246270,-0.704601,2.323095
0.075953,-0.711149,2.353219
0.117078,0.844700,2.305165
0.110258,0.662956,2.358068
-0.074629,0.558458,2.357831
0.244965,0.519519,2.303106
-0.144107,0.376230,2.247058
0.205190,0.319467,2.201591
0.131037,0.339694,2.201591
-0.051292,0.388994,2.158871
0.197850,0.363351,2.130972
-0.136786,0.412170,2.225621
0.065216,0.315148,2.374593
0.052210,0.247026,2.356768
-0.026755,0.179715,2.369167
0.110661,0.168009,2.338814
-0.128207,-0.336482,2.417071
0.100887,-0.328292,2.421791
-0.204331,-0.662824,2.375805
0.070941,-0.648691,2.424003
-0.249380,-0.706264,2.318102
0.075957,-0.711149,2.353231
0.115727,0.844225,2.303117
0.109398,0.662089,2.353163
-0.077395,0.557918,2.355383
0.241043,0.518490,2.298698
-0.144459,0.375117,2.244628
0.201101,0.317615,2.195481
0.130824,0.339614,2.195481
-0.051608,0.387685,2.158004
0.197600,0.363256,2.130120
-0.135845,0.411042,2.226512
0.063574,0.314139,2.369634
0.050382,0.245925,2.352588
-0.028404,0.178643,2.366059
0.108332,0.166773,2.333822
-0.128759,-0.337896,2.414335
0.100784,-0.328936,2.419780
-0.205886,-0.661657,2.372257
0.070868,-0.648801,2.423985
-0.249139,-0.705798,2.317489
0.075920,-0.711207,2.353321
0.112567,0.843170,2.299147
0.106806,0.660159,2.349349
-0.079816,0.556397,2.353169
0.239903,0.518822,2.297123
-0.146195,0.373577,2.242684
0.203445,0.320129,2.193548
0.057399,0.398505,2.193548
-0.052697,0.387236,2.176196
0.124134,0.422133,2.148329
-0.138078,0.409605,2.225671
0.062043,0.313103,2.365315
0.049201,0.244982,2.348857
-0.029697,0.177110,2.361766
0.107577,0.166077,2.330559
-0.127945,-0.337413,2.412453
0.100570,-0.329245,2.417919
-0.205301,-0.659449,2.371348
0.068846,-0.649978,2.424268
-0.252493,-0.708978,2.320308
0.075856,-0.711535,2.352406
0.107439,0.840779,2.293378
0.103070,0.658680,2.346324
-0.083759,0.556117,2.351592
0.235812,0.517667,2.292235
-0.149186,0.373889,2.239866
0.204958,0.321372,2.192138
0.053876,0.408222,2.192138
-0.071075,0.390263,2.178060
0.120559,0.431832,2.150215
-0.163086,0.413227,2.219980
0.059778,0.312427,2.361619
0.047081,0.244439,2.345692
-0.031516,0.176315,2.358975
0.105526,0.165340,2.326928
-0.126788,-0.337877,2.410498
0.099185,-0.329938,2.415491
-0.206229,-0.660429,2.370228
0.068844,-0.649951,2.424192
-0.252487,-0.709037,2.319387
0.075803,-0.711529,2.352401
0.102484,0.839452,2.288988
0.100282,0.658517,2.344476
-0.086851,0.555971,2.350366
0.233093,0.518252,2.289501
-0.152829,0.374917,2.237324
0.201587,0.321579,2.187006
0.054196,0.395052,2.187006
-0.071473,0.388547,2.187045
0.120833,0.418646,2.159219
-0.162493,0.410870,2.220315
0.057074,0.312144,2.357819
0.044386,0.244242,2.341784
-0.034264,0.175934,2.354301
0.103034,0.165181,2.323073
-0.127138,-0.338538,2.408407
0.097383,-0.330101,2.412898
-0.205108,-0.661881,2.367874
0.068918,-0.651214,2.423450
-0.252712,-0.710239,2.320044
0.073639,-0.710017,2.353244
0.097954,0.838183,2.286291
0.097187,0.658045,2.340808
-0.089410,0.555702,2.349286
0.228974,0.516652,2.285549
-0.154906,0.374905,2.236042
0.195920,0.319540,2.182682
0.052359,0.394869,2.182682
-0.065384,0.385744,2.188829
0.118959,0.418450,2.161019
-0.152486,0.407811,2.221015
0.054173,0.311754,2.353745
0.041408,0.243893,2.337987
-0.036648,0.175613,2.351838
0.099496,0.164600,2.317800
-0.127353,-0.339032,2.406104
0.095904,-0.330508,2.410004
-0.204197,-0.662038,2.367420
0.067125,-0.654324,2.424356
-0.259029,-0.715952,2.328670
0.073811,-0.710261,2.353158
0.094682,0.839962,2.286213
0.093230,0.658751,2.338652
-0.092547,0.555354,2.348095
0.225977,0.516680,2.282784
-0.158570,0.375581,2.233825
0.191538,0.319972,2.178227
0.049532,0.392842,2.178227
-0.063723,0.384000,2.192626
0.116094,0.416409,2.164832
-0.148810,0.405343,2.222560
0.050650,0.311400,2.350407
0.037868,0.243387,2.334490
-0.040371,0.175062,2.347914
0.096448,0.164168,2.314482
-0.127998,-0.339843,2.403892
0.093268,-0.331969,2.405754
-0.201402,-0.661652,2.367051
0.066926,-0.655221,2.424520
-0.256432,-0.714892,2.325615
0.073796,-0.710795,2.352339
0.090745,0.839406,2.284429
0.089372,0.658893,2.337026
-0.096813,0.554949,2.346445
0.222746,0.517327,2.280169
-0.161525,0.375078,2.232088
0.188680,0.321405,2.174309
0.046696,0.393108,2.174309
-0.058115,0.381194,2.194749
0.113221,0.416662,2.166970
-0.140380,0.401123,2.223463
0.047564,0.311441,2.348005
0.034877,0.243463,2.331924
-0.043323,0.174873,2.345625
0.093613,0.164180,2.311290
-0.129022,-0.341885,2.401468
0.089970,-0.333223,2.402209
-0.201950,-0.664471,2.365129
0.066245,-0.653544,2.423258
-0.257188,-0.716312,2.325474
0.073867,-0.711559,2.349279
0.085085,0.840417,2.282941
0.086803,0.659669,2.335575
-0.101063,0.554835,2.345840
0.216662,0.518483,2.275811
-0.166782,0.375764,2.231259
0.183455,0.322057,2.170525
0.041616,0.391157,2.170525
-0.042016,0.379134,2.196199
0.108099,0.414696,2.168439
-0.117173,0.398160,2.220403
0.044996,0.311792,2.345956
0.032031,0.243810,2.329697
-0.045876,0.174962,2.343947
0.090408,0.164880,2.308213
-0.129341,-0.341718,2.399871
0.088209,-0.332751,2.398936
-0.201999,-0.664525,2.364679
0.066202,-0.653416,2.423319
-0.256642,-0.715944,2.324526
0.074467,-0.711311,2.348816
0.079595,0.840717,2.281776
0.083776,0.660324,2.334026
-0.103364,0.554677,2.345457
0.212056,0.518395,2.270982
-0.176146,0.377297,2.233733
0.180506,0.323101,2.167522
0.031882,0.388449,2.167522
-0.051082,0.379022,2.195497
0.098327,0.411975,2.167752
-0.128279,0.397662,2.222118
0.042063,0.311942,2.344178
0.028777,0.243927,2.327805
-0.048885,0.174878,2.342756
0.086884,0.165398,2.305499
-0.129633,-0.342260,2.398896
0.086899,-0.333408,2.396883
-0.201745,-0.666556,2.364260
0.065293,-0.653868,2.420941
-0.255860,-0.716055,2.324142
0.077132,-0.712813,2.352243
0.069910,0.841041,2.282063
0.081610,0.660972,2.332411
-0.108020,0.553885,2.345142
0.206031,0.518205,2.265756
-0.180114,0.376580,2.233384
0.177653,0.324193,2.163432
0.027871,0.385986,2.163432
-0.091376,0.398549,2.196553
0.094277,0.409498,2.168823
-0.181053,0.423334,2.215617
0.038945,0.312262,2.342333
0.025060,0.244265,2.325827
-0.052752,0.175171,2.341407
0.082735,0.165921,2.302822
-0.129892,-0.341747,2.397773
0.082534,-0.333150,2.392759
-0.199768,-0.665241,2.365433
0.065185,-0.653438,2.420276
-0.260996,-0.718149,2.329607
0.077450,-0.711171,2.349522
0.064423,0.840955,2.281543
0.076780,0.660969,2.328082
-0.114566,0.552837,2.344485
0.200824,0.518050,2.261430
-0.183120,0.374354,2.233006
0.174718,0.324473,2.159950
0.024850,0.383336,2.159950
-0.093119,0.399126,2.198744
0.091220,0.406836,2.171030
-0.182398,0.424010,2.216871
0.034511,0.312899,2.339609
0.020493,0.244945,2.323514
-0.057397,0.175108,2.340527
0.078011,0.166721,2.299539
-0.130557,-0.341547,2.397076
0.081569,-0.333572,2.390969
-0.199773,-0.665377,2.365354
0.064892,-0.654665,2.420855
-0.259755,-0.717882,2.328746
0.076702,-0.710762,2.350065
0.053910,0.839762,2.281285
0.074044,0.661543,2.325390
-0.118633,0.552760,2.345634
0.195063,0.517587,2.256781
-0.191060,0.375264,2.236061
0.170194,0.323825,2.156204
0.016775,0.367880,2.156204
-0.095992,0.399592,2.202894
0.083112,0.391367,2.175194
-0.184721,0.424848,2.218968
0.032229,0.313325,2.337767
0.017974,0.245313,2.322152
-0.059566,0.175155,2.340391
0.075066,0.167092,2.297101
-0.131571,-0.341380,2.396399
0.081192,-0.334195,2.388318
-0.199827,-0.664896,2.365204
0.064439,-0.655694,2.420893
-0.259171,-0.717362,2.326773
0.075770,-0.711087,2.350170
0.046806,0.839743,2.280336
0.069541,0.662204,2.321425
-0.121634,0.552737,2.346779
0.191318,0.518108,2.253174
-0.199561,0.376204,2.240954
0.163987,0.325195,2.152073
0.007084,0.366659,2.152073
-0.100657,0.399539,2.200588
0.073382,0.390133,2.172904
-0.188871,0.424321,2.223716
0.028384,0.314398,2.335219
0.014057,0.246354,2.320385
-0.062974,0.175531,2.340472
0.070617,0.168166,2.293930
-0.132226,-0.341039,2.395990
0.079366,-0.334155,2.385742
-0.199996,-0.665193,2.365001
0.063716,-0.655446,2.420127
-0.258946,-0.716995,2.325975
0.075724,-0.710671,2.351121
0.039336,0.840768,2.279458
0.062832,0.663328,2.317099
-0.126168,0.552662,2.348994
0.184236,0.519248,2.247617
-0.201542,0.375072,2.243811
0.159104,0.325813,2.147901
0.004356,0.369833,2.147901
-0.070283,0.391258,2.199085
0.070620,0.393294,2.171414
-0.146746,0.413073,2.225556
0.023503,0.315789,2.332507
0.009211,0.247643,2.318822
-0.066995,0.176010,2.341113
0.065296,0.169652,2.290845
-0.133220,-0.340577,2.395610
0.077875,-0.333586,2.383334
-0.200521,-0.665323,2.364741
0.063353,-0.655711,2.419467
-0.257699,-0.716288,2.325766
0.075279,-0.710463,2.351622
0.030680,0.842231,2.279663
0.060189,0.664504,2.314831
-0.131352,0.551580,2.350909
0.175976,0.520352,2.240856
-0.203015,0.372714,2.245922
0.148568,0.327097,2.142324
0.001636,0.382630,2.142324
-0.070694,0.390888,2.196440
0.067870,0.406081,2.168783
-0.143781,0.412152,2.227653
0.020751,0.316578,2.330414
0.006155,0.248329,2.317753
-0.069642,0.176358,2.341385
0.061793,0.170602,2.288974
-0.133948,-0.340255,2.395486
0.075804,-0.334699,2.379950
-0.200509,-0.665393,2.364708
0.062879,-0.655903,2.418660
-0.257657,-0.716193,2.326499
0.074572,-0.711985,2.347972
0.025159,0.842925,2.279272
0.057813,0.665480,2.311946
-0.134911,0.551249,2.354096
0.169310,0.521366,2.235488
-0.200002,0.371196,2.246866
0.143478,0.327411,2.139096
0.002602,0.394500,2.139096
-0.084115,0.392277,2.193779
0.068807,0.417941,2.166134
-0.159979,0.413899,2.231926
0.016371,0.321443,2.328264
0.000932,0.254389,2.317049
-0.073950,0.181482,2.344942
0.053958,0.176407,2.285184
-0.135150,-0.339767,2.395661
0.073187,-0.338243,2.379117
-0.199723,-0.665518,2.365519
0.062447,-0.658390,2.419554
-0.257549,-0.715879,2.326562
0.074673,-0.713105,2.345534
0.020099,0.843830,2.279473
0.053846,0.667001,2.310280
-0.137364,0.551090,2.356724
0.164640,0.523900,2.231409
-0.203126,0.369818,2.253553
0.130876,0.329798,2.131283
-0.003338,0.399535,2.131283
-0.086291,0.391504,2.192613
0.062838,0.422965,2.164980
-0.158680,0.412072,2.234165
0.012768,0.325812,2.326602
-0.002464,0.259163,2.316512
-0.075982,0.185001,2.346562
0.049729,0.180832,2.282880
-0.135989,-0.339587,2.396222
0.070661,-0.337664,2.376165
-0.198574,-0.665669,2.366262
0.063438,-0.657270,2.415059
-0.259549,-0.716855,2.328806
0.074473,-0.713198,2.345556
0.004292,0.838947,2.280811
0.051396,0.668132,2.308952
-0.140597,0.549605,2.359943
0.157642,0.525430,2.225396
-0.206937,0.368563,2.257450
0.123897,0.330532,2.126699
-0.017866,0.445083,2.126699
-0.086222,0.390203,2.207438
0.048282,0.468503,2.179816
-0.156261,0.410093,2.235521
0.010843,0.327143,2.325084
-0.004301,0.260374,2.316107
-0.077293,0.185987,2.347650
0.046973,0.181818,2.280962
-0.136462,-0.339196,2.396746
0.068613,-0.338031,2.374287
-0.199308,-0.664323,2.366606
0.063304,-0.658081,2.414154
-0.259244,-0.716670,2.328625
0.072662,-0.713144,2.349371
0.003298,0.839634,2.280849
0.047880,0.669738,2.307512
-0.141870,0.549011,2.362058
0.152549,0.525801,2.220132
-0.208470,0.368296,2.259688
0.106503,0.329901,2.114693
-0.017636,0.438187,2.114693
-0.089403,0.385453,2.207055
0.048482,0.461597,2.179446
-0.154706,0.403971,2.239821
0.008538,0.327798,2.323628
-0.006302,0.260743,2.315741
-0.078455,0.186335,2.348362
0.044331,0.182203,2.279623
-0.137403,-0.338896,2.397524
0.067664,-0.338374,2.373255
-0.198581,-0.663141,2.366892
0.062720,-0.660150,2.412643
-0.257928,-0.715260,2.325288
0.073024,-0.714785,2.348312
-0.003923,0.841011,2.281967
0.044076,0.671378,2.305168
-0.143123,0.549179,2.365962
0.149392,0.527161,2.217663
-0.210868,0.368443,2.265396
0.106346,0.334172,2.114981
-0.019501,0.433997,2.114981
-0.076612,0.370679,2.209398
0.046590,0.457397,2.181800
-0.137599,0.382848,2.219997
0.005412,0.328815,2.321826
-0.009041,0.261477,2.315180
-0.080048,0.186891,2.349115
0.040733,0.183125,2.278174
-0.138153,-0.338546,2.398541
0.066330,-0.338655,2.371744
-0.198438,-0.663340,2.367416
0.062698,-0.660126,2.412483
-0.258656,-0.715228,2.327339
0.073849,-0.715422,2.347461
-0.008389,0.840762,2.283036
0.042289,0.672119,2.303991
-0.145963,0.549670,2.372426
0.143085,0.526990,2.211219
-0.211972,0.368756,2.271450
0.103838,0.337563,2.112538
-0.020718,0.429137,2.112538
-0.078058,0.370890,2.209025
0.045350,0.452529,2.181437
-0.138690,0.381999,2.221252
0.002540,0.329195,2.320374
-0.012120,0.261698,2.315015
-0.082702,0.187171,2.350483
0.036766,0.183265,2.277205
-0.139287,-0.338037,2.399607
0.063823,-0.339473,2.369224
-0.198482,-0.663383,2.367481
0.062385,-0.661063,2.412353
-0.257458,-0.714539,2.326658
0.073800,-0.716668,2.346500
-0.012943,0.841803,2.283250
0.038820,0.672958,2.302198
-0.147154,0.550657,2.376798
0.139563,0.528547,2.208419
-0.213220,0.370148,2.275601
0.095478,0.340755,2.108996
-0.022335,0.429462,2.108996
-0.083692,0.371098,2.211543
0.043711,0.452846,2.183964
-0.143415,0.381212,2.225229
-0.001697,0.327291,2.318433
-0.016343,0.258965,2.314192
-0.085656,0.185746,2.349599
0.033550,0.182359,2.277469
-0.140296,-0.337524,2.400434
0.060786,-0.340368,2.367403
-0.198742,-0.662099,2.367404
0.061215,-0.661190,2.413101
-0.257718,-0.714315,2.327488
0.073561,-0.717894,2.342625
-0.017015,0.842011,2.283569
0.035783,0.673127,2.301200
-0.149259,0.549457,2.379520
0.135342,0.528644,2.204303
-0.216248,0.369146,2.279387
0.088184,0.341581,2.105662
-0.026320,0.430364,2.105662
-0.096643,0.359293,2.215057
0.039752,0.453758,2.187467
-0.158252,0.365197,2.210732
-0.004659,0.326976,2.316864
-0.018824,0.258518,2.313605
-0.087600,0.185359,2.348799
0.030685,0.182984,2.277455
-0.140686,-0.337357,2.401095
0.058250,-0.339785,2.364554
-0.199475,-0.662002,2.367778
0.058344,-0.661952,2.413098
-0.260006,-0.715254,2.331373
0.072272,-0.717798,2.344676
-0.019414,0.842253,2.283396
0.033018,0.673560,2.300356
-0.149971,0.550350,2.384316
0.132105,0.528949,2.201037
-0.220858,0.371705,2.284355
0.067798,0.335243,2.106115
-0.029015,0.425839,2.106115
-0.160673,0.390260,2.220024
0.037040,0.449226,2.192441
-0.236830,0.408599,2.291260
-0.008407,0.329661,2.315638
-0.022437,0.261768,2.313380
-0.089867,0.187420,2.350166
0.024714,0.186711,2.275476
-0.141398,-0.336892,2.401926
0.053377,-0.344929,2.363686
-0.200403,-0.660686,2.368549
0.053459,-0.664010,2.412539
-0.258624,-0.713476,2.329231
0.073843,-0.717645,2.343447
-0.021790,0.842582,2.282787
0.030877,0.674031,2.299311
-0.150739,0.550258,2.387097
0.127204,0.528737,2.197017
-0.229748,0.372343,2.294630
0.064988,0.338741,2.103482
-0.040728,0.423785,2.103482
-0.155054,0.392481,2.219006
0.025311,0.447167,2.191430
-0.228401,0.410395,2.290768
-0.011442,0.328710,2.314188
-0.025312,0.260380,2.312824
-0.091795,0.186766,2.349614
0.021642,0.186397,2.275508
-0.141991,-0.336470,2.402549
0.041312,-0.342530,2.361513
-0.201117,-0.662768,2.369349
0.050120,-0.667554,2.411283
-0.257526,-0.713491,2.327163
0.074412,-0.717264,2.344166
-0.024138,0.843541,2.283804
0.028880,0.674869,2.299006
-0.152430,0.549417,2.389937
0.121318,0.528022,2.192339
-0.231501,0.371661,2.297742
0.058015,0.335728,2.099820
-0.043477,0.425227,2.099820
-0.155029,0.392448,2.221563
0.022547,0.448603,2.193994
-0.226044,0.411355,2.292420
-0.014086,0.329902,2.313262
-0.027651,0.261575,2.312669
-0.093455,0.187499,2.350488
0.017721,0.187645,2.274042
-0.142997,-0.336500,2.403442
0.041259,-0.342827,2.361320
-0.201713,-0.662658,2.369962
0.048692,-0.669373,2.412749
-0.259980,-0.714156,2.330763
0.075136,-0.717674,2.343686
-0.026007,0.843630,2.283763
0.026645,0.675063,2.298936
-0.153431,0.548482,2.391352
0.116590,0.526192,2.188363
-0.227538,0.369692,2.296819
0.051488,0.332753,2.099644
-0.041538,0.431170,2.099644
-0.146377,0.394323,2.222535
0.024470,0.454541,2.194972
-0.212333,0.414847,2.283505
-0.017144,0.328429,2.312178
-0.030575,0.259621,2.312068
-0.095359,0.186558,2.349687
0.014817,0.186618,2.273913
-0.144092,-0.336721,2.404186
0.033917,-0.344683,2.362629
-0.202167,-0.663607,2.369516
0.050493,-0.669963,2.413115
-0.256800,-0.714007,2.319204
0.075865,-0.718493,2.342511
-0.028029,0.843995,2.283513
0.025003,0.675911,2.297015
-0.154156,0.548423,2.392531
0.113023,0.525395,2.185391
-0.220091,0.367222,2.296608
0.049162,0.336713,2.097473
-0.054890,0.485169,2.097473
-0.157746,0.396374,2.255310
0.011104,0.508535,2.227753
-0.226715,0.416261,2.291764
-0.019346,0.327704,2.310766
-0.032591,0.258510,2.311367
-0.096818,0.185976,2.349223
0.012403,0.186014,2.273525
-0.145247,-0.337303,2.404981
0.030287,-0.347308,2.363469
-0.202873,-0.663474,2.369403
0.048026,-0.672551,2.413708
-0.261593,-0.717480,2.325380
0.076627,-0.719371,2.342228
-0.030870,0.843271,2.283430
0.024088,0.676392,2.295594
-0.155029,0.548233,2.393749
0.110202,0.524685,2.182696
-0.218311,0.365830,2.299147
0.046405,0.339031,2.095193
-0.091398,0.524033,2.095193
-0.161290,0.396585,2.312841
-0.025418,0.547395,2.285289
-0.230521,0.415770,2.295240
-0.021949,0.325524,2.309467
-0.035373,0.255383,2.310730
-0.100085,0.183307,2.350208
0.008772,0.180906,2.271460
-0.146311,-0.336838,2.405241
0.031029,-0.347809,2.363192
-0.204713,-0.661586,2.370532
0.046605,-0.673152,2.413667
-0.262078,-0.716199,2.327748
0.076921,-0.719680,2.342152
-0.032481,0.842996,2.282931
0.022436,0.677309,2.293980
-0.155827,0.548414,2.395222
0.106747,0.524305,2.180175
-0.230351,0.369708,2.302907
0.044347,0.338875,2.094177
-0.103952,0.522631,2.094177
-0.162944,0.397081,2.240021
-0.037984,0.545988,2.212475
-0.232041,0.416484,2.297567
-0.023964,0.327327,2.307958
-0.037076,0.257482,2.309764
-0.101091,0.186286,2.348417
0.005552,0.185335,2.271432
-0.147146,-0.337432,2.405837
0.027624,-0.347225,2.362588
-0.204913,-0.661516,2.370498
0.046985,-0.673411,2.413875
-0.261531,-0.715964,2.326350
0.077845,-0.719738,2.341989
-0.033947,0.842799,2.282912
0.020678,0.678174,2.292187
-0.156010,0.548682,2.396111
0.104029,0.524188,2.178797
-0.237995,0.371909,2.308331
0.043021,0.338261,2.093706
-0.090369,0.495724,2.093706
-0.167261,0.397669,2.227095
-0.024414,0.519076,2.199554
-0.237356,0.417472,2.301524
-0.026205,0.331045,2.306408
-0.039071,0.262178,2.308745
-0.101679,0.190636,2.347959
0.002203,0.190920,2.270435
-0.148193,-0.337525,2.406048
0.024286,-0.347625,2.362010
-0.206423,-0.662329,2.372053
0.047019,-0.673566,2.413809
-0.261631,-0.715921,2.326365
0.077845,-0.719404,2.343266
-0.035800,0.842599,2.282237
0.018630,0.678432,2.290825
-0.156044,0.549080,2.397158
0.100259,0.524454,2.176906
-0.243895,0.374765,2.311254
0.034294,0.341035,2.090081
-0.082957,0.475549,2.090081
-0.155074,0.396687,2.223172
-0.017016,0.498896,2.195637
-0.218197,0.415237,2.291709
-0.027757,0.330802,2.305387
-0.040201,0.261801,2.308201
-0.102009,0.190520,2.347802
0.000755,0.190832,2.269748
-0.149049,-0.337138,2.406262
0.022168,-0.349496,2.361557
-0.206737,-0.661306,2.372081
0.047574,-0.673772,2.413897
-0.262184,-0.713700,2.332713
0.078126,-0.719478,2.343215
-0.037807,0.841543,2.281575
0.017382,0.678732,2.289898
-0.156354,0.549547,2.398065
0.098008,0.524266,2.175565
-0.245234,0.375973,2.312274
0.030781,0.341833,2.087890
-0.081983,0.470167,2.087890
-0.160304,0.395898,2.221259
-0.016056,0.493509,2.193729
-0.223999,0.413920,2.296548
-0.029822,0.330205,2.304387
-0.042142,0.260923,2.307560
-0.103224,0.190145,2.347285
-0.001509,0.190185,2.269282
-0.149620,-0.337481,2.406456
0.020912,-0.350063,2.361402
-0.206310,-0.660651,2.372028
0.047735,-0.673612,2.413920
-0.262263,-0.714098,2.333099
0.078186,-0.719304,2.343161
-0.040216,0.840580,2.279928
0.015124,0.679425,2.288528
-0.156385,0.549977,2.398976
0.094421,0.524206,2.173048
-0.244900,0.376698,2.312496
0.026714,0.341925,2.086153
-0.080976,0.468843,2.086153
-0.167528,0.396937,2.220994
-0.015062,0.492181,2.193470
-0.232275,0.415274,2.303318
-0.031795,0.329869,2.303288
-0.043805,0.260364,2.306839
-0.103918,0.190060,2.346797
-0.003727,0.189962,2.268617
-0.150786,-0.338022,2.406899
0.019423,-0.350590,2.361441
-0.206290,-0.660604,2.372055
0.049059,-0.673901,2.412542
-0.262629,-0.714263,2.332093
0.078384,-0.719462,2.343141
-0.042295,0.840979,2.279097
0.013153,0.679496,2.286909
-0.156260,0.550309,2.399749
0.091333,0.524345,2.171459
-0.247042,0.377763,2.315304
0.022852,0.342696,2.084240
-0.082239,0.460881,2.084240
-0.170533,0.397901,2.216403
-0.016339,0.484214,2.188885
-0.234995,0.416303,2.305766
-0.033729,0.331035,2.302515
-0.045522,0.261708,2.306508
-0.104720,0.190998,2.347384
-0.006877,0.191132,2.267297
-0.151314,-0.337925,2.407259
0.019150,-0.350936,2.361389
-0.206744,-0.660990,2.372136
0.049491,-0.674699,2.412621
-0.262629,-0.714193,2.331764
0.078485,-0.719976,2.342785
-0.044214,0.841695,2.278398
0.011349,0.679746,2.284929
-0.156042,0.550593,2.402121
0.090006,0.524384,2.171116
-0.247949,0.378010,2.320353
0.019801,0.343965,2.082888
-0.086005,0.461096,2.082888
-0.181066,0.396260,2.216567
-0.020119,0.484424,2.189055
-0.248022,0.413691,2.309325
-0.035247,0.329371,2.301392
-0.046855,0.259448,2.305746
-0.106177,0.187679,2.349127
-0.008923,0.185370,2.263263
-0.151914,-0.338107,2.407461
0.018117,-0.350459,2.361023
-0.206018,-0.658990,2.372009
0.048468,-0.673774,2.413221
-0.262180,-0.714200,2.331475
0.078341,-0.719304,2.344016
-0.045938,0.841898,2.277781
0.009803,0.680173,2.284154
-0.157070,0.550314,2.405268
0.088386,0.524614,2.170210
-0.248791,0.378310,2.322144
0.016922,0.345156,2.081294
-0.083242,0.459177,2.081294
-0.151652,0.362609,2.223498
-0.017398,0.482490,2.196004
-0.207843,0.368427,2.216377
-0.036943,0.331154,2.300817
-0.048365,0.261592,2.305483
-0.106924,0.189027,2.349435
-0.010874,0.187962,2.262928
-0.152777,-0.338803,2.407941
0.015475,-0.351364,2.361224
-0.208981,-0.663427,2.374185
0.049402,-0.674334,2.412953
-0.264227,-0.715939,2.330725
0.078404,-0.720207,2.343903
-0.051430,0.841253,2.277169
0.008497,0.680491,2.282127
-0.156479,0.550823,2.406682
0.086436,0.524465,2.169066
-0.248719,0.379267,2.323673
0.005818,0.339772,2.082067
-0.082016,0.458598,2.082067
-0.160997,0.399530,2.226265
-0.016183,0.481907,2.198775
-0.216602,0.419449,2.292380
-0.038072,0.331954,2.300213
-0.049305,0.262460,2.305285
-0.107367,0.189990,2.349621
-0.012527,0.189719,2.262967
-0.153479,-0.339249,2.408347
0.014692,-0.351683,2.361043
-0.208891,-0.665199,2.373446
0.049093,-0.675127,2.413706
-0.260820,-0.715040,2.321065
0.078372,-0.720401,2.343975
-0.056087,0.840547,2.276768
0.006921,0.680493,2.280511
-0.155941,0.550881,2.407808
0.084820,0.523731,2.167620
-0.248882,0.379891,2.324857
0.002588,0.338485,2.081785
-0.076503,0.457098,2.081785
-0.151034,0.395385,2.238051
-0.010681,0.480403,2.210565
-0.202242,0.414352,2.283530
-0.039621,0.329628,2.299388
-0.050735,0.259341,2.304840
-0.108965,0.185571,2.352557
-0.014372,0.182624,2.259384
-0.154111,-0.339625,2.408712
0.014114,-0.352268,2.360947
-0.209792,-0.666333,2.372603
0.047846,-0.675526,2.414228
-0.262332,-0.716534,2.323165
0.074955,-0.716912,2.348341
-0.057860,0.841292,2.276342
0.005743,0.680974,2.278740
-0.154663,0.551846,2.409256
0.083744,0.523664,2.167080
-0.248282,0.381519,2.326003
-0.002821,0.335828,2.081960
-0.074591,0.452796,2.081960
-0.151285,0.395041,2.236774
-0.008779,0.476098,2.209292
-0.200774,0.414778,2.283456
-0.040536,0.332585,2.298853
-0.051593,0.263331,2.304646
-0.108491,0.190613,2.352643
-0.016284,0.189486,2.260358
-0.154459,-0.339838,2.408995
0.013755,-0.352507,2.360985
-0.210073,-0.666576,2.372501
0.047888,-0.675118,2.413321
-0.261641,-0.716014,2.322987
0.075266,-0.716711,2.348874
-0.060314,0.842284,2.276044
0.003526,0.681495,2.276791
-0.154823,0.551484,2.410544
0.081954,0.523480,2.166551
-0.252089,0.380594,2.336465
-0.004740,0.335425,2.082718
-0.094425,0.446422,2.082718
-0.151332,0.394890,2.214604
-0.028623,0.469720,2.187126
-0.200195,0.414712,2.282753
-0.041199,0.332788,2.298514
-0.052012,0.263444,2.304507
-0.108617,0.190866,2.352305
-0.016803,0.190449,2.260816
-0.155483,-0.340584,2.409831
0.013332,-0.352928,2.361188
-0.210144,-0.666587,2.372337
0.047369,-0.675831,2.414528
-0.260131,-0.715126,2.319083
0.075568,-0.716551,2.349154
-0.062389,0.841929,2.275346
0.001937,0.680795,2.274500
-0.156251,0.550818,2.414496
0.079755,0.522827,2.165318
-0.252627,0.380625,2.336890
-0.007135,0.334809,2.083571
-0.089655,0.445925,2.083571
-0.147215,0.395067,2.223180
-0.023859,0.469220,2.195706
-0.193909,0.415153,2.272381
-0.042184,0.334638,2.298164
-0.052994,0.266057,2.304541
-0.108964,0.192542,2.353077
-0.017837,0.192615,2.261027
-0.156241,-0.341388,2.410401
0.012387,-0.353334,2.361343
-0.210339,-0.666410,2.371528
0.047387,-0.675843,2.414517
-0.260211,-0.715008,2.320381
0.076539,-0.717357,2.348355
-0.063677,0.841625,2.275508
0.001070,0.680630,2.273557
-0.155942,0.551698,2.416962
0.077541,0.522258,2.163976
-0.251765,0.382038,2.337188
-0.013532,0.333085,2.083402
-0.091101,0.368549,2.083402
-0.167135,0.387516,2.201962
-0.025328,0.391837,2.174498
-0.218335,0.405660,2.228623
-0.043024,0.336181,2.298209
-0.053820,0.268056,2.304912
-0.109174,0.194558,2.354182
-0.019057,0.194536,2.261480
-0.156654,-0.342182,2.411067
0.011847,-0.353118,2.361450
-0.211368,-0.666183,2.372701
0.047250,-0.675859,2.414731
-0.259489,-0.714598,2.320130
0.076161,-0.716919,2.348648
-0.066121,0.840962,2.274866
0.000173,0.680831,2.272897
-0.155990,0.552414,2.419325
0.075511,0.521712,2.162750
-0.251268,0.382499,2.339960
-0.017252,0.332337,2.083139
-0.092703,0.363657,2.083139
-0.211692,0.355899,2.202953
-0.026975,0.386929,2.175508
-0.276505,0.363754,2.133915
-0.043957,0.337500,2.298407
-0.054703,0.269540,2.305365
-0.109589,0.195955,2.355355
-0.020207,0.195672,2.261815
-0.156833,-0.342360,2.411283
0.011763,-0.353573,2.361728
-0.211027,-0.666471,2.372663
0.047298,-0.675790,2.414794
-0.259250,-0.714562,2.320572
0.076290,-0.717152,2.348811
-0.067554,0.840539,2.274294
-0.000674,0.680833,2.272104
-0.155818,0.552424,2.419516
0.074317,0.521401,2.162009
-0.251552,0.382681,2.341013
-0.018321,0.332571,2.083422
-0.093487,0.363649,2.083422
-0.211630,0.356704,2.203640
-0.027804,0.386905,2.176213
-0.276066,0.364749,2.138842
-0.044210,0.338003,2.298409
-0.054862,0.270085,2.305491
-0.109403,0.196560,2.355950
-0.020459,0.196043,2.261861
-0.156966,-0.342530,2.411522
0.011394,-0.353629,2.361906
-0.211317,-0.666683,2.372615
0.047326,-0.676324,2.415309
-0.259588,-0.714996,2.323583
0.075630,-0.718521,2.347092
-0.069559,0.840418,2.274525
-0.001041,0.681094,2.271605
-0.155555,0.552499,2.420655
0.073154,0.521060,2.161201
-0.252897,0.381519,2.350485
-0.020339,0.332488,2.083661
-0.097669,0.357491,2.083661
-0.147444,0.389675,2.210648
-0.031990,0.380745,2.183222
-0.189812,0.408737,2.263864
-0.044615,0.338777,2.298599
-0.055247,0.270930,2.305878
-0.109466,0.197414,2.356885
-0.021137,0.196829,2.262220
-0.157144,-0.342908,2.411955
0.011158,-0.353595,2.362076
-0.211343,-0.666709,2.372652
0.047404,-0.676174,2.415806
-0.259054,-0.714424,2.322544
0.075982,-0.718361,2.346347
-0.071563,0.840678,2.274139
-0.002299,0.681530,2.271194
-0.155808,0.551886,2.421183
0.072428,0.521110,2.160890
-0.253734,0.381681,2.349969
-0.022485,0.332177,2.084166
-0.097220,0.360359,2.084166
-0.148420,0.389730,2.211474
-0.031546,0.383612,2.184051
-0.190398,0.408914,2.265252
-0.045027,0.339562,2.298696
-0.055494,0.271707,2.306065
-0.109433,0.197790,2.357607
-0.021337,0.197125,2.262144
-0.157444,-0.343369,2.412348
0.010262,-0.355012,2.363390
-0.211194,-0.666769,2.372546
0.047692,-0.676262,2.415669
-0.259875,-0.714763,2.322308
0.076662,-0.718977,2.344962
-0.072619,0.840622,2.274085
-0.003323,0.681645,2.270811
-0.156189,0.550987,2.422079
0.071647,0.520996,2.160538
-0.253795,0.381174,2.349368
-0.024700,0.331816,2.084559
-0.096414,0.362005,2.084559
-0.172765,0.385252,2.211860
-0.030765,0.385248,2.184447
-0.222120,0.403063,2.237783
-0.045279,0.339922,2.298700
-0.055631,0.272053,2.306127
-0.109400,0.197924,2.357883
-0.021460,0.197340,2.262091
-0.157414,-0.343443,2.412522
0.009970,-0.355127,2.363642
-0.211364,-0.666940,2.372391
0.047380,-0.676481,2.415915
-0.260092,-0.715103,2.321902
0.076633,-0.719147,2.344762
-0.073107,0.840604,2.273695
-0.003750,0.681419,2.270014
-0.155814,0.551755,2.423771
0.070731,0.520679,2.159950
-0.252654,0.381615,2.351274
-0.026277,0.332232,2.084812
-0.097290,0.358378,2.084812
-0.153062,0.388564,2.212154
-0.031590,0.381639,2.184720
-0.195323,0.407342,2.264990
-0.045732,0.339329,2.298704
-0.056119,0.271248,2.306314
-0.109520,0.197737,2.357935
-0.021932,0.197036,2.262630
-0.157510,-0.343399,2.412631
0.017356,-0.353498,2.362035
-0.208283,-0.656787,2.372346
0.047087,-0.676396,2.415931
-0.259911,-0.714576,2.322484
0.076688,-0.719015,2.344705
-0.074398,0.840427,2.273161
-0.004925,0.681436,2.269051
-0.156200,0.551759,2.424673
0.070011,0.520561,2.159704
-0.253112,0.382101,2.351195
-0.027670,0.331559,2.085047
-0.100493,0.351084,2.085047
-0.176629,0.379398,2.210632
-0.034828,0.374333,2.183213
-0.226283,0.395344,2.239226
-0.046120,0.338986,2.298606
-0.056406,0.270814,2.306323
-0.109586,0.197498,2.357874
-0.022088,0.196988,2.262840
-0.157601,-0.343333,2.412702
0.016056,-0.353506,2.363028
-0.208722,-0.660481,2.373306
0.047596,-0.676139,2.415778
-0.259523,-0.714678,2.322274
0.077766,-0.719192,2.344385
-0.075123,0.840165,2.272707
-0.005260,0.681473,2.268145
-0.156632,0.551361,2.425012
0.069536,0.520475,2.159406
-0.253351,0.382042,2.350531
-0.029803,0.330504,2.085232
-0.102035,0.348195,2.085232
-0.176528,0.381199,2.209359
-0.036406,0.371432,2.181954
-0.225436,0.398097,2.241093
-0.046209,0.339175,2.298531
-0.056450,0.271005,2.306334
-0.109575,0.197598,2.357976
-0.022142,0.197200,2.262918
-0.157899,-0.343245,2.413001
0.019042,-0.351687,2.361730
-0.209055,-0.661285,2.373665
0.047624,-0.676480,2.415798
-0.258887,-0.713914,2.321228
0.077219,-0.719197,2.344145
-0.075679,0.839777,2.272105
-0.006388,0.681042,2.267453
-0.156578,0.551459,2.424747
0.069188,0.520455,2.159312
-0.253400,0.382761,2.348892
-0.030422,0.330170,2.085057
-0.102672,0.347279,2.085057
-0.175230,0.383491,2.207693
-0.037079,0.370503,2.180303
-0.223499,0.401265,2.242096
-0.046590,0.338619,2.298246
-0.056681,0.270399,2.306133
-0.109563,0.197308,2.357747
-0.022230,0.197006,2.262951
-0.157971,-0.343263,2.413169
0.016319,-0.351812,2.362467
-0.209971,-0.662619,2.373406
0.047548,-0.676457,2.415834
-0.259776,-0.714229,2.322645
0.077701,-0.719201,2.343683
-0.077247,0.839430,2.271196
-0.008110,0.680949,2.266981
-0.157185,0.551011,2.424228
0.068755,0.520572,2.159331
-0.254064,0.382441,2.348632
-0.030686,0.329992,2.084986
-0.088183,0.432991,2.084986
-0.174500,0.384196,2.234422
-0.022633,0.456200,2.207050
-0.222437,0.402264,2.242715
-0.047105,0.339174,2.298127
-0.057008,0.271028,2.306083
-0.109639,0.197538,2.357906
-0.022435,0.197286,2.262851
-0.158006,-0.343441,2.413365
0.015115,-0.352703,2.363091
-0.209966,-0.663983,2.373830
0.047398,-0.676261,2.415958
-0.259893,-0.714315,2.322870
0.077661,-0.718428,2.344181
-0.078506,0.839365,2.270888
-0.009025,0.681228,2.266549
-0.157505,0.551762,2.424264
0.067733,0.520419,2.158952
-0.254111,0.383317,2.348270
-0.030785,0.329977,2.084927
-0.088000,0.431362,2.084927
-0.174471,0.383103,2.233492
-0.022490,0.454557,2.206137
-0.222367,0.400812,2.243144
-0.047433,0.339045,2.297920
-0.057213,0.270853,2.305940
-0.109676,0.197459,2.357787
-0.022552,0.197254,2.262820
-0.158011,-0.343015,2.413391
0.014691,-0.352646,2.363045
-0.208078,-0.660044,2.373310
0.047493,-0.675138,2.415149
-0.259596,-0.713894,2.321279
0.077787,-0.718862,2.343398
-0.079832,0.838994,2.270568
-0.010416,0.681048,2.266231
-0.157607,0.552869,2.424013
0.067200,0.520391,2.158748
-0.254354,0.383697,2.351449
-0.030818,0.330024,2.084511
-0.104999,0.427604,2.084511
-0.174177,0.382284,2.211910
-0.039529,0.450784,2.184572
-0.221963,0.399704,2.243411
-0.047938,0.338805,2.297711
-0.057530,0.270612,2.305789
-0.109759,0.197396,2.357683
-0.022770,0.197080,2.262756
-0.157917,-0.342830,2.413454
0.014581,-0.352648,2.363095
-0.207399,-0.656837,2.374038
0.047582,-0.675373,2.415110
-0.260753,-0.712629,2.332050
0.077627,-0.719864,2.342745
-0.080642,0.838780,2.270373
-0.011095,0.680829,2.266367
-0.159067,0.553484,2.422925
0.066547,0.520966,2.158826
-0.254781,0.384404,2.348438
-0.030641,0.330008,2.084226
-0.101735,0.425151,2.084226
-0.151503,0.383870,2.212528
-0.036266,0.448331,2.185191
-0.191791,0.401824,2.270417
-0.048638,0.337867,2.297486
-0.058160,0.269441,2.305489
-0.110440,0.196309,2.357063
-0.022993,0.196412,2.262657
-0.157925,-0.342836,2.413465
0.014213,-0.352766,2.363199
-0.207636,-0.660392,2.374593
0.047811,-0.675736,2.415293
-0.261044,-0.712882,2.331882
0.076934,-0.720018,2.343765
-0.081871,0.838331,2.269959
-0.012710,0.680509,2.266298
-0.160122,0.553623,2.421770
0.066010,0.521368,2.158752
-0.255372,0.384981,2.345374
-0.030222,0.330088,2.083842
-0.098154,0.411050,2.083842
-0.220550,0.360430,2.210970
-0.032730,0.434215,2.183651
-0.283993,0.370544,2.140649
-0.049036,0.337835,2.297020
-0.058379,0.269431,2.304980
-0.110581,0.196259,2.356386
-0.023011,0.196399,2.262109
-0.157824,-0.342902,2.413475
0.014250,-0.352591,2.363145
-0.205603,-0.661496,2.374136
0.047764,-0.675767,2.415462
-0.261460,-0.713324,2.331975
0.077245,-0.719138,2.344308
-0.081982,0.837869,2.267942
-0.013158,0.680239,2.266253
-0.162423,0.553596,2.420330
0.065684,0.521617,2.158724
-0.265299,0.390691,2.340595
-0.029361,0.330142,2.083290
-0.094388,0.389062,2.083290
-0.163775,0.383809,2.223452
-0.028965,0.412225,2.196134
-0.208580,0.401698,2.275060
-0.049712,0.336785,2.296533
-0.058999,0.268174,2.304389
-0.111543,0.195016,2.355264
-0.023142,0.195544,2.261849
-0.157842,-0.342326,2.412964
0.020215,-0.350300,2.360737
-0.205077,-0.660674,2.374555
0.047857,-0.675306,2.416004
-0.257176,-0.711069,2.324000
0.077753,-0.719162,2.344414
-0.081932,0.837789,2.267214
-0.014675,0.679611,2.266583
-0.166042,0.554281,2.418037
0.065408,0.522029,2.158774
-0.270086,0.392647,2.337178
-0.025751,0.330680,2.082110
-0.094412,0.384790,2.082110
-0.166410,0.384416,2.228937
-0.028990,0.407953,2.201619
-0.213296,0.402328,2.278972
-0.050543,0.336227,2.296098
-0.059660,0.267622,2.303835
-0.112737,0.194287,2.354053
-0.023276,0.195087,2.261503
-0.157395,-0.341513,2.412236
0.018685,-0.350433,2.360842
-0.205082,-0.661292,2.374313
0.048191,-0.675195,2.418205
-0.257610,-0.711619,2.321961
0.077795,-0.718942,2.344952
-0.082536,0.837671,2.266870
-0.015332,0.679428,2.266616
-0.170097,0.555160,2.414602
0.065217,0.522395,2.158986
-0.273314,0.393010,2.334209
-0.022184,0.330456,2.081214
-0.099606,0.384592,2.081214
-0.168484,0.386195,2.222721
-0.034185,0.407755,2.195403
-0.217251,0.404774,2.281101
-0.051402,0.335151,2.295574
-0.060472,0.266292,2.303142
-0.114486,0.193110,2.351435
-0.023280,0.194720,2.261621
-0.156766,-0.338764,2.410306
0.021995,-0.349196,2.358858
-0.205586,-0.654781,2.375875
0.048676,-0.675281,2.417347
-0.257385,-0.710541,2.322024
0.077753,-0.718482,2.346670
-0.083514,0.837084,2.265667
-0.016327,0.679127,2.267045
-0.176158,0.553667,2.410305
0.065088,0.523017,2.159399
-0.279657,0.391775,2.330204
-0.012630,0.332555,2.080657
-0.109969,0.387532,2.080657
-0.161516,0.377705,2.211908
-0.044550,0.410695,2.184591
-0.211145,0.392755,2.262318
-0.052148,0.334143,2.295091
-0.061118,0.265068,2.302401
-0.116122,0.191763,2.348814
-0.023099,0.194060,2.261658
-0.156627,-0.338533,2.409870
0.020627,-0.349490,2.359501
-0.205425,-0.655228,2.374379
0.048361,-0.675729,2.417655
-0.256938,-0.710754,2.322246
0.077692,-0.719643,2.345638
-0.084224,0.836401,2.264017
-0.017112,0.678726,2.267038
-0.178040,0.554789,2.405797
0.064944,0.523231,2.159759
-0.281529,0.393483,2.324398
-0.010847,0.331463,2.080802
-0.112009,0.384817,2.080802
-0.161729,0.377574,2.206351
-0.046593,0.407979,2.179035
-0.212023,0.392944,2.261281
-0.053021,0.332800,2.294263
-0.061916,0.263513,2.301365
-0.117280,0.190741,2.346422
-0.023129,0.193434,2.261616
-0.156574,-0.337699,2.408717
0.022794,-0.348261,2.358052
-0.205235,-0.654191,2.373671
0.048464,-0.675747,2.417633
-0.256558,-0.710786,2.322260
0.077426,-0.719830,2.344893
-0.084738,0.835580,2.261569
-0.017543,0.678435,2.266793
-0.181613,0.554013,2.401999
0.064974,0.523286,2.159853
-0.282217,0.391930,2.318061
-0.007826,0.330880,2.080827
-0.106229,0.392522,2.080827
-0.161960,0.377841,2.211246
-0.040815,0.415683,2.183931
-0.213338,0.393495,2.260682
-0.053677,0.333171,2.293419
-0.062440,0.264106,2.300496
-0.118349,0.191136,2.345546
-0.023110,0.193570,2.261040
-0.156678,-0.336606,2.406859
0.025084,-0.347193,2.356989
-0.205075,-0.653688,2.373277
0.048478,-0.675677,2.417406
-0.256260,-0.710890,2.322246
0.077759,-0.719757,2.344994
-0.084582,0.834747,2.259437
-0.018903,0.677735,2.267655
-0.186449,0.552129,2.395911
0.065154,0.523498,2.160232
-0.286500,0.388792,2.315219
0.000672,0.335370,2.080508
-0.110779,0.401745,2.080508
-0.163757,0.379067,2.209134
-0.045367,0.424905,2.181820
-0.218566,0.393633,2.259442
-0.054504,0.331781,2.292329
-0.063013,0.262406,2.299002
-0.120525,0.189046,2.340582
-0.022476,0.192685,2.260733
-0.157654,-0.335218,2.404568
0.027348,-0.346086,2.356122
-0.204427,-0.650819,2.373046
0.049127,-0.675190,2.416210
-0.255408,-0.710199,2.322709
0.078334,-0.719458,2.345479
-0.084451,0.834658,2.255318
-0.019832,0.677030,2.267957
-0.190265,0.551864,2.389871
0.065705,0.523686,2.160776
-0.287395,0.386852,2.309506
0.001868,0.334255,2.081682
-0.141531,0.410422,2.081682
-0.168642,0.381866,2.162776
-0.076123,0.433580,2.135463
-0.225478,0.397736,2.259795
-0.055030,0.330679,2.291250
-0.063270,0.261196,2.297715
-0.121836,0.187842,2.336442
-0.021703,0.192074,2.260706
-0.157780,-0.334759,2.403040
0.030286,-0.342272,2.354261
-0.204081,-0.650765,2.373002
0.052890,-0.665480,2.409178
-0.251699,-0.709081,2.317258
0.075842,-0.716863,2.347574
-0.084853,0.834379,2.250564
-0.020468,0.676715,2.268188
-0.200253,0.545167,2.380725
0.066109,0.523837,2.161524
-0.293454,0.376864,2.304482
0.007889,0.337333,2.081777
-0.154137,0.333306,2.081777
-0.174692,0.383460,2.156062
-0.088732,0.356463,2.128751
-0.235552,0.398835,2.259479
-0.055519,0.328097,2.289618
-0.063431,0.257891,2.295590
-0.123946,0.183455,2.332861
-0.018914,0.188089,2.259317
-0.157915,-0.333865,2.401186
0.030568,-0.342534,2.354172
-0.203935,-0.650843,2.372975
0.052217,-0.667056,2.409748
-0.249151,-0.708539,2.315349
0.077245,-0.717149,2.349174
-0.084366,0.833291,2.246476
-0.021264,0.676004,2.268817
-0.203583,0.545833,2.379275
0.067115,0.524259,2.162461
-0.293456,0.377588,2.297661
0.011154,0.338777,2.082196
-0.159159,0.329902,2.082196
-0.175455,0.384897,2.145848
-0.093755,0.353059,2.118537
-0.237658,0.400270,2.257573
-0.055690,0.328707,2.288996
-0.063391,0.259155,2.294651
-0.124507,0.184301,2.332207
-0.017869,0.188407,2.258327
-0.158653,-0.334897,2.399403
0.030719,-0.342889,2.353996
-0.203567,-0.651907,2.372352
0.051691,-0.671148,2.411778
-0.249164,-0.708601,2.315809
0.078603,-0.718358,2.348323
-0.083421,0.831581,2.243092
-0.022238,0.674809,2.269145
-0.206441,0.544764,2.373275
0.068951,0.525021,2.164448
-0.284768,0.373597,2.284075
0.014726,0.338564,2.083911
-0.136283,0.402905,2.083911
-0.176177,0.385860,2.142273
-0.070882,0.426061,2.114963
-0.239811,0.401625,2.253509
-0.055846,0.325994,2.286979
-0.063166,0.256021,2.292213
-0.126016,0.180510,2.327233
-0.015218,0.185321,2.257124
-0.159344,-0.335289,2.397221
0.031121,-0.342532,2.353681
-0.203119,-0.651727,2.372415
0.051379,-0.671449,2.412536
-0.247063,-0.707606,2.316177
0.077980,-0.717513,2.348861
-0.079786,0.829376,2.237812
-0.022567,0.673806,2.269278
-0.208202,0.544520,2.367150
0.070637,0.525371,2.165805
-0.280046,0.374910,2.267255
0.017198,0.336246,2.083841
-0.116798,0.405955,2.083841
-0.172043,0.386620,2.145683
-0.051400,0.429109,2.118375
-0.235123,0.403412,2.245944
-0.055768,0.324636,2.285471
-0.062898,0.254650,2.290526
-0.126728,0.179135,2.324792
-0.013469,0.183579,2.255747
-0.160573,-0.336031,2.394903
0.032694,-0.339083,2.352144
-0.201928,-0.651257,2.373913
0.052003,-0.670935,2.411489
-0.248574,-0.705641,2.324047
0.078080,-0.716889,2.348666
-0.075982,0.827688,2.233788
-0.023186,0.672153,2.270059
-0.209054,0.545275,2.361252
0.073546,0.525464,2.168468
-0.284395,0.376678,2.263000
0.020603,0.335428,2.083695
-0.114597,0.402232,2.083695
-0.169602,0.386794,2.150816
-0.049205,0.425385,2.123510
-0.233005,0.403915,2.238812
-0.055050,0.323223,2.284079
-0.061732,0.253190,2.288731
-0.126226,0.177793,2.321600
-0.010176,0.181598,2.254391
-0.161309,-0.335868,2.392756
0.034551,-0.339976,2.352042
-0.201837,-0.651125,2.373850
0.052688,-0.674028,2.413593
-0.248645,-0.706838,2.325289
0.078904,-0.718387,2.347583
-0.070280,0.826637,2.229220
-0.024592,0.670270,2.271677
-0.211419,0.542991,2.350045
0.077204,0.525454,2.172405
-0.272886,0.371330,2.246392
0.025285,0.333616,2.085078
-0.098542,0.384283,2.085078
-0.164075,0.388981,2.140170
-0.033158,0.407433,2.112868
-0.227195,0.407436,2.226558
-0.054542,0.322101,2.282739
-0.060698,0.252020,2.286771
-0.125879,0.176451,2.317116
-0.007141,0.180002,2.252980
-0.162773,-0.334937,2.389256
0.035876,-0.338849,2.351109
-0.201669,-0.651012,2.373799
0.051783,-0.670836,2.412041
-0.243467,-0.704906,2.319661
0.077769,-0.717730,2.347494
-0.066440,0.824791,2.226972
-0.026064,0.668150,2.273008
-0.212332,0.542772,2.341190
0.080606,0.524937,2.176150
-0.273057,0.370462,2.238827
0.034125,0.333826,2.087543
-0.094975,0.384898,2.087543
-0.165004,0.389985,2.140646
-0.029602,0.408044,2.113348
-0.231380,0.408705,2.220695
-0.053905,0.320764,2.281673
-0.059680,0.250731,2.285170
-0.125437,0.175198,2.313803
-0.004427,0.178310,2.252143
-0.163833,-0.334402,2.385397
0.036335,-0.338775,2.350952
-0.197228,-0.646504,2.375202
0.052762,-0.671053,2.410620
-0.243556,-0.704836,2.319866
0.078775,-0.718985,2.343315
-0.063849,0.824182,2.225747
-0.026283,0.666499,2.273849
-0.214729,0.541461,2.331075
0.082807,0.525190,2.180576
-0.273200,0.368361,2.229162
0.042011,0.331882,2.091564
-0.088413,0.375477,2.091564
-0.160090,0.390390,2.146219
-0.023053,0.398618,2.118927
-0.227457,0.409893,2.208759
-0.052809,0.319317,2.280610
-0.058436,0.249406,2.283349
-0.124964,0.173790,2.309884
-0.001936,0.176950,2.251392
-0.164226,-0.334409,2.383329
0.037084,-0.338131,2.350866
-0.197429,-0.646478,2.375017
0.052677,-0.671228,2.412103
-0.243668,-0.705091,2.320645
0.078938,-0.719009,2.343290
-0.060617,0.824750,2.225593
-0.026978,0.664853,2.275781
-0.215244,0.543562,2.326303
0.088390,0.525763,2.187677
-0.270806,0.371653,2.219984
0.054779,0.335779,2.097293
-0.083161,0.370453,2.097293
-0.160131,0.390004,2.145350
-0.017814,0.393591,2.118063
-0.231767,0.408079,2.200948
-0.052376,0.318966,2.280680
-0.058055,0.249206,2.282493
-0.125397,0.173905,2.306363
-0.000662,0.176407,2.251300
-0.165381,-0.333140,2.379323
0.038890,-0.337178,2.350987
-0.197424,-0.646733,2.375136
0.052942,-0.671538,2.411000
-0.245589,-0.708554,2.326948
0.079920,-0.721448,2.348206
-0.057691,0.825254,2.226419
-0.028693,0.663504,2.278714
-0.216886,0.543254,2.318069
0.091906,0.526006,2.193297
-0.271000,0.371372,2.211078
0.068376,0.333694,2.103327
-0.084385,0.360554,2.103327
-0.164489,0.386967,2.134753
-0.019051,0.383686,2.107472
-0.242111,0.404724,2.193781
-0.051904,0.318643,2.281182
-0.057569,0.248988,2.281635
-0.125499,0.173969,2.302310
0.001249,0.175721,2.251471
-0.166086,-0.332689,2.375897
0.039443,-0.336598,2.351395
-0.197983,-0.647638,2.374665
0.052185,-0.667143,2.409049
-0.246323,-0.710072,2.324488
0.080505,-0.720220,2.346488
-0.055507,0.825564,2.227550
-0.030942,0.661717,2.280721
-0.216889,0.542684,2.308190
0.096727,0.526689,2.200848
-0.270053,0.370954,2.200608
0.075499,0.333598,2.105361
-0.082154,0.358396,2.105361
-0.174221,0.387928,2.129121
-0.016835,0.381522,2.101846
-0.257461,0.406038,2.181073
-0.051407,0.318107,2.281751
-0.056911,0.248611,2.280634
-0.125225,0.173396,2.297826
0.003648,0.175231,2.252106
-0.167235,-0.331452,2.371517
0.041079,-0.334857,2.352125
-0.199176,-0.647407,2.374180
0.052112,-0.666188,2.408428
-0.246866,-0.710308,2.325269
0.077145,-0.716677,2.347597
-0.053149,0.826287,2.229486
-0.033907,0.660030,2.283354
-0.217813,0.543690,2.300267
0.100807,0.527408,2.209585
-0.264965,0.372097,2.189061
0.084680,0.331107,2.113176
-0.076087,0.354495,2.113176
-0.170948,0.386442,2.122795
-0.010787,0.377616,2.095527
-0.256157,0.404888,2.165944
-0.051222,0.317515,2.282689
-0.056626,0.248181,2.279830
-0.125911,0.172802,2.291615
0.005730,0.174391,2.253734
-0.168634,-0.330163,2.366107
0.041982,-0.334665,2.352710
-0.198761,-0.647653,2.373509
0.052078,-0.666172,2.408427
-0.248303,-0.711284,2.324185
0.077549,-0.717262,2.345784
-0.050533,0.826424,2.230273
-0.036750,0.659743,2.286400
-0.218335,0.545333,2.292773
0.103744,0.529071,2.217786
-0.262622,0.374240,2.178190
0.087230,0.330881,2.115472
-0.073477,0.354511,2.115472
-0.172712,0.378210,2.114157
-0.008196,0.377625,2.086898
-0.259360,0.393986,2.143871
-0.051095,0.317396,2.284175
-0.056329,0.248334,2.279307
-0.125860,0.173704,2.287510
0.007624,0.174647,2.255387
-0.169860,-0.328325,2.360003
0.043046,-0.333323,2.353247
-0.197710,-0.647898,2.373237
0.052274,-0.666198,2.408520
-0.252201,-0.714380,2.329072
0.076241,-0.716832,2.345789
-0.048336,0.827036,2.231646
-0.039804,0.659239,2.288043
-0.218375,0.545893,2.283064
0.107229,0.531066,2.228431
-0.258489,0.373196,2.169215
0.099432,0.328108,2.129363
-0.074395,0.368802,2.129363
-0.162133,0.373863,2.086599
-0.009135,0.391908,2.059348
-0.249321,0.389115,2.135487
-0.051232,0.317157,2.285671
-0.055992,0.248247,2.278774
-0.125648,0.173967,2.283753
0.009883,0.174028,2.257518
-0.170239,-0.327987,2.355075
0.043543,-0.333255,2.354347
-0.197274,-0.648542,2.372614
0.052670,-0.666815,2.409988
-0.244054,-0.711506,2.316106
0.074133,-0.717346,2.345249
-0.047352,0.827529,2.232654
-0.043266,0.659157,2.289648
-0.219031,0.546915,2.275151
0.108441,0.533217,2.239647
-0.255321,0.371618,2.156227
0.105193,0.327545,2.138621
-0.064261,0.372386,2.138621
-0.091267,0.328795,2.096564
0.000977,0.395485,2.069323
-0.156753,0.329212,2.128527
-0.051565,0.317076,2.287299
-0.055732,0.248476,2.278409
-0.125318,0.175000,2.281013
0.011502,0.174174,2.259429
-0.170348,-0.327821,2.351238
0.044045,-0.332573,2.356244
-0.197460,-0.648695,2.372324
0.052672,-0.666768,2.409724
-0.257271,-0.715071,2.346336
0.076350,-0.720032,2.340528
-0.046135,0.828446,2.234406
-0.047229,0.659644,2.291595
-0.219423,0.547263,2.268606
0.108419,0.533759,2.246948
-0.250498,0.371896,2.145835
0.108871,0.327592,2.148038
-0.057297,0.371153,2.148038
-0.082557,0.349016,2.096757
0.007916,0.394242,2.069526
-0.146367,0.356157,2.083159
-0.051905,0.316939,2.289016
-0.055532,0.248562,2.278229
-0.124858,0.175671,2.278587
0.013214,0.174095,2.261955
-0.169907,-0.327340,2.346669
0.044653,-0.331995,2.357958
-0.197846,-0.649687,2.371227
0.052756,-0.666231,2.409220
-0.244805,-0.711219,2.299495
0.082065,-0.722317,2.344551
-0.045314,0.828995,2.236518
-0.049690,0.659874,2.292497
-0.220018,0.545314,2.258332
0.108327,0.533751,2.253339
-0.248874,0.371816,2.140797
0.111960,0.327225,2.157443
-0.055154,0.369260,2.157443
-0.077098,0.339537,2.095404
0.010033,0.392340,2.068184
-0.140117,0.343641,2.075165
-0.052495,0.316806,2.290660
-0.055327,0.248599,2.278075
-0.124346,0.175939,2.275965
0.014739,0.173975,2.264779
-0.169204,-0.326610,2.342102
0.045676,-0.331049,2.360533
-0.198433,-0.650435,2.369893
0.052798,-0.666126,2.408359
-0.258390,-0.719311,2.336959
0.079554,-0.722831,2.339285
-0.044138,0.829862,2.238742
-0.053243,0.660473,2.293739
-0.219825,0.545451,2.252786
0.109186,0.534739,2.261212
-0.247210,0.371581,2.135375
0.118520,0.324313,2.178861
-0.053769,0.365524,2.178861
-0.053798,0.342885,2.089370
0.011395,0.388596,2.062160
-0.111238,0.349075,2.042449
-0.053144,0.316797,2.292310
-0.055010,0.248903,2.278050
-0.123566,0.176637,2.274002
0.016351,0.174540,2.268180
-0.168101,-0.324516,2.337427
0.045864,-0.330200,2.363975
-0.200302,-0.653042,2.370171
0.052557,-0.666153,2.409220
-0.260952,-0.720529,2.338457
0.080185,-0.722817,2.339654
-0.043447,0.830607,2.240175
-0.055872,0.661172,2.294572
-0.219451,0.546188,2.247214
0.108809,0.537949,2.272031
-0.244220,0.372181,2.129045
0.119220,0.325601,2.180474
-0.051433,0.359264,2.180474
-0.054118,0.344359,2.081710
0.013706,0.382327,2.054510
-0.111897,0.350612,2.046957
-0.054278,0.317017,2.293986
-0.054899,0.249278,2.278151
-0.123234,0.177687,2.272224
0.016851,0.175122,2.271890
-0.166381,-0.322419,2.333158
0.046047,-0.330283,2.368127
-0.199744,-0.651415,2.370030
0.052110,-0.669523,2.409939
-0.259000,-0.718084,2.336636
0.079800,-0.723263,2.338752
-0.043342,0.830790,2.240867
-0.058790,0.661526,2.294704
-0.219975,0.546730,2.241859
0.107814,0.539115,2.279146
-0.240803,0.372404,2.123159
0.123326,0.325318,2.186906
-0.048628,0.367764,2.186906
-0.050400,0.348595,2.070981
0.016486,0.390818,2.043791
-0.108309,0.356355,2.056074
-0.055363,0.317143,2.295445
-0.054839,0.249506,2.278244
-0.122904,0.178072,2.270867
0.017178,0.175510,2.274905
-0.165790,-0.322313,2.331222
0.046563,-0.330233,2.371117
-0.199071,-0.652159,2.368448
0.052179,-0.669503,2.409933
-0.249292,-0.715276,2.317573
0.080831,-0.724822,2.340740
-0.043262,0.831251,2.241859
-0.061857,0.661867,2.295063
-0.221168,0.546487,2.236042
0.105926,0.540445,2.285429
-0.238364,0.372477,2.117347
0.126344,0.325086,2.194248
-0.046422,0.367215,2.194248
-0.037631,0.362704,2.064499
0.025839,0.383965,2.063359
-0.092289,0.375244,2.046499
-0.056710,0.317433,2.296929
-0.054841,0.249901,2.278485
-0.122649,0.178512,2.269808
0.017233,0.176131,2.277891
-0.165370,-0.323228,2.329206
0.046237,-0.329847,2.373450
-0.195846,-0.656713,2.367193
0.052188,-0.669080,2.410119
-0.246802,-0.715181,2.312179
0.082331,-0.724635,2.342902
-0.043147,0.831588,2.242397
-0.065678,0.662003,2.294410
-0.222589,0.546384,2.230339
0.103204,0.541928,2.290489
-0.236448,0.372036,2.113050
0.127118,0.324331,2.204596
-0.047101,0.366844,2.204596
-0.036796,0.349291,2.049410
0.024646,0.383292,2.058281
-0.091435,0.357610,2.051762
-0.058228,0.317647,2.298036
-0.054954,0.250134,2.278619
-0.122520,0.178814,2.268699
0.016992,0.176503,2.280203
-0.165940,-0.324200,2.327253
0.046282,-0.328687,2.376201
-0.196879,-0.657639,2.366047
0.052584,-0.668407,2.410816
-0.245195,-0.715334,2.308096
0.083181,-0.723977,2.342737
-0.044374,0.832490,2.243458
-0.070625,0.662484,2.293086
-0.224137,0.545280,2.223514
0.099353,0.545479,2.296915
-0.232912,0.368647,2.112386
0.127434,0.325003,2.206069
-0.049554,0.373486,2.206069
-0.039004,0.351778,2.030090
0.020645,0.390087,2.047035
-0.094484,0.360703,2.059492
-0.060444,0.318007,2.298707
-0.055303,0.250445,2.278714
-0.122514,0.178964,2.267249
0.016223,0.177226,2.282425
-0.167319,-0.323757,2.323362
0.045236,-0.329207,2.379380
-0.197700,-0.657829,2.365455
0.053152,-0.668475,2.410686
-0.259452,-0.719216,2.323971
0.081890,-0.724180,2.339637
-0.046216,0.832680,2.244297
-0.080868,0.663491,2.289230
-0.228098,0.545033,2.214683
0.094522,0.545471,2.302368
-0.222667,0.369242,2.100305
0.126854,0.328600,2.221019
-0.037747,0.367835,2.221019
-0.036272,0.348311,2.022648
0.030821,0.382957,2.046078
-0.090647,0.354881,2.065627
-0.066275,0.318572,2.299091
-0.057840,0.251000,2.279003
-0.124170,0.179077,2.264284
0.013274,0.176976,2.287093
-0.169414,-0.325181,2.317101
0.041956,-0.329437,2.383810
-0.196870,-0.657954,2.364523
0.056060,-0.668104,2.411693
-0.258856,-0.718987,2.323562
0.082394,-0.724009,2.340476
-0.050088,0.833411,2.244810
-0.084762,0.663665,2.287014
-0.230707,0.544146,2.208492
0.090056,0.545834,2.305403
-0.221276,0.368256,2.096426
0.123687,0.325620,2.232403
-0.038363,0.387425,2.232403
-0.025874,0.345382,2.016145
0.030841,0.392964,2.041736
-0.075727,0.351970,2.052680
-0.069683,0.318431,2.298466
-0.059939,0.250864,2.278875
-0.125677,0.178732,2.262329
0.010989,0.176604,2.289058
-0.170226,-0.325647,2.314585
0.040893,-0.329871,2.384832
-0.196304,-0.658471,2.364652
0.058621,-0.668827,2.410288
-0.253063,-0.715534,2.318656
0.082943,-0.725151,2.341219
-0.054473,0.834064,2.244845
-0.091638,0.664304,2.284212
-0.232801,0.543274,2.203705
0.085752,0.545516,2.308002
-0.219415,0.367417,2.092282
0.122757,0.326097,2.232863
-0.038245,0.399275,2.232863
-0.071889,0.350906,2.012327
0.030906,0.399041,2.038583
-0.136771,0.359175,2.089748
-0.073761,0.318282,2.297390
-0.062722,0.250646,2.278552
-0.127412,0.178370,2.260363
0.008522,0.176348,2.290632
-0.170891,-0.325746,2.312658
0.039945,-0.329504,2.385075
-0.196231,-0.658536,2.364396
0.059474,-0.668344,2.410552
-0.255478,-0.716442,2.322917
0.083112,-0.724568,2.340095
-0.057806,0.834404,2.244349
-0.095888,0.663919,2.281121
-0.234678,0.541403,2.198313
0.081582,0.545531,2.309586
-0.219508,0.364773,2.089013
0.118338,0.324295,2.236255
-0.026735,0.362729,2.236255
-0.073039,0.350797,2.107077
0.040526,0.347894,2.133993
-0.136831,0.359631,2.088728
-0.077403,0.317801,2.295829
-0.065674,0.250084,2.278011
-0.129432,0.177707,2.258341
0.005539,0.175899,2.292135
-0.171425,-0.325959,2.310888
0.038178,-0.330607,2.385811
-0.195388,-0.658708,2.364256
0.063779,-0.666169,2.405590
-0.258200,-0.717684,2.328996
0.084150,-0.725303,2.340430
-0.061288,0.833808,2.243310
-0.102719,0.663354,2.277071
-0.237569,0.541277,2.194995
0.078284,0.545211,2.311203
-0.220037,0.364699,2.086232
0.113059,0.323178,2.242652
-0.028664,0.364997,2.242652
-0.077317,0.351243,2.111513
0.038579,0.350166,2.138421
-0.140775,0.360598,2.087853
-0.082345,0.318126,2.293607
-0.070071,0.250412,2.277090
-0.132926,0.177698,2.256071
0.002095,0.175995,2.293131
-0.171985,-0.325776,2.309474
0.036617,-0.330899,2.385772
-0.195273,-0.658722,2.363587
0.064434,-0.665439,2.403626
-0.257820,-0.717832,2.328299
0.082716,-0.725681,2.338135
-0.066981,0.833094,2.240666
-0.109319,0.662378,2.273051
-0.241066,0.540375,2.190398
0.070046,0.547086,2.312230
-0.228016,0.363133,2.082403
0.108340,0.322931,2.244339
-0.037364,0.365330,2.244339
-0.078592,0.351165,2.110692
0.029862,0.350502,2.137593
-0.140903,0.360577,2.089501
-0.087355,0.318065,2.290727
-0.074606,0.250406,2.275673
-0.136144,0.177549,2.253248
-0.002707,0.176352,2.293913
-0.173544,-0.325189,2.307516
0.035068,-0.330238,2.385044
-0.195204,-0.658770,2.363538
0.063927,-0.666844,2.405288
-0.256598,-0.717414,2.326612
0.083618,-0.725559,2.338912
-0.073215,0.832093,2.236887
-0.116591,0.663063,2.270266
-0.244753,0.539932,2.187248
0.062004,0.547445,2.313181
-0.234071,0.362392,2.079700
0.102594,0.318699,2.248029
-0.045786,0.368221,2.248029
-0.081004,0.349453,2.117053
0.021419,0.353398,2.143946
-0.142203,0.359705,2.092948
-0.092737,0.318283,2.288268
-0.079665,0.250498,2.274577
-0.139516,0.177729,2.251503
-0.008208,0.177084,2.294266
-0.176385,-0.325881,2.305302
0.033535,-0.330124,2.383968
-0.195167,-0.658978,2.363520
0.065318,-0.665972,2.402640
-0.252475,-0.717076,2.322815
0.082827,-0.725578,2.338454
-0.078599,0.831224,2.234012
-0.122609,0.662420,2.267421
-0.249229,0.538887,2.182539
0.057583,0.548170,2.312963
-0.241551,0.358444,2.077605
0.101517,0.319058,2.247577
-0.023447,0.387456,2.247577
-0.083033,0.347941,2.151081
0.043743,0.372637,2.177968
-0.144550,0.357569,2.094490
-0.098749,0.318477,2.285174
-0.085843,0.250781,2.272712
-0.145072,0.177939,2.248669
-0.014298,0.177588,2.293764
-0.177836,-0.325361,2.304401
0.031558,-0.328173,2.380865
-0.195497,-0.659200,2.363154
0.065277,-0.665965,2.402656
-0.250458,-0.714517,2.321701
0.082927,-0.724766,2.338179
-0.086514,0.829375,2.229578
-0.130033,0.662233,2.263316
-0.255056,0.536451,2.177927
0.051146,0.545551,2.311438
-0.246710,0.355777,2.075265
0.095105,0.319207,2.248433
-0.058680,0.373810,2.248433
-0.087559,0.346277,2.110233
0.008484,0.358996,2.137110
-0.148447,0.355301,2.096891
-0.104582,0.317263,2.281370
-0.091694,0.249305,2.270224
-0.150962,0.175948,2.244754
-0.019426,0.176330,2.292949
-0.178051,-0.325640,2.304535
0.028938,-0.327558,2.376993
-0.195433,-0.659113,2.362909
0.064954,-0.666229,2.402442
-0.251241,-0.714891,2.321633
0.082355,-0.724342,2.337214
-0.091964,0.827894,2.225062
-0.132941,0.661786,2.261105
-0.260800,0.534344,2.174668
0.045341,0.545911,2.311160
-0.251587,0.348899,2.072500
0.092040,0.317881,2.249197
-0.058519,0.360284,2.249197
-0.099733,0.338798,2.083938
0.008617,0.345477,2.110803
-0.163657,0.345770,2.096196
-0.109044,0.317142,2.278321
-0.096839,0.249163,2.268178
-0.155971,0.175501,2.242310
-0.025332,0.176323,2.291558
-0.181033,-0.326861,2.304239
0.025458,-0.327268,2.372561
-0.195421,-0.659087,2.362922
0.064030,-0.665746,2.400183
-0.254518,-0.716953,2.323628
0.082334,-0.725060,2.336104
-0.098193,0.825939,2.220630
-0.137647,0.660769,2.257480
-0.267763,0.533001,2.171234
0.040560,0.546528,2.310609
-0.263170,0.341780,2.069766
0.088571,0.317206,2.249078
-0.070999,0.361957,2.249078
-0.070791,0.358390,2.082267
-0.003894,0.347156,2.109120
-0.123912,0.372117,2.033535
-0.114768,0.318401,2.274495
-0.103212,0.250816,2.265390
-0.162179,0.176461,2.238614
-0.031812,0.177333,2.290116
-0.184705,-0.326526,2.302994
0.022295,-0.328204,2.362520
-0.195701,-0.659313,2.362857
0.063999,-0.665304,2.395650
-0.255902,-0.717993,2.324336
0.082517,-0.725039,2.336000
-0.104041,0.824623,2.216640
-0.141868,0.659966,2.254036
-0.272675,0.532070,2.168792
0.034997,0.546470,2.310258
-0.270746,0.337297,2.069282
0.087226,0.316582,2.251704
-0.078257,0.358827,2.251704
-0.030606,0.382720,2.077903
-0.011190,0.344034,2.104741
-0.069883,0.404766,2.050459
-0.120034,0.322595,2.270732
-0.109262,0.256302,2.262551
-0.166850,0.180419,2.234474
-0.038775,0.182283,2.289395
-0.188719,-0.326127,2.301568
0.018562,-0.327572,2.350344
-0.195648,-0.658855,2.362980
0.063028,-0.664570,2.393729
-0.254244,-0.717157,2.322692
0.081434,-0.724070,2.332133
-0.111021,0.823125,2.212117
-0.151324,0.659954,2.249128
-0.278661,0.531490,2.165958
0.029664,0.545443,2.309608
-0.280448,0.332283,2.069159
0.085188,0.315275,2.251733
-0.086974,0.351397,2.251733
-0.081703,0.346520,2.069996
-0.027099,0.355111,2.081395
-0.137333,0.356935,2.000812
-0.125305,0.322360,2.266811
-0.114058,0.255841,2.260050
-0.171324,0.179801,2.231437
-0.043078,0.181608,2.287685
-0.193013,-0.326486,2.300436
0.015039,-0.323511,2.332603
-0.195615,-0.658816,2.363024
0.055233,-0.661346,2.384479
-0.253879,-0.716868,2.322355
0.080865,-0.722590,2.331255
-0.115224,0.822521,2.209397
-0.156220,0.659931,2.245251
-0.285917,0.530288,2.162994
0.023243,0.544966,2.307350
-0.290084,0.326567,2.067160
0.084779,0.315372,2.251739
-0.095579,0.338523,2.251739
-0.017715,0.324864,2.059132
-0.021082,0.343242,2.069334
-0.007730,0.334171,2.060572
-0.129443,0.322504,2.262556
-0.118403,0.255839,2.256922
-0.175360,0.179251,2.227771
-0.047439,0.181469,2.285278
-0.196053,-0.327521,2.299111
0.011519,-0.324352,2.318068
-0.196702,-0.658954,2.362722
0.044928,-0.665838,2.370801
-0.255185,-0.717303,2.322643
0.075259,-0.722588,2.318485
-0.117537,0.821467,2.206542
-0.160679,0.659665,2.241589
-0.291375,0.529739,2.160584
0.017925,0.544759,2.305411
-0.298639,0.314265,2.070302
0.083448,0.316576,2.253176
-0.104578,0.313416,2.253176
-0.038158,0.302462,2.037714
-0.020184,0.304090,2.036344
-0.036700,0.321825,1.956644
-0.133563,0.322054,2.258201
-0.122873,0.255226,2.253489
-0.179857,0.178010,2.222956
-0.051898,0.180400,2.283025
-0.198604,-0.329043,2.297870
0.008421,-0.322560,2.296787
-0.197208,-0.659331,2.362743
0.041469,-0.659947,2.352136
-0.255250,-0.717229,2.322975
0.071694,-0.718237,2.306285
-0.124109,0.818479,2.200551
-0.164077,0.656977,2.237417
-0.297510,0.529716,2.158209
0.012206,0.544592,2.301872
-0.321819,0.309950,2.068634
0.077899,0.322602,2.255359
-0.109231,0.296594,2.255359
-0.040455,0.305191,2.026513
-0.023058,0.274348,2.012748
-0.038999,0.324518,1.956790
-0.138054,0.321636,2.252897
-0.128108,0.255190,2.248727
-0.184847,0.177624,2.218100
-0.057986,0.180143,2.278168
-0.200428,-0.330352,2.297237
0.005843,-0.323561,2.281503
-0.197221,-0.659336,2.362783
0.033289,-0.658479,2.323980
-0.257568,-0.715212,2.328273
0.063179,-0.716270,2.279226
-0.127924,0.817370,2.195877
-0.167624,0.655746,2.231990
-0.302653,0.529815,2.155919
0.005641,0.542983,2.295992
-0.327647,0.308279,2.068228
0.071228,0.329250,2.257520
-0.109963,0.278036,2.257520
0.002805,0.310576,2.018040
-0.040019,0.244186,1.994812
0.004261,0.329897,1.978889
-0.142540,0.320391,2.246768
-0.133155,0.253843,2.243260
-0.189476,0.176707,2.213670
-0.063930,0.178860,2.271770
-0.201737,-0.332253,2.296624
0.000833,-0.324203,2.262703
-0.199130,-0.659419,2.363263
0.028714,-0.659980,2.299684
-0.257470,-0.715258,2.328284
0.056633,-0.717303,2.227424
-0.133510,0.814793,2.189261
-0.171503,0.654942,2.224660
-0.307651,0.529202,2.152984
0.001767,0.542193,2.290352
-0.335568,0.305718,2.066365
0.069222,0.329271,2.259659
-0.119191,0.257821,2.259659
-0.057913,0.252744,2.013678
-0.064203,0.210286,1.977737
-0.056458,0.272059,2.048673
-0.146008,0.319001,2.240191
-0.136990,0.252232,2.237680
-0.193296,0.175370,2.209503
-0.067684,0.177497,2.265391
-0.203482,-0.333870,2.295269
-0.007267,-0.322782,2.242263
-0.199556,-0.659787,2.363476
0.027324,-0.651140,2.254299
-0.256742,-0.714906,2.326576
0.050187,-0.714217,2.212145
-0.138725,0.811886,2.181267
-0.177710,0.653418,2.215856
-0.311845,0.528809,2.149383
-0.003171,0.543970,2.283303
-0.344419,0.304811,2.065350
0.068092,0.329381,2.262705
-0.166886,0.218859,2.262705
-0.098982,0.263716,2.004258
-0.091069,0.170933,1.961944
-0.094208,0.189737,1.961651
-0.148428,0.317270,2.233955
-0.139256,0.250390,2.232717
-0.195372,0.173789,2.206009
-0.069066,0.176599,2.260226
-0.205322,-0.336047,2.293474
-0.015371,-0.322930,2.223970
-0.199964,-0.658877,2.363891
0.022482,-0.656651,2.228065
-0.259474,-0.716424,2.329374
0.038543,-0.713735,2.146785
-0.141239,0.809387,2.173788
-0.180058,0.651104,2.210264
-0.315951,0.527678,2.144392
-0.006041,0.544689,2.276699
-0.353318,0.301849,2.062293
0.067157,0.328898,2.264414
-0.180535,0.199694,2.264414
-0.063064,0.230274,1.994240
-0.127356,0.137059,1.945183
-0.088301,0.173836,1.996026
-0.151021,0.314219,2.225446
-0.142199,0.247179,2.224489
-0.200108,0.170270,2.197491
-0.070438,0.173720,2.251366
-0.207262,-0.337763,2.291292
-0.020767,-0.324033,2.205714
-0.199859,-0.659345,2.364058
0.016971,-0.656264,2.173525
-0.263543,-0.719426,2.335946
0.034953,-0.712492,2.110531
-0.143978,0.805027,2.163209
-0.181172,0.649024,2.203559
-0.320716,0.526800,2.138944
-0.008258,0.543281,2.266551
-0.364210,0.297191,2.057118
0.065789,0.327366,2.265508
-0.224038,0.170072,2.265508
-0.047206,0.196359,1.974415
-0.152394,0.111560,1.938723
-0.095113,0.144642,1.982791
-0.153120,0.312901,2.216704
-0.144830,0.246005,2.215869
-0.205371,0.168232,2.188622
-0.071154,0.172749,2.241836
-0.209724,-0.337571,2.286902
-0.026274,-0.325021,2.183581
-0.200676,-0.659752,2.363992
0.016661,-0.652983,2.135226
-0.264379,-0.719888,2.335936
0.028619,-0.708930,2.056519
-0.147203,0.800253,2.151350
-0.184065,0.647006,2.194692
-0.325341,0.525520,2.131672
-0.009989,0.541249,2.256881
-0.366617,0.294923,2.055292
0.064304,0.323133,2.267914
-0.247540,0.157084,2.267914
0.011199,0.186855,1.971779
-0.183565,0.090646,1.935919
-0.006413,0.141658,2.034283
-0.156048,0.310807,2.205165
-0.147852,0.243914,2.203957
-0.210452,0.165861,2.177686
-0.071737,0.170561,2.227839
-0.210823,-0.336661,2.280452
-0.031851,-0.325371,2.162260
-0.201048,-0.659981,2.363863
0.010209,-0.646615,2.096832
-0.266146,-0.720298,2.336959
0.021390,-0.705577,2.015860
-0.149949,0.795681,2.138011
-0.186284,0.643315,2.182893
-0.328903,0.524807,2.125357
-0.011732,0.538714,2.246492
-0.372129,0.292120,2.051998
0.062172,0.316494,2.266994
-0.269242,0.140244,2.266994
0.064573,0.160472,1.971830
-0.209715,0.069538,1.936500
0.036327,0.105819,2.058608
-0.157574,0.308054,2.194026
-0.149419,0.241294,2.193218
-0.213251,0.163063,2.168494
-0.071642,0.168182,2.216152
-0.212663,-0.340035,2.273694
-0.037722,-0.326229,2.145414
-0.203439,-0.661199,2.362911
-0.001281,-0.637574,2.058037
-0.266414,-0.720741,2.334999
0.016268,-0.693650,1.970356
-0.150128,0.790831,2.126180
-0.187387,0.639512,2.169219
-0.330570,0.521661,2.115569
-0.011675,0.533766,2.231082
-0.374592,0.288223,2.049027
0.060895,0.308799,2.264289
-0.287841,0.125070,2.264289
0.064420,0.134846,1.972507
-0.234998,0.049038,1.937002
0.050803,0.078413,2.061461
-0.157599,0.304676,2.181279
-0.149489,0.237948,2.181033
-0.214255,0.159912,2.158509
-0.070326,0.165303,2.202583
-0.215770,-0.344685,2.269301
-0.042810,-0.327074,2.131290
-0.205416,-0.662362,2.361689
-0.005772,-0.629952,2.035337
-0.266543,-0.721250,2.334492
0.012006,-0.681790,1.945054
-0.150288,0.785694,2.112287
-0.186107,0.636578,2.159139
-0.332702,0.519834,2.107880
-0.010295,0.528689,2.213964
-0.378202,0.283501,2.045900
0.062824,0.303022,2.260248
-0.313036,0.089691,2.260248
0.071008,0.115740,1.967833
-0.267448,0.011871,1.936153
0.067841,0.060851,2.068818
-0.157412,0.301604,2.168508
-0.149724,0.234874,2.167615
-0.216117,0.155717,2.144706
-0.069585,0.162076,2.187939
-0.217677,-0.347779,2.264700
-0.046498,-0.326038,2.114686
-0.207619,-0.662929,2.359830
-0.012323,-0.619069,2.011646
-0.268073,-0.722342,2.333560
0.004122,-0.671618,1.921431
-0.150296,0.779576,2.096956
-0.183456,0.633034,2.145203
-0.335223,0.514794,2.094455
-0.008339,0.525856,2.200427
-0.382662,0.278138,2.041238
0.066456,0.298733,2.252530
-0.321374,0.076888,2.252530
0.086466,0.108860,1.965348
-0.287846,-0.004942,1.940264
0.091009,0.041299,2.074693
-0.158290,0.299170,2.155537
-0.151322,0.232588,2.154918
-0.219146,0.152965,2.132822
-0.071162,0.158986,2.174768
-0.222155,-0.345429,2.254738
-0.049820,-0.326674,2.098441
-0.209663,-0.662172,2.358212
-0.010654,-0.615023,1.983675
-0.266742,-0.720626,2.334366
0.001340,-0.660897,1.889122
-0.148828,0.774607,2.080486
-0.180094,0.628345,2.128784
-0.335499,0.510919,2.080445
-0.005403,0.523070,2.184523
-0.387281,0.261398,2.032554
0.069263,0.293035,2.237420
-0.339345,0.059385,2.237420
0.098988,0.104183,1.963853
-0.318654,-0.023596,1.947257
0.110366,0.030991,2.085042
-0.160456,0.295307,2.140645
-0.154714,0.228777,2.140566
-0.224054,0.149872,2.120370
-0.075513,0.153613,2.158993
-0.223428,-0.343147,2.243154
-0.052063,-0.324075,2.079185
-0.212170,-0.662906,2.354863
-0.012214,-0.613375,1.965545
-0.267167,-0.720293,2.331570
0.000374,-0.659129,1.870940
-0.145366,0.769763,2.063722
-0.177304,0.624686,2.113888
-0.333813,0.508598,2.067874
0.000097,0.516617,2.162769
-0.389748,0.254250,2.027507
0.075672,0.286607,2.224380
-0.350473,0.049232,2.224380
0.109427,0.094034,1.966364
-0.334000,-0.033852,1.951836
0.121502,0.018122,2.090328
-0.161622,0.289744,2.125320
-0.156972,0.222816,2.125525
-0.227762,0.144231,2.106945
-0.078296,0.146922,2.142985
-0.224865,-0.345999,2.232286
-0.052686,-0.338254,2.062006
-0.215420,-0.663820,2.351166
-0.015231,-0.618953,1.943545
-0.267247,-0.720247,2.331174
-0.001951,-0.658331,1.846147
-0.138940,0.765841,2.046440
-0.170136,0.620448,2.096538
-0.331957,0.505301,2.055466
0.003891,0.512613,2.144013
-0.391034,0.247396,2.021834
0.084532,0.277266,2.206149
-0.362695,0.040594,2.206149
0.122518,0.079255,1.968550
-0.349639,-0.046800,1.957989
0.129174,0.002666,2.093505
-0.161087,0.286100,2.109057
-0.157872,0.219207,2.109798
-0.230502,0.141313,2.091752
-0.080273,0.141969,2.126698
-0.226895,-0.342538,2.215861
-0.053200,-0.344647,2.047793
-0.217688,-0.664512,2.347423
-0.019577,-0.626387,1.919306
-0.269774,-0.722094,2.333349
-0.000768,-0.663782,1.822005
-0.131455,0.758556,2.022536
-0.165882,0.615408,2.075171
-0.325444,0.500685,2.034040
0.011283,0.507449,2.118434
-0.390889,0.243992,2.014795
0.093557,0.272267,2.181689
-0.378872,0.024153,2.181689
0.127777,0.071263,1.966243
-0.361993,-0.053220,1.960908
0.136998,-0.012267,2.096308
-0.160446,0.280622,2.089523
-0.158158,0.213669,2.091327
-0.232047,0.136733,2.076969
-0.080942,0.136286,2.106482
-0.225766,-0.342436,2.205221
-0.051589,-0.347836,2.035258
-0.221177,-0.665913,2.342190
-0.021314,-0.633069,1.906873
-0.278362,-0.725303,2.338794
-0.002480,-0.670249,1.809467
-0.124900,0.756030,2.006317
-0.158267,0.613119,2.059865
-0.318822,0.498099,2.021516
0.019228,0.504867,2.099023
-0.390647,0.243127,2.008465
0.101131,0.267607,2.157796
-0.387523,0.022207,2.157796
0.138832,0.055996,1.965599
-0.373808,-0.054066,1.962167
0.142530,-0.030987,2.094970
-0.153092,0.278017,2.069266
-0.151050,0.211059,2.070020
-0.225396,0.133740,2.053078
-0.073931,0.133656,2.085284
-0.184137,-0.350854,2.141415
-0.051186,-0.348469,2.027585
-0.225026,-0.667662,2.340101
-0.024641,-0.634459,1.902424
-0.275437,-0.726279,2.327696
-0.003448,-0.672668,1.805917
-0.116151,0.750581,1.978837
-0.149315,0.609249,2.034946
-0.314621,0.492719,2.005119
0.027863,0.498969,2.069658
-0.390791,0.239454,2.001678
0.107378,0.262322,2.133047
-0.394433,0.022263,2.133047
0.147382,0.044640,1.963982
-0.388058,-0.053669,1.960211
0.144622,-0.035033,2.094088
-0.144883,0.275540,2.045614
-0.143214,0.208824,2.046915
-0.219136,0.130365,2.032403
-0.064768,0.131366,2.060440
-0.183502,-0.350383,2.138392
-0.050096,-0.347757,2.013416
-0.227961,-0.668768,2.336344
-0.028606,-0.635451,1.896857
-0.274514,-0.729684,2.320562
-0.008079,-0.678369,1.806147
-0.105430,0.749079,1.961398
-0.139040,0.606093,2.015037
-0.308255,0.495750,1.987749
0.039176,0.496406,2.048947
-0.389815,0.244292,1.988373
0.116359,0.256359,2.105991
-0.399900,0.025572,2.105991
0.153381,0.030954,1.960318
-0.392243,-0.052730,1.957855
0.147065,-0.048161,2.083514
-0.137605,0.275455,2.023467
-0.136527,0.209399,2.024018
-0.214068,0.130553,2.009962
-0.057931,0.130158,2.035880
-0.215407,-0.344226,2.154763
-0.048403,-0.346549,2.005031
-0.230525,-0.669611,2.333788
-0.030108,-0.636312,1.894050
-0.270853,-0.726361,2.298088
-0.014627,-0.685736,1.813588
-0.093968,0.745764,1.937614
-0.126665,0.602811,1.991769
-0.299928,0.494838,1.969418
0.053314,0.493138,2.023822
-0.386742,0.245841,1.977733
0.120928,0.248854,2.077659
-0.403346,0.030012,2.077659
0.157989,0.028890,1.951603
-0.396172,-0.048929,1.949610
0.152100,-0.053931,2.065974
-0.129817,0.273314,2.000033
-0.129707,0.207464,2.000473
-0.208695,0.127454,1.987848
-0.051758,0.127717,2.010632
-0.210164,-0.344565,2.143327
-0.045137,-0.344652,1.993367
-0.228073,-0.673485,2.332324
-0.031021,-0.636012,1.893309
-0.272691,-0.727262,2.297221
-0.016349,-0.687245,1.815013
-0.082233,0.743325,1.914487
-0.115239,0.603365,1.973050
-0.291375,0.497018,1.952420
0.064082,0.491194,1.996597
-0.382221,0.250219,1.961228
0.129270,0.245850,2.050052
-0.403730,0.038969,2.050052
0.157953,0.036445,1.938261
-0.398618,-0.041404,1.936766
0.155021,-0.054967,2.029073
-0.120849,0.272241,1.976977
-0.121312,0.206128,1.975530
-0.200719,0.126204,1.963228
-0.044512,0.125917,1.982971
-0.211815,-0.342984,2.137762
-0.038732,-0.337388,1.974565
-0.226768,-0.672575,2.326332
-0.033064,-0.634429,1.890237
-0.275994,-0.727251,2.299923
-0.018213,-0.690734,1.815684
-0.072252,0.744831,1.884798
-0.098595,0.605209,1.945951
-0.280483,0.498926,1.933141
0.074312,0.490743,1.973131
-0.376581,0.254200,1.950068
0.135310,0.240789,2.015821
-0.399444,0.040060,2.015821
0.157093,0.032668,1.927018
-0.393577,-0.036067,1.921479
0.156182,-0.063324,1.989258
-0.111348,0.270954,1.951634
-0.113086,0.204266,1.949957
-0.193537,0.124212,1.939507
-0.038134,0.124487,1.956236
-0.201693,-0.333756,2.092658
-0.034013,-0.329816,1.955298
-0.223629,-0.647555,2.303269
-0.031968,-0.634206,1.884585
-0.283985,-0.727182,2.311718
-0.018838,-0.691238,1.816900
