0.233204,0.459944,2.802157
0.245444,0.298771,2.809700
0.102335,0.190214,2.798429
0.397784,0.177814,2.747558
0.009920,-0.084776,2.799000
0.479434,-0.088035,2.669514
-0.052420,-0.294358,2.669514
0.469255,-0.293258,2.689656
-0.072509,-0.373826,2.626238
0.469002,-0.368499,2.472409
0.241172,-0.073589,2.762691
0.231519,-0.131516,2.699054
0.160381,-0.195080,2.690635
0.298293,-0.197590,2.669095
0.134862,-0.582279,2.522235
0.311271,-0.637743,2.705226
0.108985,-0.808597,2.420198
0.310044,-0.908945,2.711950
0.107900,-0.838756,2.357814
0.297241,-0.921839,2.625518
0.231203,0.462253,2.781180
0.243136,0.300732,2.787435
0.100185,0.192117,2.775292
0.395338,0.180011,2.725670
0.006909,-0.082108,2.777025
0.478304,-0.086006,2.649516
-0.060101,-0.289407,2.649516
0.467934,-0.290497,2.665440
-0.083736,-0.366762,2.599165
0.467357,-0.365462,2.452016
0.238860,-0.071746,2.739976
0.229226,-0.129614,2.676245
0.158053,-0.193028,2.667212
0.296118,-0.195683,2.646982
0.132928,-0.581429,2.500113
0.309050,-0.636139,2.685310
0.104612,-0.808966,2.393315
0.307526,-0.903805,2.698999
0.102830,-0.840170,2.327611
0.296023,-0.915654,2.614362
0.229035,0.464340,2.761467
0.240379,0.302543,2.765612
0.097815,0.193806,2.752864
0.393100,0.181948,2.705754
0.003378,-0.079334,2.755559
0.476945,-0.084063,2.630887
-0.068984,-0.283785,2.630887
0.467009,-0.287743,2.641116
-0.095942,-0.359442,2.572889
0.465975,-0.362420,2.433150
0.236037,-0.069923,2.718188
0.226567,-0.127743,2.654463
0.155170,-0.190980,2.644344
0.293661,-0.193882,2.626099
0.131069,-0.580677,2.479967
0.306180,-0.632930,2.662408
0.100657,-0.809244,2.369133
0.304798,-0.896269,2.682988
0.098356,-0.841322,2.300630
0.294768,-0.907642,2.600118
0.226897,0.466297,2.743437
0.237653,0.304246,2.745737
0.094392,0.195535,2.729874
0.391070,0.183726,2.687966
-0.001780,-0.075964,2.731276
0.475625,-0.082226,2.614161
-0.080663,-0.276881,2.614161
0.466354,-0.285141,2.613757
-0.111798,-0.350096,2.543293
0.464900,-0.359622,2.416350
0.232988,-0.068078,2.698115
0.223925,-0.125817,2.634434
0.152160,-0.188847,2.622714
0.291337,-0.192197,2.607245
0.129233,-0.579785,2.461651
0.303148,-0.629073,2.640181
0.097125,-0.809255,2.347255
0.302015,-0.887734,2.666061
0.094426,-0.842078,2.276378
0.293869,-0.899006,2.584803
0.224665,0.468295,2.726599
0.234653,0.306040,2.726734
0.090833,0.197149,2.708178
0.389134,0.185366,2.671830
-0.007175,-0.072807,2.708461
0.474123,-0.080271,2.598814
-0.092438,-0.270246,2.598814
0.466045,-0.282268,2.588140
-0.127956,-0.340530,2.515294
0.464342,-0.356404,2.400366
0.229568,-0.066118,2.678932
0.221019,-0.123795,2.615347
0.148779,-0.186639,2.601761
0.288879,-0.190518,2.589645
0.127570,-0.579029,2.445158
0.299443,-0.624035,2.615514
0.093893,-0.809300,2.327653
0.297871,-0.877384,2.643510
0.090880,-0.842764,2.254421
0.291874,-0.889012,2.563691
0.222157,0.470177,2.710326
0.231411,0.307789,2.708810
0.086718,0.198543,2.687263
0.386822,0.187083,2.656457
-0.013481,-0.069926,2.685879
0.472489,-0.078312,2.584596
-0.106247,-0.262941,2.584596
0.465991,-0.279442,2.561836
-0.146335,-0.330038,2.486878
0.464391,-0.353111,2.384745
0.226011,-0.064179,2.660885
0.217989,-0.121794,2.597395
0.145287,-0.184487,2.581957
0.286330,-0.188880,2.573198
0.125914,-0.578219,2.430134
0.295638,-0.618361,2.590683
0.090717,-0.808960,2.310354
0.292895,-0.866372,2.619716
0.087835,-0.843213,2.235624
0.288897,-0.878610,2.541058
0.219528,0.472023,2.694764
0.228130,0.309545,2.692134
0.082477,0.199835,2.667080
0.384501,0.188727,2.642270
-0.020713,-0.067083,2.663563
0.470698,-0.076367,2.571518
-0.120983,-0.255897,2.571518
0.466571,-0.276131,2.536882
-0.164690,-0.317179,2.459564
0.465711,-0.348930,2.369399
0.222289,-0.062291,2.643900
0.214866,-0.119855,2.580497
0.141694,-0.182437,2.563167
0.283694,-0.187281,2.557819
0.124363,-0.577587,2.416511
0.291846,-0.612304,2.565494
0.087796,-0.809381,2.294971
0.288171,-0.855161,2.595105
0.084884,-0.844026,2.218159
0.286192,-0.868166,2.517320
0.216204,0.474545,2.677543
0.223391,0.311796,2.673234
0.076859,0.201296,2.644414
0.381240,0.190573,2.627160
-0.031665,-0.062612,2.636308
0.468217,-0.074336,2.558271
-0.143838,-0.243301,2.558271
0.468938,-0.271069,2.505097
-0.190659,-0.297683,2.426964
0.471853,-0.338190,2.351508
0.217261,-0.059878,2.625231
0.210707,-0.117454,2.562097
0.137028,-0.179942,2.542452
0.280287,-0.185426,2.541767
0.122696,-0.577007,2.404007
0.286606,-0.606815,2.537162
0.085280,-0.809519,2.281959
0.282650,-0.844896,2.566195
0.082444,-0.844521,2.203172
0.286675,-0.856869,2.498594
0.213027,0.476903,2.661752
0.218830,0.313952,2.655905
0.071445,0.202626,2.623530
0.377976,0.192361,2.613151
-0.042347,-0.058257,2.611020
0.465630,-0.072343,2.545838
-0.166026,-0.230802,2.545838
0.471781,-0.266066,2.476085
-0.215524,-0.278977,2.397813
0.478974,-0.326816,2.334962
0.212471,-0.057603,2.608186
0.206744,-0.115200,2.545293
0.132613,-0.177630,2.523544
0.277011,-0.183666,2.527076
0.121074,-0.576482,2.392685
0.281704,-0.601633,2.511242
0.083072,-0.809716,2.271238
0.277392,-0.835381,2.538031
0.080409,-0.844965,2.190589
0.278962,-0.845386,2.473924
0.209727,0.479061,2.646647
0.214222,0.315983,2.639661
0.066198,0.203884,2.604145
0.374724,0.194053,2.600171
-0.053294,-0.053835,2.586833
0.463027,-0.070406,2.534086
-0.189790,-0.216578,2.534086
0.475393,-0.260950,2.448724
-0.243173,-0.259819,2.370680
0.487110,-0.315017,2.319952
0.207814,-0.055440,2.592409
0.202921,-0.113065,2.529757
0.128433,-0.175477,2.506168
0.273800,-0.181972,2.513405
0.119511,-0.576053,2.382444
0.277166,-0.597085,2.487520
0.081098,-0.810088,2.262775
0.272833,-0.827071,2.511804
0.078719,-0.845477,2.180381
0.275763,-0.837492,2.447995
0.206528,0.481061,2.632552
0.209743,0.317913,2.624656
0.061181,0.204990,2.585983
0.371546,0.195601,2.588156
-0.064779,-0.049376,2.563881
0.460624,-0.068587,2.523027
-0.217312,-0.200275,2.523027
0.482116,-0.253266,2.423062
-0.271732,-0.240435,2.347585
0.497346,-0.302122,2.305871
0.203348,-0.053437,2.577806
0.199300,-0.111097,2.515372
0.124514,-0.173520,2.490056
0.270756,-0.180400,2.500774
0.117990,-0.575652,2.373181
0.272973,-0.592763,2.465868
0.079588,-0.810069,2.256237
0.267846,-0.819376,2.486840
0.076827,-0.846929,2.175601
0.268091,-0.829855,2.428997
0.203398,0.482942,2.619310
0.205361,0.319782,2.610731
0.056310,0.206047,2.569325
0.368413,0.196981,2.576866
-0.079107,-0.043336,2.541296
0.458679,-0.066572,2.512760
-0.246015,-0.182947,2.512760
0.492739,-0.242622,2.400633
-0.303987,-0.218763,2.328328
0.510543,-0.287455,2.293455
0.199081,-0.051507,2.564279
0.195822,-0.109199,2.502032
0.120801,-0.171692,2.475241
0.267807,-0.178869,2.488940
0.116406,-0.575264,2.364786
0.269047,-0.588681,2.446000
0.078401,-0.809926,2.251569
0.263006,-0.812346,2.463813
0.075159,-0.848559,2.173822
0.260230,-0.823105,2.411558
0.199873,0.484936,2.605727
0.200849,0.321712,2.597110
0.050739,0.207303,2.553765
0.365425,0.198301,2.566177
-0.104083,-0.028479,2.519730
0.460715,-0.059905,2.501515
-0.298897,-0.135607,2.501515
0.525965,-0.209920,2.385715
-0.364830,-0.159968,2.322421
0.544282,-0.245092,2.288351
0.194821,-0.049338,2.551246
0.192298,-0.107027,2.489168
0.116998,-0.169812,2.461087
0.264885,-0.177197,2.477387
0.114849,-0.574929,2.357131
0.265458,-0.584853,2.427818
0.077510,-0.809806,2.248449
0.258574,-0.806002,2.442950
0.070680,-0.844670,2.176690
0.252934,-0.816710,2.396771
0.196374,0.486808,2.592870
0.196562,0.323596,2.584360
0.045164,0.208559,2.539533
0.362727,0.199564,2.556284
-0.130633,-0.010461,2.501244
0.465611,-0.048936,2.490554
-0.351337,-0.078527,2.490554
0.564720,-0.168489,2.376920
-0.429425,-0.089662,2.324075
0.587977,-0.199987,2.284230
0.190795,-0.047097,2.539121
0.188933,-0.104752,2.477178
0.113329,-0.167963,2.447985
0.262163,-0.175513,2.466612
0.113336,-0.574569,2.350209
0.262205,-0.581323,2.411438
0.076889,-0.809497,2.246813
0.254582,-0.800312,2.424260
0.069668,-0.843985,2.175315
0.245988,-0.811076,2.383590
0.192959,0.488478,2.580705
0.192506,0.325334,2.572557
0.039615,0.209823,2.526588
0.360242,0.200806,2.547148
-0.158282,0.012406,2.486048
0.472934,-0.032962,2.479858
-0.400205,-0.003372,2.479858
0.609846,-0.108486,2.375692
-0.473071,-0.033179,2.323982
0.648451,-0.130368,2.284585
0.187033,-0.044891,2.527974
0.185756,-0.102477,2.466132
0.109856,-0.166189,2.435988
0.259635,-0.173851,2.456627
0.111921,-0.574287,2.343968
0.259267,-0.578223,2.396744
0.076509,-0.809330,2.246549
0.251196,-0.795378,2.407709
0.065920,-0.839821,2.180088
0.241739,-0.806689,2.367549
0.189272,0.490104,2.568497
0.188619,0.326970,2.561404
0.034323,0.211071,2.514759
0.357888,0.202287,2.538425
-0.187923,0.046401,2.474036
0.484485,-0.000701,2.469993
-0.457979,0.093272,2.469993
0.658297,-0.016891,2.382317
-0.536795,0.083897,2.345738
0.707233,-0.023729,2.296795
0.183534,-0.042681,2.517631
0.182769,-0.100184,2.455880
0.106606,-0.164471,2.424963
0.257277,-0.172140,2.447280
0.110573,-0.574019,2.338365
0.256590,-0.575415,2.383514
0.075509,-0.809120,2.247469
0.248172,-0.790977,2.392923
0.064284,-0.838722,2.181197
0.237978,-0.802658,2.354589
0.185739,0.491586,2.557144
0.184907,0.328492,2.551036
0.029299,0.212364,2.504031
0.355658,0.203927,2.530242
-0.214098,0.083002,2.464806
0.498056,0.039601,2.461610
-0.492595,0.179983,2.461610
0.702033,0.078458,2.390564
-0.571323,0.156551,2.355630
0.759510,0.083510,2.310623
0.180249,-0.040476,2.508078
0.179933,-0.097858,2.446396
0.103542,-0.162767,2.414838
0.255056,-0.170389,2.438591
0.109261,-0.573786,2.333362
0.254183,-0.572873,2.371605
0.074994,-0.808955,2.249352
0.245333,-0.787027,2.379642
0.061745,-0.833863,2.186468
0.232236,-0.798230,2.344776
0.182284,0.493000,2.546456
0.181487,0.329898,2.541563
0.024373,0.213841,2.494376
0.353557,0.205772,2.522598
-0.238445,0.121764,2.458210
0.510252,0.081330,2.454737
-0.519460,0.263082,2.454737
0.733740,0.178740,2.400176
-0.598914,0.265744,2.377760
0.791159,0.198682,2.332052
0.177194,-0.038272,2.499310
0.177241,-0.095467,2.437660
0.100636,-0.161068,2.405595
0.252961,-0.168565,2.430502
0.107980,-0.573585,2.328911
0.251992,-0.570484,2.360789
0.074651,-0.808826,2.252067
0.242763,-0.783404,2.367677
0.059645,-0.828789,2.192305
0.226606,-0.794468,2.336312
0.179010,0.494311,2.536451
0.178361,0.331199,2.532875
0.019578,0.215451,2.485737
0.351583,0.207828,2.515509
-0.259529,0.160589,2.453607
0.520852,0.127420,2.449584
-0.540095,0.348231,2.449584
0.758604,0.273833,2.411324
-0.616399,0.371242,2.400054
0.818281,0.312219,2.351955
0.174363,-0.036057,2.491259
0.174705,-0.093012,2.429620
0.097900,-0.159372,2.397167
0.250994,-0.166671,2.422982
0.106747,-0.573418,2.324955
0.250004,-0.568406,2.351032
0.074722,-0.808707,2.255441
0.239676,-0.781823,2.357199
0.057749,-0.824169,2.198223
0.224229,-0.796839,2.329108
0.175905,0.495417,2.527133
0.175462,0.332389,2.524904
0.014997,0.217174,2.478036
0.349719,0.210087,2.508961
-0.276567,0.197870,2.450132
0.529419,0.173031,2.445822
-0.552186,0.425432,2.445822
0.774276,0.362438,2.421645
-0.625247,0.468879,2.420890
0.830111,0.420409,2.375538
0.171737,-0.033880,2.483888
0.172324,-0.090563,2.422252
0.095342,-0.157711,2.389503
0.249149,-0.164741,2.416007
0.105552,-0.573116,2.321383
0.248211,-0.566554,2.342211
0.074334,-0.808804,2.258200
0.236704,-0.780848,2.347829
0.059813,-0.824724,2.208189
0.222545,-0.800447,2.323136
0.173004,0.496397,2.518535
0.172798,0.333475,2.517615
0.010592,0.219078,2.471264
0.347986,0.212472,2.502969
-0.291115,0.236112,2.447840
0.536355,0.222009,2.443720
-0.558622,0.495569,2.443720
0.783983,0.445811,2.431758
-0.628040,0.555247,2.439677
0.842027,0.512017,2.394580
0.169299,-0.031718,2.477129
0.170077,-0.088079,2.415483
0.092935,-0.156053,2.382522
0.247403,-0.162727,2.409497
0.104415,-0.572856,2.318218
0.246596,-0.564873,2.334216
0.074540,-0.808409,2.261987
0.234562,-0.778813,2.339097
0.057942,-0.820751,2.215720
0.221051,-0.800211,2.316822
0.170298,0.497258,2.510613
0.170359,0.334469,2.510959
0.006396,0.221081,2.465326
0.346328,0.214973,2.497490
-0.303030,0.272044,2.446300
0.541941,0.266344,2.442401
-0.560475,0.558644,2.442401
0.789494,0.519183,2.441148
-0.622661,0.631606,2.456156
0.851231,0.593025,2.411541
0.167055,-0.029624,2.470964
0.167990,-0.085654,2.409311
0.090704,-0.154449,2.376192
0.245771,-0.160719,2.403494
0.103319,-0.572622,2.315435
0.245131,-0.563323,2.326953
0.074861,-0.808056,2.266016
0.232622,-0.776936,2.331188
0.056033,-0.816675,2.223439
0.218464,-0.800244,2.311677
0.167790,0.498034,2.503340
0.168149,0.335380,2.504920
0.002451,0.223130,2.460109
0.344747,0.217589,2.492497
-0.312389,0.305321,2.445184
0.546054,0.306462,2.441676
-0.557969,0.615933,2.441676
0.789561,0.585100,2.449698
-0.612443,0.699959,2.470809
0.851782,0.665779,2.427171
0.165001,-0.027616,2.465353
0.166065,-0.083310,2.403690
0.088645,-0.152885,2.370433
0.244261,-0.158763,2.397992
0.102245,-0.572290,2.312967
0.243791,-0.561908,2.320372
0.075251,-0.807389,2.270189
0.230885,-0.775836,2.324323
0.053898,-0.813139,2.230805
0.216766,-0.800839,2.305483
0.165488,0.498722,2.496716
0.166143,0.336209,2.499440
-0.001264,0.225236,2.455552
0.343255,0.220351,2.488001
-0.317995,0.335487,2.444244
0.548670,0.342957,2.441302
-0.546531,0.668305,2.441302
0.783980,0.646923,2.456995
-0.591327,0.763186,2.484310
0.844254,0.736908,2.442638
0.163113,-0.025657,2.460226
0.164283,-0.080982,2.398546
0.086730,-0.151306,2.365169
0.242857,-0.156802,2.392911
0.101252,-0.572025,2.310783
0.242568,-0.560623,2.314430
0.075714,-0.806857,2.274489
0.228891,-0.774526,2.318170
0.051933,-0.809827,2.237768
0.215568,-0.803670,2.302367
0.163399,0.499326,2.490712
0.164328,0.336964,2.494474
-0.004683,0.227371,2.451557
0.341866,0.223171,2.483972
-0.321404,0.362689,2.443604
0.550563,0.375170,2.441080
-0.532604,0.713145,2.441080
0.775113,0.698987,2.463249
-0.567796,0.816668,2.495451
0.829875,0.797393,2.456792
0.161392,-0.023766,2.455555
0.162656,-0.078713,2.393855
0.084980,-0.149749,2.360369
0.241573,-0.154864,2.388246
0.100296,-0.571779,2.308886
0.241454,-0.559457,2.309101
0.076193,-0.806366,2.278857
0.227345,-0.773409,2.312604
0.050003,-0.806602,2.244515
0.214998,-0.805634,2.299058
0.161476,0.499851,2.485245
0.162676,0.337646,2.489959
-0.007844,0.229491,2.448070
0.340563,0.225982,2.480368
-0.323268,0.387192,2.443259
0.552041,0.403686,2.440958
-0.513173,0.749098,2.440958
0.763203,0.743904,2.467680
-0.539647,0.859711,2.503648
0.810044,0.849195,2.469258
0.159809,-0.021963,2.451306
0.161156,-0.076534,2.389589
0.083365,-0.148246,2.356019
0.240381,-0.152973,2.383962
0.099373,-0.571551,2.307246
0.240451,-0.558365,2.304328
0.076684,-0.805921,2.283169
0.225939,-0.772416,2.307687
0.048148,-0.803386,2.251025
0.212283,-0.806483,2.296333
0.159736,0.500331,2.480309
0.161179,0.338266,2.485860
-0.010772,0.231613,2.445074
0.339361,0.228743,2.477159
-0.323790,0.409111,2.443174
0.553246,0.428904,2.440886
-0.491530,0.777157,2.440886
0.750579,0.781587,2.470774
-0.509520,0.891717,2.507818
0.788100,0.891822,2.479822
0.158358,-0.020245,2.447447
0.159772,-0.074446,2.385716
0.081868,-0.146794,2.352086
0.239275,-0.151147,2.380032
0.098462,-0.571209,2.305804
0.239536,-0.557402,2.300087
0.077152,-0.805225,2.287356
0.224677,-0.771668,2.303482
0.046871,-0.801374,2.256055
0.211142,-0.807297,2.292639
0.158145,0.500760,2.475830
0.159814,0.338831,2.482132
-0.013444,0.233684,2.442442
0.338247,0.231451,2.474305
-0.323323,0.428538,2.443271
0.554488,0.450999,2.440692
-0.469934,0.798991,2.440692
0.736980,0.811708,2.472654
-0.479754,0.916133,2.510080
0.764200,0.924758,2.487884
0.157020,-0.018621,2.443940
0.158498,-0.072471,2.382200
0.080490,-0.145406,2.348534
0.238246,-0.149404,2.376430
0.097581,-0.570954,2.304565
0.238684,-0.556593,2.296378
0.077439,-0.804755,2.291209
0.223661,-0.771737,2.300244
0.045522,-0.799063,2.260705
0.210346,-0.808575,2.289130
0.156671,0.501155,2.471744
0.158570,0.339344,2.478745
-0.015891,0.235693,2.440160
0.337199,0.234019,2.471737
-0.322190,0.445525,2.443495
0.555653,0.470604,2.440499
-0.449127,0.813730,2.440499
0.723105,0.834025,2.473302
-0.451783,0.933067,2.510439
0.739820,0.947944,2.493708
0.155795,-0.017107,2.440757
0.157331,-0.070631,2.379008
0.079228,-0.144101,2.345323
0.237296,-0.147760,2.373140
0.096728,-0.570737,2.303517
0.237913,-0.555897,2.293174
0.077726,-0.804370,2.294924
0.222609,-0.771581,2.297432
0.044170,-0.796677,2.265264
0.207376,-0.809311,2.288083
0.155324,0.501512,2.468037
0.157443,0.339810,2.475673
-0.018126,0.237588,2.438161
0.336245,0.236363,2.469402
-0.321687,0.460462,2.443609
0.556576,0.486466,2.440606
-0.430591,0.823635,2.440606
0.707975,0.844495,2.473108
-0.428375,0.944319,2.509602
0.718289,0.954493,2.494377
0.154675,-0.015707,2.437873
0.156259,-0.068932,2.376114
0.078068,-0.142897,2.342416
0.236417,-0.146234,2.370134
0.095927,-0.570532,2.302643
0.237220,-0.555282,2.290433
0.077995,-0.804008,2.298566
0.221731,-0.771571,2.295203
0.043827,-0.795483,2.268880
0.205331,-0.810199,2.286767
0.154096,0.501834,2.464674
0.156417,0.340234,2.472881
-0.020161,0.239389,2.436422
0.335379,0.238457,2.467268
-0.321017,0.473249,2.443712
0.557164,0.498605,2.440938
-0.415309,0.827657,2.440938
0.694293,0.847294,2.472046
-0.409341,0.944430,2.506259
0.697650,0.952185,2.493056
0.153647,-0.014420,2.435258
0.155272,-0.067374,2.373490
0.076998,-0.141777,2.339790
0.235600,-0.144840,2.367392
0.095146,-0.570356,2.301947
0.236539,-0.554845,2.288186
0.078161,-0.803713,2.302042
0.221390,-0.771920,2.293846
0.042533,-0.793304,2.273123
0.204713,-0.811163,2.284570
0.152970,0.502129,2.461618
0.155469,0.340625,2.470338
-0.021946,0.240743,2.434595
0.334606,0.240128,2.465264
-0.319754,0.478449,2.443984
0.558355,0.494258,2.439509
-0.408954,0.799325,2.439509
0.688210,0.815894,2.466342
-0.407460,0.907276,2.496084
0.689981,0.917847,2.486636
0.152699,-0.013302,2.432863
0.154376,-0.066046,2.371084
0.076034,-0.140837,2.337370
0.234851,-0.143647,2.364894
0.094368,-0.570252,2.301455
0.235934,-0.554462,2.286348
0.078426,-0.803551,2.305511
0.220845,-0.772348,2.292982
0.041319,-0.791181,2.277517
0.203821,-0.811887,2.282710
0.151943,0.502395,2.458846
0.154603,0.340980,2.468029
-0.023555,0.241937,2.432911
0.333890,0.241609,2.463422
-0.318298,0.477040,2.444211
0.559751,0.481095,2.437359
-0.409648,0.757081,2.437359
0.686253,0.775261,2.459372
-0.417592,0.851888,2.484115
0.689212,0.871764,2.477162
0.151845,-0.012312,2.430686
0.153573,-0.064875,2.368898
0.075172,-0.140011,2.335164
0.234179,-0.142594,2.362629
0.093603,-0.570190,2.301136
0.235391,-0.554162,2.284912
0.078706,-0.803467,2.308880
0.220343,-0.772912,2.292601
0.040238,-0.789169,2.281661
0.203038,-0.812567,2.281006
0.151002,0.502638,2.456326
0.153810,0.341304,2.465932
-0.025014,0.243014,2.431375
0.333224,0.242919,2.461732
-0.317216,0.467065,2.444345
0.562133,0.456351,2.433213
-0.415426,0.698794,2.433213
0.693924,0.710520,2.450298
-0.436737,0.776696,2.469850
0.690305,0.835646,2.469786
0.151069,-0.011423,2.428707
0.152847,-0.063821,2.366911
0.074392,-0.139268,2.333158
0.233570,-0.141650,2.360575
0.092864,-0.570127,2.300956
0.234903,-0.553944,2.283849
0.078774,-0.803399,2.312030
0.219953,-0.773614,2.292680
0.040226,-0.788775,2.284424
0.200342,-0.812213,2.282645
0.150140,0.502860,2.454039
0.153079,0.341596,2.464026
-0.026332,0.243942,2.429980
0.332567,0.244020,2.460152
-0.314754,0.439645,2.443184
0.563071,0.412474,2.426460
-0.429009,0.605895,2.426460
0.704876,0.600336,2.437284
-0.450355,0.713297,2.458582
0.717572,0.701315,2.440896
0.150361,-0.010625,2.426906
0.152184,-0.062873,2.365103
0.073682,-0.138598,2.331334
0.233012,-0.140807,2.358704
0.092113,-0.570122,2.300944
0.234435,-0.553891,2.283172
0.078829,-0.803422,2.315071
0.219684,-0.774582,2.293321
0.040530,-0.787187,2.287405
0.199708,-0.812870,2.281696
0.149357,0.503065,2.451972
0.152408,0.341860,2.462299
-0.027504,0.244707,2.428714
0.331946,0.244960,2.458700
-0.312514,0.405346,2.441336
0.559925,0.360202,2.418996
-0.444987,0.501007,2.418996
0.712757,0.481276,2.423261
-0.482140,0.573117,2.434943
0.742359,0.557690,2.410754
0.149717,-0.009903,2.425269
0.151580,-0.062018,2.363459
0.073037,-0.137992,2.329675
0.232506,-0.140047,2.357003
0.091369,-0.570090,2.301054
0.234014,-0.553910,2.282807
0.078980,-0.803423,2.317961
0.219448,-0.775643,2.294306
0.040865,-0.788957,2.291023
0.198425,-0.812299,2.281482
0.148638,0.503252,2.450107
0.151790,0.342098,2.460735
-0.028547,0.245304,2.427586
0.331251,0.245626,2.457283
-0.309046,0.363699,2.438996
0.555844,0.306468,2.411522
-0.459191,0.392609,2.411522
0.719816,0.365360,2.409185
-0.509640,0.430983,2.412188
0.766245,0.415700,2.381915
0.149122,-0.009269,2.423780
0.151017,-0.061284,2.361960
0.072446,-0.137461,2.328174
0.232027,-0.139384,2.355442
0.090639,-0.570055,2.301278
0.233605,-0.554092,2.282780
0.079038,-0.803734,2.320515
0.219431,-0.777599,2.295657
0.041762,-0.790526,2.292629
0.198285,-0.813483,2.280564
0.147980,0.503424,2.448429
0.151220,0.342313,2.459321
-0.029478,0.245773,2.426603
0.330565,0.246147,2.455966
-0.304118,0.314429,2.436177
0.549597,0.251506,2.404187
-0.469938,0.279613,2.404187
0.723620,0.251336,2.395173
-0.532448,0.291389,2.389582
0.784828,0.277917,2.355777
0.148577,-0.008706,2.422431
0.150500,-0.060644,2.360601
0.071907,-0.136994,2.326817
0.231582,-0.138799,2.354020
0.089929,-0.570028,2.301600
0.233216,-0.554456,2.283097
0.078767,-0.803810,2.323131
0.219516,-0.779616,2.297299
0.044685,-0.795852,2.297642
0.198327,-0.814697,2.279708
0.147379,0.503579,2.446925
0.150696,0.342505,2.458042
-0.030298,0.246120,2.425740
0.329890,0.246532,2.454737
-0.295756,0.263945,2.433604
0.541262,0.197133,2.397525
-0.472432,0.170234,2.397525
0.721917,0.143102,2.382826
-0.543265,0.160567,2.369226
0.795484,0.148577,2.331453
0.148078,-0.008212,2.421207
0.150024,-0.060093,2.359370
0.071416,-0.136589,2.325594
0.231168,-0.138285,2.352725
0.089241,-0.570006,2.302004
0.232862,-0.554858,2.283624
0.078818,-0.804167,2.325448
0.219760,-0.781307,2.299225
0.046320,-0.798521,2.299138
0.197751,-0.813687,2.280277
0.146826,0.503719,2.445572
0.150214,0.342677,2.456889
-0.030935,0.246252,2.424955
0.329228,0.246771,2.453581
-0.285054,0.211771,2.431024
0.531229,0.144853,2.391287
-0.469042,0.063584,2.391287
0.715166,0.041063,2.371222
-0.543343,0.031457,2.350319
0.795493,0.028791,2.309099
0.147619,-0.007797,2.420100
0.149588,-0.059651,2.358255
0.070974,-0.136257,2.324495
0.230781,-0.137845,2.351544
0.088582,-0.569992,2.302485
0.232541,-0.555319,2.284352
0.078886,-0.804513,2.327603
0.220022,-0.783012,2.301270
0.048064,-0.801207,2.300264
0.197191,-0.813215,2.280455
0.146319,0.503847,2.444350
0.149771,0.342830,2.455851
-0.031452,0.246287,2.424270
0.328546,0.246846,2.452464
-0.269837,0.159816,2.428671
0.521120,0.097413,2.385891
-0.458116,-0.035306,2.385891
0.704528,-0.052464,2.360852
-0.533003,-0.087230,2.334069
0.790966,-0.080587,2.289214
0.147200,-0.007448,2.419102
0.149187,-0.059297,2.357250
0.070575,-0.135978,2.323511
0.230414,-0.137478,2.350473
0.087932,-0.570052,2.303084
0.232230,-0.555879,2.285275
0.078875,-0.804766,2.329732
0.220311,-0.784786,2.303478
0.048607,-0.801207,2.303217
0.197407,-0.813792,2.280116
0.145854,0.503964,2.443255
0.149359,0.342964,2.454915
-0.031655,0.246078,2.423523
0.327781,0.246753,2.451339
-0.249378,0.108603,2.426563
0.506474,0.051946,2.381591
-0.426942,-0.137386,2.381591
0.680072,-0.143968,2.352165
-0.493129,-0.211224,2.321007
0.764422,-0.190733,2.270911
0.146808,-0.007202,2.418203
0.148820,-0.059094,2.356344
0.070230,-0.135773,2.322633
0.230060,-0.137192,2.349504
0.087307,-0.570142,2.303753
0.231955,-0.556808,2.286508
0.078870,-0.805041,2.331733
0.220648,-0.786976,2.306067
0.049108,-0.801818,2.305119
0.197914,-0.814813,2.279845
0.145427,0.504069,2.442281
0.148982,0.343084,2.454068
-0.031624,0.245682,2.422771
0.326942,0.246523,2.450219
-0.229286,0.062687,2.424563
0.492865,0.012289,2.377985
-0.389084,-0.226402,2.377985
0.654589,-0.222880,2.345485
-0.444053,-0.317969,2.311976
0.729448,-0.287006,2.256604
0.146440,-0.007070,2.417392
0.148478,-0.059071,2.355525
0.069938,-0.135658,2.321862
0.229705,-0.136993,2.348625
0.086705,-0.570261,2.304486
0.231694,-0.557761,2.287854
0.079010,-0.805346,2.333798
0.221002,-0.789123,2.308690
0.050733,-0.803652,2.306212
0.197089,-0.813671,2.282359
0.145035,0.504165,2.441416
0.148632,0.343189,2.453307
-0.031403,0.245152,2.422026
0.326091,0.246205,2.449141
-0.209821,0.022000,2.422682
0.479926,-0.022569,2.374824
-0.350659,-0.300359,2.374824
0.622229,-0.293244,2.340281
-0.390331,-0.405949,2.305264
0.684877,-0.372161,2.245996
0.146090,-0.007039,2.416666
0.148152,-0.059191,2.354793
0.069687,-0.135618,2.321189
0.229336,-0.136886,2.347829
0.086119,-0.570454,2.305288
0.231475,-0.558813,2.289321
0.079181,-0.805726,2.335668
0.221370,-0.791319,2.311373
0.052601,-0.805809,2.306838
0.197108,-0.812332,2.283978
0.144674,0.504253,2.440643
0.148308,0.343282,2.452620
-0.031018,0.244515,2.421292
0.325182,0.245796,2.448071
-0.191435,-0.013119,2.420947
0.467456,-0.053088,2.372144
-0.313476,-0.361838,2.372144
0.591533,-0.352459,2.336075
-0.341065,-0.476031,2.300425
0.641156,-0.442342,2.239212
0.145762,-0.007093,2.416018
0.147848,-0.059434,2.354141
0.069478,-0.135644,2.320610
0.228963,-0.136855,2.347113
0.085574,-0.570681,2.306118
0.231322,-0.559911,2.290871
0.079233,-0.806098,2.337269
0.221708,-0.793492,2.314037
0.054261,-0.808102,2.306957
0.197314,-0.810821,2.285650
0.144343,0.504333,2.439964
0.148007,0.343363,2.452003
-0.030445,0.243784,2.420541
0.324207,0.245292,2.446974
-0.174758,-0.043606,2.419405
0.455722,-0.079850,2.369802
-0.278510,-0.412754,2.369802
0.562032,-0.402129,2.332716
-0.293804,-0.535342,2.296026
0.599375,-0.499041,2.235136
0.145449,-0.007231,2.415442
0.147555,-0.059797,2.353560
0.069304,-0.135722,2.320113
0.228569,-0.136905,2.346466
0.085048,-0.570933,2.306977
0.231199,-0.561039,2.292476
0.079527,-0.806529,2.339101
0.221994,-0.795620,2.316660
0.055197,-0.808820,2.308071
0.197453,-0.809748,2.286880
0.144036,0.504406,2.439367
0.147723,0.343432,2.451445
-0.029732,0.242980,2.419810
0.323218,0.244721,2.445902
-0.159807,-0.070438,2.418035
0.444935,-0.103399,2.367810
-0.247544,-0.455087,2.367810
0.534374,-0.443243,2.329816
-0.253379,-0.583027,2.292806
0.560860,-0.544773,2.232898
0.145152,-0.007439,2.414929
0.147279,-0.060254,2.353045
0.069166,-0.135851,2.319694
0.228171,-0.137015,2.345885
0.084560,-0.571199,2.307847
0.231103,-0.562193,2.294120
0.079696,-0.806948,2.340651
0.222272,-0.797710,2.319250
0.057408,-0.813009,2.309929
0.197569,-0.807900,2.289065
0.143753,0.504471,2.438850
0.147458,0.343490,2.450945
-0.028877,0.242107,2.419083
0.322199,0.244078,2.444849
-0.146570,-0.094167,2.416796
0.435048,-0.124103,2.366109
-0.220984,-0.489567,2.366109
0.510718,-0.476367,2.327273
-0.219463,-0.620247,2.290243
0.528127,-0.579609,2.231854
0.144874,-0.007714,2.414476
0.147026,-0.060802,2.352589
0.069072,-0.136034,2.319342
0.227776,-0.137175,2.345366
0.084096,-0.571463,2.308724
0.231021,-0.563309,2.295759
0.079907,-0.807356,2.342014
0.222541,-0.799688,2.321748
0.058499,-0.816627,2.311298
0.197676,-0.806145,2.290968
0.143493,0.504530,2.438404
0.147214,0.343541,2.450500
-0.027939,0.241193,2.418388
0.321359,0.243569,2.444001
-0.135072,-0.115204,2.415695
0.426428,-0.142080,2.364702
-0.199987,-0.515284,2.364702
0.490672,-0.501364,2.324661
-0.192193,-0.645043,2.288363
0.502465,-0.605541,2.231325
0.144617,-0.008019,2.414078
0.146810,-0.061376,2.352192
0.069017,-0.136248,2.319053
0.227409,-0.137352,2.344902
0.083674,-0.571703,2.309589
0.230949,-0.564412,2.297392
0.079823,-0.807756,2.343397
0.222826,-0.801588,2.324139
0.061536,-0.822418,2.313891
0.198556,-0.806508,2.291639
0.143253,0.504583,2.438026
0.146984,0.343580,2.450106
-0.026950,0.240229,2.417741
0.320549,0.243040,2.443210
-0.124929,-0.133825,2.414724
0.419279,-0.157484,2.363423
-0.184280,-0.525881,2.363423
0.477895,-0.512965,2.323153
-0.175951,-0.651198,2.286469
0.484134,-0.616118,2.232458
0.144380,-0.008360,2.413732
0.146615,-0.061990,2.351846
0.068990,-0.136495,2.318823
0.227055,-0.137555,2.344486
0.083282,-0.571933,2.310447
0.230895,-0.565439,2.298977
0.079855,-0.808126,2.344658
0.223089,-0.803340,2.326399
0.064276,-0.826776,2.315941
0.198192,-0.804891,2.294188
0.143033,0.504632,2.437712
0.146768,0.343611,2.449757
-0.026174,0.239386,2.417332
0.319840,0.242483,2.442511
-0.117112,-0.148262,2.413826
0.415751,-0.165336,2.362203
-0.189817,-0.508214,2.362203
0.481959,-0.496117,2.321169
-0.190330,-0.615305,2.284946
0.488395,-0.591449,2.235941
0.144183,-0.008687,2.413432
0.146453,-0.062552,2.351548
0.068986,-0.136755,2.318640
0.226744,-0.137755,2.344116
0.082928,-0.572166,2.311301
0.230855,-0.566441,2.300539
0.079894,-0.808483,2.345764
0.223355,-0.805012,2.328577
0.068087,-0.832852,2.318315
0.199022,-0.805354,2.294873
0.142833,0.504676,2.437466
0.146567,0.343635,2.449455
-0.025433,0.238576,2.417009
0.319225,0.241949,2.441918
-0.113076,-0.157314,2.412724
0.415088,-0.164757,2.361619
-0.210367,-0.466759,2.361619
0.499412,-0.452339,2.319973
-0.222114,-0.554546,2.285380
0.511169,-0.542090,2.240205
0.144011,-0.009005,2.413175
0.146321,-0.063086,2.351292
0.069004,-0.137027,2.318501
0.226467,-0.137955,2.343784
0.082608,-0.572387,2.312136
0.230836,-0.567357,2.302043
0.079971,-0.808876,2.346794
0.223617,-0.806537,2.330616
0.070225,-0.836248,2.318637
0.198678,-0.803956,2.297241
0.142661,0.504713,2.437314
0.146380,0.343653,2.449198
-0.024730,0.237801,2.416768
0.318710,0.241425,2.441409
-0.115238,-0.157258,2.411268
0.419772,-0.155327,2.361191
-0.243719,-0.403760,2.361191
0.532337,-0.385574,2.319741
-0.263920,-0.473176,2.289793
0.551097,-0.468879,2.243269
0.143863,-0.009292,2.412957
0.146211,-0.063559,2.351076
0.069034,-0.137288,2.318392
0.226222,-0.138148,2.343493
0.082308,-0.572574,2.312943
0.230832,-0.568231,2.303505
0.080037,-0.809277,2.347743
0.224241,-0.808005,2.332408
0.072210,-0.839420,2.318678
0.200562,-0.804916,2.297323
0.142519,0.504744,2.437264
0.146205,0.343664,2.448985
-0.024092,0.237048,2.416609
0.318258,0.240907,2.440967
-0.123530,-0.148043,2.409877
0.426924,-0.139777,2.361509
-0.288907,-0.317661,2.361509
0.572039,-0.300575,2.321150
-0.324243,-0.362000,2.291893
0.605649,-0.368588,2.248288
0.143736,-0.009571,2.412777
0.146119,-0.064008,2.350897
0.069074,-0.137549,2.318317
0.226001,-0.138348,2.343239
0.082031,-0.572748,2.313728
0.230839,-0.569065,2.304923
0.079998,-0.809597,2.348629
0.226628,-0.809366,2.334700
0.073365,-0.839053,2.319817
0.203374,-0.809517,2.300956
0.142389,0.504770,2.437255
0.146054,0.343664,2.448827
-0.023509,0.236305,2.416500
0.317914,0.240407,2.440613
-0.140807,-0.121662,2.409155
0.443174,-0.104511,2.364402
-0.344172,-0.194206,2.364402
0.624486,-0.176720,2.326987
-0.365351,-0.274914,2.295083
0.681533,-0.205588,2.257744
0.143628,-0.009821,2.412630
0.146044,-0.064399,2.350747
0.069115,-0.137795,2.318267
0.225816,-0.138525,2.343011
0.081774,-0.572900,2.314485
0.230866,-0.569715,2.306222
0.080132,-0.809894,2.349499
0.227223,-0.810478,2.336352
0.075167,-0.840994,2.319813
0.203326,-0.808563,2.303964
0.142287,0.504800,2.437291
0.145916,0.343656,2.448713
-0.022978,0.235609,2.416435
0.317671,0.240037,2.440348
-0.162528,-0.078032,2.409997
0.463185,-0.052728,2.369222
-0.406839,-0.050917,2.369222
0.673083,-0.035603,2.330838
-0.415891,-0.165285,2.298705
0.737715,-0.034322,2.274014
0.143547,-0.010028,2.412515
0.145996,-0.064724,2.350629
0.069167,-0.138005,2.318239
0.225674,-0.138667,2.342813
0.081540,-0.573044,2.315215
0.230919,-0.570277,2.307467
0.080078,-0.810184,2.350316
0.227787,-0.811473,2.337872
0.076542,-0.843588,2.320688
0.203041,-0.807687,2.306608
0.142204,0.504829,2.437372
0.145794,0.343645,2.448639
-0.022498,0.234985,2.416408
0.317500,0.239703,2.440144
-0.183464,-0.033457,2.411232
0.483423,0.006436,2.374903
-0.457853,0.081888,2.374903
0.712931,0.092887,2.334498
-0.485647,0.018333,2.309170
0.783664,0.107867,2.287620
0.143490,-0.010210,2.412433
0.145971,-0.065011,2.350545
0.069228,-0.138194,2.318230
0.225566,-0.138795,2.342649
0.081329,-0.573157,2.315912
0.230992,-0.570764,2.308659
0.080193,-0.810439,2.351097
0.228294,-0.812364,2.339279
0.077937,-0.846063,2.321567
0.203024,-0.807174,2.308593
0.142134,0.504854,2.437489
0.145684,0.343628,2.448597
-0.022069,0.234437,2.416425
0.317412,0.239450,2.440009
-0.201428,0.014425,2.413334
0.501378,0.062795,2.380609
-0.490087,0.191694,2.380609
0.744972,0.205761,2.339970
-0.534320,0.172912,2.317748
0.823203,0.233159,2.300020
0.143455,-0.010367,2.412384
0.145968,-0.065257,2.350497
0.069299,-0.138362,2.318249
0.225486,-0.138907,2.342516
0.081140,-0.573257,2.316582
0.231072,-0.571213,2.309796
0.080206,-0.811161,2.351722
0.228749,-0.813185,2.340573
0.079190,-0.848513,2.320790
0.203892,-0.807859,2.309284
0.142080,0.504878,2.437637
0.145586,0.343608,2.448582
-0.021680,0.233962,2.416496
0.317421,0.239336,2.439975
-0.217540,0.059847,2.415047
0.516673,0.116834,2.386618
-0.516877,0.289898,2.386618
0.772477,0.309150,2.344953
-0.567150,0.301597,2.326516
0.855174,0.343098,2.311589
0.143443,-0.010491,2.412372
0.145990,-0.065449,2.350492
0.069380,-0.138501,2.318301
0.225438,-0.138990,2.342418
0.080972,-0.573328,2.317224
0.231162,-0.571589,2.310885
0.080013,-0.811464,2.352353
0.229181,-0.813917,2.341755
0.080597,-0.851720,2.321619
0.203671,-0.806658,2.311315
0.142037,0.504899,2.437811
0.145525,0.343584,2.448614
-0.021316,0.233545,2.416607
0.317515,0.239339,2.440017
-0.233273,0.107983,2.415927
0.529160,0.166993,2.392357
-0.538302,0.379039,2.392357
0.789356,0.397703,2.349394
-0.592790,0.414697,2.334210
0.878111,0.436892,2.322750
0.143458,-0.010586,2.412398
0.146035,-0.065598,2.350525
0.069472,-0.138610,2.318393
0.225413,-0.139053,2.342346
0.080822,-0.573396,2.317841
0.231262,-0.571927,2.311923
0.079916,-0.811748,2.352955
0.229574,-0.814584,2.342854
0.080159,-0.849828,2.322199
0.204557,-0.807266,2.311681
0.142024,0.504914,2.438018
0.145492,0.343558,2.448683
-0.020976,0.233275,2.416844
0.317742,0.239599,2.440218
-0.245053,0.156357,2.417836
0.538396,0.220288,2.398248
-0.550059,0.462210,2.398248
0.799351,0.481453,2.354276
-0.608453,0.519827,2.342447
0.893066,0.527759,2.335163
0.143508,-0.010633,2.412474
0.146113,-0.065675,2.350615
0.069582,-0.138670,2.318541
0.225418,-0.139076,2.342306
0.080688,-0.573456,2.318436
0.231408,-0.572122,2.312928
0.079897,-0.812009,2.353497
0.229929,-0.815132,2.343863
0.079328,-0.847859,2.322898
0.205171,-0.807523,2.312218
0.142029,0.504930,2.438231
0.145478,0.343533,2.448775
-0.020667,0.233179,2.417236
0.318015,0.239978,2.440499
-0.255081,0.202382,2.419303
0.545825,0.268723,2.403499
-0.557163,0.535200,2.403499
0.806234,0.554645,2.358894
-0.618991,0.610171,2.349999
0.896472,0.611661,2.347456
0.143583,-0.010634,2.412592
0.146214,-0.065688,2.350752
0.069705,-0.138675,2.318739
0.225443,-0.139063,2.342299
0.080569,-0.573512,2.319010
0.231554,-0.572292,2.313882
0.079883,-0.812256,2.354001
0.230276,-0.815632,2.344791
0.078271,-0.845522,2.323539
0.206214,-0.808168,2.312099
0.142058,0.504935,2.438433
0.145490,0.343511,2.448868
-0.020393,0.233521,2.418215
0.318288,0.240458,2.440742
-0.263357,0.246720,2.421172
0.551595,0.312055,2.407739
-0.559389,0.600987,2.407739
0.807754,0.620795,2.364248
-0.622948,0.691531,2.358609
0.898440,0.684707,2.357337
0.143704,-0.010593,2.412738
0.146327,-0.065650,2.350912
0.069837,-0.138635,2.318987
0.225470,-0.139013,2.342285
0.080471,-0.573551,2.319546
0.231669,-0.572489,2.314708
0.079834,-0.812481,2.354450
0.230664,-0.816108,2.345618
0.079328,-0.846870,2.324440
0.207612,-0.809186,2.311415
0.142099,0.504932,2.438623
0.145498,0.343483,2.448935
-0.020143,0.234127,2.419479
0.318569,0.241044,2.440997
-0.270013,0.287136,2.422949
0.556007,0.350543,2.411244
-0.558196,0.662697,2.411244
0.807290,0.678371,2.369538
-0.621939,0.764941,2.367218
0.899018,0.748290,2.366395
0.143837,-0.010512,2.412899
0.146438,-0.065556,2.351093
0.069963,-0.138530,2.319302
0.225494,-0.138924,2.342273
0.080387,-0.573585,2.320055
0.231782,-0.572656,2.315467
0.079836,-0.812692,2.354861
0.231005,-0.816540,2.346352
0.078122,-0.844457,2.325147
0.208588,-0.809896,2.311059
0.142159,0.504922,2.438808
0.145518,0.343457,2.449003
-0.019828,0.235104,2.421041
0.318845,0.241762,2.441257
-0.272906,0.325665,2.424805
0.558382,0.387216,2.414103
-0.546316,0.716846,2.414103
0.801975,0.732809,2.375243
-0.604238,0.830195,2.376693
0.889841,0.808136,2.375424
0.143986,-0.010378,2.413078
0.146549,-0.065388,2.351299
0.070087,-0.138323,2.319700
0.225514,-0.138766,2.342269
0.080335,-0.573479,2.320537
0.231886,-0.572795,2.316148
0.079843,-0.812840,2.355182
0.231303,-0.816925,2.347007
0.078168,-0.843918,2.324047
0.209835,-0.811005,2.309863
0.142233,0.504907,2.438997
0.145545,0.343430,2.449072
-0.019519,0.236266,2.422736
0.319111,0.242559,2.441529
-0.274714,0.360028,2.426540
0.559784,0.420009,2.416520
-0.528671,0.762282,2.416520
0.791313,0.779309,2.380911
-0.580074,0.884620,2.385727
0.871443,0.859704,2.383956
0.144144,-0.010215,2.413269
0.146661,-0.065179,2.351520
0.070210,-0.138073,2.320138
0.225533,-0.138566,2.342269
0.080303,-0.573344,2.320994
0.231992,-0.572905,2.316773
0.079924,-0.812927,2.355492
0.231596,-0.817265,2.347588
0.078412,-0.843319,2.322950
0.210824,-0.811818,2.309081
0.142314,0.504888,2.439185
0.145575,0.343404,2.449136
-0.019217,0.237632,2.424574
0.319384,0.243418,2.441814
-0.275737,0.390626,2.428149
0.560515,0.449429,2.418525
-0.506333,0.798585,2.418525
0.779185,0.820092,2.386259
-0.551370,0.927265,2.393813
0.851175,0.903679,2.391522
0.144312,-0.010010,2.413473
0.146775,-0.064907,2.351762
0.070330,-0.137758,2.320620
0.225556,-0.138317,2.342276
0.080279,-0.573252,2.321412
0.232101,-0.572985,2.317345
0.080010,-0.813031,2.355777
0.231849,-0.817565,2.348095
0.078013,-0.843250,2.322929
0.211737,-0.812637,2.308159
0.142407,0.504864,2.439375
0.145614,0.343378,2.449203
-0.018928,0.239153,2.426507
0.319665,0.244348,2.442115
-0.276073,0.417958,2.429645
0.560750,0.475573,2.420225
-0.480708,0.826747,2.420225
0.759992,0.850692,2.391236
-0.515067,0.958811,2.400842
0.825759,0.938074,2.397468
0.144493,-0.009771,2.413690
0.146893,-0.064587,2.352020
0.070448,-0.137399,2.321137
0.225584,-0.138026,2.342288
0.080283,-0.573136,2.321806
0.232216,-0.573033,2.317870
0.080061,-0.813157,2.356026
0.232093,-0.817821,2.348535
0.078107,-0.843046,2.321639
0.212110,-0.811485,2.308004
0.142505,0.504838,2.439558
0.145657,0.343352,2.449268
-0.018650,0.240815,2.428517
0.319950,0.245329,2.442427
-0.275740,0.442436,2.431072
0.560559,0.498862,2.421663
-0.452644,0.847110,2.421663
0.739092,0.873794,2.395658
-0.477651,0.980657,2.406519
0.797405,0.963918,2.402517
0.144679,-0.009498,2.413918
0.147010,-0.064217,2.352294
0.070561,-0.136990,2.321690
0.225614,-0.137694,2.342305
0.080292,-0.573028,2.322174
0.232336,-0.573054,2.318350
0.080113,-0.813247,2.356274
0.232317,-0.818041,2.348919
0.076473,-0.840418,2.321652
0.212463,-0.810846,2.307844
0.142613,0.504807,2.439741
0.145709,0.343327,2.449337
-0.018380,0.242575,2.430574
0.320239,0.246340,2.442744
-0.274858,0.464237,2.432421
0.559863,0.519554,2.422848
-0.423615,0.860602,2.422848
0.717200,0.889900,2.399244
-0.439701,0.993877,2.411130
0.767034,0.981730,2.406404
0.144874,-0.009194,2.414156
0.147129,-0.063804,2.352582
0.070671,-0.136543,2.322265
0.225647,-0.137326,2.342327
0.080320,-0.572850,2.322524
0.232458,-0.573055,2.318789
0.080193,-0.813284,2.356498
0.232532,-0.818229,2.349248
0.076481,-0.841301,2.321687
0.214487,-0.808820,2.307580
0.142726,0.504775,2.439922
0.145756,0.343305,2.449397
-0.018123,0.244400,2.432651
0.320526,0.247380,2.443056
-0.273465,0.483575,2.433684
0.558514,0.537337,2.423853
-0.394815,0.868329,2.423853
0.694796,0.898453,2.402604
-0.402874,1.000108,2.415145
0.736256,0.991865,2.409066
0.145073,-0.008865,2.414398
0.147247,-0.063361,2.352874
0.070776,-0.136067,2.322856
0.225681,-0.136931,2.342349
0.080339,-0.572726,2.322851
0.232586,-0.573034,2.319192
0.080274,-0.813344,2.356707
0.232723,-0.818387,2.349528
0.074846,-0.838696,2.321912
0.215914,-0.807487,2.307393
0.142845,0.504741,2.440100
0.145813,0.343285,2.449458
-0.017833,0.246224,2.434660
0.320817,0.248438,2.443367
-0.271539,0.500565,2.434887
0.556727,0.552442,2.424581
-0.367408,0.871155,2.424581
0.673165,0.901792,2.405497
-0.367990,1.000383,2.418609
0.706702,0.996173,2.410818
0.145275,-0.008520,2.414643
0.147365,-0.062897,2.353170
0.070880,-0.135569,2.323460
0.225716,-0.136518,2.342371
0.080381,-0.572635,2.323159
0.232715,-0.572996,2.319559
0.080344,-0.813421,2.356902
0.232551,-0.818432,2.349704
0.074073,-0.836352,2.321325
0.217617,-0.810643,2.308445
0.142973,0.504706,2.440279
0.145878,0.343267,2.449522
-0.017551,0.248040,2.436629
0.321107,0.249495,2.443667
-0.268942,0.515057,2.436065
0.554894,0.564783,2.425047
-0.342526,0.869153,2.425047
0.653264,0.899413,2.408016
-0.338634,0.995576,2.421174
0.679079,0.993513,2.411526
0.145479,-0.008164,2.414888
0.147481,-0.062418,2.353468
0.070980,-0.135059,2.324065
0.225751,-0.136093,2.342392
0.080444,-0.572506,2.323454
0.232847,-0.572943,2.319894
0.080415,-0.813477,2.357060
0.232584,-0.818517,2.349904
0.073821,-0.835525,2.320058
0.219392,-0.812724,2.309178
0.143113,0.504667,2.440460
0.145947,0.343250,2.449585
-0.017255,0.249785,2.438487
0.321404,0.250518,2.443941
-0.265674,0.526706,2.437195
0.552710,0.573259,2.425220
-0.322638,0.865903,2.425220
0.635794,0.892287,2.409744
-0.313915,0.987352,2.422898
0.654567,0.985712,2.411542
0.145680,-0.007806,2.415129
0.147594,-0.061939,2.353757
0.071077,-0.134546,2.324665
0.225785,-0.135672,2.342409
0.080512,-0.572406,2.323733
0.232980,-0.572877,2.320200
0.080496,-0.813542,2.357211
0.232614,-0.818586,2.350068
0.072255,-0.832342,2.320628
0.221252,-0.815093,2.309983
0.143252,0.504632,2.440627
0.146023,0.343234,2.449648
-0.016960,0.251485,2.440272
0.321722,0.251487,2.444190
-0.262243,0.535419,2.438192
0.550709,0.578287,2.425045
-0.306399,0.860133,2.425045
0.622014,0.880821,2.410938
-0.295581,0.977360,2.424924
0.635370,0.972947,2.411501
0.145882,-0.007445,2.415366
0.147705,-0.061458,2.354042
0.071169,-0.134032,2.325259
0.225818,-0.135257,2.342425
0.080582,-0.572317,2.323997
0.233090,-0.572848,2.320479
0.080543,-0.813601,2.357351
0.232664,-0.818678,2.350243
0.071113,-0.828739,2.320703
0.222383,-0.816587,2.309071
0.143397,0.504598,2.440790
0.146104,0.343219,2.449711
-0.016681,0.253122,2.441978
0.322063,0.252374,2.444403
-0.259737,0.542236,2.438867
0.549770,0.576561,2.424294
-0.295449,0.844750,2.424294
0.612904,0.862379,2.411036
-0.284224,0.956723,2.425460
0.622816,0.955221,2.411418
0.146088,-0.007082,2.415600
0.147818,-0.060980,2.354321
0.071265,-0.133532,2.325831
0.225859,-0.134859,2.342438
0.080664,-0.572227,2.324247
0.233197,-0.572817,2.320735
0.080564,-0.813659,2.357476
0.232726,-0.818763,2.350387
0.072353,-0.829991,2.321448
0.223571,-0.818152,2.307848
0.143549,0.504563,2.440948
0.146189,0.343205,2.449774
-0.016395,0.254467,2.443411
0.322386,0.253147,2.444587
-0.257027,0.542045,2.439281
0.549143,0.565377,2.422857
-0.291092,0.827841,2.422857
0.608702,0.838112,2.411186
-0.283013,0.929335,2.425379
0.616258,0.931388,2.409621
0.146287,-0.006757,2.415814
0.147935,-0.060563,2.354568
0.071373,-0.133100,2.326351
0.225906,-0.134503,2.342445
0.080761,-0.572135,2.324484
0.233306,-0.572778,2.320968
0.080688,-0.813727,2.357584
0.232797,-0.818837,2.350505
0.072566,-0.829477,2.320386
0.224623,-0.819378,2.307047
0.143706,0.504527,2.441101
0.146280,0.343192,2.449838
-0.016135,0.255695,2.444732
0.322714,0.253827,2.444751
-0.254521,0.537781,2.439667
0.549474,0.550516,2.421126
-0.294048,0.801462,2.421126
0.609183,0.809078,2.410039
-0.292888,0.892121,2.423076
0.616611,0.898473,2.405890
0.146484,-0.006442,2.416019
0.148052,-0.060164,2.354804
0.071478,-0.132696,2.326838
0.225956,-0.134174,2.342448
0.080882,-0.572065,2.324722
0.233412,-0.572738,2.321182
0.080765,-0.813800,2.357699
0.232865,-0.818904,2.350611
0.071861,-0.828574,2.319964
0.225727,-0.820869,2.305629
0.143868,0.504492,2.441248
0.146377,0.343180,2.449903
-0.015899,0.256750,2.445895
0.323029,0.254412,2.444884
-0.252971,0.527293,2.440017
0.551442,0.530039,2.418972
-0.305168,0.766093,2.418972
0.614817,0.766240,2.407922
-0.313173,0.843074,2.418274
0.622205,0.855431,2.401127
0.146680,-0.006153,2.416208
0.148169,-0.059805,2.355016
0.071583,-0.132340,2.327276
0.226012,-0.133877,2.342447
0.081016,-0.571985,2.324952
0.233534,-0.572666,2.321375
0.080885,-0.813870,2.357818
0.232940,-0.818945,2.350688
0.072304,-0.830507,2.320055
0.226669,-0.822017,2.304620
0.144033,0.504458,2.441388
0.146482,0.343169,2.449970
-0.015689,0.257655,2.446913
0.323360,0.254897,2.444989
-0.250791,0.506412,2.440814
0.554568,0.506153,2.416401
-0.319799,0.716372,2.416401
0.625001,0.719716,2.405276
-0.343085,0.784170,2.411419
0.635497,0.805707,2.394793
0.146874,-0.005900,2.416378
0.148287,-0.059494,2.355204
0.071689,-0.132033,2.327669
0.226073,-0.133620,2.342441
0.081157,-0.571909,2.325173
0.233638,-0.572622,2.321554
0.080895,-0.813932,2.357943
0.233036,-0.819002,2.350747
0.073289,-0.833037,2.320425
0.227769,-0.823488,2.302999
0.144206,0.504427,2.441522
0.146599,0.343160,2.450037
-0.015495,0.258470,2.447839
0.323708,0.255308,2.445071
-0.249834,0.483543,2.441206
0.558431,0.474240,2.413265
-0.336107,0.659441,2.413265
0.639942,0.666516,2.402731
-0.378955,0.719487,2.403499
0.653581,0.749122,2.387311
0.147065,-0.005664,2.416535
0.148404,-0.059208,2.355376
0.071791,-0.131755,2.328029
0.226139,-0.133386,2.342429
0.081303,-0.571835,2.325386
0.233741,-0.572575,2.321717
0.080948,-0.813990,2.358061
0.233138,-0.819053,2.350804
0.074456,-0.836011,2.320878
0.229828,-0.821779,2.303386
0.144377,0.504394,2.441643
0.146725,0.343151,2.450103
-0.015312,0.259194,2.448680
0.324109,0.255579,2.445104
-0.251265,0.456056,2.441087
0.563139,0.437209,2.409811
-0.357906,0.594890,2.409811
0.657959,0.603648,2.399886
-0.416998,0.649003,2.394150
0.677812,0.680142,2.378699
0.147255,-0.005454,2.416676
0.148517,-0.058953,2.355529
0.071887,-0.131512,2.328357
0.226212,-0.133181,2.342408
0.081451,-0.571756,2.325592
0.233849,-0.572519,2.321867
0.081023,-0.814051,2.358157
0.233239,-0.819093,2.350847
0.075512,-0.838870,2.321284
0.231235,-0.820911,2.303324
0.144551,0.504363,2.441752
0.146863,0.343143,2.450167
-0.015132,0.259820,2.449444
0.324554,0.255660,2.445068
-0.252995,0.424095,2.440531
0.567307,0.397178,2.406081
-0.380064,0.528135,2.406081
0.677600,0.536968,2.396858
-0.453777,0.568029,2.385235
0.705082,0.609143,2.369185
0.147443,-0.005272,2.416798
0.148628,-0.058731,2.355663
0.071979,-0.131300,2.328652
0.226295,-0.133007,2.342371
0.081603,-0.571687,2.325796
0.233963,-0.572473,2.322007
0.081176,-0.814130,2.358281
0.233332,-0.819142,2.350882
0.076595,-0.842060,2.321820
0.231982,-0.819658,2.302910
0.144729,0.504335,2.441852
0.147012,0.343134,2.450231
-0.014953,0.260349,2.450136
0.325013,0.255615,2.444983
-0.254279,0.386996,2.440085
0.569870,0.352072,2.402234
-0.402724,0.457076,2.402234
0.696701,0.467769,2.392598
-0.486314,0.481703,2.376500
0.733337,0.534340,2.358541
0.147636,-0.005114,2.416907
0.148743,-0.058537,2.355781
0.072072,-0.131116,2.328922
0.226389,-0.132862,2.342326
0.081764,-0.571645,2.326002
0.234077,-0.572430,2.322136
0.081317,-0.814239,2.358405
0.233416,-0.819189,2.350917
0.078099,-0.844118,2.322539
0.232939,-0.820147,2.301688
0.144919,0.504310,2.441944
0.147167,0.343125,2.450296
-0.014774,0.260781,2.450762
0.325505,0.255406,2.444838
-0.255422,0.347245,2.439413
0.572533,0.308614,2.398335
-0.426031,0.381600,2.398335
0.716183,0.397195,2.386620
-0.517478,0.392869,2.365557
0.760724,0.457266,2.347022
0.147831,-0.004974,2.417005
0.148860,-0.058365,2.355886
0.072167,-0.130956,2.329166
0.226489,-0.132738,2.342275
0.081926,-0.571622,2.326209
0.234197,-0.572376,2.322254
0.081484,-0.814382,2.358535
0.233490,-0.819226,2.350946
0.079400,-0.846966,2.323372
0.233212,-0.818451,2.301488
0.145112,0.504286,2.442028
0.147335,0.343116,2.450357
-0.014589,0.261097,2.451319
0.326039,0.254761,2.444475
-0.255790,0.306531,2.438552
0.573801,0.263261,2.394352
-0.445559,0.305995,2.394352
0.733275,0.326621,2.380806
-0.545110,0.305877,2.354542
0.784208,0.375685,2.335375
0.148034,-0.004865,2.417085
0.148980,-0.058225,2.355973
0.072262,-0.130823,2.329385
0.226599,-0.132656,2.342205
0.082094,-0.571612,2.326416
0.234292,-0.572355,2.322366
0.081609,-0.814528,2.358662
0.233571,-0.819294,2.350993
0.079310,-0.846229,2.323881
0.233896,-0.818884,2.300417
0.145305,0.504263,2.442101
0.147498,0.343106,2.450409
-0.014389,0.261295,2.451801
0.326568,0.254015,2.444061
-0.254233,0.263011,2.437533
0.572006,0.217436,2.390594
-0.460495,0.227980,2.390594
0.746183,0.254435,2.375017
-0.565954,0.217140,2.343110
0.804435,0.290782,2.322729
0.148236,-0.004781,2.417147
0.149104,-0.058117,2.356041
0.072361,-0.130723,2.329576
0.226712,-0.132601,2.342125
0.082280,-0.571649,2.326631
0.234383,-0.572332,2.322466
0.081774,-0.814786,2.358766
0.233623,-0.819352,2.351019
0.079989,-0.847621,2.323192
0.234012,-0.817242,2.300315
0.145498,0.504240,2.442164
0.147665,0.343094,2.450454
-0.014152,0.261379,2.452189
0.327013,0.253202,2.443571
-0.250922,0.219955,2.436561
0.569067,0.175027,2.387333
-0.469302,0.149323,2.387333
0.755803,0.182598,2.368484
-0.573032,0.119068,2.333836
0.819861,0.205539,2.309095
0.148443,-0.004734,2.417186
0.149234,-0.058056,2.356081
0.072466,-0.130652,2.329742
0.226822,-0.132579,2.342033
0.082471,-0.571702,2.326844
0.234477,-0.572354,2.322563
0.082084,-0.815076,2.358968
0.233740,-0.819496,2.351059
0.085502,-0.850556,2.325000
0.234597,-0.817865,2.299161
0.145693,0.504220,2.442214
0.147834,0.343082,2.450493
-0.013842,0.261341,2.452468
0.327431,0.252334,2.443046
-0.242148,0.172489,2.436687
0.562037,0.130690,2.384263
-0.466206,0.058493,2.384263
0.755105,0.099032,2.361542
-0.564240,0.009307,2.323389
0.823218,0.107108,2.295183
0.148658,-0.004717,2.417203
0.149378,-0.058036,2.356096
0.072597,-0.130619,2.329874
0.226936,-0.132580,2.341931
0.082665,-0.571766,2.327054
0.234569,-0.572386,2.322653
0.082415,-0.815506,2.358997
0.233460,-0.820000,2.351260
0.087143,-0.852294,2.324022
0.235275,-0.822025,2.300857
0.145886,0.504204,2.442255
0.148011,0.343070,2.450523
-0.013434,0.261137,2.452591
0.327821,0.251422,2.442495
-0.233070,0.129419,2.436750
0.554931,0.090896,2.381588
-0.455973,-0.026006,2.381588
0.749708,0.019116,2.355136
-0.544301,-0.093209,2.314725
0.817637,0.007846,2.281235
0.148880,-0.004731,2.417198
0.149536,-0.058057,2.356083
0.072747,-0.130618,2.329972
0.227052,-0.132605,2.341821
0.082862,-0.571840,2.327258
0.234659,-0.572429,2.322736
0.082738,-0.815844,2.359146
0.233452,-0.820211,2.351335
0.087437,-0.851519,2.324460
0.235650,-0.823486,2.300114
0.146084,0.504192,2.442289
0.148195,0.343058,2.450547
-0.012823,0.260802,2.452479
0.328177,0.250474,2.441911
-0.222794,0.089752,2.436639
0.547036,0.054410,2.379104
-0.438403,-0.104350,2.379104
0.739489,-0.056030,2.350278
-0.515404,-0.188254,2.307846
0.805305,-0.085806,2.269001
0.149108,-0.004781,2.417168
0.149714,-0.058131,2.356037
0.072924,-0.130651,2.330036
0.227171,-0.132653,2.341700
0.083033,-0.571884,2.327436
0.234753,-0.572497,2.322814
0.082806,-0.816104,2.359287
0.233456,-0.820451,2.351402
0.089254,-0.854058,2.325038
0.236040,-0.825080,2.299229
0.146282,0.504184,2.442315
0.148368,0.343045,2.450557
-0.012164,0.260389,2.452275
0.328393,0.249515,2.441243
-0.211720,0.053486,2.436490
0.538169,0.020956,2.376841
-0.416571,-0.174680,2.376841
0.725373,-0.126341,2.346252
-0.478393,-0.273817,2.303872
0.785444,-0.174490,2.258208
0.149344,-0.004867,2.417113
0.149900,-0.058252,2.355963
0.073116,-0.130709,2.330074
0.227284,-0.132723,2.341569
0.083201,-0.571940,2.327607
0.234847,-0.572586,2.322886
0.082840,-0.816378,2.359442
0.233463,-0.820711,2.351467
0.089705,-0.852002,2.325394
0.236362,-0.826757,2.298252
0.146481,0.504178,2.442333
0.148540,0.343031,2.450560
-0.011418,0.259934,2.451940
0.328567,0.248540,2.440546
-0.200396,0.020996,2.436345
0.528887,-0.009243,2.374787
-0.390553,-0.238329,2.374787
0.706796,-0.189601,2.342581
-0.437030,-0.348407,2.301487
0.758576,-0.254911,2.250680
0.149582,-0.004982,2.417039
0.150096,-0.058414,2.355863
0.073334,-0.130799,2.330084
0.227395,-0.132811,2.341432
0.083367,-0.572005,2.327771
0.234940,-0.572680,2.322950
0.082909,-0.816646,2.359598
0.233494,-0.820975,2.351525
0.090799,-0.854264,2.326247
0.236698,-0.828045,2.297540
0.146676,0.504175,2.442340
0.148710,0.343017,2.450554
-0.010610,0.259439,2.451504
0.328660,0.247546,2.439783
-0.188964,-0.008140,2.436015
0.519531,-0.036194,2.372990
-0.362210,-0.294015,2.372990
0.685256,-0.246532,2.339912
-0.391058,-0.413637,2.301506
0.726465,-0.325964,2.245054
0.149827,-0.005132,2.416939
0.150303,-0.058626,2.355732
0.073573,-0.130917,2.330070
0.227499,-0.132918,2.341282
0.083533,-0.572078,2.327927
0.235023,-0.572753,2.323004
0.083131,-0.816988,2.359632
0.233522,-0.821202,2.351573
0.091289,-0.856120,2.326838
0.236998,-0.829260,2.296819
0.146873,0.504173,2.442327
0.148880,0.343003,2.450539
-0.009708,0.258927,2.450926
0.328705,0.246566,2.438997
-0.177608,-0.034048,2.435498
0.510016,-0.060137,2.371403
-0.331216,-0.341569,2.371403
0.661447,-0.295712,2.338336
-0.345635,-0.467583,2.302171
0.691836,-0.387474,2.241354
0.150073,-0.005318,2.416816
0.150518,-0.058890,2.355573
0.073836,-0.131067,2.330031
0.227597,-0.133045,2.341123
0.083694,-0.572157,2.328074
0.235105,-0.572829,2.323051
0.083380,-0.817348,2.359644
0.233552,-0.821427,2.351619
0.092171,-0.857183,2.325745
0.237276,-0.830437,2.296092
0.147065,0.504172,2.442303
0.149049,0.342988,2.450508
-0.008734,0.258406,2.450222
0.328637,0.245567,2.438107
-0.166373,-0.057031,2.434791
0.500327,-0.081290,2.369914
-0.298955,-0.381234,2.369914
0.632871,-0.337843,2.337702
-0.298896,-0.511652,2.303386
0.653744,-0.439938,2.238893
0.150319,-0.005559,2.416655
0.150732,-0.059236,2.355367
0.074113,-0.131246,2.329971
0.227665,-0.133214,2.340931
0.083849,-0.572242,2.328214
0.235188,-0.572935,2.323090
0.083592,-0.817705,2.359649
0.233647,-0.821717,2.351627
0.092895,-0.858198,2.324447
0.235325,-0.835859,2.299094
0.147252,0.504171,2.442257
0.149220,0.342975,2.450459
-0.007562,0.257731,2.449138
0.328524,0.244590,2.437191
-0.155562,-0.077367,2.434129
0.490247,-0.099639,2.368537
-0.264868,-0.412026,2.368537
0.602278,-0.372565,2.338239
-0.253985,-0.545338,2.305293
0.613912,-0.483265,2.238685
0.150547,-0.005840,2.416468
0.150944,-0.059647,2.355126
0.074400,-0.131453,2.329892
0.227716,-0.133416,2.340720
0.084003,-0.572338,2.328347
0.235269,-0.573049,2.323123
0.083385,-0.818081,2.359765
0.233790,-0.822032,2.351615
0.094020,-0.860536,2.324878
0.235256,-0.835691,2.299812
0.147436,0.504177,2.442198
0.149392,0.342962,2.450389
-0.006402,0.257071,2.448021
0.328371,0.243625,2.436255
-0.145274,-0.095186,2.433464
0.480132,-0.115320,2.367286
-0.232415,-0.435980,2.367286
0.572044,-0.400458,2.339201
-0.211998,-0.570542,2.307421
0.575113,-0.517726,2.239133
0.150767,-0.006143,2.416262
0.151147,-0.060091,2.354866
0.074684,-0.131676,2.329804
0.227746,-0.133642,2.340491
0.084152,-0.572437,2.328472
0.235354,-0.573170,2.323149
0.083435,-0.818408,2.359856
0.233910,-0.822339,2.351604
0.093814,-0.858149,2.325131
0.235094,-0.835939,2.300357
0.147618,0.504186,2.442125
0.149564,0.342951,2.450300
-0.005148,0.256337,2.446704
0.328173,0.242672,2.435275
-0.135509,-0.110717,2.432818
0.470128,-0.128511,2.366173
-0.201851,-0.453805,2.366173
0.543191,-0.422255,2.340505
-0.173273,-0.588171,2.309753
0.538710,-0.544413,2.240313
0.150972,-0.006481,2.416031
0.151337,-0.060590,2.354574
0.074968,-0.131921,2.329704
0.227751,-0.133901,2.340236
0.084308,-0.572566,2.328596
0.235447,-0.573314,2.323170
0.083555,-0.818809,2.359880
0.234004,-0.822598,2.351602
0.094271,-0.858706,2.323923
0.232848,-0.840992,2.303499
0.147799,0.504198,2.442038
0.149735,0.342940,2.450196
-0.003924,0.255617,2.445389
0.327947,0.241740,2.434287
-0.126198,-0.124062,2.432170
0.460356,-0.139400,2.365186
-0.174359,-0.467912,2.365186
0.516032,-0.438602,2.341277
-0.138320,-0.600269,2.311891
0.504617,-0.561149,2.242868
0.151169,-0.006837,2.415784
0.151519,-0.061115,2.354266
0.075251,-0.132181,2.329592
0.227740,-0.134177,2.339968
0.084460,-0.572702,2.328713
0.235540,-0.573467,2.323185
0.083659,-0.819185,2.359981
0.234092,-0.822913,2.351588
0.094515,-0.859957,2.323858
0.231796,-0.840716,2.304827
0.147974,0.504211,2.441926
0.149905,0.342930,2.450076
-0.002744,0.254927,2.444105
0.327650,0.240816,2.433257
-0.117310,-0.135304,2.431489
0.450881,-0.148132,2.364311
-0.149516,-0.477463,2.364311
0.491097,-0.450054,2.342064
-0.107859,-0.605966,2.314083
0.473592,-0.571240,2.245901
0.151359,-0.007219,2.415515
0.151689,-0.061672,2.353934
0.075531,-0.132454,2.329469
0.227706,-0.134475,2.339677
0.084684,-0.573090,2.328870
0.235634,-0.573625,2.323195
0.083846,-0.819876,2.360173
0.234154,-0.823162,2.351584
0.094242,-0.858410,2.324005
0.230996,-0.840870,2.305884
0.148146,0.504229,2.441799
0.150074,0.342919,2.449940
-0.001588,0.254257,2.442827
0.327322,0.239915,2.432225
-0.108865,-0.144505,2.430800
0.441802,-0.154870,2.363542
-0.128734,-0.482266,2.363542
0.470598,-0.456873,2.343014
-0.083637,-0.605958,2.316086
0.447240,-0.576184,2.248771
0.151546,-0.007615,2.415230
0.151855,-0.062246,2.353587
0.075821,-0.132739,2.329329
0.227663,-0.134783,2.339378
0.084880,-0.573403,2.329007
0.235728,-0.573788,2.323200
0.084033,-0.820477,2.360347
0.234196,-0.823460,2.351578
0.094083,-0.857374,2.324046
0.230176,-0.840755,2.306894
0.148315,0.504247,2.441665
0.150238,0.342909,2.449792
-0.000495,0.253634,2.441611
0.326998,0.239065,2.431232
-0.101046,-0.151698,2.430136
0.433489,-0.159984,2.362804
-0.114016,-0.482469,2.362804
0.454742,-0.459126,2.343146
-0.067837,-0.598926,2.317748
0.427104,-0.575011,2.251013
0.151729,-0.008005,2.414939
0.152021,-0.062800,2.353240
0.076114,-0.133023,2.329180
0.227622,-0.135076,2.339082
0.085058,-0.573664,2.329123
0.235802,-0.573883,2.323199
0.084271,-0.821020,2.360513
0.234233,-0.823658,2.351568
0.093906,-0.856861,2.323508
0.228827,-0.838917,2.307976
0.148474,0.504267,2.441522
0.150407,0.342899,2.449632
0.000522,0.253045,2.440473
0.326688,0.238251,2.430281
-0.094191,-0.156913,2.429524
0.426209,-0.163389,2.362042
-0.105306,-0.476497,2.362042
0.443284,-0.454638,2.342913
-0.062828,-0.583004,2.318830
0.416677,-0.566415,2.252085
0.151906,-0.008392,2.414643
0.152178,-0.063342,2.352890
0.076395,-0.133303,2.329027
0.227575,-0.135369,2.338781
0.085230,-0.573917,2.329230
0.235873,-0.573962,2.323191
0.084561,-0.821565,2.360680
0.234267,-0.823834,2.351557
0.093747,-0.856462,2.323157
0.227874,-0.837728,2.308897
0.148626,0.504289,2.441377
0.150571,0.342889,2.449464
0.001486,0.252480,2.439387
0.326387,0.237466,2.429362
-0.088587,-0.159911,2.428946
0.420870,-0.164909,2.361112
-0.106134,-0.461260,2.361112
0.440741,-0.443505,2.343307
-0.074300,-0.554961,2.318268
0.416557,-0.547406,2.253314
0.152077,-0.008774,2.414345
0.152328,-0.063874,2.352541
0.076671,-0.133582,2.328869
0.227525,-0.135659,2.338479
0.085373,-0.574111,2.329322
0.235946,-0.574022,2.323175
0.084801,-0.822010,2.360837
0.234301,-0.823990,2.351542
0.093949,-0.857694,2.323403
0.226438,-0.835031,2.309964
0.148773,0.504314,2.441228
0.150731,0.342880,2.449306
0.002391,0.251931,2.438358
0.326171,0.236727,2.428536
-0.084664,-0.160348,2.428364
0.417607,-0.163381,2.359828
-0.120340,-0.434133,2.359828
0.447895,-0.420589,2.342570
-0.101790,-0.515956,2.317863
0.431453,-0.512794,2.252681
0.152238,-0.009138,2.414055
0.152472,-0.064373,2.352204
0.076937,-0.133852,2.328707
0.227478,-0.135940,2.338180
0.085496,-0.574270,2.329403
0.236020,-0.574065,2.323151
0.084992,-0.822392,2.360945
0.234331,-0.824128,2.351525
0.094110,-0.858445,2.323321
0.224963,-0.832010,2.310956
0.148914,0.504340,2.441075
0.150886,0.342871,2.449147
0.003164,0.251414,2.437469
0.325988,0.236004,2.427753
-0.083074,-0.158023,2.427784
0.416915,-0.157770,2.358183
-0.147590,-0.396318,2.358183
0.465881,-0.385698,2.341776
-0.147287,-0.462799,2.317507
0.457569,-0.467327,2.251596
0.152396,-0.009485,2.413769
0.152608,-0.064841,2.351877
0.077186,-0.134111,2.328543
0.227435,-0.136216,2.337883
0.085614,-0.574421,2.329478
0.236096,-0.574087,2.323116
0.085361,-0.822795,2.361047
0.234359,-0.824248,2.351503
0.094418,-0.857880,2.322834
0.223821,-0.829878,2.311759
0.149049,0.504358,2.440919
0.151034,0.342862,2.448994
0.003843,0.250909,2.436671
0.325830,0.235300,2.427003
-0.086277,-0.150402,2.426762
0.420182,-0.144680,2.356364
-0.184773,-0.347694,2.356364
0.493600,-0.337512,2.341471
-0.203991,-0.397217,2.317842
0.498055,-0.410150,2.248308
0.152550,-0.009819,2.413489
0.152733,-0.065285,2.351558
0.077412,-0.134361,2.328379
0.227392,-0.136487,2.337583
0.085725,-0.574561,2.329547
0.236175,-0.574090,2.323071
0.085709,-0.823177,2.361154
0.234382,-0.824349,2.351478
0.094722,-0.857210,2.322311
0.222702,-0.827678,2.312487
0.149177,0.504375,2.440763
0.151168,0.342852,2.448846
0.004423,0.250410,2.435975
0.325677,0.234609,2.426277
-0.095390,-0.136721,2.425192
0.425819,-0.127854,2.354452
-0.227287,-0.289393,2.354452
0.530800,-0.276103,2.341327
-0.240939,-0.349679,2.318162
0.554154,-0.334341,2.245182
0.152695,-0.010140,2.413213
0.152843,-0.065707,2.351249
0.077614,-0.134602,2.328215
0.227347,-0.136756,2.337283
0.085829,-0.574692,2.329611
0.236260,-0.574065,2.323015
0.086137,-0.823558,2.361239
0.234399,-0.824428,2.351442
0.095056,-0.856455,2.321710
0.221631,-0.825376,2.313134
0.149298,0.504391,2.440608
0.151291,0.342842,2.448706
0.004903,0.249892,2.435359
0.325539,0.233957,2.425596
-0.107717,-0.118553,2.423566
0.434423,-0.106006,2.352607
-0.275442,-0.218458,2.352607
0.572211,-0.205482,2.343139
-0.306963,-0.261184,2.319694
0.606986,-0.257786,2.241036
0.152835,-0.010443,2.412947
0.152943,-0.066100,2.350953
0.077802,-0.134836,2.328053
0.227305,-0.137017,2.336986
0.085928,-0.574816,2.329669
0.236347,-0.574022,2.322952
0.086541,-0.823923,2.361320
0.234409,-0.824488,2.351400
0.095392,-0.855604,2.321080
0.220610,-0.823016,2.313713
0.149414,0.504407,2.440455
0.151407,0.342833,2.448571
0.005269,0.249343,2.434831
0.325495,0.233370,2.425013
-0.124124,-0.094206,2.421923
0.445856,-0.079317,2.351024
-0.328144,-0.144728,2.351024
0.615007,-0.128212,2.343961
-0.376192,-0.170573,2.320068
0.669083,-0.162406,2.238516
0.152963,-0.010701,2.412708
0.153036,-0.066432,2.350692
0.077968,-0.135053,2.327902
0.227279,-0.137259,2.336693
0.086020,-0.574931,2.329722
0.236436,-0.573963,2.322883
0.086905,-0.824266,2.361398
0.234414,-0.824535,2.351354
0.094571,-0.852898,2.321010
0.219639,-0.820636,2.314233
0.149528,0.504423,2.440300
0.151516,0.342825,2.448442
0.005558,0.248801,2.434368
0.325475,0.232821,2.424474
-0.141181,-0.067846,2.420431
0.460816,-0.047743,2.349519
-0.375357,-0.072185,2.349519
0.657843,-0.047638,2.345106
-0.437281,-0.080992,2.321139
0.725635,-0.072397,2.237173
0.153084,-0.010930,2.412487
0.153123,-0.066726,2.350453
0.078120,-0.135255,2.327758
0.227270,-0.137479,2.336408
0.086101,-0.575026,2.329769
0.236525,-0.573892,2.322810
0.087179,-0.824560,2.361418
0.234423,-0.824571,2.351300
0.094491,-0.852349,2.319589
0.218455,-0.817389,2.314687
0.149637,0.504439,2.440152
0.151614,0.342815,2.448318
0.005779,0.248272,2.433965
0.325477,0.232309,2.423973
-0.159087,-0.038132,2.419394
0.476852,-0.011685,2.348643
-0.425089,0.002194,2.348643
0.695817,0.028513,2.344939
-0.495646,0.016263,2.320001
0.777852,0.019977,2.236851
0.153196,-0.011138,2.412280
0.153201,-0.066991,2.350232
0.078254,-0.135441,2.327623
0.227265,-0.137687,2.336130
0.086174,-0.575115,2.329812
0.236610,-0.573810,2.322734
0.087426,-0.824823,2.361468
0.234435,-0.824597,2.351251
0.094439,-0.851967,2.319066
0.217985,-0.816414,2.313726
0.149742,0.504455,2.440011
0.151705,0.342804,2.448200
0.005946,0.247760,2.433615
0.325508,0.231877,2.423523
-0.177497,-0.006037,2.418785
0.492719,0.024941,2.348372
-0.469158,0.074494,2.348372
0.728440,0.104980,2.344986
-0.547672,0.102373,2.320127
0.821792,0.117607,2.239274
0.153301,-0.011326,2.412086
0.153272,-0.067229,2.350028
0.078374,-0.135613,2.327497
0.227267,-0.137882,2.335859
0.086246,-0.575198,2.329851
0.236695,-0.573715,2.322655
0.087636,-0.825101,2.361454
0.234448,-0.824612,2.351199
0.094196,-0.851708,2.317407
0.217035,-0.813444,2.313839
0.149843,0.504467,2.439869
0.151790,0.342793,2.448086
0.006045,0.247273,2.433318
0.325571,0.231519,2.423117
-0.196346,0.028576,2.418400
0.508924,0.065085,2.348489
-0.507777,0.143280,2.348489
0.756924,0.177680,2.345643
-0.587202,0.168338,2.320570
0.853174,0.195743,2.241846
0.153397,-0.011488,2.411908
0.153338,-0.067434,2.349840
0.078481,-0.135764,2.327383
0.227278,-0.138050,2.335600
0.086312,-0.575275,2.329886
0.236776,-0.573606,2.322573
0.087833,-0.825357,2.361445
0.234458,-0.824615,2.351142
0.093681,-0.852595,2.317157
0.216033,-0.810428,2.313957
0.149943,0.504476,2.439733
0.151871,0.342787,2.447987
0.006092,0.246807,2.433064
0.325655,0.231222,2.422742
-0.214329,0.067761,2.418478
0.523364,0.109568,2.349327
-0.540163,0.215641,2.349327
0.779143,0.251015,2.346194
-0.625808,0.249477,2.323901
0.881928,0.277819,2.244744
0.153488,-0.011628,2.411744
0.153398,-0.067611,2.349665
0.078576,-0.135898,2.327280
0.227293,-0.138194,2.335351
0.086373,-0.575347,2.329919
0.236857,-0.573488,2.322491
0.088231,-0.825618,2.361496
0.234449,-0.824607,2.351079
0.093210,-0.851985,2.316601
0.215221,-0.808036,2.314088
0.150040,0.504482,2.439597
0.151948,0.342781,2.447894
0.006084,0.246395,2.432871
0.325772,0.231016,2.422403
-0.229624,0.102988,2.418697
0.536027,0.150359,2.350201
-0.561921,0.279769,2.350201
0.796556,0.316674,2.348212
-0.654520,0.326767,2.327356
0.903644,0.350985,2.247900
0.153576,-0.011744,2.411592
0.153454,-0.067753,2.349502
0.078661,-0.136015,2.327187
0.227311,-0.138313,2.335118
0.086429,-0.575413,2.329950
0.236942,-0.573341,2.322402
0.088557,-0.825862,2.361547
0.234435,-0.824579,2.351009
0.092651,-0.851307,2.316060
0.214411,-0.805692,2.314213
0.150134,0.504486,2.439465
0.152021,0.342776,2.447807
0.006027,0.246030,2.432732
0.325931,0.230927,2.422098
-0.243938,0.139585,2.418924
0.546664,0.189959,2.351311
-0.581743,0.343128,2.351311
0.807906,0.380371,2.349736
-0.676424,0.397145,2.331062
0.921649,0.415937,2.250583
0.153662,-0.011837,2.411449
0.153508,-0.067862,2.349350
0.078738,-0.136118,2.327103
0.227336,-0.138409,2.334896
0.086480,-0.575470,2.329977
0.237027,-0.573193,2.322316
0.088762,-0.826059,2.361583
0.234437,-0.824551,2.350936
0.092590,-0.852520,2.316099
0.213426,-0.802887,2.314406
0.150225,0.504485,2.439336
0.152093,0.342773,2.447724
0.005925,0.245706,2.432643
0.326100,0.230925,2.421823
-0.256111,0.173834,2.419237
0.555368,0.226843,2.352535
-0.596676,0.400300,2.352535
0.815085,0.438429,2.351618
-0.691114,0.462873,2.335220
0.932735,0.476944,2.254813
0.153749,-0.011908,2.411316
0.153560,-0.067943,2.349209
0.078808,-0.136210,2.327028
0.227366,-0.138486,2.334682
0.086529,-0.575523,2.330002
0.237097,-0.573067,2.322241
0.088948,-0.826244,2.361619
0.234431,-0.824534,2.350869
0.092502,-0.853108,2.315993
0.213166,-0.802412,2.312881
0.150314,0.504482,2.439210
0.152163,0.342770,2.447646
0.005708,0.245469,2.432685
0.326291,0.231038,2.421582
-0.266270,0.205424,2.419629
0.562056,0.259979,2.353819
-0.605385,0.453875,2.353819
0.819143,0.489614,2.353750
-0.698084,0.524917,2.339938
0.929891,0.538230,2.261629
0.153842,-0.011948,2.411193
0.153612,-0.067977,2.349082
0.078870,-0.136286,2.326960
0.227401,-0.138534,2.334478
0.086572,-0.575567,2.330024
0.237166,-0.572939,2.322167
0.089116,-0.826404,2.361647
0.234433,-0.824515,2.350802
0.092536,-0.854339,2.316156
0.212913,-0.800101,2.312460
0.150403,0.504476,2.439090
0.152232,0.342769,2.447576
0.005461,0.245297,2.432782
0.326492,0.231238,2.421372
-0.274818,0.234333,2.419974
0.567350,0.292843,2.355334
-0.607993,0.503594,2.355334
0.819113,0.538196,2.356307
-0.698314,0.582893,2.345093
0.923174,0.592818,2.268163
0.153935,-0.011965,2.411081
0.153663,-0.067979,2.348965
0.078926,-0.136346,2.326899
0.227440,-0.138559,2.334283
0.086612,-0.575607,2.330045
0.237235,-0.572806,2.322093
0.089275,-0.826555,2.361674
0.234423,-0.824492,2.350740
0.091185,-0.852125,2.316193
0.212624,-0.798244,2.312163
0.150490,0.504468,2.438975
0.152301,0.342768,2.447510
0.005194,0.245190,2.432925
0.326710,0.231538,2.421202
-0.281665,0.260843,2.420328
0.571566,0.322543,2.356770
-0.605105,0.549201,2.356770
0.816134,0.581838,2.359027
-0.690983,0.636077,2.350462
0.911258,0.642098,2.274996
0.154029,-0.011960,2.410979
0.153713,-0.067950,2.348862
0.078974,-0.136389,2.326846
0.227480,-0.138564,2.334099
0.086649,-0.575644,2.330064
0.237301,-0.572674,2.322023
0.089422,-0.826696,2.361699
0.234417,-0.824470,2.350681
0.089731,-0.849583,2.316265
0.213028,-0.800275,2.312287
0.150574,0.504459,2.438868
0.152368,0.342769,2.447448
0.004869,0.245159,2.433144
0.326935,0.231924,2.421068
-0.287150,0.287073,2.420612
0.574642,0.350224,2.358338
-0.597189,0.590236,2.358338
0.809855,0.621570,2.361948
-0.676609,0.684051,2.355976
0.898840,0.686698,2.281705
0.154123,-0.011931,2.410886
0.153759,-0.067883,2.348770
0.079015,-0.136411,2.326802
0.227521,-0.138546,2.333923
0.086684,-0.575678,2.330081
0.237354,-0.572567,2.321962
0.089493,-0.826841,2.361724
0.234210,-0.824433,2.350605
0.091740,-0.850581,2.317628
0.212595,-0.800979,2.310694
0.150657,0.504448,2.438766
0.152432,0.342770,2.447392
0.004523,0.245275,2.433462
0.327154,0.232384,2.420971
-0.291579,0.310869,2.420888
0.576834,0.375559,2.359824
-0.585138,0.626787,2.359824
0.801906,0.657715,2.364763
-0.654176,0.726718,2.361857
0.885080,0.728291,2.287943
0.154214,-0.011881,2.410803
0.153801,-0.067786,2.348691
0.079047,-0.136407,2.326773
0.227560,-0.138508,2.333757
0.086718,-0.575710,2.330098
0.237400,-0.572473,2.321907
0.089595,-0.826975,2.361743
0.234173,-0.824420,2.350556
0.094841,-0.851925,2.319216
0.212813,-0.802096,2.308850
0.150737,0.504436,2.438672
0.152495,0.342774,2.447344
0.004168,0.245483,2.433832
0.327369,0.232946,2.420934
-0.294572,0.333025,2.421183
0.578111,0.398923,2.361239
-0.563220,0.660119,2.361239
0.790490,0.692419,2.368563
-0.619703,0.764704,2.369026
0.863554,0.767827,2.295385
0.154309,-0.011804,2.410734
0.153846,-0.067652,2.348628
0.079081,-0.136374,2.326756
0.227606,-0.138434,2.333600
0.086749,-0.575739,2.330114
0.237447,-0.572376,2.321852
0.089725,-0.827109,2.361768
0.234139,-0.824407,2.350505
0.097368,-0.852501,2.320302
0.212901,-0.802735,2.307529
0.150815,0.504422,2.438584
0.152553,0.342779,2.447300
0.003785,0.245786,2.434268
0.327573,0.233592,2.420942
-0.296455,0.353179,2.421494
0.578735,0.420004,2.362584
-0.539598,0.688046,2.362584
0.775473,0.721048,2.372382
-0.583272,0.796090,2.375873
0.838873,0.801758,2.303418
0.154403,-0.011707,2.410675
0.153890,-0.067488,2.348577
0.079110,-0.136319,2.326751
0.227654,-0.138337,2.333451
0.086786,-0.575752,2.330128
0.237492,-0.572281,2.321799
0.089617,-0.827207,2.361799
0.234108,-0.824394,2.350461
0.097883,-0.853764,2.321221
0.213030,-0.803465,2.306193
0.150894,0.504408,2.438509
0.152613,0.342786,2.447265
0.003401,0.246156,2.434739
0.327777,0.234340,2.421000
-0.297378,0.371418,2.421830
0.578871,0.438915,2.363876
-0.514214,0.711349,2.363876
0.759730,0.745528,2.376223
-0.545666,0.821008,2.382303
0.812949,0.830937,2.311154
0.154498,-0.011590,2.410627
0.153933,-0.067297,2.348539
0.079134,-0.136240,2.326759
0.227704,-0.138216,2.333309
0.086823,-0.575763,2.330142
0.237540,-0.572180,2.321745
0.089667,-0.827302,2.361817
0.234078,-0.824379,2.350410
0.098764,-0.854451,2.321796
0.213186,-0.804280,2.304785
0.150970,0.504393,2.438442
0.152674,0.342796,2.447236
0.003000,0.246605,2.435266
0.327979,0.235157,2.421092
-0.297391,0.387956,2.422225
0.578521,0.455859,2.365126
-0.485869,0.728794,2.365126
0.742962,0.765850,2.380402
-0.508419,0.840303,2.388064
0.784522,0.855252,2.318973
0.154594,-0.011452,2.410591
0.153976,-0.067076,2.348515
0.079156,-0.136139,2.326780
0.227756,-0.138074,2.333177
0.086861,-0.575767,2.330155
0.237581,-0.572090,2.321697
0.089703,-0.827405,2.361770
0.234028,-0.824365,2.350367
0.100038,-0.856392,2.322552
0.213354,-0.805722,2.302857
0.151046,0.504378,2.438386
0.152734,0.342806,2.447211
0.002603,0.247113,2.435824
0.328178,0.236058,2.421234
-0.296340,0.402870,2.422785
0.577678,0.471035,2.366352
-0.456617,0.740842,2.366352
0.724648,0.781758,2.384843
-0.472065,0.853637,2.393207
0.755787,0.874533,2.326165
0.154689,-0.011296,2.410564
0.154017,-0.066832,2.348502
0.079174,-0.136014,2.326812
0.227807,-0.137911,2.333051
0.086899,-0.575768,2.330167
0.237618,-0.572002,2.321651
0.089745,-0.827487,2.361776
0.234056,-0.824352,2.350305
0.101099,-0.857228,2.323085
0.214080,-0.807433,2.300653
0.151121,0.504364,2.438341
0.152794,0.342819,2.447191
0.002208,0.247680,2.436420
0.328371,0.237059,2.421439
-0.294546,0.416188,2.423427
0.576347,0.484502,2.367571
-0.428314,0.749255,2.367571
0.706037,0.793787,2.389128
-0.437915,0.862927,2.397627
0.727908,0.889466,2.332845
0.154783,-0.011121,2.410548
0.154056,-0.066560,2.348501
0.079188,-0.135864,2.326856
0.227857,-0.137721,2.332935
0.086934,-0.575770,2.330179
0.237657,-0.571910,2.321604
0.089786,-0.827564,2.361783
0.234043,-0.824339,2.350259
0.100470,-0.858298,2.323589
0.214174,-0.806882,2.299957
0.151197,0.504350,2.438308
0.152851,0.342832,2.447177
0.001801,0.248308,2.437073
0.328563,0.238130,2.421696
-0.291965,0.428074,2.424175
0.574395,0.496225,2.368817
-0.401409,0.754819,2.368817
0.687078,0.801818,2.393129
-0.403652,0.865398,2.401629
0.700895,0.900085,2.339079
0.154876,-0.010920,2.410546
0.154091,-0.066250,2.348518
0.079197,-0.135684,2.326916
0.227906,-0.137506,2.332829
0.086968,-0.575774,2.330191
0.237694,-0.571826,2.321562
0.089824,-0.827639,2.361788
0.234052,-0.824332,2.350193
0.099834,-0.857090,2.323324
0.214812,-0.808456,2.297819
0.151282,0.504339,2.438296
0.152907,0.342845,2.447167
0.001386,0.248986,2.437765
0.328749,0.239249,2.421999
-0.288793,0.438574,2.424994
0.571905,0.506274,2.370078
-0.376415,0.758046,2.370078
0.668597,0.806673,2.396754
-0.372373,0.864856,2.405065
0.675516,0.907291,2.344704
0.154967,-0.010700,2.410554
0.154125,-0.065911,2.348548
0.079202,-0.135482,2.326987
0.227957,-0.137266,2.332731
0.087001,-0.575777,2.330202
0.237734,-0.571736,2.321519
0.089861,-0.827710,2.361794
0.234016,-0.824319,2.350116
0.099574,-0.856213,2.323338
0.215212,-0.808923,2.296519
0.151369,0.504327,2.438293
0.152960,0.342858,2.447159
0.000980,0.249702,2.438485
0.328940,0.240394,2.422340
-0.285187,0.447753,2.425851
0.569035,0.514821,2.371331
-0.353330,0.759348,2.371331
0.650993,0.809080,2.399994
-0.344033,0.861766,2.407884
0.652024,0.911821,2.349703
0.155056,-0.010466,2.410571
0.154157,-0.065551,2.348590
0.079204,-0.135263,2.327069
0.228007,-0.137009,2.332643
0.087038,-0.575743,2.330211
0.237774,-0.571647,2.321477
0.089710,-0.827740,2.361733
0.233992,-0.824304,2.350074
0.099473,-0.857342,2.323765
0.215595,-0.810258,2.294760
0.151460,0.504317,2.438312
0.153011,0.342871,2.447155
0.000586,0.250451,2.439235
0.329133,0.241540,2.422711
-0.281156,0.455626,2.426773
0.565785,0.521787,2.372587
-0.332217,0.758906,2.372587
0.634433,0.809087,2.402889
-0.319107,0.857871,2.410328
0.630385,0.913677,2.354137
0.155142,-0.010221,2.410598
0.154185,-0.065177,2.348644
0.079202,-0.135029,2.327159
0.228054,-0.136740,2.332565
0.087078,-0.575691,2.330220
0.237814,-0.571558,2.321436
0.089665,-0.827768,2.361690
0.233971,-0.824290,2.349999
0.098986,-0.857481,2.322633
0.215675,-0.809767,2.293871
0.151559,0.504309,2.438360
0.153063,0.342885,2.447155
0.000207,0.251217,2.440000
0.329321,0.242683,2.423104
-0.276834,0.462282,2.427710
0.562345,0.527219,2.373855
-0.313526,0.757502,2.373855
0.619342,0.807290,2.405396
-0.297576,0.855479,2.413131
0.611312,0.913337,2.358117
0.155224,-0.009967,2.410632
0.154209,-0.064793,2.348706
0.079195,-0.134782,2.327260
0.228096,-0.136463,2.332495
0.087111,-0.575669,2.330230
0.237853,-0.571471,2.321397
0.089668,-0.827807,2.361690
0.233957,-0.824276,2.349926
0.098493,-0.857833,2.322566
0.215788,-0.809588,2.293039
0.151660,0.504302,2.438418
0.153116,0.342901,2.447165
-0.000173,0.252014,2.440813
0.329511,0.243825,2.423522
-0.272367,0.467823,2.428645
0.558761,0.531135,2.375156
-0.298234,0.758087,2.375156
0.606235,0.804599,2.407597
-0.279199,0.854615,2.415778
0.594890,0.911890,2.361568
0.155307,-0.009706,2.410677
0.154231,-0.064399,2.348780
0.079185,-0.134524,2.327371
0.228136,-0.136179,2.332433
0.087145,-0.575642,2.330239
0.237880,-0.571411,2.321367
0.089529,-0.827835,2.361693
0.233945,-0.824284,2.349868
0.098865,-0.859570,2.322927
0.216228,-0.810963,2.291310
0.151764,0.504295,2.438489
0.153171,0.342917,2.447180
-0.000527,0.252811,2.441632
0.329707,0.244950,2.423960
-0.268483,0.472771,2.429460
0.555275,0.533785,2.376426
-0.284882,0.757939,2.376426
0.595857,0.802691,2.409514
-0.264460,0.852522,2.418279
0.582585,0.909782,2.365224
0.155388,-0.009441,2.410731
0.154253,-0.064003,2.348863
0.079176,-0.134261,2.327490
0.228177,-0.135893,2.332381
0.087182,-0.575609,2.330250
0.237906,-0.571357,2.321340
0.089428,-0.827869,2.361651
0.233943,-0.824295,2.349816
0.099249,-0.861226,2.323320
0.216763,-0.812462,2.289594
0.151870,0.504285,2.438574
0.153229,0.342933,2.447206
-0.000868,0.253605,2.442451
0.329905,0.246022,2.424405
-0.265165,0.477124,2.430118
0.551770,0.534675,2.377673
-0.274140,0.756766,2.377673
0.587297,0.798777,2.410955
-0.253847,0.848018,2.420361
0.573562,0.905108,2.368237
0.155467,-0.009176,2.410793
0.154274,-0.063606,2.348956
0.079164,-0.133994,2.327617
0.228215,-0.135608,2.332335
0.087219,-0.575574,2.330260
0.237929,-0.571307,2.321315
0.089349,-0.827899,2.361617
0.233723,-0.824321,2.349801
0.099958,-0.862409,2.323978
0.217709,-0.817483,2.290938
0.151991,0.504284,2.438694
0.153297,0.342950,2.447249
-0.001194,0.254374,2.443260
0.330116,0.247007,2.424853
-0.262203,0.480535,2.430620
0.548615,0.534106,2.378910
-0.266698,0.753268,2.378910
0.581102,0.794118,2.411872
-0.251114,0.838066,2.420804
0.570361,0.895201,2.369732
0.155544,-0.008914,2.410864
0.154296,-0.063213,2.349057
0.079152,-0.133730,2.327752
0.228253,-0.135328,2.332298
0.087256,-0.575535,2.330271
0.237953,-0.571259,2.321290
0.089290,-0.827926,2.361588
0.233619,-0.824333,2.349771
0.099940,-0.863714,2.324216
0.218029,-0.817400,2.290909
0.152112,0.504284,2.438825
0.153376,0.342967,2.447307
-0.001504,0.255089,2.444042
0.330327,0.247899,2.425275
-0.259344,0.481807,2.431028
0.546297,0.533047,2.379957
-0.263982,0.744943,2.379957
0.577772,0.785800,2.412114
-0.254074,0.823206,2.420060
0.570326,0.881080,2.369620
0.155622,-0.008659,2.410943
0.154317,-0.062833,2.349165
0.079138,-0.133476,2.327889
0.228291,-0.135063,2.332269
0.087292,-0.575496,2.330282
0.238003,-0.571097,2.321250
0.089243,-0.827951,2.361551
0.233532,-0.824265,2.349723
0.099857,-0.865087,2.324453
0.217821,-0.816723,2.290783
0.152234,0.504285,2.438968
0.153472,0.342981,2.447387
-0.001800,0.255761,2.444802
0.330537,0.248677,2.425671
-0.256223,0.479136,2.431340
0.543988,0.523779,2.380744
-0.266057,0.731797,2.380744
0.577580,0.772883,2.411257
-0.265989,0.802524,2.416744
0.573875,0.861591,2.367319
0.155696,-0.008412,2.411029
0.154336,-0.062466,2.349280
0.079119,-0.133232,2.328029
0.228325,-0.134815,2.332248
0.087335,-0.575460,2.330295
0.238039,-0.570999,2.321227
0.089174,-0.827978,2.361501
0.233480,-0.824245,2.349689
0.099412,-0.865754,2.323210
0.218208,-0.817850,2.289903
0.152363,0.504288,2.439133
0.153580,0.342993,2.447488
-0.002045,0.256274,2.445436
0.330740,0.249367,2.426043
-0.253482,0.473919,2.431499
0.542391,0.510749,2.381453
-0.274936,0.712157,2.381453
0.581072,0.754170,2.408803
-0.286456,0.773910,2.410392
0.580587,0.837275,2.363923
0.155768,-0.008184,2.411118
0.154356,-0.062130,2.349395
0.079099,-0.133007,2.328166
0.228357,-0.134590,2.332230
0.087380,-0.575433,2.330313
0.238074,-0.570902,2.321205
0.089210,-0.828012,2.361509
0.233434,-0.824226,2.349654
0.100018,-0.866483,2.323107
0.218516,-0.818740,2.289243
0.152490,0.504297,2.439317
0.153708,0.343006,2.447626
-0.002272,0.256705,2.446018
0.330946,0.249969,2.426400
-0.251037,0.465268,2.431436
0.541880,0.494899,2.381777
-0.286908,0.680712,2.381777
0.588065,0.731361,2.405198
-0.312121,0.739698,2.402097
0.591511,0.807326,2.357255
0.155836,-0.007972,2.411211
0.154374,-0.061820,2.349509
0.079077,-0.132805,2.328300
0.228389,-0.134388,2.332215
0.087422,-0.575414,2.330334
0.238119,-0.570784,2.321184
0.089283,-0.828064,2.361531
0.233384,-0.824194,2.349617
0.098182,-0.864029,2.323930
0.218793,-0.819580,2.288580
0.152618,0.504307,2.439516
0.153858,0.343014,2.447803
-0.002488,0.257086,2.446575
0.331166,0.250491,2.426754
-0.249703,0.452555,2.431061
0.542501,0.475973,2.381643
-0.304094,0.646266,2.381643
0.598263,0.699391,2.399835
-0.342165,0.700817,2.392071
0.604328,0.774519,2.349644
0.155904,-0.007773,2.411311
0.154393,-0.061529,2.349628
0.079054,-0.132617,2.328431
0.228421,-0.134206,2.332206
0.087465,-0.575396,2.330359
0.238168,-0.570655,2.321165
0.089333,-0.828116,2.361537
0.233337,-0.824157,2.349578
0.097378,-0.864946,2.324504
0.219060,-0.820393,2.287908
0.152746,0.504319,2.439728
0.154030,0.343019,2.448024
-0.002699,0.257399,2.447117
0.331395,0.250929,2.427103
-0.248444,0.433464,2.430309
0.543676,0.452140,2.380772
-0.324510,0.605073,2.380772
0.610442,0.665807,2.393063
-0.375701,0.655906,2.380569
0.620928,0.737496,2.340400
0.155973,-0.007590,2.411419
0.154414,-0.061260,2.349750
0.079030,-0.132446,2.328562
0.228453,-0.134043,2.332200
0.087514,-0.575383,2.330389
0.238208,-0.570551,2.321152
0.089418,-0.828182,2.361550
0.233299,-0.824135,2.349551
0.096787,-0.865510,2.324834
0.219414,-0.821435,2.287023
0.152875,0.504333,2.439957
0.154213,0.343021,2.448272
-0.002913,0.257624,2.447650
0.331636,0.251263,2.427463
-0.248747,0.405329,2.428936
0.545793,0.417957,2.378426
-0.347982,0.546673,2.378426
0.629306,0.611386,2.385336
-0.413267,0.586149,2.365432
0.642078,0.689293,2.327883
0.156042,-0.007424,2.411532
0.154437,-0.061020,2.349871
0.079007,-0.132299,2.328689
0.228486,-0.133899,2.332197
0.087572,-0.575373,2.330428
0.238245,-0.570473,2.321144
0.089440,-0.828248,2.361527
0.233278,-0.824123,2.349528
0.096935,-0.866682,2.325408
0.219888,-0.822632,2.286073
0.153012,0.504347,2.440210
0.154411,0.343019,2.448546
-0.003069,0.257700,2.448132
0.331848,0.251312,2.427793
-0.244630,0.354009,2.427646
0.545408,0.360076,2.374506
-0.373461,0.431920,2.374506
0.654923,0.504584,2.372255
-0.454361,0.446711,2.344563
0.681012,0.571450,2.303611
0.156122,-0.007314,2.411654
0.154471,-0.060851,2.349993
0.079002,-0.132198,2.328811
0.228529,-0.133800,2.332212
0.087639,-0.575378,2.330486
0.238278,-0.570406,2.321143
0.089523,-0.828331,2.361583
0.233260,-0.824119,2.349526
0.095478,-0.863729,2.326185
0.219837,-0.821934,2.286231
0.153150,0.504363,2.440473
0.154617,0.343018,2.448836
-0.003183,0.257680,2.448573
0.332061,0.251255,2.428118
-0.239691,0.303559,2.426414
0.542419,0.300877,2.371109
-0.393913,0.319386,2.371109
0.675126,0.400493,2.360115
-0.482438,0.316907,2.328546
0.714722,0.453167,2.280041
0.156208,-0.007227,2.411781
0.154515,-0.060715,2.350119
0.079010,-0.132124,2.328927
0.228581,-0.133730,2.332244
0.087709,-0.575384,2.330551
0.238313,-0.570345,2.321145
0.089572,-0.828411,2.361583
0.233251,-0.824119,2.349525
0.094973,-0.863584,2.325349
0.219707,-0.820911,2.286590
0.153288,0.504380,2.440743
0.154828,0.343016,2.449139
-0.003232,0.257556,2.448948
0.332271,0.251112,2.428432
-0.233675,0.253105,2.425590
0.537921,0.245692,2.368073
-0.410073,0.211948,2.368073
0.690787,0.299403,2.348566
-0.499952,0.190942,2.314906
0.742301,0.337598,2.258914
0.156293,-0.007163,2.411911
0.154565,-0.060611,2.350246
0.079024,-0.132069,2.329039
0.228638,-0.133685,2.332284
0.087783,-0.575395,2.330624
0.238352,-0.570314,2.321162
0.089609,-0.828492,2.361626
0.233259,-0.824167,2.349547
0.094737,-0.863864,2.325647
0.220112,-0.821808,2.285996
0.153425,0.504397,2.441017
0.155043,0.343014,2.449450
-0.003253,0.257366,2.449286
0.332453,0.250895,2.428734
-0.226527,0.204898,2.425161
0.530926,0.193549,2.366028
-0.421477,0.110149,2.366028
0.700476,0.204628,2.338701
-0.514961,0.083930,2.303326
0.763494,0.226855,2.240464
0.156382,-0.007124,2.412044
0.154621,-0.060542,2.350374
0.079047,-0.132037,2.329148
0.228698,-0.133663,2.332334
0.087859,-0.575409,2.330703
0.238386,-0.570310,2.321191
0.089645,-0.828582,2.361618
0.233152,-0.824727,2.349629
0.096101,-0.865962,2.326495
0.222121,-0.827602,2.288777
0.153559,0.504416,2.441292
0.155262,0.343012,2.449765
-0.003244,0.257119,2.449589
0.332628,0.250598,2.429024
-0.217544,0.158669,2.425163
0.524041,0.146703,2.364318
-0.426236,0.019488,2.364318
0.706007,0.115524,2.331131
-0.519413,-0.021108,2.294573
0.777623,0.122037,2.225666
0.156474,-0.007105,2.412178
0.154682,-0.060500,2.350504
0.079077,-0.132024,2.329254
0.228761,-0.133662,2.332392
0.087936,-0.575424,2.330790
0.238421,-0.570324,2.321228
0.089794,-0.828686,2.361698
0.233345,-0.824963,2.349713
0.095721,-0.862315,2.327610
0.223224,-0.829635,2.288626
0.153691,0.504438,2.441569
0.155477,0.343012,2.450074
-0.003200,0.256827,2.449854
0.332787,0.250246,2.429299
-0.207174,0.114970,2.425535
0.515445,0.100435,2.363487
-0.422183,-0.069143,2.363487
0.706113,0.024306,2.325475
-0.511253,-0.124775,2.288883
0.781464,0.011631,2.214472
0.156567,-0.007103,2.412310
0.154748,-0.060483,2.350631
0.079115,-0.132028,2.329355
0.228826,-0.133677,2.332454
0.088015,-0.575442,2.330882
0.238461,-0.570311,2.321257
0.089893,-0.828783,2.361755
0.233432,-0.825120,2.349759
0.096510,-0.861359,2.327819
0.223940,-0.831148,2.288610
0.153818,0.504461,2.441835
0.155684,0.343012,2.450375
-0.003134,0.256492,2.450088
0.332687,0.249813,2.429442
-0.197218,0.076058,2.425995
0.507529,0.059730,2.362839
-0.414439,-0.147919,2.362839
0.703498,-0.057327,2.320819
-0.497926,-0.216842,2.284485
0.779371,-0.087649,2.206718
0.156671,-0.007128,2.412440
0.154817,-0.060502,2.350753
0.079164,-0.132051,2.329452
0.228886,-0.133705,2.332519
0.088095,-0.575462,2.330980
0.238502,-0.570300,2.321287
0.089983,-0.828882,2.361800
0.233498,-0.825260,2.349809
0.096461,-0.861950,2.328432
0.224560,-0.832549,2.288576
0.153940,0.504485,2.442085
0.155878,0.343010,2.450657
-0.003041,0.256129,2.450285
0.332509,0.249339,2.429544
-0.186992,0.040943,2.426726
0.499941,0.023840,2.362370
-0.402380,-0.218151,2.362370
0.696997,-0.131815,2.318107
-0.477430,-0.299031,2.283273
0.772279,-0.177870,2.201220
0.156777,-0.007173,2.412563
0.154890,-0.060550,2.350867
0.079226,-0.132091,2.329542
0.228942,-0.133742,2.332583
0.088172,-0.575483,2.331081
0.238544,-0.570285,2.321316
0.090072,-0.828980,2.361844
0.233545,-0.825380,2.349847
0.096442,-0.862653,2.328910
0.225117,-0.833851,2.288491
0.154057,0.504510,2.442328
0.156053,0.343006,2.450907
-0.002928,0.255744,2.450453
0.332183,0.248776,2.429557
-0.177007,0.009584,2.427672
0.492394,-0.008174,2.362120
-0.386761,-0.280589,2.362120
0.687638,-0.197762,2.316582
-0.452767,-0.371063,2.283551
0.760154,-0.257866,2.198200
0.156886,-0.007247,2.412677
0.154964,-0.060639,2.350973
0.079298,-0.132149,2.329627
0.228989,-0.133789,2.332644
0.088251,-0.575515,2.331191
0.238588,-0.570272,2.321345
0.090149,-0.829089,2.361917
0.233591,-0.825491,2.349882
0.096481,-0.863892,2.329714
0.225630,-0.835074,2.288368
0.154162,0.504537,2.442559
0.156218,0.343002,2.451142
-0.002796,0.255334,2.450595
0.331637,0.248075,2.429430
-0.167266,-0.018469,2.428596
0.484962,-0.036784,2.362021
-0.367614,-0.335611,2.362021
0.674151,-0.257425,2.316585
-0.421044,-0.434513,2.287044
0.741474,-0.330568,2.198171
0.157002,-0.007355,2.412780
0.155038,-0.060776,2.351066
0.079380,-0.132225,2.329709
0.229022,-0.133846,2.332694
0.088332,-0.575550,2.331303
0.238636,-0.570342,2.321396
0.090215,-0.829198,2.361984
0.233689,-0.825717,2.349942
0.095698,-0.861733,2.329626
0.226219,-0.836721,2.287964
0.154261,0.504563,2.442783
0.156371,0.342996,2.451361
-0.002642,0.254906,2.450710
0.331052,0.247382,2.429279
-0.158024,-0.043427,2.429459
0.477653,-0.062303,2.362036
-0.343468,-0.382677,2.362036
0.654838,-0.310487,2.318268
-0.386895,-0.487914,2.291581
0.716295,-0.395116,2.200820
0.157119,-0.007481,2.412874
0.155114,-0.060941,2.351148
0.079475,-0.132317,2.329786
0.229049,-0.133911,2.332739
0.088417,-0.575597,2.331423
0.238687,-0.570423,2.321449
0.090611,-0.829385,2.362098
0.233765,-0.825890,2.349991
0.095550,-0.860282,2.329782
0.226718,-0.838034,2.287711
0.154349,0.504587,2.442990
0.156511,0.342990,2.451562
-0.002441,0.254487,2.450770
0.330431,0.246689,2.429108
-0.149068,-0.065574,2.430290
0.470432,-0.085037,2.362155
-0.312783,-0.420938,2.362155
0.631205,-0.357064,2.320918
-0.343252,-0.530626,2.297463
0.683155,-0.451994,2.207208
0.157235,-0.007636,2.412961
0.155195,-0.061150,2.351221
0.079593,-0.132435,2.329859
0.229071,-0.133987,2.332781
0.088517,-0.575677,2.331553
0.238741,-0.570549,2.321507
0.090715,-0.829568,2.362121
0.233817,-0.826071,2.350044
0.095172,-0.860218,2.328571
0.227139,-0.839312,2.287441
0.154430,0.504610,2.443186
0.156641,0.342983,2.451748
-0.002206,0.254063,2.450790
0.329832,0.246064,2.428972
-0.140256,-0.085213,2.431139
0.462827,-0.104660,2.362542
-0.278693,-0.449936,2.362542
0.604726,-0.396566,2.324734
-0.295466,-0.562787,2.303690
0.646512,-0.500453,2.215242
0.157352,-0.007814,2.413042
0.155287,-0.061398,2.351286
0.079746,-0.132588,2.329931
0.229090,-0.134073,2.332823
0.088646,-0.575817,2.331698
0.238801,-0.570752,2.321581
0.090804,-0.829821,2.362136
0.233816,-0.826388,2.350117
0.094789,-0.860346,2.327131
0.227458,-0.840927,2.286925
0.154503,0.504631,2.443368
0.156757,0.342978,2.451916
-0.001926,0.253633,2.450763
0.329228,0.245462,2.428829
-0.131358,-0.101976,2.432075
0.454877,-0.121120,2.363104
-0.244152,-0.470730,2.363104
0.574289,-0.426384,2.329113
-0.246155,-0.580997,2.308535
0.619722,-0.541121,2.220433
0.157466,-0.008006,2.413117
0.155379,-0.061668,2.351345
0.079911,-0.132753,2.330000
0.229104,-0.134165,2.332862
0.088764,-0.575957,2.331835
0.238858,-0.570833,2.321619
0.090894,-0.830080,2.362142
0.233900,-0.826574,2.350135
0.094440,-0.860558,2.325505
0.227653,-0.839715,2.287549
0.154569,0.504650,2.443532
0.156861,0.342972,2.452066
-0.001624,0.253205,2.450708
0.328608,0.244867,2.428673
-0.122744,-0.116324,2.433031
0.446881,-0.134736,2.363824
-0.210732,-0.484727,2.363824
0.544563,-0.449185,2.333641
-0.200768,-0.592729,2.313299
0.593484,-0.575004,2.226013
0.157573,-0.008209,2.413185
0.155468,-0.061959,2.351396
0.080082,-0.132929,2.330066
0.229108,-0.134265,2.332900
0.088879,-0.576097,2.331965
0.238920,-0.570927,2.321653
0.090982,-0.830319,2.362236
0.233964,-0.826765,2.350150
0.093477,-0.859038,2.324648
0.227853,-0.839171,2.287939
0.154634,0.504670,2.443692
0.156957,0.342966,2.452204
-0.001270,0.252776,2.450606
0.327983,0.244276,2.428502
-0.114391,-0.128329,2.434007
0.438959,-0.145648,2.364669
-0.179230,-0.492897,2.364669
0.515981,-0.465732,2.338134
-0.159441,-0.598681,2.317780
0.555257,-0.590687,2.235178
0.157676,-0.008428,2.413247
0.155556,-0.062275,2.351441
0.080261,-0.133115,2.330128
0.229104,-0.134376,2.332936
0.088998,-0.576239,2.332088
0.238981,-0.571031,2.321681
0.091256,-0.830614,2.362299
0.234021,-0.826958,2.350170
0.093144,-0.860223,2.324644
0.227984,-0.838459,2.288393
0.154692,0.504688,2.443837
0.157046,0.342960,2.452332
-0.000898,0.252349,2.450482
0.327505,0.243714,2.428366
-0.106346,-0.138143,2.434973
0.431221,-0.154040,2.365590
-0.149796,-0.494063,2.365590
0.488506,-0.472668,2.342990
-0.122225,-0.598878,2.322155
0.527779,-0.606453,2.241896
0.157772,-0.008653,2.413304
0.155640,-0.062599,2.351479
0.080434,-0.133304,2.330186
0.229096,-0.134494,2.332969
0.089114,-0.576383,2.332205
0.239039,-0.571163,2.321705
0.091468,-0.830883,2.362423
0.234084,-0.827182,2.350192
0.092787,-0.861473,2.324672
0.228091,-0.837634,2.288912
0.154742,0.504705,2.443973
0.157127,0.342954,2.452449
-0.000585,0.251939,2.450397
0.326803,0.242967,2.428067
-0.098686,-0.146026,2.435881
0.423825,-0.160184,2.366499
-0.123067,-0.490736,2.366499
0.463028,-0.474514,2.347619
-0.089169,-0.594516,2.326185
0.493040,-0.606150,2.250132
0.157868,-0.008895,2.413349
0.155708,-0.062946,2.351503
0.080598,-0.133499,2.330240
0.229064,-0.134630,2.332988
0.089233,-0.576546,2.332319
0.239099,-0.571316,2.321727
0.091458,-0.831225,2.362368
0.234240,-0.827460,2.350201
0.093225,-0.862954,2.324785
0.228506,-0.838185,2.288539
0.154786,0.504720,2.444100
0.157203,0.342948,2.452556
-0.000261,0.251535,2.450305
0.326157,0.242253,2.427776
-0.091422,-0.151986,2.436756
0.416852,-0.164254,2.367379
-0.099102,-0.483462,2.367379
0.439830,-0.474856,2.351771
-0.060241,-0.586226,2.329814
0.461005,-0.601795,2.257494
0.157959,-0.009144,2.413386
0.155767,-0.063304,2.351517
0.080756,-0.133698,2.330291
0.229017,-0.134778,2.332993
0.089345,-0.576695,2.332418
0.239140,-0.571510,2.321746
0.090970,-0.831545,2.362516
0.234313,-0.827752,2.350208
0.093921,-0.864815,2.325287
0.228730,-0.838898,2.288056
0.154827,0.504733,2.444221
0.157273,0.342943,2.452656
0.000076,0.251132,2.450203
0.325564,0.241599,2.427504
-0.084592,-0.156172,2.437554
0.410302,-0.166373,2.368225
-0.077905,-0.473325,2.368225
0.418813,-0.471891,2.355355
-0.035345,-0.575013,2.332871
0.432036,-0.593514,2.264271
0.158041,-0.009401,2.413415
0.155816,-0.063670,2.351521
0.080907,-0.133897,2.330337
0.228955,-0.134935,2.332986
0.089444,-0.576828,2.332503
0.239184,-0.571616,2.321755
0.090933,-0.831800,2.362555
0.234373,-0.827935,2.350209
0.094175,-0.866664,2.325533
0.228722,-0.837125,2.288490
0.154862,0.504745,2.444333
0.157336,0.342937,2.452746
0.000419,0.250733,2.450094
0.324992,0.240963,2.427230
-0.078203,-0.158643,2.438279
0.404186,-0.166707,2.368990
-0.059142,-0.464254,2.368990
0.400069,-0.462840,2.357171
-0.014348,-0.561129,2.333941
0.406208,-0.571851,2.270687
0.158112,-0.009662,2.413433
0.155851,-0.064040,2.351511
0.081046,-0.134093,2.330377
0.228876,-0.135101,2.332962
0.089528,-0.576952,2.332580
0.239219,-0.571714,2.321760
0.090903,-0.832037,2.362593
0.234424,-0.828101,2.350214
0.093780,-0.867697,2.325042
0.228605,-0.838212,2.288766
