0.594335,0.857064,2.431908
0.565905,0.711522,2.566153
0.389713,0.635726,2.586778
0.786408,0.612439,2.607232
0.308781,0.366024,2.607701
0.866874,0.355319,2.664636
0.331610,0.127226,2.664636
0.894595,0.113745,2.540918
0.350128,0.042561,2.512922
0.914088,0.029714,2.565615
0.563267,0.379414,2.617542
0.562993,0.312386,2.627559
0.476580,0.231029,2.620985
0.650856,0.222412,2.644245
0.457362,-0.265539,2.703244
0.685652,-0.280399,2.520066
0.449265,-0.641040,2.776817
0.769597,-0.676658,2.426940
0.462639,-0.719320,2.743122
0.758661,-0.761846,2.369375
0.594680,0.848893,2.410788
0.575634,0.702949,2.546411
0.394227,0.634153,2.579203
0.793252,0.605504,2.576181
0.323433,0.364014,2.610453
0.884202,0.348541,2.627801
0.351687,0.124778,2.627801
0.916139,0.106630,2.561746
0.364803,0.041975,2.538466
0.937137,0.025064,2.527544
0.569855,0.375920,2.605961
0.569005,0.309617,2.617254
0.481997,0.228763,2.614602
0.656767,0.220055,2.632090
0.459501,-0.265978,2.700032
0.690204,-0.282733,2.508973
0.449813,-0.641359,2.782764
0.777114,-0.679531,2.409274
0.462351,-0.719585,2.749649
0.764587,-0.765592,2.351077
0.594525,0.838795,2.389030
0.585417,0.693490,2.526937
0.399827,0.631964,2.571844
0.799505,0.597574,2.545161
0.340467,0.362022,2.615200
0.901720,0.340925,2.588259
0.375695,0.122809,2.588259
0.937342,0.099312,2.587305
0.386567,0.042012,2.575122
0.961291,0.020132,2.487988
0.577241,0.371617,2.594864
0.575951,0.306069,2.607533
0.488855,0.225839,2.609230
0.663343,0.217185,2.620620
0.462198,-0.266478,2.696828
0.694787,-0.284901,2.498913
0.450990,-0.641554,2.788080
0.783964,-0.681995,2.394913
0.462139,-0.719818,2.755536
0.769726,-0.768652,2.336057
0.593981,0.827811,2.367583
0.595489,0.682822,2.507200
0.406061,0.629277,2.564828
0.804906,0.589061,2.514805
0.358588,0.360239,2.620859
0.918461,0.332983,2.550593
0.403190,0.122371,2.550593
0.959083,0.091232,2.615222
0.411381,0.043451,2.612432
0.983869,0.014546,2.451541
0.585796,0.366275,2.583869
0.584202,0.301549,2.598057
0.497613,0.222045,2.604583
0.670952,0.213674,2.609434
0.465647,-0.266957,2.693606
0.699332,-0.286934,2.489845
0.453658,-0.641586,2.792526
0.790068,-0.684027,2.383857
0.462052,-0.720050,2.760781
0.774048,-0.771015,2.324335
0.592615,0.815402,2.346098
0.605396,0.671585,2.487740
0.413407,0.625530,2.557749
0.809551,0.580151,2.485762
0.377958,0.358854,2.627327
0.934826,0.323883,2.512161
0.432949,0.123224,2.512161
0.980542,0.082638,2.643421
0.441010,0.047808,2.653762
1.007486,0.007350,2.414921
0.595072,0.360181,2.573198
0.593359,0.296257,2.588971
0.507823,0.217544,2.600569
0.679159,0.209746,2.598763
0.469917,-0.267471,2.690360
0.703941,-0.288744,2.481666
0.458181,-0.641750,2.796041
0.795421,-0.685643,2.375955
0.462172,-0.720239,2.765495
0.777550,-0.772702,2.315844
0.590276,0.802058,2.324991
0.615474,0.658486,2.467131
0.421542,0.620598,2.550684
0.813098,0.570599,2.457881
0.397820,0.357725,2.633840
0.949339,0.315362,2.477602
0.464990,0.125863,2.477602
1.000917,0.073845,2.671738
0.467391,0.057392,2.686785
1.028721,0.000477,2.382266
0.605026,0.353110,2.563043
0.603364,0.290001,2.580567
0.519681,0.212139,2.597551
0.687619,0.205443,2.588968
0.475034,-0.268141,2.687130
0.708548,-0.290348,2.474316
0.466962,-0.642373,2.797740
0.800043,-0.686940,2.370903
0.463531,-0.720344,2.769237
0.780290,-0.773769,2.310478
0.586232,0.787256,2.304459
0.624509,0.645467,2.447564
0.430938,0.612800,2.543857
0.815696,0.561050,2.431933
0.419548,0.355966,2.641092
0.962727,0.306581,2.444149
0.495383,0.127734,2.444149
1.020115,0.064713,2.699393
0.489231,0.060819,2.714281
1.048225,-0.006753,2.352855
0.615618,0.344849,2.553506
0.614537,0.282247,2.572917
0.533662,0.205306,2.595440
0.696723,0.200411,2.580070
0.480961,-0.268975,2.683940
0.713092,-0.291757,2.467737
0.478545,-0.642882,2.797537
0.803952,-0.687861,2.368404
0.466555,-0.720405,2.772216
0.782289,-0.774281,2.307857
0.580737,0.771445,2.284745
0.632685,0.632077,2.428413
0.440692,0.603457,2.537621
0.817222,0.550936,2.407436
0.440725,0.354254,2.647630
0.974472,0.298544,2.413891
0.526278,0.130705,2.413891
1.037531,0.055990,2.725070
0.511220,0.064563,2.739842
1.065963,-0.013744,2.326733
0.627022,0.335028,2.544490
0.626897,0.272741,2.565975
0.549651,0.196735,2.594090
0.706563,0.194374,2.571993
0.489281,-0.270855,2.681003
0.717535,-0.293251,2.461865
0.495951,-0.644626,2.793772
0.807222,-0.688429,2.368170
0.474155,-0.721030,2.773673
0.783609,-0.774282,2.307704
0.573691,0.754279,2.266471
0.639733,0.617626,2.410041
0.450616,0.592609,2.531808
0.817941,0.540809,2.384702
0.464210,0.350754,2.655358
0.984671,0.291141,2.386837
0.557988,0.132215,2.386837
1.053095,0.048015,2.750767
0.533805,0.067278,2.764791
1.081870,-0.020257,2.303669
0.638499,0.324426,2.536271
0.639507,0.262477,2.559859
0.566086,0.187577,2.593251
0.716626,0.187845,2.564851
0.498699,-0.273275,2.678334
0.721855,-0.294764,2.456641
0.517273,-0.647048,2.786824
0.809876,-0.688706,2.369851
0.485349,-0.721534,2.772745
0.784341,-0.773910,2.309583
0.562528,0.731842,2.249649
0.645297,0.600234,2.391652
0.459844,0.580702,2.525825
0.817589,0.529207,2.363255
0.486065,0.347130,2.662392
0.993423,0.283713,2.361538
0.582500,0.133249,2.361538
1.067000,0.040721,2.769813
0.555761,0.069607,2.787077
1.096238,-0.026362,2.283216
0.650994,0.311046,2.528807
0.653736,0.249320,2.554752
0.584767,0.175788,2.592881
0.728375,0.179116,2.559204
0.510882,-0.277739,2.676056
0.726090,-0.296680,2.451891
0.543387,-0.650396,2.773839
0.812127,-0.688733,2.372901
0.502715,-0.722613,2.768336
0.784596,-0.773096,2.313474
0.550986,0.709584,2.235105
0.649659,0.583077,2.374780
0.468735,0.564682,2.522149
0.816524,0.517295,2.343614
0.502988,0.344042,2.667486
1.001010,0.276896,2.338901
0.605882,0.133550,2.338901
1.079467,0.034019,2.786053
0.577287,0.070913,2.806163
1.109133,-0.032017,2.265110
0.663207,0.297329,2.522189
0.667912,0.235733,2.550436
0.603605,0.163391,2.592944
0.740331,0.169991,2.554455
0.523905,-0.282980,2.674187
0.730155,-0.298629,2.447679
0.568264,-0.653467,2.760813
0.813915,-0.688552,2.377137
0.520239,-0.723576,2.763432
0.784414,-0.772003,2.318746
0.537825,0.685500,2.222740
0.652546,0.565312,2.359418
0.480686,0.541480,2.517036
0.814532,0.505031,2.325713
0.529522,0.334583,2.676864
1.007550,0.270469,2.318482
0.632174,0.131803,2.318482
1.090635,0.027854,2.802416
0.603043,0.069697,2.825626
1.120742,-0.037448,2.249157
0.676593,0.281716,2.516523
0.684453,0.219683,2.547160
0.625962,0.148494,2.593476
0.753494,0.160185,2.550487
0.537462,-0.289235,2.672699
0.734128,-0.300668,2.444096
0.591718,-0.656279,2.747926
0.815302,-0.688198,2.382249
0.537558,-0.724505,2.758220
0.783872,-0.770780,2.324588
0.524070,0.661234,2.212951
0.654202,0.547447,2.345895
0.490699,0.518443,2.516996
0.811443,0.492315,2.309584
0.558513,0.319738,2.682650
1.013175,0.264329,2.300090
0.659068,0.127216,2.300090
1.100665,0.022198,2.815313
0.630050,0.065207,2.841208
1.131233,-0.042697,2.235210
0.689431,0.266197,2.511743
0.700251,0.204002,2.544587
0.647231,0.134050,2.594220
0.766518,0.150218,2.547264
0.551093,-0.295781,2.671524
0.737979,-0.302818,2.441032
0.613363,-0.658849,2.735654
0.816344,-0.687813,2.387874
0.554162,-0.725382,2.752932
0.783021,-0.769473,2.330997
0.510037,0.636742,2.205498
0.654751,0.529263,2.334090
0.500830,0.493879,2.516426
0.807521,0.479213,2.295284
0.580577,0.308792,2.686517
1.017931,0.258399,2.283625
0.685365,0.120985,2.283625
1.109741,0.016722,2.825497
0.656914,0.058825,2.853756
1.140745,-0.048139,2.223498
0.702622,0.249688,2.507933
0.716727,0.187290,2.542861
0.669328,0.118682,2.595170
0.780150,0.139634,2.544823
0.564308,-0.302710,2.670734
0.741634,-0.305109,2.438425
0.633652,-0.661031,2.723514
0.817049,-0.687331,2.393991
0.568755,-0.726260,2.748775
0.781938,-0.768129,2.337695
0.495025,0.611671,2.200619
0.654206,0.510946,2.324002
0.508632,0.475816,2.515344
0.802515,0.465122,2.282706
0.601000,0.297788,2.689813
1.021823,0.252641,2.268902
0.709840,0.114188,2.268902
1.117882,0.011566,2.834017
0.682211,0.051727,2.864367
1.149270,-0.053475,2.213823
0.715206,0.233618,2.504875
0.732497,0.171152,2.541682
0.690431,0.103912,2.596358
0.793790,0.128931,2.542898
0.576709,-0.309445,2.670160
0.745100,-0.307493,2.436238
0.652203,-0.662921,2.712043
0.817470,-0.686770,2.400404
0.582625,-0.726931,2.744482
0.780684,-0.766731,2.344662
0.480353,0.587661,2.197668
0.652723,0.492874,2.315547
0.515633,0.458309,2.514689
0.797085,0.450724,2.272122
0.619728,0.286700,2.692657
1.024954,0.247130,2.255852
0.732391,0.106837,2.255852
1.125165,0.006661,2.841120
0.705738,0.043962,2.873321
1.156855,-0.058675,2.206102
0.727087,0.218186,2.502500
0.747455,0.155767,2.540987
0.710605,0.089684,2.597970
0.807428,0.118210,2.541414
0.588199,-0.315958,2.669798
0.748663,-0.310400,2.435185
0.668907,-0.664627,2.701535
0.817677,-0.686280,2.406865
0.595456,-0.727548,2.740368
0.779306,-0.765349,2.351652
0.465604,0.563748,2.196866
0.650393,0.475082,2.308737
0.521855,0.441340,2.514493
0.791220,0.435973,2.263370
0.636818,0.275570,2.695171
1.027350,0.241815,2.244386
0.753773,0.095409,2.244386
1.131756,0.001810,2.842452
0.728275,0.032095,2.876284
1.163595,-0.064066,2.200486
0.738095,0.200927,2.500976
0.761390,0.138404,2.540889
0.729223,0.074467,2.599409
0.820229,0.104348,2.540929
0.598828,-0.323487,2.670081
0.751786,-0.315230,2.433971
0.683947,-0.666099,2.691880
0.817678,-0.685650,2.413325
0.607207,-0.728109,2.736516
0.777847,-0.763999,2.358556
0.451599,0.540809,2.197598
0.647225,0.456997,2.303499
0.527356,0.424465,2.514743
0.785157,0.421485,2.256312
0.652466,0.263983,2.697339
1.028914,0.236740,2.234386
0.773551,0.082907,2.234386
1.137509,-0.002581,2.841931
0.749181,0.019404,2.877285
1.169408,-0.069217,2.196591
0.748080,0.184660,2.499942
0.774007,0.122263,2.541065
0.746045,0.060367,2.600790
0.831976,0.091192,2.540824
0.608626,-0.330738,2.670616
0.754677,-0.320113,2.433054
0.697499,-0.667357,2.683018
0.817545,-0.684980,2.419597
0.617831,-0.728610,2.732922
0.776333,-0.762691,2.365250
0.438434,0.518834,2.199852
0.643633,0.439426,2.299806
0.532226,0.408154,2.515449
0.778852,0.406729,2.251082
0.666713,0.252406,2.699318
1.029683,0.231820,2.225814
0.791559,0.069809,2.225814
1.142574,-0.006913,2.840169
0.768414,0.006095,2.876879
1.174337,-0.074229,2.194303
0.757069,0.169554,2.499288
0.785350,0.107440,2.541417
0.761203,0.047422,2.602130
0.842681,0.078861,2.540976
0.617651,-0.337661,2.671345
0.757324,-0.324785,2.432110
0.709684,-0.668446,2.674916
0.816977,-0.685424,2.425286
0.627405,-0.729000,2.729528
0.774649,-0.761694,2.371170
0.426254,0.498163,2.203205
0.639607,0.422272,2.297616
0.536464,0.392320,2.516611
0.772546,0.392237,2.247380
0.679596,0.240794,2.701159
1.029658,0.227097,2.218541
0.807774,0.056225,2.218541
1.146888,-0.010955,2.837455
0.785917,-0.007710,2.875374
1.178409,-0.078919,2.193344
0.766335,0.154912,2.500083
0.797427,0.093196,2.543411
0.776666,0.034908,2.605031
0.854797,0.067558,2.542567
0.625675,-0.343727,2.671855
0.759833,-0.328048,2.431386
0.720614,-0.669385,2.667584
0.816584,-0.684959,2.431083
0.636025,-0.729315,2.726351
0.773056,-0.760520,2.377322
0.415190,0.478799,2.207589
0.635370,0.405904,2.296643
0.540133,0.377166,2.518111
0.766275,0.378008,2.245061
0.691187,0.229351,2.702849
1.028912,0.222598,2.212498
0.822272,0.042501,2.212498
1.150536,-0.014916,2.833989
0.801734,-0.021648,2.872978
1.181741,-0.083550,2.193667
0.775092,0.141415,2.501068
0.808778,0.080209,2.545291
0.791151,0.023449,2.607584
0.866330,0.057309,2.543966
0.633159,-0.349296,2.672552
0.762142,-0.331139,2.430796
0.730536,-0.670229,2.660738
0.816153,-0.684496,2.436638
0.643912,-0.729533,2.723302
0.771478,-0.759392,2.383262
0.405098,0.459657,2.213779
0.631005,0.389126,2.297626
0.543394,0.361830,2.520388
0.759990,0.363526,2.244441
0.701760,0.217248,2.704696
1.027546,0.218304,2.207649
0.835373,0.027987,2.207649
1.153562,-0.018767,2.830180
0.816197,-0.036395,2.870109
1.184258,-0.088118,2.195111
0.783061,0.129163,2.502105
0.818990,0.068657,2.546879
0.804327,0.013103,2.610008
0.876855,0.048156,2.544683
0.640106,-0.354476,2.673369
0.764204,-0.334071,2.429963
0.739078,-0.671572,2.654809
0.815697,-0.683991,2.441842
0.650719,-0.730008,2.720084
0.769944,-0.758323,2.388892
0.396085,0.441868,2.220481
0.626570,0.373033,2.299489
0.546145,0.347025,2.522904
0.753925,0.349257,2.245005
0.711157,0.205167,2.706394
1.025686,0.214173,2.203887
0.847695,0.015195,2.203887
1.156023,-0.022530,2.827432
0.828726,-0.047739,2.868312
1.186150,-0.092584,2.197504
0.791035,0.116882,2.503798
0.829140,0.057162,2.548975
0.816998,0.002857,2.612649
0.887488,0.039008,2.545985
0.646430,-0.359556,2.674354
0.766073,-0.336853,2.429174
0.746595,-0.673126,2.649382
0.815231,-0.683519,2.446636
0.656843,-0.730316,2.717555
0.768481,-0.757339,2.394143
0.388186,0.425036,2.227878
0.622230,0.357230,2.302461
0.548510,0.332446,2.525826
0.748763,0.333786,2.247703
0.719544,0.192826,2.708098
1.023860,0.210222,2.200946
0.858993,0.002604,2.200946
1.158025,-0.026259,2.824567
0.843230,-0.060813,2.865045
1.187541,-0.097000,2.200641
0.798454,0.103038,2.506160
0.838504,0.044002,2.551455
0.828530,-0.009106,2.615094
0.897701,0.027499,2.548085
0.652493,-0.363488,2.675163
0.767502,-0.340421,2.428167
0.753651,-0.673968,2.644481
0.814512,-0.683539,2.450893
0.663692,-0.730746,2.711606
0.766986,-0.756585,2.398898
0.381452,0.409376,2.235712
0.618296,0.341978,2.306277
0.550655,0.318240,2.529068
0.744240,0.318746,2.251349
0.727101,0.180400,2.709811
1.022080,0.206846,2.198240
0.869340,-0.009745,2.198240
1.159660,-0.029888,2.821699
0.856961,-0.073644,2.861627
1.188482,-0.101307,2.204370
0.805175,0.090096,2.508627
0.846946,0.031815,2.553903
0.838858,-0.020185,2.617378
0.907018,0.016680,2.550240
0.658099,-0.367288,2.676078
0.768731,-0.343895,2.427210
0.759997,-0.674816,2.640095
0.813717,-0.683603,2.454893
0.668935,-0.731027,2.708892
0.765546,-0.755908,2.403368
0.375869,0.394798,2.244037
0.614810,0.327458,2.310812
0.552619,0.304539,2.532588
0.740337,0.304327,2.255711
0.733894,0.168091,2.711567
1.020229,0.203791,2.196142
0.878772,-0.021708,2.196142
1.160930,-0.033321,2.818922
0.869847,-0.086066,2.858202
1.189141,-0.105319,2.208354
0.811775,0.077864,2.511445
0.855155,0.020417,2.556595
0.848656,-0.030535,2.619748
0.916138,0.006611,2.552639
0.662594,-0.372622,2.677872
0.769909,-0.346853,2.426431
0.764384,-0.677503,2.635910
0.812996,-0.683524,2.458680
0.673633,-0.731275,2.706434
0.764217,-0.755151,2.407829
0.372870,0.379601,2.254398
0.612954,0.311462,2.317422
0.555187,0.289759,2.537129
0.737751,0.289814,2.261134
0.740746,0.154224,2.713840
1.018867,0.199669,2.195987
0.875234,-0.052959,2.195987
1.162007,-0.036539,2.800059
0.873699,-0.108324,2.843004
1.190363,-0.108656,2.211883
0.815715,0.060124,2.516302
0.859813,0.002965,2.561089
0.853582,-0.048397,2.623209
0.921690,-0.009919,2.557170
0.667299,-0.376163,2.679147
0.769145,-0.353797,2.423211
0.769258,-0.678557,2.632043
0.810797,-0.685539,2.461102
0.677926,-0.731446,2.704067
0.762336,-0.755678,2.410989
0.371014,0.365645,2.264738
0.611526,0.296605,2.324172
0.557604,0.275725,2.541718
0.736102,0.275861,2.267143
0.746919,0.140798,2.716066
1.017559,0.195718,2.196450
0.865241,-0.084003,2.196450
1.162823,-0.039535,2.783809
0.874448,-0.127391,2.833640
1.191228,-0.111809,2.215573
0.819049,0.043319,2.521145
0.863681,-0.013622,2.565516
0.857475,-0.065716,2.626805
0.926689,-0.025998,2.561549
0.671667,-0.379380,2.680534
0.767945,-0.360791,2.419992
0.773573,-0.679515,2.628501
0.808261,-0.687802,2.463210
0.681769,-0.731581,2.701888
0.760347,-0.756423,2.413826
0.370626,0.352687,2.275256
0.610814,0.282697,2.331161
0.560080,0.262339,2.546412
0.735610,0.262446,2.273784
0.752665,0.127772,2.718311
1.016554,0.191937,2.197357
0.855762,-0.112685,2.197357
1.163408,-0.042413,2.767987
0.873735,-0.147046,2.823582
1.189116,-0.115220,2.221174
0.821883,0.027439,2.525934
0.866826,-0.029355,2.569850
0.860333,-0.082268,2.630196
0.930867,-0.041380,2.565920
0.675679,-0.382304,2.681985
0.766441,-0.367776,2.416845
0.777353,-0.680390,2.625254
0.805612,-0.690262,2.465001
0.685195,-0.731688,2.699879
0.756290,-0.755256,2.419598
0.371940,0.340714,2.286011
0.611012,0.269647,2.338349
0.562766,0.249559,2.551182
0.736057,0.249725,2.280818
0.758170,0.115148,2.720566
1.015848,0.188359,2.198631
0.846223,-0.138977,2.198631
1.163771,-0.045091,2.753482
0.871796,-0.166094,2.813750
1.186534,-0.118371,2.226893
0.824455,0.012556,2.530661
0.869509,-0.044123,2.574095
0.862642,-0.098165,2.634006
0.934598,-0.056281,2.570122
0.679338,-0.384941,2.683526
0.764567,-0.374671,2.413689
0.780597,-0.681172,2.622232
0.802724,-0.692893,2.466420
0.688230,-0.731749,2.698001
0.753830,-0.756026,2.422318
0.375735,0.329750,2.297498
0.612715,0.257421,2.346220
0.565987,0.237394,2.556234
0.739268,0.236655,2.289675
0.763753,0.103052,2.722994
1.015993,0.185433,2.200035
0.837749,-0.162423,2.200035
1.164712,-0.046937,2.740523
0.869437,-0.184013,2.804415
1.185246,-0.120052,2.230772
0.826804,-0.001752,2.535431
0.871727,-0.058498,2.578363
0.864172,-0.113831,2.637958
0.937745,-0.071750,2.574354
0.682673,-0.387315,2.685071
0.762008,-0.381762,2.410158
0.783350,-0.681877,2.619465
0.799230,-0.695935,2.467180
0.691048,-0.732156,2.694221
0.751089,-0.757115,2.424467
0.388872,0.319904,2.313228
0.620855,0.244958,2.358086
0.572148,0.224899,2.563131
0.749811,0.221909,2.301681
0.771418,0.090541,2.726635
1.019067,0.182566,2.202370
0.833083,-0.181417,2.202370
1.165625,-0.049073,2.730182
0.869246,-0.198480,2.796950
1.183253,-0.123228,2.236147
0.829979,-0.016570,2.540966
0.874079,-0.073259,2.583028
0.865443,-0.129840,2.642229
0.940702,-0.088594,2.578982
0.680766,-0.394007,2.690020
0.758885,-0.388561,2.406209
0.784183,-0.682647,2.619137
0.797450,-0.697154,2.468998
0.693371,-0.732395,2.691071
0.749402,-0.757141,2.427142
0.506512,0.332365,2.372164
0.703698,0.243494,2.401907
0.655784,0.208507,2.597395
0.810964,0.206342,2.329826
0.792420,0.074253,2.730273
1.032099,0.176748,2.204941
0.831782,-0.197470,2.204941
1.166523,-0.054279,2.722610
0.869880,-0.211043,2.790493
1.181507,-0.126386,2.239944
0.855100,-0.029478,2.550552
0.892071,-0.086275,2.588836
0.880765,-0.144020,2.649250
0.956334,-0.105133,2.579757
0.682307,-0.394536,2.693353
0.758105,-0.392431,2.404043
0.785195,-0.682418,2.619440
0.796292,-0.698333,2.470226
0.695623,-0.732419,2.689284
0.748112,-0.757179,2.429261
0.613041,0.345330,2.423938
0.784263,0.244113,2.442669
0.737542,0.196297,2.631752
0.869449,0.193692,2.355837
0.828455,0.053150,2.737569
1.047147,0.170742,2.208019
0.831735,-0.212020,2.208019
1.167274,-0.058713,2.716259
0.870679,-0.222457,2.784663
1.179058,-0.129970,2.243890
0.880862,-0.040622,2.559704
0.910447,-0.097790,2.594232
0.896191,-0.156656,2.655862
0.971834,-0.120189,2.580016
0.683671,-0.394380,2.696785
0.757546,-0.395720,2.402045
0.785748,-0.681927,2.620303
0.795397,-0.699390,2.471215
0.697672,-0.732407,2.687578
0.747086,-0.757169,2.431099
0.705671,0.357724,2.468681
0.856856,0.245644,2.478473
0.810453,0.186661,2.662206
0.925113,0.183335,2.379720
0.851843,0.038476,2.742805
1.063560,0.164477,2.211367
0.832527,-0.224775,2.211367
1.167884,-0.062869,2.710861
0.872527,-0.232473,2.779953
1.176141,-0.133465,2.248243
0.906696,-0.050113,2.568306
0.928937,-0.107864,2.599176
0.911672,-0.167729,2.662012
0.986902,-0.133800,2.579858
0.684972,-0.393511,2.700301
0.757200,-0.398430,2.400198
0.785875,-0.681180,2.621726
0.794764,-0.700309,2.471979
0.699398,-0.732257,2.686191
0.746304,-0.757120,2.432700
0.787959,0.369594,2.508141
0.923063,0.247794,2.510654
0.875537,0.179299,2.688786
0.976254,0.174707,2.401393
0.874800,0.025110,2.747900
1.081193,0.158026,2.215206
0.854475,-0.229164,2.215206
1.168349,-0.066811,2.734502
0.880970,-0.239762,2.788370
1.173982,-0.136231,2.251800
0.932788,-0.057785,2.576853
0.947781,-0.116316,2.604064
0.927380,-0.177125,2.668232
1.001539,-0.145907,2.579473
0.686328,-0.392018,2.703772
0.757143,-0.400520,2.398535
0.785648,-0.680161,2.623618
0.794373,-0.701105,2.472522
0.700863,-0.732029,2.685014
0.745795,-0.757005,2.433969
0.860296,0.380834,2.542188
0.984069,0.251149,2.539395
0.934503,0.173601,2.712857
1.023207,0.167565,2.420971
0.897760,0.012888,2.753194
1.102182,0.148040,2.222778
0.874907,-0.231966,2.222778
1.168299,-0.071067,2.757895
0.888673,-0.246101,2.797426
1.170150,-0.139750,2.256154
0.958347,-0.063464,2.585271
0.966434,-0.122938,2.608984
0.943048,-0.184653,2.674652
1.015296,-0.156407,2.579096
0.687789,-0.389994,2.707154
0.757406,-0.401945,2.397035
0.785115,-0.678951,2.625883
0.794213,-0.701741,2.472869
0.702046,-0.731739,2.684050
0.745531,-0.756821,2.434972
0.922843,0.390606,2.571267
1.037611,0.254441,2.564354
0.986184,0.168826,2.733549
1.065834,0.161542,2.438773
0.920048,0.001709,2.758241
1.122629,0.136773,2.231480
0.895118,-0.232241,2.231480
1.167749,-0.075619,2.781804
0.896598,-0.250760,2.808011
1.164784,-0.145336,2.262748
0.982394,-0.067892,2.592961
0.984242,-0.128343,2.613470
0.957966,-0.190972,2.680618
1.028297,-0.165598,2.578513
0.689199,-0.387647,2.710417
0.757936,-0.402730,2.395649
0.784325,-0.677603,2.628428
0.794347,-0.702208,2.472862
0.702985,-0.731395,2.683275
0.745481,-0.756564,2.435660
0.977266,0.399157,2.596356
1.085259,0.257573,2.586228
1.032718,0.165121,2.752076
1.104092,0.156400,2.454735
0.942225,-0.008357,2.763381
1.142081,0.125858,2.239721
0.913368,-0.231197,2.239721
1.167001,-0.080107,2.803887
0.903710,-0.254327,2.818460
1.159073,-0.150950,2.268900
1.004780,-0.071353,2.599962
1.001005,-0.132758,2.617553
0.972022,-0.196230,2.686138
1.040442,-0.173665,2.577810
0.690542,-0.385049,2.713541
0.758677,-0.402965,2.394366
0.783307,-0.676159,2.631180
0.794736,-0.702501,2.472466
0.703673,-0.731016,2.682700
0.745611,-0.756254,2.436046
1.026122,0.407099,2.618509
1.127773,0.260658,2.605567
1.074177,0.162347,2.768639
1.138367,0.152064,2.468974
0.963832,-0.017223,2.768560
1.167920,0.108728,2.253618
0.929032,-0.230070,2.253618
1.165721,-0.084818,2.822555
0.909745,-0.257498,2.827519
1.152796,-0.156940,2.275605
1.026396,-0.073112,2.606711
1.017534,-0.135366,2.621583
0.986234,-0.199287,2.692138
1.051861,-0.180439,2.576941
0.692249,-0.381963,2.716509
0.759729,-0.402608,2.393215
0.782072,-0.674610,2.634127
0.795386,-0.702528,2.471534
0.703989,-0.730679,2.682349
0.745927,-0.755793,2.435797
1.068983,0.413925,2.637955
1.165411,0.263415,2.622597
1.110813,0.159965,2.783201
1.169283,0.148475,2.481761
0.984516,-0.025132,2.773546
1.192492,0.088287,2.273821
0.944349,-0.226922,2.273821
1.164267,-0.089269,2.841530
0.915935,-0.258993,2.837921
1.146573,-0.162653,2.281553
1.046378,-0.074245,2.612722
1.033071,-0.137256,2.625127
0.999516,-0.201662,2.697429
1.062867,-0.186119,2.575783
0.693928,-0.378763,2.719257
0.761116,-0.401599,2.392148
0.780701,-0.673027,2.637160
0.796277,-0.702309,2.469983
0.704106,-0.730318,2.682152
0.746409,-0.755198,2.435122
1.107284,0.420157,2.655249
1.199246,0.266047,2.637710
1.143684,0.158021,2.796195
1.196779,0.145210,2.493153
1.004588,-0.032084,2.778443
1.214696,0.068972,2.292653
0.958152,-0.223125,2.292653
1.162637,-0.093569,2.858526
0.921559,-0.259607,2.847803
1.140438,-0.168191,2.287164
1.064633,-0.075345,2.617710
1.047308,-0.139231,2.627735
1.011027,-0.204777,2.700865
1.073204,-0.190983,2.574394
0.695236,-0.375730,2.721841
0.762626,-0.400167,2.391133
0.779231,-0.671428,2.640231
0.797276,-0.701994,2.468063
0.703927,-0.729950,2.682172
0.746755,-0.754538,2.433249
1.141643,0.425768,2.670650
1.229383,0.268394,2.651071
1.174702,0.158240,2.809304
1.221422,0.142347,2.503344
1.025533,-0.037016,2.784744
1.234604,0.051113,2.310257
0.970811,-0.219099,2.310257
1.160966,-0.097632,2.872617
0.929977,-0.259175,2.856377
1.134584,-0.173415,2.292408
1.081394,-0.075976,2.622048
1.060556,-0.140625,2.629928
1.022123,-0.206922,2.703686
1.082866,-0.195028,2.572933
0.696732,-0.372492,2.724198
0.764314,-0.398233,2.390177
0.777711,-0.669824,2.643307
0.798406,-0.701547,2.465656
0.703594,-0.729576,2.682357
0.747066,-0.753815,2.430710
1.172476,0.430895,2.684283
1.256350,0.270420,2.662996
1.201682,0.157354,2.820467
1.243481,0.139718,2.512495
1.044723,-0.042010,2.790390
1.250833,0.033728,2.325208
0.981750,-0.214744,2.325208
1.157860,-0.102439,2.885883
0.934841,-0.258566,2.864595
1.127052,-0.179458,2.297020
1.096551,-0.076302,2.625855
1.072677,-0.141602,2.631796
1.032338,-0.208536,2.706066
1.091774,-0.198370,2.571442
0.698164,-0.369332,2.726326
0.766088,-0.395968,2.389262
0.776143,-0.668230,2.646324
0.799552,-0.700853,2.462738
0.703087,-0.729184,2.682665
0.747336,-0.752928,2.427207
1.201248,0.436714,2.696143
1.280662,0.272325,2.673649
1.225763,0.156336,2.830454
1.263417,0.137421,2.520795
1.062544,-0.046588,2.795794
1.265101,0.018053,2.338629
0.991334,-0.210192,2.338629
1.154143,-0.108413,2.897962
0.939049,-0.257245,2.872602
1.118882,-0.186646,2.302350
1.110686,-0.076076,2.629100
1.084240,-0.141824,2.633220
1.042019,-0.209411,2.708060
1.100823,-0.200252,2.569258
0.699690,-0.366084,2.728233
0.768160,-0.393215,2.388450
0.774733,-0.665859,2.649393
0.800710,-0.700072,2.459395
0.702790,-0.728462,2.682973
0.747622,-0.751998,2.423195
1.226872,0.442295,2.706304
1.302524,0.274252,2.683011
1.247464,0.155255,2.839427
1.281419,0.135446,2.528288
1.079046,-0.050606,2.800899
1.277687,0.003969,2.350718
0.999851,-0.205588,2.350718
1.150162,-0.116002,2.908825
0.942775,-0.255466,2.880214
1.112865,-0.192672,2.308260
1.123566,-0.075691,2.631839
1.094887,-0.141820,2.634274
1.050999,-0.209967,2.709478
1.109272,-0.201486,2.567016
0.701202,-0.362818,2.729971
0.770339,-0.390157,2.387673
0.772984,-0.663322,2.652547
0.801834,-0.699148,2.455724
0.702322,-0.727745,2.683379
0.747771,-0.751121,2.418782
1.249723,0.447909,2.714764
1.321954,0.276255,2.690963
1.266708,0.154820,2.847280
1.297697,0.133813,2.535047
1.093078,-0.053482,2.802667
1.288008,-0.011473,2.360977
1.009247,-0.199513,2.360977
1.143472,-0.123929,2.918470
0.949171,-0.253156,2.887394
1.102019,-0.201235,2.313957
1.135236,-0.075223,2.634140
1.104604,-0.141680,2.635029
1.059262,-0.210199,2.710361
1.117130,-0.202191,2.564809
0.702661,-0.359632,2.731525
0.772562,-0.386911,2.386908
0.771318,-0.661735,2.655303
0.802924,-0.698191,2.451868
0.701473,-0.727318,2.683938
0.747907,-0.750282,2.414233
1.269707,0.453431,2.721394
1.338935,0.278348,2.697457
1.284056,0.154365,2.854317
1.312350,0.132507,2.541130
1.105702,-0.055820,2.803983
1.296895,-0.025642,2.370104
1.017758,-0.193567,2.370104
1.136767,-0.131589,2.927112
0.955504,-0.250555,2.894100
1.091645,-0.209486,2.319142
1.145824,-0.074579,2.636050
1.113491,-0.141303,2.635526
1.066904,-0.210041,2.710830
1.124354,-0.202446,2.562601
0.704110,-0.356460,2.732890
0.774760,-0.383572,2.386167
0.769823,-0.659277,2.658102
0.803972,-0.697219,2.447882
0.700946,-0.726532,2.684427
0.748032,-0.749476,2.409617
1.286864,0.458894,2.726328
1.353489,0.280537,2.702590
1.299311,0.154214,2.860454
1.325495,0.131633,2.546595
1.116768,-0.058199,2.805650
1.304695,-0.038501,2.378397
1.025415,-0.187863,2.378397
1.130957,-0.137393,2.934866
0.961708,-0.247751,2.900357
1.082608,-0.215758,2.322751
1.155556,-0.073641,2.637544
1.121813,-0.140530,2.635688
1.074215,-0.209293,2.710761
1.131177,-0.202115,2.560310
0.705755,-0.353184,2.734048
0.776942,-0.380159,2.385454
0.768389,-0.656822,2.660774
0.804965,-0.696252,2.443835
0.700397,-0.725713,2.684952
0.748157,-0.748745,2.405074
1.301229,0.464267,2.729539
1.365757,0.282750,2.706439
1.311262,0.155112,2.864585
1.337184,0.131151,2.551471
1.126790,-0.060159,2.806886
1.311418,-0.050189,2.385816
1.032312,-0.182607,2.385816
1.125503,-0.142978,2.941554
0.967594,-0.245073,2.906125
1.074236,-0.221709,2.325883
1.164370,-0.072586,2.638698
1.129417,-0.139607,2.635621
1.080997,-0.208224,2.710226
1.137450,-0.201430,2.558057
0.707390,-0.348969,2.734984
0.779062,-0.376747,2.384772
0.767017,-0.654405,2.663311
0.805893,-0.695311,2.439762
0.699834,-0.724879,2.685496
0.748278,-0.748065,2.400608
1.313074,0.469487,2.731082
1.375765,0.284998,2.708969
1.322395,0.155678,2.868444
1.347417,0.131050,2.555739
1.135889,-0.061118,2.806997
1.317235,-0.060934,2.392496
1.038497,-0.177752,2.392496
1.120547,-0.147746,2.947373
0.973199,-0.242463,2.911388
1.066603,-0.226752,2.328423
1.172349,-0.071477,2.639526
1.136359,-0.138633,2.635343
1.087308,-0.206904,2.709199
1.143213,-0.200512,2.555890
0.709079,-0.344640,2.735767
0.781110,-0.373354,2.384108
0.765509,-0.652869,2.665612
0.806753,-0.694403,2.435722
0.698902,-0.724374,2.686183
0.748387,-0.747483,2.396403
1.322504,0.474554,2.731245
1.383528,0.287217,2.710191
1.331664,0.156474,2.871296
1.356368,0.131444,2.559525
1.143937,-0.061657,2.806694
1.322418,-0.070543,2.398605
1.044127,-0.173314,2.398605
1.116018,-0.152726,2.952475
0.978640,-0.239914,2.916196
1.059948,-0.231899,2.331406
1.179523,-0.070247,2.640054
1.142663,-0.137526,2.634888
1.093088,-0.205310,2.707858
1.148481,-0.199319,2.553777
0.710749,-0.340314,2.736393
0.783072,-0.370034,2.383480
0.764249,-0.650911,2.667800
0.807553,-0.693531,2.431766
0.698231,-0.723669,2.686770
0.748482,-0.746980,2.392432
1.329741,0.479223,2.730093
1.389428,0.289385,2.710499
1.339226,0.157483,2.873320
1.364013,0.132243,2.562788
1.150993,-0.061715,2.805939
1.327386,-0.078086,2.405072
1.049397,-0.168709,2.405072
1.112856,-0.156662,2.956985
0.984180,-0.237026,2.920742
1.054876,-0.236004,2.334260
1.186045,-0.068742,2.640215
1.148533,-0.136042,2.634115
1.098637,-0.203087,2.705992
1.153444,-0.197567,2.551554
0.712692,-0.335797,2.736827
0.784936,-0.366787,2.382872
0.763064,-0.649019,2.669853
0.808297,-0.692708,2.427890
0.697569,-0.722968,2.687366
0.748582,-0.746528,2.388623
1.334926,0.483437,2.727936
1.393644,0.291372,2.710038
1.345235,0.158622,2.874619
1.370372,0.133390,2.565535
1.157405,-0.062072,2.805623
1.331399,-0.084386,2.412112
1.054135,-0.164291,2.412112
1.110010,-0.160247,2.960857
0.989483,-0.234132,2.924886
1.050355,-0.239735,2.336902
1.191860,-0.067149,2.640154
1.153834,-0.134465,2.633233
1.103585,-0.200945,2.704188
1.157940,-0.195655,2.549399
0.714471,-0.331445,2.737179
0.786708,-0.363623,2.382287
0.761955,-0.647200,2.671769
0.808982,-0.691928,2.424140
0.696917,-0.722273,2.687950
0.748674,-0.746140,2.385060
1.338485,0.487175,2.725082
1.396402,0.293180,2.708940
1.349863,0.159858,2.875287
1.375543,0.134713,2.567918
1.162776,-0.061539,2.804279
1.334771,-0.089787,2.418641
1.058387,-0.159976,2.418641
1.107542,-0.163319,2.964125
0.994558,-0.231229,2.928682
1.046497,-0.242979,2.339331
1.197043,-0.065541,2.639931
1.158620,-0.132875,2.632293
1.108052,-0.198905,2.702406
1.162015,-0.193683,2.547339
0.715714,-0.328637,2.737336
0.788377,-0.360592,2.381732
0.761003,-0.645767,2.673477
0.809605,-0.691216,2.420533
0.696215,-0.721701,2.688544
0.748774,-0.745814,2.381665
1.342362,0.490470,2.721905
1.397785,0.294826,2.707214
1.353191,0.161183,2.875344
1.379626,0.136248,2.569894
1.167415,-0.060759,2.802721
1.337535,-0.094292,2.424769
1.062173,-0.155856,2.424769
1.105320,-0.166198,2.966870
0.999375,-0.228384,2.932155
1.043057,-0.246025,2.341649
1.201635,-0.063899,2.639501
1.162934,-0.131256,2.631248
1.112098,-0.196839,2.700469
1.165715,-0.191625,2.545339
0.716882,-0.325771,2.737275
0.789944,-0.357693,2.381209
0.759965,-0.644506,2.675064
0.810179,-0.690554,2.417085
0.695374,-0.721249,2.689177
0.748893,-0.745526,2.378465
1.345024,0.493393,2.718164
1.397977,0.296305,2.704950
1.355347,0.162573,2.874846
1.382708,0.137939,2.571507
1.171334,-0.059714,2.800878
1.339736,-0.097972,2.430548
1.065732,-0.151679,2.430548
1.103343,-0.168836,2.969193
1.004216,-0.225356,2.935428
1.040080,-0.248795,2.343838
1.205672,-0.062248,2.638917
1.166799,-0.129639,2.630153
1.115730,-0.194806,2.698514
1.169048,-0.189551,2.543436
0.717845,-0.323107,2.737100
0.791413,-0.354938,2.380718
0.758978,-0.643375,2.676528
0.810706,-0.689933,2.413797
0.694521,-0.720837,2.689811
0.749014,-0.745278,2.375474
1.346720,0.495860,2.713866
1.397337,0.297496,2.702375
1.356573,0.163917,2.873932
1.384908,0.139764,2.572829
1.174547,-0.058472,2.798799
1.341464,-0.100865,2.436026
1.068900,-0.147726,2.436026
1.101610,-0.171221,2.971055
1.008780,-0.222448,2.938398
1.037517,-0.251310,2.345876
1.209188,-0.060640,2.638222
1.170232,-0.128081,2.629046
1.118959,-0.192834,2.696551
1.172019,-0.187495,2.541655
0.718823,-0.320513,2.736778
0.792785,-0.352328,2.380259
0.758151,-0.641954,2.677924
0.811185,-0.689361,2.410675
0.693898,-0.720247,2.690362
0.749134,-0.745065,2.372686
1.347548,0.497968,2.709212
1.395994,0.298494,2.699517
1.356968,0.165254,2.872627
1.386347,0.141626,2.573864
1.177316,-0.057013,2.796083
1.342744,-0.103090,2.441112
1.072031,-0.143280,2.441112
1.100130,-0.173452,2.972166
1.013407,-0.219300,2.941234
1.035370,-0.253575,2.347822
1.212239,-0.059042,2.637388
1.173288,-0.126536,2.627888
1.121868,-0.190845,2.694489
1.174673,-0.185432,2.539969
0.719787,-0.318045,2.736364
0.794063,-0.349863,2.379832
0.757213,-0.641015,2.679191
0.811625,-0.688838,2.407708
0.693162,-0.719879,2.690925
0.749257,-0.744883,2.370090
1.347628,0.499697,2.704283
1.394113,0.299304,2.696470
1.356658,0.166565,2.870998
1.387107,0.143469,2.574649
1.179538,-0.055378,2.793116
1.343591,-0.104738,2.445879
1.074896,-0.139308,2.445879
1.098853,-0.175461,2.972794
1.017731,-0.216497,2.943791
1.033583,-0.255596,2.349664
1.214813,-0.057473,2.636497
1.175930,-0.125038,2.626782
1.124343,-0.188914,2.692506
1.176906,-0.183450,2.538532
0.720523,-0.315746,2.735846
0.795245,-0.347550,2.379433
0.756459,-0.639845,2.680373
0.812023,-0.688373,2.404890
0.692604,-0.719431,2.691402
0.749380,-0.744730,2.367695
1.347210,0.500998,2.699193
1.391859,0.299880,2.693374
1.355780,0.167790,2.869151
1.387258,0.145232,2.575248
1.181169,-0.053582,2.789911
1.344050,-0.105913,2.450371
1.077484,-0.135468,2.450371
1.097946,-0.176998,2.972990
1.021830,-0.213782,2.946100
1.032421,-0.257112,2.351333
1.216963,-0.055938,2.635535
1.178222,-0.123573,2.625676
1.126491,-0.187033,2.690544
1.178839,-0.181498,2.537214
0.721186,-0.313682,2.735312
0.796335,-0.345384,2.379068
0.755766,-0.638722,2.681469
0.812381,-0.687959,2.402237
0.692082,-0.718998,2.691854
0.749484,-0.744616,2.365576
1.346599,0.501946,2.694160
1.389299,0.300000,2.690374
1.354439,0.168754,2.867219
1.386905,0.146919,2.575649
1.182196,-0.051799,2.786391
1.339232,-0.104730,2.458111
1.080097,-0.132037,2.458111
1.097220,-0.178327,2.972800
1.025923,-0.211279,2.948162
1.031576,-0.258385,2.352886
1.217856,-0.054512,2.635029
1.179142,-0.122075,2.625159
1.127123,-0.185027,2.689226
1.179106,-0.179262,2.536976
0.721359,-0.311850,2.734681
0.797276,-0.343447,2.378723
0.755119,-0.637634,2.682485
0.812699,-0.687587,2.399739
0.691605,-0.718587,2.692279
0.749625,-0.744496,2.363571
1.344857,0.500447,2.689075
1.379176,0.293027,2.686048
1.348550,0.166291,2.864335
1.386102,0.148498,2.575862
1.181050,-0.052371,2.782800
1.336465,-0.104546,2.463906
1.082534,-0.128481,2.463906
1.096628,-0.179497,2.972549
1.029862,-0.208685,2.950063
1.031003,-0.259468,2.354340
1.208511,-0.053800,2.637219
1.169121,-0.120159,2.628450
1.115757,-0.181996,2.690629
1.166190,-0.175025,2.544584
0.721122,-0.315776,2.733504
0.797964,-0.341783,2.378117
0.754524,-0.636574,2.683431
0.812981,-0.687255,2.397390
0.691168,-0.718190,2.692680
0.749761,-0.744396,2.361722
1.341806,0.496697,2.683726
1.365674,0.282401,2.681175
1.340224,0.161858,2.860869
1.385039,0.150169,2.576058
1.178185,-0.054294,2.778745
1.334873,-0.103880,2.467902
1.084776,-0.125374,2.467902
1.096256,-0.180687,2.971919
1.033548,-0.206403,2.951774
1.030551,-0.260474,2.355724
1.198018,-0.053972,2.639513
1.158314,-0.118981,2.631883
1.103320,-0.180686,2.692213
1.152684,-0.172052,2.552308
0.717548,-0.316325,2.735590
0.798421,-0.340287,2.377310
0.753976,-0.635544,2.684316
0.813231,-0.686963,2.395191
0.690761,-0.717798,2.693064
0.749892,-0.744313,2.360022
1.338482,0.492374,2.678459
1.351928,0.271375,2.676449
1.331111,0.156870,2.857254
1.383652,0.151802,2.576129
1.174637,-0.056629,2.774629
1.333169,-0.102942,2.471611
1.086857,-0.122354,2.471611
1.095953,-0.181771,2.970984
1.037086,-0.204170,2.953327
1.030309,-0.261331,2.357018
1.186713,-0.054592,2.641896
1.146835,-0.118188,2.635448
1.090157,-0.179772,2.694033
1.138575,-0.169683,2.560136
0.713194,-0.316861,2.738109
0.798664,-0.338960,2.376344
0.753484,-0.634424,2.685179
0.813450,-0.686712,2.393138
0.690384,-0.717327,2.693476
0.749991,-0.744256,2.358474
1.334845,0.487710,2.673266
1.338500,0.260471,2.671975
1.321574,0.151570,2.853583
1.381891,0.153191,2.576025
1.170616,-0.059235,2.770526
1.331671,-0.102249,2.475239
1.088732,-0.119673,2.475239
1.095638,-0.182708,2.970372
1.040588,-0.201883,2.954734
1.030168,-0.262063,2.358151
1.174360,-0.056217,2.644231
1.134148,-0.118686,2.638976
1.076659,-0.179325,2.695425
1.124418,-0.167882,2.568101
0.708128,-0.316583,2.743101
0.798764,-0.337778,2.375314
0.753034,-0.633343,2.685979
0.813638,-0.686499,2.391224
0.690046,-0.716893,2.693839
0.750089,-0.744212,2.357028
1.331036,0.482795,2.668299
1.325439,0.249747,2.667760
1.311698,0.145995,2.849889
1.379880,0.154454,2.575788
1.166142,-0.062113,2.766447
1.330171,-0.101470,2.478554
1.090286,-0.116887,2.478554
1.095384,-0.183539,2.969108
1.043638,-0.199813,2.955947
1.030193,-0.262656,2.359177
1.161507,-0.058297,2.646515
1.121125,-0.119570,2.642457
1.062882,-0.179236,2.696586
1.110275,-0.166547,2.576043
0.702699,-0.318006,2.743761
0.798719,-0.336741,2.374197
0.752623,-0.632295,2.686723
0.813800,-0.686317,2.389441
0.689736,-0.716468,2.694184
0.750192,-0.744176,2.355678
1.327241,0.477951,2.663607
1.313195,0.239670,2.663849
1.301842,0.140423,2.846244
1.377651,0.155603,2.575415
1.161453,-0.065072,2.762456
1.328317,-0.100417,2.481402
1.091602,-0.114063,2.481402
1.095217,-0.184198,2.967585
1.046487,-0.197759,2.956988
1.030545,-0.263182,2.359966
1.149120,-0.060351,2.648690
1.108677,-0.120440,2.645774
1.049601,-0.179256,2.697837
1.096993,-0.165414,2.583397
0.696981,-0.316993,2.750919
0.798541,-0.335839,2.373032
0.752249,-0.631283,2.687413
0.813938,-0.686164,2.387776
0.689457,-0.716062,2.694505
0.750288,-0.744151,2.354437
1.322691,0.471661,2.659026
1.299946,0.228146,2.659778
1.290813,0.133646,2.842296
1.375280,0.156657,2.574943
1.155580,-0.069103,2.758185
1.326594,-0.099203,2.483651
1.092295,-0.111758,2.483651
1.095080,-0.184797,2.965726
1.048883,-0.196085,2.957950
1.030960,-0.263631,2.360707
1.137603,-0.062469,2.650675
1.097588,-0.121320,2.648769
1.037326,-0.179791,2.699303
1.085210,-0.164884,2.589793
0.693680,-0.308630,2.767107
0.798123,-0.335077,2.371732
0.740034,-0.625832,2.703955
0.814055,-0.686035,2.386228
0.685534,-0.711631,2.701526
0.750379,-0.744136,2.353295
1.318566,0.468220,2.654605
1.290633,0.221037,2.656367
1.282258,0.129394,2.838769
1.372777,0.157611,2.574368
1.151336,-0.071259,2.754397
1.323876,-0.098674,2.483319
1.089696,-0.110777,2.483319
1.094792,-0.185481,2.962288
1.050560,-0.194734,2.958616
1.031418,-0.264024,2.361357
1.126806,-0.064029,2.652210
1.086916,-0.121890,2.651303
1.025344,-0.179897,2.700629
1.074209,-0.163982,2.594978
0.688412,-0.306471,2.776343
0.797389,-0.334615,2.370213
0.737704,-0.624149,2.707247
0.814153,-0.685927,2.384791
0.684661,-0.710571,2.702969
0.750473,-0.744128,2.352229
1.314528,0.465002,2.650463
1.282173,0.214571,2.653257
1.274096,0.125361,2.835392
1.370159,0.158469,2.573666
1.147167,-0.073333,2.750770
1.320601,-0.098447,2.481703
1.089548,-0.109222,2.481703
1.094389,-0.186148,2.960150
1.052469,-0.193392,2.959337
1.031972,-0.264339,2.361923
1.117921,-0.065459,2.653285
1.078359,-0.122465,2.653169
1.016628,-0.180049,2.700764
1.064776,-0.163394,2.599728
0.744379,-0.265367,2.824891
0.796699,-0.334119,2.368868
0.746784,-0.602194,2.725281
0.814239,-0.685832,2.383462
0.692605,-0.684884,2.717565
0.750560,-0.744127,2.351251
1.309635,0.461694,2.646412
1.274153,0.208465,2.650344
1.265982,0.121333,2.832082
1.367488,0.159258,2.572895
1.142804,-0.075485,2.747218
1.318544,-0.097186,2.482052
1.089308,-0.107489,2.482052
1.094293,-0.186615,2.957955
1.054249,-0.192022,2.959975
1.032609,-0.264583,2.362408
1.109713,-0.066797,2.654219
1.070468,-0.123009,2.654836
1.008478,-0.180239,2.700874
1.056060,-0.162936,2.604070
0.796495,-0.228086,2.868825
0.795926,-0.333705,2.367474
0.756878,-0.580036,2.743276
0.814309,-0.685753,2.382230
0.701230,-0.658929,2.732271
0.750644,-0.744131,2.350350
1.304134,0.458976,2.642268
1.267015,0.203223,2.647602
1.258433,0.117852,2.828825
1.364678,0.159994,2.571912
1.138637,-0.077285,2.743726
1.315581,-0.097111,2.479682
1.089016,-0.105857,2.479682
1.093818,-0.186799,2.955749
1.055892,-0.190725,2.960534
1.032765,-0.264708,2.362475
1.102110,-0.067639,2.654837
1.063086,-0.123140,2.656151
1.000847,-0.180160,2.700781
1.047858,-0.162312,2.607913
0.842612,-0.196965,2.907171
0.795068,-0.333448,2.366046
0.766830,-0.559934,2.760174
0.814367,-0.685688,2.381090
0.709642,-0.635608,2.746173
0.750722,-0.744146,2.349495
1.295479,0.454251,2.637843
1.258862,0.196962,2.644692
1.251871,0.116820,2.826163
1.361734,0.160689,2.570714
1.135501,-0.077649,2.740966
1.312617,-0.097199,2.476841
1.079856,-0.111804,2.476841
1.093297,-0.186582,2.933769
1.055598,-0.190928,2.954180
1.032688,-0.264259,2.361639
1.095148,-0.068578,2.655480
1.056452,-0.123373,2.657453
0.994259,-0.179953,2.700871
1.040376,-0.162228,2.611822
0.883010,-0.170300,2.942266
0.794318,-0.333127,2.364737
0.776576,-0.541286,2.777615
0.814413,-0.685634,2.380035
0.717575,-0.613606,2.760981
0.750791,-0.744168,2.348701
1.287179,0.451412,2.633488
1.252405,0.192653,2.642112
1.245780,0.116227,2.823704
1.358506,0.161316,2.569185
1.132570,-0.077756,2.738414
1.309612,-0.097376,2.473555
1.078040,-0.111904,2.473555
1.092728,-0.186249,2.928485
1.056624,-0.190159,2.953421
1.032615,-0.263762,2.360735
1.088386,-0.068973,2.655916
1.049895,-0.123105,2.658527
0.987852,-0.179279,2.700715
1.032514,-0.161331,2.615319
0.918196,-0.148315,2.972240
0.793584,-0.333032,2.363406
0.785824,-0.525056,2.793257
0.814459,-0.685576,2.379077
0.725098,-0.594576,2.774392
0.750858,-0.744183,2.347982
1.278715,0.449050,2.629255
1.246503,0.188849,2.639714
1.240521,0.115299,2.821578
1.354670,0.161664,2.567240
1.129816,-0.077596,2.736050
1.306122,-0.097578,2.469493
1.076453,-0.112026,2.469493
1.091918,-0.185863,2.923799
1.057569,-0.189468,2.952744
1.032354,-0.263287,2.359541
1.081915,-0.069198,2.656242
1.043549,-0.122722,2.659461
0.981720,-0.178338,2.700391
1.025115,-0.160504,2.618569
0.948290,-0.129927,2.997878
0.792852,-0.333014,2.362077
0.794156,-0.510860,2.806985
0.814499,-0.685523,2.378200
0.731845,-0.577955,2.786270
0.750917,-0.744196,2.347322
1.266328,0.445993,2.624591
1.241038,0.185542,2.637419
1.235102,0.115189,2.819561
1.350519,0.161906,2.564907
1.127119,-0.077358,2.733902
1.302617,-0.097900,2.465086
1.075074,-0.112082,2.465086
1.091159,-0.185754,2.919624
1.058508,-0.188757,2.952156
1.032033,-0.263083,2.358397
1.075676,-0.069267,2.656443
1.037406,-0.122243,2.660248
0.975606,-0.177329,2.700049
1.018175,-0.159726,2.621507
0.975434,-0.113705,3.020142
0.792104,-0.333113,2.360726
0.802465,-0.497692,2.819312
0.814533,-0.685472,2.377402
0.738594,-0.562620,2.796977
0.750966,-0.744210,2.346714
1.253726,0.443123,2.620094
1.235888,0.182759,2.635137
1.229801,0.115268,2.817570
1.345743,0.161987,2.561993
1.124438,-0.077014,2.731846
1.299128,-0.098376,2.460518
1.073424,-0.112283,2.460518
1.090290,-0.185506,2.915627
1.059250,-0.188184,2.951583
1.031587,-0.262778,2.356892
1.069628,-0.069187,2.656491
1.031445,-0.121677,2.660865
0.969504,-0.176307,2.699728
1.011521,-0.159055,2.624035
0.999652,-0.099341,3.039528
0.791222,-0.333454,2.359168
0.810505,-0.485545,2.830340
0.814558,-0.685424,2.376674
0.745108,-0.548505,2.806624
0.751007,-0.744224,2.346153
1.240168,0.440209,2.615526
1.230866,0.180488,2.632791
1.225120,0.115041,2.815786
1.340376,0.161952,2.558568
1.121693,-0.076537,2.729866
1.296348,-0.098708,2.457086
1.071871,-0.112485,2.457086
1.089293,-0.184999,2.911996
1.059914,-0.187665,2.951055
1.030961,-0.262205,2.354810
1.063834,-0.069097,2.656401
1.025764,-0.121182,2.661323
0.963820,-0.175488,2.699343
1.005247,-0.158560,2.626266
1.020329,-0.086872,3.056579
0.790231,-0.333973,2.357448
0.817337,-0.475011,2.839965
0.814577,-0.685381,2.376009
0.750553,-0.536147,2.815032
0.751040,-0.744237,2.345636
1.226427,0.437828,2.610935
1.226109,0.179988,2.629964
1.220699,0.115555,2.813965
1.334468,0.161730,2.554607
1.118009,-0.073797,2.726826
1.293353,-0.097595,2.452728
1.070404,-0.112694,2.452728
1.088979,-0.185117,2.908713
1.060503,-0.187195,2.950572
1.031427,-0.261865,2.353909
1.060958,-0.068753,2.655239
1.023887,-0.120647,2.660364
0.962833,-0.174732,2.698794
1.005194,-0.158833,2.624241
0.984919,-0.111818,3.017258
0.789625,-0.334034,2.356524
0.816244,-0.479123,2.836447
0.814590,-0.685341,2.375401
0.748244,-0.539233,2.813606
0.751035,-0.744265,2.345135
1.212308,0.435776,2.606391
1.221601,0.180144,2.627123
1.216506,0.116359,2.812221
1.328236,0.161491,2.550374
1.114230,-0.070643,2.723781
1.291494,-0.096702,2.449512
1.069013,-0.112907,2.449512
1.089022,-0.185134,2.905729
1.061022,-0.186772,2.950124
1.031994,-0.261491,2.353109
1.058841,-0.068277,2.653861
1.022928,-0.120039,2.659141
0.962918,-0.173925,2.698394
1.006504,-0.159224,2.621411
0.947899,-0.137691,2.976924
0.789068,-0.334093,2.355711
0.813952,-0.485553,2.830674
0.814598,-0.685305,2.374846
0.744572,-0.545379,2.810155
0.751020,-0.744293,2.344666
1.196712,0.433930,2.601509
1.216743,0.181063,2.623930
1.212188,0.117544,2.810378
1.321593,0.161276,2.545707
1.110175,-0.067354,2.720673
1.289885,-0.095670,2.446497
1.067674,-0.113133,2.446497
1.089560,-0.184329,2.903027
1.061470,-0.186394,2.949708
1.032965,-0.260506,2.351686
1.057353,-0.067735,2.652312
1.022749,-0.119432,2.657690
0.963922,-0.173142,2.698005
1.008977,-0.159775,2.618051
0.911817,-0.162744,2.938176
0.788562,-0.334147,2.355002
0.810782,-0.493588,2.823179
0.814601,-0.685271,2.374339
0.740003,-0.553657,2.805207
0.750994,-0.744323,2.344226
1.180794,0.432291,2.596606
1.211635,0.182568,2.620525
1.207780,0.119015,2.808483
1.314031,0.161150,2.540434
1.103503,-0.061655,2.717368
1.288508,-0.094375,2.443664
1.066319,-0.113307,2.443664
1.090363,-0.183400,2.900490
1.061842,-0.186060,2.949321
1.034035,-0.259341,2.350445
1.056399,-0.067110,2.650629
1.023240,-0.118795,2.656060
0.965666,-0.172427,2.697788
1.012353,-0.160426,2.614205
0.877812,-0.186078,2.902158
0.788094,-0.334207,2.354397
0.806838,-0.502981,2.814442
0.814598,-0.685241,2.373875
0.734958,-0.563158,2.799044
0.750960,-0.744355,2.343812
1.164112,0.430704,2.591563
1.206225,0.184577,2.616938
1.200519,0.120814,2.805458
1.306252,0.160887,2.534948
1.094196,-0.055782,2.713447
1.287354,-0.093030,2.441021
1.064867,-0.113407,2.441021
1.091362,-0.182351,2.898033
1.062159,-0.185763,2.948963
1.035870,-0.255801,2.346897
1.055785,-0.066512,2.648804
1.024222,-0.118227,2.654250
0.967742,-0.171989,2.697564
1.016601,-0.161289,2.609846
0.845860,-0.207632,2.869365
0.787662,-0.334272,2.353885
0.802555,-0.512941,2.805001
0.814590,-0.685213,2.373451
0.729208,-0.574101,2.791895
0.750918,-0.744386,2.343419
1.146953,0.429194,2.586565
1.200409,0.186930,2.613207
1.194981,0.122033,2.803174
1.297880,0.160467,2.529126
1.092282,-0.051890,2.724094
1.286420,-0.091567,2.438556
1.059999,-0.116996,2.438556
1.092557,-0.181189,2.896373
1.058796,-0.187174,2.947715
1.037938,-0.252020,2.343179
1.055556,-0.065951,2.646828
1.025707,-0.117756,2.652243
0.970345,-0.171743,2.697297
1.021879,-0.162373,2.604907
0.817098,-0.226907,2.840087
0.787278,-0.334347,2.353481
0.798031,-0.523205,2.795250
0.814578,-0.685189,2.373061
0.723210,-0.585696,2.784210
0.750869,-0.744418,2.343049
1.129095,0.427788,2.581474
1.193857,0.189859,2.609087
1.186618,0.124107,2.799759
1.289099,0.160033,2.523062
1.089551,-0.049702,2.736510
1.285630,-0.089938,2.436203
1.055695,-0.120464,2.436203
1.093857,-0.179999,2.894179
1.053502,-0.190205,2.944956
1.040108,-0.248180,2.339340
1.055571,-0.065536,2.644720
1.027552,-0.117559,2.650056
0.973275,-0.171757,2.696858
1.027832,-0.163665,2.599802
0.791267,-0.244019,2.814194
0.786956,-0.334442,2.353195
0.793370,-0.533658,2.785445
0.814558,-0.685169,2.372708
0.717114,-0.597531,2.776365
0.750833,-0.744445,2.342726
1.110560,0.426504,2.576390
1.186236,0.193278,2.604631
1.177031,0.126164,2.795944
1.280031,0.159626,2.516908
1.086904,-0.048093,2.749101
1.284766,-0.088276,2.433909
1.051062,-0.124497,2.433909
1.094989,-0.178979,2.892292
1.047573,-0.193903,2.942261
1.041554,-0.245548,2.336455
1.055416,-0.065269,2.642906
1.029170,-0.117572,2.648218
0.976179,-0.171938,2.696634
1.033348,-0.165332,2.595636
0.767760,-0.259388,2.791157
0.786655,-0.334569,2.352992
0.788808,-0.543811,2.775895
0.814537,-0.685153,2.372386
0.711233,-0.609106,2.768618
0.750794,-0.744473,2.342409
1.091603,0.425183,2.571407
1.177732,0.196853,2.600055
1.169232,0.127603,2.792945
1.270103,0.159061,2.510487
1.084543,-0.046641,2.761567
1.284045,-0.086364,2.431701
1.046438,-0.128727,2.431701
1.096230,-0.177928,2.890622
1.041488,-0.197896,2.939582
1.043005,-0.242980,2.333695
1.055453,-0.065058,2.640968
1.031051,-0.117695,2.646202
0.979324,-0.172330,2.696240
1.039507,-0.167064,2.590999
0.747039,-0.272904,2.770944
0.786409,-0.334726,2.352914
0.784556,-0.553286,2.766873
0.814514,-0.685140,2.372093
0.705816,-0.620076,2.761138
0.750773,-0.744494,2.342133
1.072199,0.423767,2.566416
1.168069,0.200528,2.595160
1.158113,0.129431,2.788852
1.259522,0.158362,2.503957
1.081962,-0.044708,2.770655
1.284418,-0.082222,2.427894
1.042392,-0.132720,2.427894
1.097470,-0.177218,2.889522
1.036521,-0.201574,2.938005
1.044379,-0.241192,2.332023
1.055531,-0.064976,2.638914
1.032993,-0.117995,2.644064
0.982530,-0.172905,2.695719
1.045606,-0.168867,2.586410
0.728637,-0.284836,2.753145
0.786179,-0.334908,2.352899
0.780665,-0.562027,2.758404
0.814498,-0.685131,2.371829
0.700885,-0.630317,2.753929
0.750760,-0.744520,2.341870
1.051817,0.422090,2.561304
1.156512,0.204192,2.589791
1.144978,0.130453,2.784177
1.248134,0.157645,2.497337
1.079555,-0.043255,2.777571
1.284863,-0.077233,2.423969
1.037956,-0.137537,2.423969
1.098862,-0.176477,2.887913
1.030809,-0.206374,2.935313
1.046209,-0.239142,2.329916
1.055743,-0.064972,2.636702
1.035147,-0.118420,2.641721
0.986017,-0.173737,2.695023
1.052201,-0.170662,2.581368
0.712481,-0.295332,2.737426
0.786017,-0.335115,2.352983
0.777031,-0.570186,2.750473
0.814491,-0.685122,2.371595
0.696575,-0.639634,2.747025
0.750831,-0.744574,2.341717
1.026280,0.419792,2.555128
1.139678,0.207969,2.583161
1.126652,0.130448,2.777194
1.232709,0.156952,2.489765
1.076564,-0.042238,2.783689
1.284198,-0.069556,2.418539
1.031570,-0.143959,2.418539
1.100885,-0.175042,2.885168
1.022548,-0.213079,2.930673
1.048821,-0.236625,2.327904
1.055941,-0.064956,2.634189
1.037401,-0.118821,2.639097
0.989640,-0.174734,2.694210
1.059351,-0.172032,2.575560
0.698188,-0.304677,2.723422
0.786020,-0.335440,2.353275
0.773656,-0.577748,2.743110
0.814543,-0.685069,2.371463
0.692858,-0.648155,2.740497
0.751045,-0.744663,2.341685
1.001547,0.417266,2.549356
1.122042,0.211224,2.576701
1.113125,0.130478,2.772201
1.216981,0.156252,2.482282
1.073360,-0.041557,2.789462
1.283244,-0.061152,2.412714
1.024508,-0.150948,2.412714
1.103007,-0.173535,2.882328
1.013459,-0.220405,2.925734
1.050758,-0.234628,2.326209
1.056084,-0.064954,2.631723
1.039617,-0.119219,2.636517
0.993243,-0.175825,2.693440
1.066317,-0.173264,2.569968
0.685421,-0.313062,2.710855
0.786149,-0.335879,2.353716
0.770615,-0.584453,2.736430
0.814688,-0.684920,2.371519
0.689716,-0.655858,2.734370
0.751394,-0.744794,2.341780
0.969904,0.411164,2.541633
1.101773,0.213784,2.569732
1.098281,0.129960,2.766861
1.198859,0.155488,2.474383
1.069375,-0.041363,2.794860
1.280995,-0.051114,2.405959
1.002317,-0.166076,2.405959
1.105229,-0.171951,2.859023
1.000507,-0.229435,2.912517
1.053517,-0.232199,2.324449
1.055740,-0.065002,2.629831
1.040946,-0.119488,2.634834
0.995912,-0.176982,2.693659
1.071766,-0.174486,2.565982
0.673201,-0.320988,2.699330
0.786284,-0.336481,2.354229
0.767840,-0.590511,2.730341
0.814914,-0.684667,2.371757
0.687140,-0.663213,2.728114
0.752199,-0.745034,2.342458
0.939203,0.404750,2.533899
1.080447,0.215670,2.562640
1.082790,0.128996,2.761362
1.180247,0.154820,2.466370
1.064853,-0.044082,2.797823
1.278049,-0.040470,2.398824
0.976026,-0.184384,2.398824
1.107516,-0.170317,2.833068
0.979091,-0.240212,2.890643
1.055680,-0.230207,2.322940
1.055220,-0.065189,2.627360
1.042376,-0.119920,2.632528
0.998910,-0.178350,2.692793
1.077201,-0.175519,2.561514
0.662617,-0.328004,2.689031
0.786458,-0.337265,2.354877
0.765274,-0.596117,2.724713
0.815192,-0.684369,2.372113
0.684815,-0.670226,2.721895
0.753110,-0.745294,2.343285
0.908023,0.397542,2.525593
1.057503,0.216876,2.554854
1.066217,0.127555,2.755343
1.160893,0.153998,2.458230
1.059839,-0.047615,2.799792
1.274265,-0.030083,2.391731
0.949270,-0.201221,2.391731
1.109115,-0.169450,2.806387
0.956076,-0.250308,2.866686
1.057929,-0.228301,2.320706
1.053406,-0.066279,2.625405
1.042865,-0.121066,2.631095
1.000297,-0.180332,2.692973
1.081181,-0.176759,2.558696
0.651030,-0.335245,2.679756
0.786463,-0.338199,2.355392
0.762996,-0.601267,2.719553
0.815244,-0.684241,2.372238
0.683373,-0.677205,2.714226
0.753364,-0.745386,2.343504
0.875820,0.389105,2.516136
1.033557,0.217220,2.546324
1.048752,0.125555,2.748724
1.138896,0.152645,2.449476
1.052531,-0.052966,2.799414
1.270032,-0.019816,2.384970
0.916301,-0.217155,2.384970
1.110631,-0.168680,2.779084
0.927608,-0.259616,2.841815
1.060142,-0.226473,2.318459
1.051633,-0.067508,2.623839
1.043365,-0.122427,2.630210
1.001693,-0.182172,2.693322
1.085145,-0.178191,2.557828
0.641128,-0.341716,2.671360
0.786865,-0.339052,2.356235
0.757482,-0.608007,2.713829
0.815541,-0.683918,2.372712
0.683041,-0.683422,2.708123
0.754326,-0.745618,2.344411
0.840834,0.377896,2.504614
1.007459,0.216008,2.536973
1.029593,0.122538,2.741395
1.117478,0.151142,2.440996
1.043898,-0.059630,2.797716
1.263662,-0.007948,2.376548
0.882268,-0.225659,2.376548
1.112061,-0.168013,2.758243
0.896618,-0.262677,2.821532
1.062650,-0.224365,2.315752
1.049833,-0.068863,2.621951
1.043951,-0.123676,2.628926
1.003237,-0.183896,2.693134
1.088835,-0.179257,2.555856
0.632577,-0.347545,2.663847
0.787233,-0.339968,2.357076
0.753911,-0.613798,2.709014
0.815808,-0.683628,2.373188
0.681654,-0.689640,2.701951
0.755366,-0.745853,2.345405
0.807530,0.366698,2.493190
0.981430,0.213782,2.527431
1.009932,0.118856,2.733713
1.093962,0.149047,2.432348
1.032814,-0.066768,2.794071
1.254482,0.006967,2.367177
0.843820,-0.249769,2.367177
1.113347,-0.167387,2.733497
0.869271,-0.277911,2.801938
1.065763,-0.224168,2.314904
1.047721,-0.070384,2.619984
1.044354,-0.124971,2.627707
1.004618,-0.185608,2.692949
1.092048,-0.180226,2.554097
0.625015,-0.353428,2.657188
0.787530,-0.340940,2.357864
0.751074,-0.619780,2.704621
0.816017,-0.683387,2.373609
0.680571,-0.696258,2.695029
0.756477,-0.746101,2.346497
0.775600,0.355280,2.481629
0.954732,0.210634,2.517087
0.989283,0.114536,2.725274
1.070745,0.146705,2.424100
1.020644,-0.074433,2.789111
1.245516,0.019061,2.358883
0.809159,-0.272839,2.358883
1.114534,-0.166955,2.711430
0.843322,-0.293627,2.783562
1.068931,-0.224508,2.314332
1.045406,-0.072076,2.618031
1.044619,-0.126357,2.626584
1.005822,-0.187328,2.692731
1.094941,-0.181124,2.552744
0.618512,-0.359501,2.651410
0.787906,-0.341973,2.358719
0.748302,-0.626398,2.700457
0.816311,-0.683135,2.374118
0.679000,-0.701458,2.690161
0.757645,-0.746339,2.347637
0.743892,0.343323,2.469847
0.926958,0.206290,2.506159
0.967318,0.109388,2.716181
1.047689,0.143884,2.416061
1.006055,-0.083266,2.782291
1.234323,0.033258,2.349766
0.775302,-0.285682,2.349766
1.115868,-0.166111,2.691229
0.817672,-0.303604,2.766347
1.071759,-0.223884,2.313388
1.030295,-0.079170,2.614575
1.032977,-0.133573,2.625261
0.992547,-0.194984,2.691517
1.088938,-0.185800,2.553998
0.614278,-0.364986,2.646494
0.786492,-0.345987,2.356933
0.746241,-0.630634,2.696904
0.815445,-0.684289,2.372831
0.677914,-0.705883,2.685944
0.759098,-0.746682,2.349283
0.713914,0.331746,2.458263
0.900093,0.201541,2.495316
0.945281,0.103915,2.706863
1.025813,0.140978,2.408451
0.990574,-0.092462,2.774435
1.224685,0.043964,2.341724
0.747402,-0.309979,2.341724
1.117144,-0.165292,2.672851
0.794395,-0.322794,2.749671
1.074151,-0.222869,2.312050
1.016442,-0.086890,2.611565
1.023129,-0.141618,2.624544
0.981967,-0.203784,2.688491
1.083961,-0.190619,2.557906
0.612451,-0.373764,2.642859
0.786005,-0.348401,2.356495
0.744383,-0.634464,2.693671
0.815292,-0.684558,2.372612
0.677037,-0.709785,2.682208
0.760467,-0.747460,2.351059
0.684117,0.320224,2.446086
0.872974,0.196370,2.484077
0.922420,0.098113,2.697001
1.005334,0.138080,2.401355
0.973374,-0.102071,2.765162
1.215333,0.053696,2.334147
0.721028,-0.324886,2.334147
1.118346,-0.164502,2.655555
0.773382,-0.334338,2.734235
1.076376,-0.221910,2.310804
1.000851,-0.096360,2.606608
1.011006,-0.151839,2.621505
0.970981,-0.213220,2.682931
1.074386,-0.199018,2.560728
0.617774,-0.391629,2.641932
0.783703,-0.352740,2.353176
0.741674,-0.640050,2.690078
0.813752,-0.685857,2.370131
0.675786,-0.713505,2.679723
0.760319,-0.748536,2.349795
0.656984,0.309686,2.434735
0.847446,0.191328,2.473216
0.900033,0.092361,2.687134
0.985966,0.135245,2.394584
0.955783,-0.111567,2.755220
1.206135,0.062515,2.326879
0.698646,-0.340262,2.326879
1.119486,-0.163735,2.641756
0.753767,-0.347803,2.720889
1.078254,-0.221136,2.309776
0.985503,-0.105916,2.600776
0.999061,-0.162079,2.617645
0.960081,-0.222779,2.676273
1.065135,-0.207178,2.562466
0.619711,-0.403865,2.640567
0.780429,-0.357891,2.349159
0.739138,-0.645345,2.686766
0.811516,-0.687654,2.367182
0.674727,-0.717227,2.677819
0.759669,-0.749924,2.348025
0.631190,0.300055,2.423473
0.822916,0.186713,2.462413
0.877788,0.086904,2.677063
0.967318,0.132484,2.388103
0.891135,-0.121823,2.708306
1.196961,0.070536,2.319824
0.679291,-0.351438,2.319824
1.120514,-0.163026,2.628598
0.736461,-0.357738,2.707980
1.079958,-0.220433,2.308843
0.969918,-0.113696,2.594695
0.986854,-0.170082,2.613617
0.949403,-0.230461,2.670364
1.055332,-0.213607,2.563622
0.620409,-0.412178,2.638633
0.777000,-0.364233,2.344978
0.737456,-0.648432,2.683834
0.809340,-0.690229,2.364263
0.674497,-0.720303,2.674567
0.759007,-0.751854,2.346080
0.607305,0.291350,2.412870
0.799722,0.182417,2.452055
0.856019,0.081695,2.667098
0.947008,0.130567,2.381088
0.852718,-0.129328,2.681264
1.188333,0.077606,2.313287
0.661540,-0.360945,2.313287
1.121447,-0.162368,2.616566
0.720273,-0.366250,2.695903
1.081755,-0.220019,2.308224
0.954304,-0.121456,2.588511
0.974236,-0.178315,2.609355
0.938236,-0.238428,2.663728
1.044423,-0.220134,2.564804
0.621460,-0.419790,2.637092
0.773435,-0.370950,2.340227
0.735926,-0.651164,2.681129
0.807068,-0.693146,2.360868
0.674740,-0.722845,2.671150
0.758128,-0.754029,2.343698
0.585494,0.283718,2.402934
0.778303,0.178695,2.442309
0.835177,0.076959,2.657408
0.928445,0.128903,2.374694
0.816111,-0.135727,2.655297
1.180224,0.083866,2.307214
0.645429,-0.369045,2.307214
1.122311,-0.161737,2.605673
0.705489,-0.373799,2.684964
1.083457,-0.219675,2.307713
0.938753,-0.127711,2.582003
0.961523,-0.184949,2.604680
0.927272,-0.244599,2.657333
1.033094,-0.225413,2.565138
0.622729,-0.426698,2.635849
0.772152,-0.374379,2.338750
0.734570,-0.653650,2.678674
0.806572,-0.693784,2.360147
0.674716,-0.725037,2.668644
0.758772,-0.754882,2.343773
0.565245,0.277234,2.393426
0.757976,0.175708,2.432848
0.814822,0.072867,2.647783
0.910677,0.127921,2.368514
0.780709,-0.140741,2.630097
1.172470,0.089346,2.301617
0.630857,-0.376213,2.301617
1.123104,-0.161144,2.595910
0.691681,-0.380361,2.674868
1.085842,-0.219407,2.307642
0.926689,-0.131801,2.576622
0.952485,-0.189399,2.601154
0.920043,-0.249008,2.652959
1.025542,-0.228466,2.565497
0.625224,-0.434682,2.635194
0.770036,-0.379035,2.336686
0.733773,-0.655206,2.676149
0.805439,-0.695395,2.358835
0.675565,-0.726863,2.665326
0.760520,-0.756228,2.346053
0.546668,0.272002,2.384498
0.739131,0.173452,2.423966
0.795377,0.069459,2.638500
0.893273,0.127924,2.362442
0.747352,-0.144473,2.606313
1.163908,0.094790,2.295988
0.617486,-0.381979,2.295988
1.123831,-0.160583,2.586998
0.678801,-0.385958,2.665540
1.087683,-0.219216,2.307499
0.916491,-0.133598,2.571969
0.944995,-0.191326,2.598141
0.914112,-0.250831,2.649378
1.019524,-0.227984,2.565900
0.628020,-0.442177,2.634830
0.768872,-0.382176,2.335490
0.733207,-0.656316,2.673774
0.805076,-0.696193,2.358329
0.676367,-0.728000,2.663127
0.761426,-0.757081,2.346699
0.529327,0.268220,2.375803
0.721303,0.172447,2.415365
0.776602,0.067166,2.629398
0.877222,0.128358,2.356789
0.691784,-0.105561,2.544502
1.155358,0.099830,2.290668
0.602578,-0.370006,2.290668
1.124513,-0.160015,2.569083
0.661855,-0.377483,2.645945
1.089853,-0.219181,2.307685
0.907150,-0.134587,2.567537
0.938179,-0.192365,2.595232
0.908662,-0.251526,2.645369
1.013915,-0.226435,2.566269
0.628842,-0.447612,2.633826
0.767843,-0.384995,2.334460
0.732017,-0.659259,2.671935
0.804804,-0.696823,2.357960
0.676172,-0.729991,2.662875
0.762396,-0.757842,2.347448
0.513046,0.266315,2.367252
0.704458,0.172810,2.407097
0.758578,0.066020,2.620583
0.862066,0.129999,2.351242
0.654702,-0.084751,2.506271
1.147303,0.103772,2.286030
0.588826,-0.354241,2.286030
1.125203,-0.159155,2.551141
0.645548,-0.366013,2.626177
1.091993,-0.218878,2.307803
0.898376,-0.133749,2.562789
0.931910,-0.191617,2.591963
0.903894,-0.250449,2.641015
1.008623,-0.222726,2.566274
0.629694,-0.452407,2.632973
0.767065,-0.387490,2.333751
0.730884,-0.661998,2.670309
0.804761,-0.697208,2.357920
0.675816,-0.731880,2.662819
0.763468,-0.758434,2.348304
0.498004,0.266480,2.358777
0.688711,0.174708,2.399176
0.741483,0.066044,2.612117
0.847397,0.133252,2.345599
0.620742,-0.062019,2.470425
1.135804,0.109013,2.280801
0.576154,-0.333927,2.280801
1.125939,-0.157908,2.533121
0.629818,-0.350803,2.606179
1.094785,-0.217318,2.306227
0.889316,-0.131432,2.557743
0.924974,-0.189533,2.588241
0.898351,-0.247855,2.636104
1.001924,-0.218134,2.565759
0.630394,-0.456817,2.632240
0.766229,-0.389985,2.332994
0.729518,-0.665178,2.669003
0.804476,-0.697846,2.357601
0.675652,-0.734239,2.661365
0.764375,-0.759364,2.349166
0.483918,0.269948,2.350087
0.673652,0.179077,2.391280
0.724968,0.067661,2.603776
0.833098,0.138533,2.340040
0.589631,-0.037416,2.436805
1.124775,0.113805,2.276012
0.564423,-0.309296,2.276012
1.127781,-0.152141,2.515119
0.614603,-0.331874,2.586034
1.097666,-0.214219,2.304507
0.879747,-0.122829,2.552948
0.917542,-0.180583,2.584963
0.892416,-0.237593,2.632428
0.994837,-0.206421,2.565572
0.631844,-0.459630,2.631554
0.765990,-0.391714,2.333010
0.728761,-0.667206,2.667631
0.804740,-0.697766,2.358018
0.675590,-0.735736,2.660317
0.765497,-0.759809,2.350094
0.471012,0.276714,2.341472
0.659566,0.185546,2.383699
0.705896,0.074296,2.592277
0.819329,0.145819,2.334614
0.561801,-0.011918,2.404654
1.114003,0.118350,2.271601
0.554152,-0.281822,2.271601
1.129441,-0.145799,2.496507
0.600519,-0.310313,2.565187
1.101089,-0.210542,2.303404
0.870799,-0.111745,2.548162
0.910554,-0.168928,2.581550
0.886949,-0.225059,2.629043
0.988130,-0.191844,2.564692
0.633616,-0.461306,2.630905
0.766061,-0.392964,2.333468
0.728140,-0.668993,2.666380
0.805144,-0.697484,2.358658
0.675554,-0.737000,2.659416
0.766664,-0.760136,2.351057
0.459224,0.289167,2.332880
0.646120,0.195586,2.376361
0.687174,0.083916,2.580936
0.806273,0.155566,2.329173
0.536614,0.014607,2.375144
1.103428,0.122714,2.267581
0.544719,-0.251619,2.267581
1.129719,-0.141147,2.478713
0.587099,-0.286146,2.545056
1.103709,-0.207024,2.302327
0.862273,-0.098784,2.543117
0.903814,-0.155634,2.577698
0.881693,-0.210984,2.625217
0.981564,-0.176216,2.563127
0.635628,-0.461994,2.630309
0.766362,-0.393767,2.334291
0.727654,-0.670581,2.665238
0.805657,-0.697052,2.359464
0.675599,-0.738021,2.658753
0.767840,-0.760379,2.352030
0.449097,0.307299,2.324502
0.633831,0.208518,2.369484
0.665850,0.102535,2.567667
0.793764,0.168519,2.323672
0.512499,0.046488,2.346608
1.093131,0.126941,2.263957
0.534695,-0.214042,2.263957
1.130146,-0.138538,2.460304
0.572729,-0.254838,2.524026
1.105950,-0.205129,2.301066
0.852553,-0.082562,2.538113
0.895213,-0.139141,2.573736
0.874124,-0.193108,2.621572
0.973383,-0.159395,2.561349
0.637881,-0.461667,2.629674
0.766901,-0.393981,2.335567
0.727292,-0.671957,2.664193
0.806283,-0.696446,2.360427
0.675828,-0.738765,2.658469
0.769018,-0.760546,2.353014
0.441403,0.338972,2.315991
0.622354,0.231706,2.363017
0.644411,0.128408,2.555248
0.781819,0.188380,2.318295
0.490557,0.082025,2.320913
1.081477,0.132261,2.260896
0.525132,-0.171473,2.260896
1.129423,-0.135441,2.443338
0.558699,-0.218522,2.504305
1.106570,-0.200458,2.297265
0.841086,-0.060383,2.532667
0.884648,-0.117899,2.569179
0.864752,-0.171430,2.617408
0.962805,-0.138755,2.558794
0.640283,-0.459419,2.628851
0.767746,-0.393330,2.337469
0.727422,-0.672210,2.663095
0.807004,-0.695675,2.361555
0.676815,-0.738661,2.658431
0.770198,-0.760641,2.354000
0.436038,0.373463,2.308246
0.612419,0.257878,2.357351
0.624717,0.156524,2.544403
0.771124,0.209901,2.313286
0.471157,0.116736,2.299285
1.069971,0.137843,2.258431
0.517563,-0.130415,2.258431
1.126759,-0.130942,2.431581
0.546889,-0.183440,2.489788
1.106651,-0.196922,2.295512
0.829676,-0.037348,2.527529
0.873521,-0.095557,2.564685
0.853978,-0.147823,2.612963
0.951283,-0.117215,2.556072
0.643043,-0.455725,2.628017
0.768793,-0.392048,2.339843
0.727920,-0.671839,2.662030
0.807795,-0.694784,2.362804
0.677936,-0.738293,2.658546
0.771365,-0.760676,2.354981
0.433587,0.414975,2.301944
0.604034,0.287423,2.352628
0.606427,0.187426,2.535580
0.761535,0.233878,2.308894
0.454205,0.150504,2.280825
1.058548,0.144402,2.256638
0.522890,-0.046819,2.256638
1.122974,-0.125968,2.435531
0.544111,-0.134049,2.486206
1.103480,-0.192034,2.294030
0.817765,-0.012243,2.522354
0.861431,-0.071314,2.559889
0.842519,-0.123283,2.608398
0.938737,-0.094542,2.552791
0.646042,-0.450499,2.627196
0.770003,-0.390214,2.342582
0.728575,-0.671171,2.661050
0.808644,-0.693793,2.364170
0.679253,-0.737826,2.658000
0.772540,-0.760644,2.356009
0.433115,0.458112,2.297153
0.597581,0.321520,2.348712
0.587917,0.227321,2.528494
0.752837,0.261241,2.305058
0.438718,0.189194,2.265563
1.046658,0.152639,2.255292
0.526212,0.033175,2.255292
1.115072,-0.115522,2.439510
0.541502,-0.084173,2.483733
1.099290,-0.184110,2.293101
0.805322,0.015780,2.517020
0.848238,-0.044254,2.554663
0.829140,-0.095570,2.603522
0.925043,-0.069714,2.548596
0.649635,-0.442245,2.626323
0.771334,-0.387767,2.345739
0.729406,-0.669720,2.660138
0.809544,-0.692720,2.365666
0.680675,-0.737119,2.657473
0.773690,-0.760565,2.357029
0.435391,0.503963,2.292696
0.593069,0.358268,2.345361
0.571642,0.266566,2.522243
0.745424,0.288830,2.301703
0.425427,0.227149,2.252591
1.035031,0.161348,2.254587
0.527727,0.099106,2.254587
1.105641,-0.103557,2.441436
0.536063,-0.027387,2.476139
1.093313,-0.174386,2.292923
0.792951,0.044813,2.511558
0.834707,-0.016318,2.549102
0.815566,-0.067933,2.598679
0.910832,-0.044422,2.543595
0.653211,-0.433499,2.625531
0.772588,-0.384947,2.349060
0.730096,-0.668709,2.659207
0.810418,-0.691628,2.367213
0.682235,-0.736332,2.656846
0.774816,-0.760445,2.358042
0.438584,0.547666,2.289160
0.589736,0.393326,2.342765
0.557280,0.306061,2.516863
0.739373,0.317804,2.298912
0.414116,0.264995,2.241826
1.023217,0.170954,2.254605
0.528667,0.157812,2.254605
1.094058,-0.089139,2.442914
0.530372,0.025374,2.469187
1.085393,-0.162805,2.293520
0.780854,0.073651,2.506327
0.821051,0.011703,2.543549
0.801430,-0.040035,2.593880
0.896579,-0.019552,2.538342
0.656643,-0.424601,2.624843
0.773662,-0.381898,2.352451
0.730700,-0.667771,2.658417
0.810983,-0.690922,2.368746
0.683214,-0.735855,2.656504
0.775791,-0.760433,2.358915
0.443961,0.592742,2.285866
0.588268,0.430688,2.340667
0.543673,0.352776,2.512850
0.734552,0.346255,2.296542
0.434600,0.303143,2.300993
1.011691,0.180880,2.255232
0.537026,0.191539,2.255232
1.081305,-0.073070,2.465174
0.530806,0.054601,2.478707
1.075540,-0.148804,2.295230
0.768245,0.104478,2.501153
0.806296,0.041786,2.537899
0.786095,-0.010899,2.589434
0.881382,0.006149,2.532719
0.659812,-0.415716,2.624367
0.774276,-0.378646,2.355783
0.731219,-0.666775,2.657759
0.811465,-0.690192,2.370412
0.683999,-0.735487,2.656521
0.776601,-0.760358,2.359740
0.449948,0.634881,2.283171
0.587705,0.465938,2.339021
0.532104,0.394898,2.509683
0.730740,0.373841,2.294499
0.453474,0.335645,2.360023
1.000520,0.191459,2.256590
0.541638,0.220988,2.256590
1.067620,-0.056314,2.483537
0.528764,0.081030,2.485775
1.064142,-0.133587,2.297705
0.756294,0.134630,2.495652
0.792008,0.071424,2.531621
0.770916,0.017479,2.584773
0.866292,0.032278,2.525290
0.662685,-0.406885,2.624180
0.774423,-0.375242,2.358937
0.731550,-0.666057,2.657284
0.811297,-0.689362,2.372658
0.684721,-0.735152,2.656612
0.776965,-0.760037,2.360618
0.456574,0.673629,2.280960
0.588063,0.499615,2.337605
0.522217,0.433044,2.506888
0.727888,0.399755,2.292739
0.469689,0.362472,2.412837
0.989585,0.202612,2.258465
0.544300,0.245804,2.258465
1.053652,-0.039830,2.500145
0.525877,0.104207,2.491458
1.051893,-0.117861,2.300391
0.745341,0.162509,2.490565
0.778814,0.098684,2.525797
0.756635,0.043760,2.580263
0.852232,0.056205,2.518485
0.665232,-0.398953,2.624177
0.773403,-0.370958,2.361516
0.731832,-0.665343,2.656886
0.809662,-0.688272,2.375218
0.685404,-0.734797,2.656747
0.776425,-0.759431,2.361476
0.463521,0.709670,2.278770
0.588850,0.530615,2.336438
0.513632,0.467327,2.504285
0.725758,0.424217,2.291123
0.481463,0.384572,2.456774
0.979302,0.213599,2.260632
0.544912,0.267270,2.260632
1.039592,-0.023847,2.514704
0.521602,0.125158,2.495999
1.039435,-0.102316,2.302957
0.734956,0.188699,2.485530
0.766087,0.124375,2.519920
0.742320,0.068796,2.575486
0.838826,0.078508,2.511687
0.667292,-0.392873,2.623864
0.771407,-0.365460,2.363983
0.732042,-0.664777,2.656398
0.806830,-0.686396,2.377805
0.686018,-0.734445,2.656913
0.773797,-0.758113,2.361839
0.469928,0.741445,2.276775
0.589902,0.558723,2.335430
0.506002,0.498103,2.501765
0.724208,0.446775,2.289656
0.491416,0.402932,2.495644
0.969745,0.224197,2.262988
0.544050,0.285001,2.262988
1.025588,-0.007703,2.527370
0.516702,0.143322,2.499999
1.027591,-0.088438,2.305369
0.725312,0.212851,2.480552
0.754114,0.148140,2.514019
0.728663,0.091908,2.570564
0.826216,0.099049,2.504856
0.669384,-0.379322,2.616645
0.768450,-0.360930,2.365730
0.731947,-0.661820,2.652985
0.800914,-0.683915,2.379544
0.686896,-0.731323,2.655603
0.767138,-0.756253,2.360187
0.475844,0.769608,2.274912
0.591175,0.584331,2.334510
0.499164,0.525539,2.499338
0.723114,0.467537,2.288274
0.498445,0.418703,2.527939
0.960889,0.234332,2.265440
0.540845,0.299374,2.265440
1.012238,0.007444,2.537746
0.510505,0.159251,2.502588
1.015457,-0.074510,2.307324
0.716383,0.235083,2.475583
0.742903,0.170059,2.508053
0.715660,0.113163,2.565444
0.814351,0.118024,2.497842
0.668228,-0.360522,2.616259
0.764301,-0.355348,2.367063
0.730305,-0.655217,2.652152
0.792808,-0.681173,2.380485
0.685870,-0.717560,2.648858
0.757320,-0.753818,2.356911
0.481378,0.794694,2.272583
0.592238,0.607409,2.333195
0.492128,0.550707,2.496561
0.722265,0.486601,2.286695
0.502504,0.433323,2.553104
0.952442,0.243856,2.267797
0.533973,0.310131,2.267797
0.999455,0.021455,2.544597
0.501588,0.172695,2.502606
1.003325,-0.061552,2.308697
0.707139,0.256235,2.469461
0.731063,0.191151,2.500565
0.701117,0.133540,2.558186
0.802267,0.136056,2.489620
0.666843,-0.340366,2.615411
0.757605,-0.349832,2.366598
0.728581,-0.648329,2.651254
0.772882,-0.677785,2.373759
0.683492,-0.702219,2.640934
0.734222,-0.750337,2.342314
0.486413,0.816970,2.270351
0.593170,0.628157,2.331684
0.485617,0.573127,2.493703
0.721558,0.503888,2.284992
0.505721,0.446154,2.575202
0.944504,0.252648,2.269960
0.525153,0.317087,2.269960
0.987523,0.034175,2.549167
0.491386,0.183535,2.501174
0.991834,-0.049698,2.309748
0.698423,0.275476,2.463179
0.719862,0.210311,2.492887
0.687149,0.151919,2.550482
0.790672,0.152564,2.480989
0.665029,-0.321333,2.613402
0.748179,-0.338882,2.363740
0.726526,-0.640821,2.649692
0.751143,-0.671786,2.364626
0.680203,-0.685338,2.630574
0.709931,-0.744962,2.326563
0.491007,0.836783,2.268049
0.593859,0.646638,2.329940
0.479530,0.593140,2.490864
0.720828,0.519287,2.283139
0.507761,0.457016,2.594561
0.936957,0.260828,2.271859
0.513065,0.320495,2.271859
0.976218,0.045650,2.549781
0.479133,0.191688,2.497020
0.980863,-0.038938,2.310442
0.689847,0.292875,2.456426
0.708791,0.227605,2.484641
0.672875,0.168370,2.541676
0.779329,0.167409,2.471939
0.662528,-0.303143,2.610958
0.738531,-0.327844,2.360288
0.729932,-0.631512,2.649293
0.723968,-0.664213,2.350406
0.683450,-0.671290,2.623279
0.681574,-0.738472,2.305727
0.495181,0.854343,2.264913
0.594101,0.663290,2.327304
0.472728,0.611667,2.486204
0.719890,0.533113,2.280525
0.506528,0.464607,2.609131
0.928902,0.268400,2.273052
0.496413,0.318568,2.273052
0.964558,0.056146,2.543890
0.463760,0.195593,2.488142
0.969502,-0.029402,2.310377
0.679848,0.309111,2.446693
0.695979,0.243736,2.472909
0.656181,0.183257,2.528755
0.766239,0.181043,2.459111
0.657183,-0.284901,2.605620
0.723693,-0.322151,2.352725
0.730793,-0.625157,2.648041
0.694027,-0.660272,2.332829
0.684980,-0.657780,2.614299
0.649752,-0.734129,2.279485
0.498964,0.869245,2.260218
0.593905,0.678161,2.323668
0.465478,0.627932,2.480011
0.718723,0.545504,2.276992
0.502096,0.468755,2.618415
0.920474,0.275348,2.273456
0.477754,0.312675,2.273456
0.952533,0.065430,2.534033
0.446602,0.196326,2.475717
0.957712,-0.020701,2.309353
0.669167,0.323383,2.435027
0.682526,0.257762,2.459128
0.638674,0.195807,2.513446
0.752535,0.192697,2.444085
0.650485,-0.267469,2.599433
0.708272,-0.315818,2.343610
0.732061,-0.616495,2.646200
0.664798,-0.657444,2.315333
0.686138,-0.644870,2.605621
0.618836,-0.730825,2.254176
0.502081,0.881475,2.253596
0.592812,0.690967,2.317777
0.457413,0.641988,2.471846
0.717238,0.556426,2.272242
0.492679,0.468277,2.619855
0.911534,0.281599,2.272915
0.457873,0.302033,2.272915
0.940714,0.073618,2.520598
0.428795,0.192641,2.461025
0.946069,-0.012948,2.307661
0.656972,0.335653,2.420477
0.667526,0.269726,2.442440
0.619127,0.206205,2.494816
0.737475,0.202179,2.426342
0.641109,-0.250762,2.590790
0.691993,-0.310116,2.333138
0.731980,-0.608414,2.643309
0.636491,-0.655894,2.298322
0.685643,-0.633087,2.595868
0.589447,-0.728794,2.230312
0.504180,0.890756,2.244554
0.590581,0.701554,2.309456
0.447924,0.653831,2.460986
0.715009,0.565665,2.265122
0.480949,0.464894,2.616221
0.901563,0.287211,2.270957
0.437319,0.289453,2.270957
0.927921,0.080649,2.504876
0.411042,0.186617,2.445336
0.933481,-0.006202,2.304658
0.643850,0.346033,2.403478
0.651823,0.279816,2.423448
0.599201,0.214470,2.474183
0.721823,0.209908,2.406313
0.627968,-0.236426,2.578939
0.674162,-0.304798,2.320142
0.731490,-0.600452,2.639983
0.609952,-0.654829,2.281780
0.684755,-0.622110,2.585972
0.562556,-0.727558,2.208717
0.504691,0.896462,2.231568
0.586849,0.709737,2.297786
0.436656,0.662727,2.444908
0.712018,0.573150,2.255842
0.465571,0.458098,2.605034
0.890573,0.291507,2.267112
0.417036,0.274705,2.267112
0.913879,0.086148,2.487940
0.393615,0.177930,2.429254
0.918282,-0.001874,2.298691
0.629082,0.354026,2.383246
0.634558,0.287436,2.401354
0.577364,0.220306,2.449891
0.704666,0.215192,2.383398
0.611778,-0.226052,2.564312
0.655765,-0.299788,2.305885
0.730728,-0.593492,2.636551
0.585692,-0.654186,2.266291
0.683543,-0.612570,2.576245
0.538362,-0.726755,2.189240
0.503377,0.898752,2.214640
0.581532,0.715593,2.282845
0.424511,0.669061,2.426030
0.707498,0.578752,2.242846
0.447503,0.448606,2.587215
0.878237,0.295001,2.261105
0.397560,0.258876,2.261105
0.898989,0.090516,2.470704
0.377108,0.167463,2.413615
0.901691,0.001216,2.290426
0.612890,0.359990,2.360574
0.616040,0.293047,2.377114
0.554625,0.224169,2.423778
0.686209,0.218801,2.358588
0.590483,-0.227223,2.525816
0.636260,-0.295570,2.289370
0.728652,-0.586729,2.630161
0.563766,-0.653845,2.252012
0.680747,-0.604139,2.562979
0.516723,-0.726308,2.171860
0.500444,0.899097,2.195309
0.574517,0.719322,2.264455
0.410874,0.672562,2.402485
0.701603,0.582616,2.226746
0.427072,0.437506,2.563581
0.863206,0.297372,2.250453
0.379147,0.243054,2.250453
0.880534,0.093012,2.453257
0.362202,0.158443,2.399315
0.882123,0.004449,2.276380
0.594963,0.363730,2.334751
0.595875,0.296360,2.349862
0.530601,0.226026,2.395081
0.665600,0.220025,2.330189
0.567931,-0.229198,2.486618
0.616742,-0.292265,2.272529
0.726464,-0.580888,2.625015
0.544006,-0.653746,2.238955
0.676338,-0.596441,2.548647
0.497462,-0.726063,2.156477
0.495892,0.896382,2.171689
0.566007,0.721314,2.243574
0.396650,0.673844,2.377444
0.694336,0.584791,2.207697
0.405857,0.425119,2.536364
0.847520,0.298927,2.237826
0.362065,0.227440,2.237826
0.859872,0.094059,2.436569
0.348132,0.149198,2.386088
0.860186,0.007050,2.257929
0.576313,0.365895,2.307366
0.575274,0.298130,2.321341
0.506390,0.226495,2.365226
0.644867,0.219890,2.301023
0.541748,-0.230091,2.446740
0.597564,-0.289272,2.254843
0.720181,-0.571498,2.614123
0.526230,-0.653810,2.227038
0.670250,-0.587783,2.532360
0.480349,-0.725913,2.142821
0.489834,0.892135,2.145607
0.556169,0.722079,2.220486
0.381534,0.672544,2.349735
0.685658,0.585716,2.185927
0.384379,0.412232,2.506700
0.829796,0.299866,2.221134
0.346086,0.212430,2.221134
0.836486,0.094091,2.420485
0.335423,0.140302,2.374010
0.835397,0.008295,2.234459
0.556497,0.366566,2.278767
0.553538,0.298326,2.291787
0.481411,0.225766,2.334653
0.622396,0.218223,2.270528
0.512303,-0.229105,2.405562
0.578748,-0.286596,2.237591
0.714320,-0.563252,2.603241
0.510319,-0.653950,2.216262
0.661204,-0.579076,2.510676
0.465115,-0.725809,2.130671
