-0.378158,0.565405,2.684044
-0.352538,0.367255,2.693212
-0.542122,0.235468,2.668668
-0.158332,0.253508,2.667998
-0.613144,-0.013623,2.613631
-0.054126,-0.019868,2.661974
-0.628133,-0.217165,2.661974
-0.039486,-0.210916,2.438210
-0.615435,-0.302003,2.384113
-0.045159,-0.257972,2.444901
-0.314463,-0.017661,2.661732
-0.309536,-0.078928,2.595814
-0.388688,-0.168248,2.575386
-0.215153,-0.154106,2.573298
-0.362235,-0.597681,2.525487
-0.154508,-0.612534,2.473066
-0.333890,-1.027156,2.444853
-0.135619,-0.990613,2.500513
-0.335239,-1.074225,2.353861
-0.138155,-1.002030,2.358105
-0.378942,0.565917,2.679590
-0.353362,0.367931,2.688666
-0.542934,0.235967,2.664402
-0.159227,0.253983,2.663214
-0.613417,-0.013105,2.609387
-0.053245,-0.016446,2.654260
-0.627113,-0.217615,2.654260
-0.045772,-0.181919,2.436187
-0.614242,-0.303083,2.384332
-0.051315,-0.234155,2.412184
-0.315241,-0.017049,2.656509
-0.310303,-0.078241,2.590447
-0.389338,-0.167625,2.570048
-0.216006,-0.153233,2.567569
-0.362350,-0.598300,2.524333
-0.154676,-0.611284,2.468292
-0.333519,-1.024434,2.454067
-0.134810,-0.988095,2.491728
-0.336548,-1.072093,2.367389
-0.138127,-0.999124,2.348339
-0.379439,0.566385,2.675488
-0.353860,0.368575,2.684446
-0.543465,0.236475,2.660546
-0.159882,0.254390,2.658753
-0.613373,-0.012701,2.605712
-0.051817,-0.012980,2.646257
-0.625614,-0.218256,2.646257
-0.050722,-0.148295,2.434978
-0.612705,-0.304221,2.385173
-0.059209,-0.187771,2.374987
-0.315817,-0.016494,2.651673
-0.310904,-0.077617,2.585491
-0.389847,-0.167059,2.565155
-0.216704,-0.152442,2.562247
-0.362385,-0.599063,2.523374
-0.154794,-0.610243,2.464297
-0.333109,-1.021561,2.462754
-0.134062,-0.985685,2.483849
-0.337971,-1.069757,2.380086
-0.138106,-0.996375,2.339723
-0.379647,0.566811,2.671716
-0.354050,0.369163,2.680527
-0.543726,0.236958,2.657051
-0.160295,0.254752,2.654590
-0.612986,-0.012405,2.602511
-0.049715,-0.009301,2.637445
-0.623727,-0.219079,2.637445
-0.055996,-0.109604,2.434438
-0.610853,-0.305338,2.386326
-0.066624,-0.136160,2.342823
-0.316187,-0.015998,2.647185
-0.311331,-0.077057,2.580904
-0.390210,-0.166551,2.560655
-0.217238,-0.151730,2.557303
-0.362366,-0.599899,2.522572
-0.154845,-0.609445,2.461087
-0.332665,-1.018498,2.470893
-0.133348,-0.983418,2.476821
-0.339383,-1.067310,2.392089
-0.138061,-0.993782,2.332267
-0.379513,0.567197,2.668255
-0.353998,0.369699,2.676928
-0.543657,0.237435,2.653877
-0.160280,0.255228,2.650754
-0.612306,-0.012179,2.599771
-0.047331,-0.005428,2.628569
-0.621646,-0.219921,2.628569
-0.061190,-0.069988,2.434331
-0.608805,-0.306365,2.387753
-0.075506,-0.074652,2.312728
-0.316403,-0.015550,2.643055
-0.311616,-0.076545,2.576681
-0.390457,-0.166088,2.556537
-0.217618,-0.151084,2.552718
-0.362289,-0.600804,2.521917
-0.154838,-0.608849,2.458591
-0.332231,-1.015339,2.478461
-0.132675,-0.981214,2.470553
-0.340717,-1.064852,2.403218
-0.137970,-0.991307,2.325933
-0.379124,0.567545,2.665086
-0.353718,0.370190,2.673622
-0.543350,0.237886,2.651022
-0.160029,0.255347,2.646889
-0.611343,-0.012028,2.597458
-0.044454,-0.002263,2.620041
-0.619352,-0.220810,2.620041
-0.066390,-0.025863,2.434646
-0.606674,-0.307334,2.389355
-0.085158,-0.004947,2.287852
-0.316441,-0.015165,2.639231
-0.311776,-0.076105,2.572784
-0.390607,-0.165681,2.552769
-0.217882,-0.150526,2.548466
-0.362146,-0.601631,2.521357
-0.154798,-0.608421,2.456741
-0.331817,-1.011983,2.485508
-0.132037,-0.979034,2.464995
-0.341967,-1.062335,2.413596
-0.137898,-0.988934,2.320686
-0.378517,0.567860,2.662205
-0.353091,0.370640,2.670547
-0.542797,0.238327,2.648483
-0.159601,0.255417,2.643281
-0.610142,-0.011911,2.595530
-0.041237,0.000845,2.611632
-0.616919,-0.221657,2.611632
-0.074061,0.028941,2.435240
-0.604419,-0.308260,2.391151
-0.094982,0.065505,2.269968
-0.316328,-0.014818,2.635705
-0.311825,-0.075706,2.569203
-0.390671,-0.165309,2.549332
-0.218047,-0.150024,2.544541
-0.361949,-0.602412,2.520885
-0.154692,-0.608090,2.455482
-0.331418,-1.008613,2.492008
-0.131443,-0.976803,2.460121
-0.343158,-1.059854,2.423146
-0.137824,-0.986604,2.316495
-0.377719,0.568144,2.659599
-0.352155,0.371063,2.667710
-0.541801,0.238767,2.646178
-0.159141,0.255402,2.639853
-0.608721,-0.011821,2.593952
-0.037307,0.004039,2.603516
-0.614380,-0.222471,2.603516
-0.080582,0.079548,2.436100
-0.602060,-0.309146,2.393110
-0.105636,0.136124,2.258074
-0.316039,-0.014536,2.632430
-0.311740,-0.075377,2.565880
-0.390609,-0.164975,2.546166
-0.218134,-0.149579,2.540930
-0.361728,-0.603071,2.520460
-0.154475,-0.607731,2.454664
-0.331032,-1.005286,2.497986
-0.130881,-0.974472,2.455914
-0.344286,-1.057439,2.431891
-0.137746,-0.984272,2.313318
-0.376687,0.568395,2.657250
-0.350900,0.371451,2.665137
-0.540412,0.239184,2.644087
-0.158588,0.255337,2.636651
-0.607101,-0.011770,2.592678
-0.032131,0.009203,2.592417
-0.611778,-0.223232,2.592417
-0.084813,0.122065,2.437078
-0.599598,-0.309920,2.395031
-0.115223,0.199358,2.250855
-0.315585,-0.014325,2.629398
-0.311519,-0.075120,2.562802
-0.390415,-0.164675,2.543250
-0.218142,-0.149196,2.537605
-0.361475,-0.603689,2.520109
-0.154207,-0.607428,2.454319
-0.330663,-1.002028,2.503460
-0.130365,-0.972153,2.452312
-0.345343,-1.055119,2.439878
-0.137659,-0.982031,2.311055
-0.375118,0.568524,2.655007
-0.349339,0.371747,2.662774
-0.538601,0.239550,2.642166
-0.158486,0.255502,2.633795
-0.605347,-0.011733,2.591675
-0.026689,0.018200,2.578560
-0.609004,-0.223916,2.578560
-0.090143,0.166669,2.438170
-0.597074,-0.310825,2.396869
-0.122909,0.249023,2.243283
-0.314818,-0.014289,2.626522
-0.311066,-0.075039,2.559887
-0.389921,-0.164451,2.540534
-0.218087,-0.148871,2.534539
-0.361193,-0.604279,2.519829
-0.153892,-0.607178,2.454392
-0.330317,-0.998862,2.508453
-0.129886,-0.969850,2.449279
-0.346301,-1.052927,2.447150
-0.137636,-0.979888,2.309659
-0.373252,0.568596,2.652944
-0.347631,0.372002,2.660640
-0.536535,0.239891,2.640450
-0.158368,0.255677,2.631100
-0.603416,-0.011720,2.590900
-0.021371,0.027397,2.564952
-0.605986,-0.224590,2.564952
-0.094842,0.206854,2.439444
-0.594382,-0.311468,2.398909
-0.129823,0.293874,2.237510
-0.313904,-0.014324,2.623868
-0.310502,-0.075033,2.557195
-0.389281,-0.164271,2.538062
-0.217970,-0.148598,2.531708
-0.360881,-0.604845,2.519614
-0.153535,-0.606984,2.454844
-0.329974,-0.995824,2.512986
-0.129424,-0.967600,2.446775
-0.347172,-1.050879,2.453768
-0.137615,-0.977881,2.309049
-0.371077,0.568632,2.651126
-0.345781,0.372215,2.658725
-0.534270,0.240211,2.638932
-0.158245,0.255857,2.628589
-0.601341,-0.011721,2.590348
-0.015599,0.041241,2.547562
-0.602861,-0.225234,2.547562
-0.100865,0.246599,2.440864
-0.591597,-0.312049,2.400987
-0.137145,0.336290,2.234123
-0.312868,-0.014423,2.621427
-0.309844,-0.075092,2.554716
-0.388516,-0.164127,2.535822
-0.217800,-0.148370,2.529099
-0.360542,-0.605386,2.519457
-0.153129,-0.606825,2.455626
-0.329650,-0.992908,2.517098
-0.128990,-0.965383,2.444754
-0.347976,-1.048952,2.459777
-0.137604,-0.975985,2.309114
-0.368700,0.568631,2.649510
-0.343844,0.372395,2.657013
-0.531812,0.240520,2.637587
-0.157839,0.255602,2.625804
-0.599114,-0.011747,2.589986
-0.008596,0.055239,2.528858
-0.599640,-0.225861,2.528858
-0.105730,0.280739,2.442395
-0.588705,-0.312585,2.403119
-0.143499,0.373815,2.232082
-0.311721,-0.014580,2.619187
-0.309109,-0.075211,2.552440
-0.387665,-0.164017,2.533797
-0.217578,-0.148202,2.526687
-0.360185,-0.605902,2.519352
-0.152689,-0.606686,2.456694
-0.329342,-0.990126,2.520824
-0.128595,-0.963188,2.443185
-0.348713,-1.047143,2.465221
-0.137648,-0.974184,2.309781
-0.366169,0.568608,2.648093
-0.341835,0.372546,2.655495
-0.529222,0.240814,2.636415
-0.157395,0.255281,2.623147
-0.596765,-0.011807,2.589792
-0.001994,0.069519,2.510449
-0.596402,-0.226475,2.510449
-0.110439,0.311409,2.443988
-0.585789,-0.313067,2.405220
-0.149486,0.407692,2.231455
-0.310499,-0.014785,2.617139
-0.308311,-0.075383,2.550353
-0.386744,-0.163940,2.531972
-0.217308,-0.148086,2.524457
-0.359810,-0.606395,2.519293
-0.152223,-0.606571,2.458006
-0.329043,-0.987477,2.524179
-0.128233,-0.961043,2.442025
-0.349391,-1.045450,2.470150
-0.137706,-0.972500,2.310959
-0.363514,0.568564,2.646870
-0.339723,0.372662,2.654163
-0.526553,0.241094,2.635409
-0.156890,0.254876,2.620579
-0.594339,-0.011900,2.589742
0.004206,0.084744,2.491922
-0.593103,-0.227078,2.491922
-0.115280,0.339048,2.445637
-0.582840,-0.313510,2.407322
-0.155318,0.438267,2.232393
-0.309210,-0.015035,2.615270
-0.307461,-0.075599,2.548442
-0.385768,-0.163892,2.530334
-0.216993,-0.148015,2.522391
-0.359418,-0.606864,2.519273
-0.151737,-0.606482,2.459514
-0.328759,-0.984958,2.527200
-0.127900,-0.958954,2.441237
-0.350012,-1.043861,2.474606
-0.137781,-0.970933,2.312574
-0.360798,0.568495,2.645817
-0.337566,0.372749,2.653001
-0.523811,0.241343,2.634547
-0.156352,0.254443,2.618138
-0.591867,-0.012015,2.589826
0.009795,0.099569,2.474385
-0.589848,-0.227654,2.474385
-0.119138,0.364500,2.447313
-0.579900,-0.313912,2.409415
-0.160324,0.466109,2.235378
-0.307875,-0.015317,2.613570
-0.306573,-0.075849,2.546700
-0.384746,-0.163869,2.528871
-0.216643,-0.147980,2.520481
-0.359020,-0.607298,2.519281
-0.151228,-0.606374,2.461173
-0.328493,-0.982571,2.529913
-0.127591,-0.956914,2.440791
-0.350581,-1.042374,2.478635
-0.137865,-0.969467,2.314552
-0.358048,0.568403,2.644920
-0.335399,0.372809,2.651998
-0.521052,0.241572,2.633820
-0.155783,0.253972,2.615817
-0.589346,-0.012162,2.590039
0.014861,0.113640,2.458157
-0.586664,-0.228204,2.458157
-0.122642,0.386912,2.448987
-0.576958,-0.314269,2.411502
-0.164892,0.490839,2.239453
-0.306509,-0.015627,2.612031
-0.305654,-0.076129,2.545114
-0.383690,-0.163868,2.527570
-0.216263,-0.147977,2.518721
-0.358611,-0.607709,2.519321
-0.150710,-0.606272,2.462950
-0.328244,-0.980314,2.532342
-0.127305,-0.954939,2.440638
-0.351101,-1.040981,2.482268
-0.137951,-0.968109,2.316807
-0.355287,0.568296,2.644161
-0.333242,0.372850,2.651132
-0.518293,0.241787,2.633215
-0.155210,0.253531,2.613652
-0.586830,-0.012327,2.590352
0.019296,0.127492,2.442920
-0.583499,-0.228737,2.442920
-0.126441,0.406358,2.450689
-0.574009,-0.314607,2.413587
-0.169470,0.512529,2.244676
-0.305127,-0.015956,2.610639
-0.304716,-0.076431,2.543674
-0.382608,-0.163886,2.526418
-0.215862,-0.147998,2.517101
-0.358196,-0.608099,2.519390
-0.150185,-0.606173,2.464819
-0.328010,-0.978172,2.534511
-0.127039,-0.953039,2.440747
-0.351564,-1.039682,2.485548
-0.138036,-0.966862,2.319283
-0.352558,0.568176,2.643527
-0.331099,0.372881,2.650391
-0.515516,0.241962,2.632718
-0.154632,0.253087,2.611610
-0.584317,-0.012507,2.590768
0.023123,0.141040,2.428686
-0.580328,-0.229276,2.428686
-0.129626,0.423650,2.452488
-0.571050,-0.314944,2.415697
-0.173463,0.531763,2.251347
-0.303731,-0.016302,2.609383
-0.303760,-0.076753,2.542366
-0.381506,-0.163921,2.525404
-0.215443,-0.148041,2.515607
-0.357775,-0.608466,2.519483
-0.149651,-0.606058,2.466743
-0.327794,-0.976147,2.536440
-0.126801,-0.951213,2.441085
-0.351985,-1.038454,2.488493
-0.138137,-0.965719,2.321925
-0.349883,0.568049,2.643006
-0.328979,0.372894,2.649762
-0.512754,0.242101,2.632314
-0.154045,0.252722,2.609635
-0.581844,-0.012695,2.591262
0.026571,0.153445,2.415776
-0.577240,-0.229802,2.415776
-0.133224,0.438733,2.454317
-0.568143,-0.315270,2.417802
-0.177566,0.548553,2.259836
-0.302310,-0.016661,2.608249
-0.302796,-0.077089,2.541183
-0.380393,-0.163969,2.524518
-0.215010,-0.148100,2.514231
-0.357347,-0.608817,2.519601
-0.149121,-0.605946,2.468701
-0.327577,-0.974219,2.538149
-0.126567,-0.949468,2.441622
-0.352370,-1.037283,2.491137
-0.138255,-0.964681,2.324695
-0.347278,0.567914,2.642584
-0.326891,0.372893,2.649240
-0.510038,0.242209,2.631992
-0.153449,0.252389,2.607749
-0.579419,-0.012896,2.591817
0.029644,0.164728,2.404151
-0.574263,-0.230311,2.404151
-0.136671,0.451498,2.456133
-0.565326,-0.315579,2.419855
-0.181430,0.562910,2.269083
-0.300887,-0.017029,2.607233
-0.301830,-0.077435,2.540114
-0.379275,-0.164030,2.523748
-0.214566,-0.148174,2.512965
-0.356918,-0.609151,2.519738
-0.148596,-0.605829,2.470667
-0.327382,-0.972414,2.539657
-0.126357,-0.947816,2.442339
-0.352712,-1.036204,2.493512
-0.138395,-0.963755,2.327560
-0.344759,0.567774,2.642244
-0.324808,0.372881,2.648818
-0.507378,0.242287,2.631739
-0.152863,0.252083,2.605965
-0.577041,-0.013113,2.592440
0.032293,0.175263,2.393562
-0.571400,-0.230801,2.393562
-0.140266,0.462396,2.457934
-0.562611,-0.315872,2.421850
-0.185265,0.575189,2.279398
-0.299469,-0.017405,2.606324
-0.300866,-0.077790,2.539151
-0.378159,-0.164102,2.523085
-0.214118,-0.148259,2.511801
-0.356471,-0.609480,2.519903
-0.148087,-0.605709,2.472625
-0.327199,-0.970716,2.540982
-0.126164,-0.946245,2.443204
-0.353020,-1.035198,2.495639
-0.138543,-0.962918,2.330466
-0.342330,0.567632,2.641980
-0.322755,0.372864,2.648484
-0.504786,0.242333,2.631550
-0.152288,0.251789,2.604298
-0.574732,-0.013336,2.593109
0.034294,0.186190,2.383570
-0.568673,-0.231273,2.383570
-0.142975,0.471069,2.459715
-0.560011,-0.316160,2.423792
-0.188371,0.585182,2.289127
-0.298070,-0.017783,2.605513
-0.299908,-0.078150,2.538287
-0.377053,-0.164182,2.522519
-0.213665,-0.148356,2.510732
-0.356024,-0.609795,2.520084
-0.147589,-0.605589,2.474564
-0.327022,-0.969126,2.542141
-0.125987,-0.944758,2.444186
-0.353299,-1.034247,2.497528
-0.138688,-0.962165,2.333369
-0.339996,0.567489,2.641788
-0.320744,0.372828,2.648225
-0.502282,0.242345,2.631422
-0.151722,0.251487,2.602735
-0.572502,-0.013574,2.593811
0.035985,0.196219,2.374616
-0.566076,-0.231729,2.374616
-0.145593,0.477712,2.461454
-0.557532,-0.316439,2.425663
-0.191301,0.593077,2.299285
-0.296694,-0.018163,2.604793
-0.298960,-0.078514,2.537512
-0.375960,-0.164270,2.522041
-0.213206,-0.148466,2.509748
-0.355570,-0.610098,2.520283
-0.147106,-0.605472,2.476473
-0.326848,-0.967637,2.543149
-0.125819,-0.943357,2.445268
-0.353553,-1.033348,2.499194
-0.138821,-0.961496,2.336247
-0.337762,0.567346,2.641656
-0.318769,0.372783,2.648034
-0.499869,0.242332,2.631345
-0.151168,0.251204,2.601284
-0.570348,-0.013813,2.594549
0.037376,0.205445,2.366582
-0.563620,-0.232155,2.366582
-0.148232,0.483196,2.463150
-0.555187,-0.316701,2.427453
-0.194150,0.599546,2.310059
-0.295344,-0.018541,2.604156
-0.298024,-0.078879,2.536820
-0.374882,-0.164365,2.521646
-0.212745,-0.148585,2.508844
-0.355119,-0.610388,2.520496
-0.146638,-0.605359,2.478340
-0.326682,-0.966238,2.544018
-0.125658,-0.942042,2.446428
-0.353779,-1.032501,2.500663
-0.138939,-0.960904,2.339078
-0.335632,0.567203,2.641573
-0.316830,0.372731,2.647899
-0.497559,0.242304,2.631312
-0.150619,0.250906,2.599912
-0.568282,-0.014049,2.595309
0.038608,0.213664,2.359414
-0.561315,-0.232550,2.359414
-0.150736,0.487300,2.464793
-0.552988,-0.316947,2.429162
-0.196815,0.604478,2.320942
-0.294022,-0.018917,2.603593
-0.297103,-0.079244,2.536203
-0.373827,-0.164466,2.521322
-0.212281,-0.148711,2.508015
-0.354669,-0.610664,2.520722
-0.146191,-0.605246,2.480158
-0.326518,-0.964930,2.544765
-0.125511,-0.940811,2.447643
-0.353982,-1.031697,2.501942
-0.139055,-0.960384,2.341837
-0.333608,0.567064,2.641534
-0.314897,0.372672,2.647809
-0.495355,0.242265,2.631320
-0.150072,0.250604,2.598608
-0.566294,-0.014270,2.596101
0.039606,0.221285,2.352961
-0.559149,-0.232906,2.352961
-0.152517,0.490222,2.466387
-0.550925,-0.317176,2.430782
-0.198852,0.608090,2.330485
-0.292723,-0.019285,2.603098
-0.296198,-0.079604,2.535655
-0.372794,-0.164570,2.521064
-0.211818,-0.148842,2.507255
-0.354217,-0.610932,2.520966
-0.145763,-0.605137,2.481920
-0.326364,-0.963707,2.545400
-0.125378,-0.939665,2.448897
-0.354165,-1.030946,2.503063
-0.139172,-0.959932,2.344517
-0.331690,0.566928,2.641533
-0.313022,0.372608,2.647763
-0.493252,0.242219,2.631368
-0.149527,0.250276,2.597359
-0.564398,-0.014483,2.596903
0.040423,0.228275,2.347181
-0.557119,-0.233236,2.347181
-0.154024,0.492034,2.467920
-0.549000,-0.317388,2.432309
-0.202252,0.596934,2.350589
-0.291457,-0.019647,2.602666
-0.295313,-0.079959,2.535171
-0.371788,-0.164678,2.520866
-0.211358,-0.148979,2.506557
-0.353761,-0.611195,2.521234
-0.145353,-0.605029,2.483621
-0.326223,-0.962572,2.545941
-0.125251,-0.938586,2.450159
-0.354327,-1.030239,2.504022
-0.139283,-0.959525,2.347077
-0.329877,0.566797,2.641563
-0.311208,0.372540,2.647756
-0.491259,0.242162,2.631448
-0.149001,0.249951,2.596188
-0.562589,-0.014693,2.597714
0.041080,0.234656,2.342025
-0.555219,-0.233541,2.342025
-0.155354,0.492591,2.469417
-0.547211,-0.317584,2.433774
-0.204886,0.591366,2.364681
-0.290228,-0.020000,2.602291
-0.294451,-0.080309,2.534745
-0.370810,-0.164789,2.520720
-0.210904,-0.149118,2.505919
-0.353304,-0.611454,2.521524
-0.144961,-0.604923,2.485257
-0.326086,-0.961514,2.546392
-0.125125,-0.937592,2.451439
-0.354466,-1.029577,2.504843
-0.139379,-0.959181,2.349544
-0.328162,0.566672,2.641618
-0.309427,0.372483,2.647774
-0.489373,0.242098,2.631551
-0.148475,0.249698,2.595078
-0.560870,-0.014898,2.598521
0.041631,0.240435,2.337395
-0.553446,-0.233829,2.337395
-0.156557,0.491715,2.470860
-0.545540,-0.317773,2.435163
-0.207396,0.584498,2.378312
-0.289011,-0.020341,2.601965
-0.293600,-0.080650,2.534370
-0.369854,-0.164901,2.520622
-0.210445,-0.149258,2.505333
-0.352841,-0.611714,2.521841
-0.144586,-0.604815,2.486825
-0.325953,-0.960531,2.546772
-0.125010,-0.936653,2.452716
-0.354588,-1.028943,2.505525
-0.139483,-0.958868,2.351898
-0.326549,0.566551,2.641691
-0.307687,0.372430,2.647826
-0.487591,0.242029,2.631673
-0.147960,0.249457,2.594013
-0.559233,-0.015098,2.599328
0.042075,0.245678,2.333263
-0.551798,-0.234100,2.333263
-0.157534,0.489891,2.472238
-0.543983,-0.317950,2.436474
-0.209661,0.576828,2.391303
-0.287822,-0.020673,2.601686
-0.292768,-0.080984,2.534043
-0.368926,-0.165015,2.520567
-0.209991,-0.149400,2.504798
-0.352367,-0.611983,2.522193
-0.144228,-0.604711,2.488327
-0.325832,-0.959639,2.547098
-0.124902,-0.935786,2.453991
-0.354699,-1.028366,2.506104
-0.139589,-0.958604,2.354152
-0.325040,0.566436,2.641771
-0.306014,0.372379,2.647901
-0.485911,0.241955,2.631814
-0.147469,0.249224,2.593006
-0.557681,-0.015290,2.600129
0.042425,0.250395,2.329608
-0.550262,-0.234359,2.329608
-0.158279,0.487239,2.473562
-0.542529,-0.318117,2.437728
-0.211666,0.568607,2.403525
-0.286668,-0.020995,2.601449
-0.291961,-0.081310,2.533760
-0.368026,-0.165130,2.520551
-0.209544,-0.149542,2.504309
-0.351898,-0.612247,2.522558
-0.143888,-0.604609,2.489760
-0.325713,-0.958811,2.547360
-0.124803,-0.934987,2.455255
-0.354797,-1.027826,2.506585
-0.139696,-0.958381,2.356300
-0.323623,0.566327,2.641861
-0.304408,0.372335,2.647994
-0.484332,0.241878,2.631969
-0.146996,0.249007,2.592042
-0.556200,-0.015476,2.600922
0.042662,0.254669,2.326400
-0.548826,-0.234591,2.326400
-0.158842,0.483948,2.474847
-0.541174,-0.318274,2.438919
-0.213456,0.560058,2.414972
-0.285551,-0.021305,2.601251
-0.291179,-0.081627,2.533518
-0.367154,-0.165244,2.520571
-0.209105,-0.149685,2.503864
-0.351430,-0.612508,2.522938
-0.143564,-0.604512,2.491127
-0.325593,-0.958039,2.547562
-0.124711,-0.934264,2.456524
-0.354882,-1.027318,2.506975
-0.139805,-0.958213,2.358370
-0.322307,0.566224,2.641948
-0.302855,0.372304,2.648094
-0.482849,0.241798,2.632136
-0.146545,0.248791,2.591135
-0.554787,-0.015650,2.601702
0.042767,0.258529,2.323633
-0.547485,-0.234808,2.323633
-0.159260,0.480292,2.476072
-0.539910,-0.318424,2.440050
-0.215053,0.551484,2.425573
-0.284473,-0.021602,2.601087
-0.290422,-0.081934,2.533311
-0.366312,-0.165358,2.520622
-0.208675,-0.149827,2.503457
-0.350957,-0.612770,2.523339
-0.143256,-0.604418,2.492429
-0.325474,-0.957324,2.547713
-0.124625,-0.933600,2.457769
-0.354954,-1.026845,2.507284
-0.139909,-0.958080,2.360332
-0.321076,0.566128,2.642034
-0.301366,0.372276,2.648202
-0.481456,0.241718,2.632310
-0.146103,0.248553,2.590269
-0.553445,-0.015817,2.602467
0.042760,0.261991,2.321282
-0.546232,-0.235012,2.321282
-0.159732,0.475693,2.477252
-0.538733,-0.318565,2.441118
-0.216642,0.542513,2.435448
-0.283436,-0.021885,2.600951
-0.289690,-0.082232,2.533136
-0.365502,-0.165471,2.520699
-0.208250,-0.149969,2.503081
-0.350483,-0.613028,2.523754
-0.142965,-0.604329,2.493664
-0.325355,-0.956666,2.547826
-0.124539,-0.932997,2.458992
-0.355017,-1.026394,2.507511
-0.140001,-0.957979,2.362193
-0.319925,0.566037,2.642105
-0.299955,0.372245,2.648305
-0.480151,0.241637,2.632491
-0.145655,0.248334,2.589411
-0.552165,-0.015984,2.603215
0.042663,0.265126,2.319231
-0.545068,-0.235203,2.319231
-0.160093,0.470943,2.478379
-0.537634,-0.318701,2.442136
-0.218063,0.533760,2.444453
-0.282428,-0.022155,2.600842
-0.288979,-0.082517,2.532990
-0.364718,-0.165581,2.520801
-0.207828,-0.150109,2.502737
-0.350015,-0.613283,2.524177
-0.142689,-0.604244,2.494835
-0.325241,-0.956058,2.547899
-0.124466,-0.932441,2.460190
-0.355060,-1.025983,2.507680
-0.140105,-0.957903,2.363960
-0.318853,0.565953,2.642170
-0.298594,0.372224,2.648405
-0.478929,0.241557,2.632675
-0.145218,0.248105,2.588582
-0.550922,-0.016140,2.603955
0.042454,0.267935,2.317513
-0.543982,-0.235376,2.317513
-0.160421,0.466015,2.479467
-0.536606,-0.318831,2.443105
-0.219381,0.525201,2.452667
-0.281456,-0.022411,2.600753
-0.288292,-0.082791,2.532867
-0.363965,-0.165689,2.520923
-0.207412,-0.150248,2.502419
-0.349535,-0.613542,2.524622
-0.142428,-0.604163,2.495944
-0.325135,-0.955490,2.547940
-0.124401,-0.931929,2.461360
-0.355090,-1.025590,2.507778
-0.140209,-0.957845,2.365632
-0.317853,0.565875,2.642232
-0.297297,0.372205,2.648508
-0.477780,0.241479,2.632861
-0.144790,0.247896,2.587764
-0.549737,-0.016289,2.604676
0.042175,0.270424,2.316078
-0.542964,-0.235546,2.316078
-0.160638,0.460973,2.480509
-0.535646,-0.318956,2.444030
-0.220537,0.516893,2.460126
-0.280512,-0.022656,2.600685
-0.287627,-0.083056,2.532768
-0.363233,-0.165797,2.521067
-0.207002,-0.150385,2.502127
-0.349058,-0.613804,2.525079
-0.142181,-0.604086,2.496992
-0.325031,-0.954964,2.547948
-0.124343,-0.931462,2.462502
-0.355111,-1.025220,2.507817
-0.140320,-0.957808,2.367218
-0.316920,0.565805,2.642289
-0.296063,0.372186,2.648610
-0.476706,0.241402,2.633046
-0.144379,0.247669,2.586978
-0.548599,-0.016431,2.605383
0.041791,0.272635,2.314950
-0.542020,-0.235704,2.314950
-0.160840,0.455936,2.481499
-0.534748,-0.319075,2.444913
-0.221606,0.508901,2.466898
-0.279606,-0.022890,2.600633
-0.286984,-0.083311,2.532687
-0.362530,-0.165903,2.521225
-0.206600,-0.150520,2.501857
-0.348584,-0.614064,2.525540
-0.141948,-0.604012,2.497981
-0.324931,-0.954480,2.547929
-0.124290,-0.931030,2.463610
-0.355126,-1.024876,2.507809
-0.140424,-0.957782,2.368711
-0.316050,0.565740,2.642342
-0.294870,0.372178,2.648703
-0.475702,0.241327,2.633231
-0.143971,0.247462,2.586204
-0.547512,-0.016570,2.606068
0.041364,0.274551,2.314063
-0.541141,-0.235849,2.314063
-0.160795,0.451239,2.482446
-0.533912,-0.319185,2.445753
-0.222414,0.501488,2.472993
-0.278725,-0.023106,2.600593
-0.286362,-0.083552,2.532622
-0.361854,-0.166004,2.521394
-0.206204,-0.150649,2.501607
-0.348114,-0.614319,2.526004
-0.141729,-0.603940,2.498914
-0.324833,-0.954031,2.547883
-0.124241,-0.930637,2.464680
-0.355134,-1.024553,2.507757
-0.140530,-0.957772,2.370119
-0.315238,0.565680,2.642391
-0.293729,0.372173,2.648794
-0.474764,0.241255,2.633411
-0.143564,0.247269,2.585432
-0.546475,-0.016711,2.606724
0.040902,0.276187,2.313398
-0.540323,-0.235983,2.313398
-0.160802,0.447506,2.483349
-0.533130,-0.319288,2.446556
-0.223062,0.494456,2.478461
-0.277870,-0.023310,2.600566
-0.285760,-0.083781,2.532572
-0.361203,-0.166102,2.521574
-0.205815,-0.150775,2.501375
-0.347653,-0.614569,2.526466
-0.141524,-0.603867,2.499788
-0.324740,-0.953615,2.547815
-0.124198,-0.930275,2.465714
-0.355133,-1.024251,2.507665
-0.140640,-0.957772,2.371446
-0.314480,0.565623,2.642437
-0.292643,0.372171,2.648882
-0.473887,0.241185,2.633588
-0.143164,0.247085,2.584666
-0.545492,-0.016848,2.607347
0.040408,0.277572,2.312944
-0.539565,-0.236107,2.312944
-0.161060,0.442533,2.484204
-0.532403,-0.319386,2.447314
-0.224005,0.487654,2.483426
-0.277043,-0.023500,2.600548
-0.285178,-0.083998,2.532534
-0.360577,-0.166196,2.521761
-0.205431,-0.150896,2.501161
-0.347200,-0.614814,2.526925
-0.141330,-0.603796,2.500608
-0.324655,-0.953233,2.547726
-0.124161,-0.929946,2.466708
-0.355127,-1.023973,2.507535
-0.140752,-0.957782,2.372693
-0.313775,0.565572,2.642478
-0.291600,0.372169,2.648959
-0.473069,0.241118,2.633760
-0.142781,0.246884,2.583935
-0.544554,-0.016977,2.607946
0.039854,0.278757,2.312720
-0.538862,-0.236219,2.312720
-0.160774,0.438635,2.485012
-0.531726,-0.319474,2.448030
-0.224147,0.480642,2.487845
-0.276250,-0.023680,2.600537
-0.284618,-0.084205,2.532506
-0.359978,-0.166286,2.521953
-0.205055,-0.151015,2.500959
-0.346755,-0.615056,2.527379
-0.141148,-0.603728,2.501377
-0.324578,-0.952881,2.547617
-0.124125,-0.929649,2.467661
-0.355111,-1.023722,2.507375
-0.140853,-0.957804,2.373860
-0.313117,0.565524,2.642514
-0.290600,0.372173,2.649029
-0.472303,0.241053,2.633928
-0.142388,0.246772,2.583201
-0.543665,-0.017101,2.608516
0.039292,0.279730,2.312605
-0.538212,-0.236321,2.312605
-0.160381,0.434657,2.485777
-0.531098,-0.319557,2.448704
-0.224393,0.474603,2.491874
-0.275467,-0.023841,2.600529
-0.284067,-0.084396,2.532485
-0.359394,-0.166366,2.522150
-0.204677,-0.151124,2.500767
-0.346319,-0.615292,2.527827
-0.140977,-0.603663,2.502099
-0.324504,-0.952558,2.547491
-0.124093,-0.929381,2.468571
-0.355085,-1.023492,2.507186
-0.140962,-0.957835,2.374956
-0.312507,0.565481,2.642544
-0.289631,0.372182,2.649086
-0.471583,0.240994,2.634090
-0.142011,0.246664,2.582508
-0.542818,-0.017215,2.609057
0.038681,0.280510,2.312669
-0.537613,-0.236411,2.312669
-0.160151,0.431391,2.486495
-0.530516,-0.319631,2.449336
-0.224555,0.468991,2.495499
-0.274712,-0.023990,2.600526
-0.283534,-0.084575,2.532470
-0.358832,-0.166442,2.522349
-0.204305,-0.151230,2.500586
-0.345895,-0.615522,2.528267
-0.140815,-0.603602,2.502773
-0.324431,-0.952263,2.547350
-0.124075,-0.929146,2.469447
-0.355060,-1.023277,2.506970
-0.141075,-0.957879,2.375988
-0.311940,0.565439,2.642567
-0.288699,0.372192,2.649134
-0.470911,0.240938,2.634245
-0.141641,0.246529,2.581851
-0.542016,-0.017322,2.609572
0.038020,0.281155,2.312872
-0.537060,-0.236493,2.312872
-0.159918,0.428365,2.487170
-0.529974,-0.319701,2.449929
-0.224663,0.463799,2.498769
-0.273991,-0.024129,2.600526
-0.283019,-0.084746,2.532462
-0.358294,-0.166515,2.522548
-0.203940,-0.151332,2.500415
-0.345482,-0.615744,2.528697
-0.140664,-0.603544,2.503404
-0.324360,-0.951991,2.547198
-0.124059,-0.928933,2.470278
-0.355034,-1.023075,2.506727
-0.141177,-0.957928,2.376945
-0.311411,0.565400,2.642587
-0.287801,0.372203,2.649172
-0.470282,0.240883,2.634391
-0.141292,0.246384,2.581232
-0.541254,-0.017427,2.610057
0.037314,0.281649,2.313231
-0.536547,-0.236565,2.313231
-0.159544,0.425239,2.487801
-0.529472,-0.319764,2.450486
-0.224733,0.459048,2.501681
-0.273295,-0.024263,2.600525
-0.282516,-0.084913,2.532455
-0.357776,-0.166587,2.522741
-0.203578,-0.151435,2.500251
-0.345081,-0.615958,2.529116
-0.140520,-0.603490,2.503992
-0.324293,-0.951742,2.547036
-0.124044,-0.928741,2.471065
-0.355002,-1.022889,2.506466
-0.141269,-0.957977,2.377833
-0.310917,0.565365,2.642604
-0.286944,0.372215,2.649205
-0.469693,0.240830,2.634529
-0.140918,0.246479,2.580455
-0.540535,-0.017525,2.610507
0.036700,0.281944,2.313598
-0.536070,-0.236631,2.313598
-0.158984,0.421890,2.488391
-0.529005,-0.319824,2.451007
-0.224646,0.454353,2.504265
-0.272585,-0.024382,2.600522
-0.282024,-0.085063,2.532450
-0.357266,-0.166647,2.522933
-0.203221,-0.151525,2.500094
-0.344692,-0.616164,2.529522
-0.140385,-0.603433,2.504537
-0.324230,-0.951515,2.546865
-0.124030,-0.928568,2.471808
-0.354966,-1.022721,2.506196
-0.141387,-0.958034,2.378675
-0.310456,0.565331,2.642614
-0.286126,0.372229,2.649233
-0.469143,0.240781,2.634659
-0.140886,0.248467,2.579026
-0.539855,-0.017624,2.610922
0.035772,0.281699,2.314651
-0.535629,-0.236694,2.314651
-0.158575,0.418956,2.488936
-0.528571,-0.319878,2.451492
-0.224621,0.450152,2.506555
-0.271800,-0.024469,2.600507
-0.281531,-0.085185,2.532448
-0.356725,-0.166679,2.523140
-0.202866,-0.151580,2.499935
-0.344315,-0.616362,2.529917
-0.140257,-0.603376,2.505042
-0.324170,-0.951303,2.546683
-0.124023,-0.928411,2.472515
-0.354920,-1.022570,2.505922
-0.141590,-0.958109,2.379519
-0.310024,0.565300,2.642617
-0.285348,0.372244,2.649251
-0.468623,0.240735,2.634778
-0.140910,0.250755,2.577537
-0.539212,-0.017717,2.611306
0.034802,0.281290,2.315861
-0.535222,-0.236749,2.315861
-0.158279,0.416579,2.489440
-0.528167,-0.319928,2.451944
-0.224627,0.446490,2.508774
-0.271010,-0.024530,2.600484
-0.281036,-0.085285,2.532444
-0.356159,-0.166689,2.523350
-0.202508,-0.151604,2.499774
-0.343951,-0.616552,2.530297
-0.140136,-0.603321,2.505511
-0.324114,-0.951109,2.546495
-0.124016,-0.928270,2.473184
-0.354869,-1.022433,2.505637
-0.141796,-0.958186,2.380313
-0.309619,0.565269,2.642615
-0.284608,0.372261,2.649265
-0.468136,0.240692,2.634887
-0.140602,0.251587,2.576565
-0.538605,-0.017807,2.611658
0.034121,0.281049,2.316592
-0.534845,-0.236800,2.316592
-0.158033,0.414470,2.489904
-0.527792,-0.319970,2.452359
-0.224615,0.443142,2.510783
-0.270308,-0.024587,2.600471
-0.280552,-0.085372,2.532442
-0.355610,-0.166694,2.523549
-0.202154,-0.151619,2.499618
-0.343599,-0.616734,2.530663
-0.140022,-0.603268,2.505946
-0.324053,-0.950933,2.546295
-0.124003,-0.928143,2.473812
-0.354824,-1.022309,2.505350
-0.141925,-0.958250,2.381007
-0.309239,0.565240,2.642609
-0.283904,0.372277,2.649274
-0.467680,0.240651,2.634988
-0.140312,0.252316,2.575628
-0.538031,-0.017893,2.611983
0.033482,0.280763,2.317331
-0.534497,-0.236845,2.317331
-0.157760,0.412463,2.490332
-0.527443,-0.320007,2.452742
-0.224581,0.440055,2.512583
-0.269631,-0.024635,2.600457
-0.280085,-0.085452,2.532439
-0.355084,-0.166696,2.523740
-0.201809,-0.151633,2.499464
-0.343260,-0.616910,2.531016
-0.139914,-0.603216,2.506350
-0.323991,-0.950773,2.546087
-0.123991,-0.928030,2.474406
-0.354780,-1.022194,2.505060
-0.142048,-0.958314,2.381653
-0.308878,0.565211,2.642596
-0.283232,0.372291,2.649272
-0.467249,0.240610,2.635079
-0.140038,0.252913,2.574836
-0.537489,-0.017972,2.612281
0.032808,0.280475,2.318110
-0.534174,-0.236885,2.318110
-0.157497,0.410626,2.490728
-0.527121,-0.320039,2.453093
-0.224534,0.437230,2.514208
-0.268998,-0.024678,2.600444
-0.279631,-0.085522,2.532436
-0.354578,-0.166694,2.523917
-0.201469,-0.151640,2.499315
-0.342932,-0.617079,2.531356
-0.139813,-0.603165,2.506724
-0.323924,-0.950626,2.545875
-0.123985,-0.927934,2.474967
-0.354738,-1.022084,2.504762
-0.142156,-0.958379,2.382245
-0.308538,0.565183,2.642578
-0.282592,0.372306,2.649266
-0.466845,0.240571,2.635163
-0.139764,0.253456,2.574069
-0.536976,-0.018049,2.612548
0.032166,0.280111,2.318892
-0.533878,-0.236920,2.318892
-0.157278,0.408989,2.491086
-0.526822,-0.320067,2.453414
-0.224473,0.434643,2.515673
-0.268388,-0.024713,2.600430
-0.279190,-0.085585,2.532433
-0.354090,-0.166689,2.524086
-0.201136,-0.151644,2.499169
-0.342616,-0.617242,2.531684
-0.139718,-0.603119,2.507070
-0.323858,-0.950491,2.545662
-0.123981,-0.927852,2.475499
-0.354697,-1.021977,2.504459
-0.142261,-0.958448,2.382798
-0.308215,0.565156,2.642553
-0.281984,0.372319,2.649256
-0.466467,0.240536,2.635238
-0.139495,0.253941,2.573334
-0.536491,-0.018120,2.612792
0.031554,0.279723,2.319667
-0.533603,-0.236953,2.319667
-0.156776,0.407215,2.491414
-0.526542,-0.320091,2.453711
-0.224239,0.432107,2.516623
-0.267803,-0.024744,2.600413
-0.278764,-0.085643,2.532427
-0.353623,-0.166683,2.524246
-0.200809,-0.151647,2.499024
-0.342308,-0.617397,2.531997
-0.139629,-0.603074,2.507391
-0.323792,-0.950365,2.545448
-0.123979,-0.927782,2.476002
-0.354654,-1.021872,2.504143
-0.142361,-0.958517,2.383313
-0.307904,0.565128,2.642517
-0.281403,0.372332,2.649242
-0.466112,0.240502,2.635306
-0.139228,0.254373,2.572634
-0.536033,-0.018184,2.613014
0.030964,0.279276,2.320447
-0.533349,-0.236983,2.320447
-0.156555,0.405835,2.491715
-0.526285,-0.320114,2.453978
-0.224182,0.429983,2.517795
-0.267244,-0.024771,2.600394
-0.278354,-0.085696,2.532419
-0.353178,-0.166677,2.524395
-0.200490,-0.151650,2.498881
-0.342012,-0.617545,2.532298
-0.139546,-0.603031,2.507688
-0.323730,-0.950250,2.545238
-0.123977,-0.927719,2.476475
-0.354611,-1.021768,2.503817
-0.142455,-0.958582,2.383788
-0.307604,0.565099,2.642471
-0.280848,0.372345,2.649220
-0.465779,0.240471,2.635367
-0.138967,0.254764,2.571970
-0.535604,-0.018244,2.613215
0.030400,0.278819,2.321220
-0.533114,-0.237009,2.321220
-0.156355,0.404580,2.491992
-0.526047,-0.320133,2.454221
-0.224129,0.428052,2.518859
-0.266708,-0.024793,2.600374
-0.277957,-0.085744,2.532410
-0.352752,-0.166669,2.524536
-0.200179,-0.151652,2.498743
-0.341728,-0.617687,2.532585
-0.139467,-0.602991,2.507962
-0.323677,-0.950146,2.545025
-0.123976,-0.927665,2.476922
-0.354563,-1.021680,2.503493
-0.142543,-0.958647,2.384229
-0.307319,0.565071,2.642417
-0.280314,0.372357,2.649190
-0.465464,0.240442,2.635422
-0.138716,0.255096,2.571341
-0.535204,-0.018298,2.613394
0.029853,0.278241,2.322031
-0.532897,-0.237036,2.322031
-0.156057,0.402946,2.492240
-0.525827,-0.320148,2.454443
-0.223865,0.426441,2.519142
-0.266196,-0.024815,2.600349
-0.277573,-0.085792,2.532398
-0.352344,-0.166662,2.524668
-0.199876,-0.151657,2.498606
-0.341457,-0.617821,2.532855
-0.139393,-0.602952,2.508216
-0.323628,-0.950051,2.544811
-0.123975,-0.927616,2.477341
-0.354514,-1.021602,2.503166
-0.142624,-0.958708,2.384635
-0.307043,0.565044,2.642352
-0.279805,0.372369,2.649156
-0.465167,0.240415,2.635467
-0.138468,0.255344,2.570747
-0.534830,-0.018349,2.613552
0.029317,0.277661,2.322844
-0.532696,-0.237063,2.322844
-0.155888,0.401281,2.492465
-0.525623,-0.320161,2.454643
-0.223725,0.424924,2.519567
-0.265712,-0.024835,2.600324
-0.277202,-0.085837,2.532383
-0.351953,-0.166655,2.524791
-0.199578,-0.151663,2.498469
-0.341198,-0.617947,2.533110
-0.139323,-0.602914,2.508450
-0.323586,-0.949965,2.544595
-0.123976,-0.927574,2.477737
-0.354465,-1.021533,2.502838
-0.142697,-0.958767,2.385010
-0.306770,0.565021,2.642275
-0.279306,0.372381,2.649112
-0.464881,0.240390,2.635499
-0.138221,0.255554,2.570196
-0.534478,-0.018396,2.613693
0.028790,0.277088,2.323637
-0.532513,-0.237086,2.323637
-0.155788,0.399647,2.492668
-0.525434,-0.320171,2.454823
-0.223602,0.423554,2.519890
-0.265253,-0.024852,2.600295
-0.276842,-0.085879,2.532364
-0.351581,-0.166646,2.524898
-0.199288,-0.151668,2.498335
-0.340950,-0.618067,2.533352
-0.139258,-0.602878,2.508665
-0.323547,-0.949887,2.544380
-0.123983,-0.927543,2.478114
-0.354413,-1.021470,2.502512
-0.142766,-0.958828,2.385358
-0.306502,0.565003,2.642177
-0.278832,0.372394,2.649061
-0.464608,0.240367,2.635520
-0.137970,0.255701,2.569656
-0.534149,-0.018440,2.613819
0.028286,0.276502,2.324403
-0.532344,-0.237110,2.324403
-0.155688,0.398069,2.492851
-0.525258,-0.320178,2.454985
-0.223469,0.422329,2.520101
-0.264817,-0.024868,2.600261
-0.276495,-0.085920,2.532340
-0.351227,-0.166639,2.524995
-0.199004,-0.151676,2.498202
-0.340714,-0.618180,2.533577
-0.139197,-0.602844,2.508862
-0.323511,-0.949816,2.544167
-0.123990,-0.927520,2.478471
-0.354359,-1.021412,2.502186
-0.142830,-0.958889,2.385682
-0.306236,0.564991,2.642063
-0.278381,0.372408,2.649005
-0.464345,0.240345,2.635530
-0.137725,0.255810,2.569145
-0.533841,-0.018477,2.613928
0.027798,0.275906,2.325155
-0.532188,-0.237131,2.325155
-0.155639,0.396522,2.493015
-0.525094,-0.320184,2.455131
-0.223345,0.421232,2.520193
-0.264404,-0.024883,2.600225
-0.276160,-0.085959,2.532312
-0.350890,-0.166631,2.525081
-0.198726,-0.151684,2.498070
-0.340489,-0.618285,2.533789
-0.139141,-0.602812,2.509042
-0.323466,-0.949741,2.543958
-0.123998,-0.927503,2.478810
-0.354311,-1.021339,2.501867
-0.142888,-0.958950,2.385983
-0.305976,0.564982,2.641938
-0.277950,0.372425,2.648939
-0.464093,0.240325,2.635530
-0.137485,0.255891,2.568668
-0.533552,-0.018511,2.614022
0.027320,0.275380,2.325863
-0.532043,-0.237150,2.325863
-0.155690,0.395010,2.493162
-0.524941,-0.320188,2.455262
-0.223257,0.420233,2.520258
-0.264013,-0.024895,2.600183
-0.275838,-0.085996,2.532279
-0.350570,-0.166621,2.525156
-0.198456,-0.151693,2.497938
-0.340275,-0.618383,2.533988
-0.139088,-0.602781,2.509207
-0.323426,-0.949671,2.543753
-0.124004,-0.927489,2.479126
-0.354263,-1.021268,2.501546
-0.142939,-0.959007,2.386258
-0.305724,0.564979,2.641804
-0.277539,0.372443,2.648869
-0.463849,0.240308,2.635518
-0.137253,0.255954,2.568230
-0.533284,-0.018543,2.614103
0.026872,0.274716,2.326635
-0.531909,-0.237169,2.326635
-0.155655,0.393625,2.493292
-0.524799,-0.320190,2.455377
-0.223115,0.419414,2.520057
-0.263645,-0.024904,2.600139
-0.275526,-0.086028,2.532241
-0.350265,-0.166610,2.525220
-0.198191,-0.151701,2.497807
-0.340070,-0.618476,2.534174
-0.139038,-0.602751,2.509358
-0.323387,-0.949605,2.543553
-0.124011,-0.927479,2.479426
-0.354216,-1.021196,2.501227
-0.142984,-0.959061,2.386512
-0.305476,0.564981,2.641654
-0.277146,0.372462,2.648790
-0.463614,0.240294,2.635497
-0.137037,0.256139,2.567711
-0.533034,-0.018570,2.614171
0.026489,0.274064,2.327323
-0.531785,-0.237185,2.327323
-0.155173,0.392651,2.493408
-0.524664,-0.320189,2.455478
-0.222698,0.418913,2.519752
-0.263267,-0.024908,2.600082
-0.275225,-0.086057,2.532198
-0.349974,-0.166596,2.525275
-0.197933,-0.151705,2.497672
-0.339876,-0.618561,2.534347
-0.138991,-0.602722,2.509495
-0.323349,-0.949544,2.543355
-0.124018,-0.927470,2.479706
-0.354168,-1.021126,2.500909
-0.143040,-0.959116,2.386753
-0.305232,0.564987,2.641487
-0.276763,0.372484,2.648699
-0.463387,0.240282,2.635466
-0.136829,0.256320,2.567205
-0.532801,-0.018596,2.614226
0.026126,0.273400,2.327990
-0.531670,-0.237201,2.327990
-0.154954,0.391562,2.493509
-0.524538,-0.320186,2.455563
-0.222422,0.418445,2.519141
-0.262901,-0.024910,2.600017
-0.274931,-0.086083,2.532149
-0.349692,-0.166582,2.525320
-0.197680,-0.151709,2.497538
-0.339691,-0.618642,2.534509
-0.138946,-0.602696,2.509622
-0.323313,-0.949489,2.543163
-0.124023,-0.927464,2.479970
-0.354122,-1.021059,2.500594
-0.143092,-0.959169,2.386977
-0.304988,0.564995,2.641298
-0.276392,0.372507,2.648601
-0.463167,0.240271,2.635423
-0.136636,0.256426,2.566741
-0.532581,-0.018619,2.614269
0.025778,0.272758,2.328629
-0.531562,-0.237214,2.328629
-0.154816,0.390510,2.493597
-0.524418,-0.320180,2.455636
-0.222179,0.418062,2.518414
-0.262554,-0.024911,2.599949
-0.274646,-0.086110,2.532094
-0.349422,-0.166568,2.525358
-0.197434,-0.151715,2.497402
-0.339515,-0.618718,2.534659
-0.138903,-0.602670,2.509737
-0.323279,-0.949438,2.542978
-0.124027,-0.927461,2.480216
-0.354076,-1.020992,2.500282
-0.143136,-0.959219,2.387180
-0.304737,0.565006,2.641079
-0.276035,0.372531,2.648497
-0.462955,0.240263,2.635373
-0.136442,0.256495,2.566291
-0.532371,-0.018639,2.614298
0.025455,0.272171,2.329224
-0.531462,-0.237224,2.329224
-0.154746,0.389492,2.493669
-0.524306,-0.320172,2.455698
-0.221969,0.417740,2.517642
-0.262223,-0.024912,2.599875
-0.274369,-0.086135,2.532033
-0.349164,-0.166553,2.525387
-0.197191,-0.151723,2.497260
-0.339349,-0.618788,2.534799
-0.138863,-0.602645,2.509842
-0.323246,-0.949385,2.542794
-0.124030,-0.927460,2.480446
-0.354026,-1.020921,2.499973
-0.143175,-0.959266,2.387367
-0.304484,0.565015,2.640829
-0.275690,0.372554,2.648380
-0.462746,0.240255,2.635308
-0.136250,0.256528,2.565851
-0.532171,-0.018655,2.614314
0.025148,0.271602,2.329784
-0.531368,-0.237232,2.329784
-0.154498,0.388629,2.493728
-0.524199,-0.320159,2.455748
-0.221668,0.417443,2.517193
-0.261905,-0.024915,2.599792
-0.274098,-0.086161,2.531963
-0.348918,-0.166541,2.525405
-0.196949,-0.151734,2.497110
-0.339190,-0.618854,2.534928
-0.138825,-0.602621,2.509938
-0.323215,-0.949333,2.542613
-0.124032,-0.927460,2.480662
-0.353974,-1.020847,2.499658
-0.143210,-0.959310,2.387537
-0.304231,0.565024,2.640558
-0.275356,0.372578,2.648251
-0.462540,0.240248,2.635231
-0.136056,0.256508,2.565402
-0.531978,-0.018670,2.614311
0.024857,0.271055,2.330304
-0.531279,-0.237237,2.330304
-0.154232,0.387850,2.493776
-0.524098,-0.320145,2.455788
-0.221345,0.417228,2.516717
-0.261601,-0.024917,2.599702
-0.273836,-0.086188,2.531885
-0.348683,-0.166530,2.525416
-0.196711,-0.151748,2.496953
-0.339039,-0.618915,2.535048
-0.138789,-0.602599,2.510025
-0.323186,-0.949289,2.542439
-0.124032,-0.927460,2.480862
-0.353925,-1.020783,2.499360
-0.143240,-0.959351,2.387694
-0.303980,0.565029,2.640261
-0.275030,0.372604,2.648110
-0.462336,0.240243,2.635140
-0.135860,0.256471,2.564949
-0.531794,-0.018684,2.614299
0.024585,0.270550,2.330774
-0.531195,-0.237240,2.330774
-0.154069,0.387204,2.493815
-0.524001,-0.320128,2.455819
-0.221072,0.417126,2.516364
-0.261305,-0.024917,2.599605
-0.273580,-0.086212,2.531800
-0.348457,-0.166518,2.525421
-0.196475,-0.151761,2.496787
-0.338894,-0.618972,2.535159
-0.138755,-0.602577,2.510104
-0.323157,-0.949248,2.542267
-0.124029,-0.927460,2.481047
-0.353878,-1.020722,2.499069
-0.143265,-0.959388,2.387836
-0.303723,0.565023,2.639930
-0.274704,0.372631,2.647957
-0.462133,0.240240,2.635036
-0.135662,0.256476,2.564487
-0.531613,-0.018697,2.614265
0.024331,0.270040,2.331199
-0.531113,-0.237242,2.331199
-0.153928,0.386612,2.493839
-0.523904,-0.320108,2.455832
-0.220799,0.417088,2.516026
-0.261008,-0.024914,2.599492
-0.273324,-0.086233,2.531703
-0.348238,-0.166505,2.525418
-0.196232,-0.151771,2.496602
-0.338757,-0.619026,2.535261
-0.138723,-0.602557,2.510175
-0.323129,-0.949210,2.542101
-0.124024,-0.927461,2.481221
-0.353832,-1.020662,2.498783
-0.143290,-0.959423,2.387968
-0.303455,0.565019,2.639560
-0.274359,0.372661,2.647759
-0.461932,0.240238,2.634919
-0.135446,0.256432,2.563979
-0.531426,-0.018707,2.614209
0.024106,0.269535,2.331582
-0.531034,-0.237241,2.331582
-0.153782,0.386055,2.493854
-0.523810,-0.320086,2.455838
-0.220518,0.417032,2.515655
-0.260706,-0.024907,2.599359
-0.273065,-0.086252,2.531589
-0.348025,-0.166492,2.525405
-0.195979,-0.151782,2.496393
-0.338622,-0.619078,2.535354
-0.138692,-0.602538,2.510237
-0.323093,-0.949171,2.541926
-0.124017,-0.927465,2.481386
-0.353793,-1.020604,2.498512
-0.143311,-0.959459,2.388090
-0.303180,0.565012,2.639151
-0.274008,0.372695,2.647529
-0.461730,0.240237,2.634783
-0.135206,0.256327,2.563449
-0.531237,-0.018718,2.614130
0.023903,0.269050,2.331928
-0.530956,-0.237239,2.331928
-0.153638,0.385541,2.493857
-0.523717,-0.320062,2.455835
-0.220235,0.417004,2.515280
-0.260410,-0.024899,2.599212
-0.272808,-0.086271,2.531463
-0.347817,-0.166480,2.525378
-0.195723,-0.151797,2.496173
-0.338491,-0.619127,2.535437
-0.138663,-0.602520,2.510293
-0.323058,-0.949135,2.541755
-0.124007,-0.927468,2.481539
-0.353749,-1.020547,2.498244
-0.143329,-0.959492,2.388202
-0.302889,0.565006,2.638687
-0.273659,0.372731,2.647285
-0.461530,0.240239,2.634631
-0.134959,0.256220,2.562905
-0.531045,-0.018729,2.614033
0.023721,0.268544,2.332242
-0.530871,-0.237233,2.332242
-0.153483,0.385073,2.493846
-0.523627,-0.320037,2.455824
-0.219959,0.417020,2.514914
-0.260112,-0.024888,2.599048
-0.272545,-0.086287,2.531319
-0.347606,-0.166465,2.525332
-0.195460,-0.151812,2.495938
-0.338364,-0.619173,2.535509
-0.138633,-0.602502,2.510341
-0.323026,-0.949101,2.541582
-0.123995,-0.927471,2.481682
-0.353704,-1.020494,2.497976
-0.143343,-0.959522,2.388304
-0.302578,0.564998,2.638183
-0.273309,0.372773,2.647011
-0.461327,0.240244,2.634463
-0.134681,0.256152,2.562326
-0.530850,-0.018738,2.613914
0.023584,0.267947,2.332523
-0.530783,-0.237227,2.332523
-0.152889,0.384735,2.493824
-0.523539,-0.320010,2.455807
-0.219372,0.417267,2.514078
-0.259807,-0.024871,2.598864
-0.272279,-0.086298,2.531160
-0.347396,-0.166448,2.525276
-0.195188,-0.151826,2.495685
-0.338239,-0.619216,2.535573
-0.138604,-0.602484,2.510383
-0.322990,-0.949063,2.541407
-0.123984,-0.927472,2.481810
-0.353660,-1.020440,2.497720
-0.143358,-0.959547,2.388394
-0.302242,0.565003,2.637631
-0.272949,0.372825,2.646697
-0.461113,0.240252,2.634267
-0.134396,0.256078,2.561734
-0.530652,-0.018745,2.613779
0.023470,0.267316,2.332777
-0.530692,-0.237219,2.332777
-0.152675,0.384398,2.493791
-0.523451,-0.319982,2.455784
-0.219047,0.417440,2.513630
-0.259498,-0.024855,2.598658
-0.272006,-0.086313,2.530980
-0.347184,-0.166434,2.525204
-0.194908,-0.151846,2.495413
-0.338114,-0.619260,2.535628
-0.138575,-0.602466,2.510418
-0.322953,-0.949025,2.541233
-0.123973,-0.927471,2.481929
-0.353617,-1.020381,2.497461
-0.143371,-0.959571,2.388477
-0.301892,0.565015,2.637055
-0.272577,0.372887,2.646346
-0.460899,0.240264,2.634059
-0.134106,0.255997,2.561136
-0.530440,-0.018746,2.613618
0.023374,0.266686,2.333005
-0.530597,-0.237209,2.333005
-0.152153,0.384024,2.493747
-0.523359,-0.319951,2.455751
-0.218512,0.417654,2.512851
-0.259186,-0.024835,2.598434
-0.271729,-0.086327,2.530785
-0.346972,-0.166419,2.525123
-0.194624,-0.151869,2.495125
-0.337990,-0.619304,2.535673
-0.138545,-0.602448,2.510446
-0.322916,-0.948989,2.541060
-0.123961,-0.927471,2.482038
-0.353576,-1.020322,2.497205
-0.143382,-0.959593,2.388552
-0.301515,0.565033,2.636439
-0.272204,0.372950,2.645974
-0.460677,0.240285,2.633833
-0.133810,0.255897,2.560519
-0.530218,-0.018740,2.613429
0.023301,0.266052,2.333206
-0.530499,-0.237199,2.333206
-0.151592,0.383668,2.493693
-0.523267,-0.319918,2.455711
-0.217950,0.417891,2.512031
-0.258871,-0.024816,2.598194
-0.271448,-0.086343,2.530574
-0.346756,-0.166405,2.525026
-0.194335,-0.151895,2.494826
-0.337864,-0.619348,2.535707
-0.138515,-0.602428,2.510467
-0.322880,-0.948953,2.540887
-0.123949,-0.927470,2.482139
-0.353533,-1.020267,2.496956
-0.143392,-0.959612,2.388621
-0.301114,0.565062,2.635786
-0.271820,0.373018,2.645580
-0.460442,0.240318,2.633582
-0.133501,0.255756,2.559875
-0.529991,-0.018730,2.613225
0.023294,0.265256,2.333405
-0.530397,-0.237186,2.333405
-0.150888,0.383284,2.493625
-0.523166,-0.319884,2.455656
-0.217298,0.418133,2.511107
-0.258555,-0.024798,2.597939
-0.271164,-0.086360,2.530349
-0.346539,-0.166391,2.524917
-0.194044,-0.151928,2.494512
-0.337736,-0.619392,2.535731
-0.138483,-0.602409,2.510482
-0.322844,-0.948917,2.540715
-0.123934,-0.927468,2.482233
-0.353488,-1.020209,2.496705
-0.143400,-0.959630,2.388683
-0.300641,0.565094,2.635041
-0.271427,0.373081,2.645156
-0.460203,0.240356,2.633317
-0.133161,0.255545,2.559164
-0.529759,-0.018722,2.613005
0.023417,0.264148,2.333619
-0.530290,-0.237171,2.333619
-0.150260,0.382904,2.493545
-0.523062,-0.319847,2.455590
-0.216506,0.418348,2.510042
-0.258233,-0.024785,2.597665
-0.270877,-0.086384,2.530107
-0.346322,-0.166381,2.524799
-0.193744,-0.151977,2.494174
-0.337608,-0.619435,2.535746
-0.138451,-0.602390,2.510490
-0.322809,-0.948879,2.540543
-0.123918,-0.927466,2.482321
-0.353447,-1.020141,2.496442
-0.143406,-0.959647,2.388740
-0.300095,0.565134,2.634220
-0.271023,0.373138,2.644699
-0.459956,0.240399,2.633034
-0.132784,0.255263,2.558413
-0.529526,-0.018711,2.612774
0.023769,0.262456,2.333949
-0.530177,-0.237157,2.333949
-0.149001,0.382253,2.493452
-0.522955,-0.319809,2.455518
-0.215503,0.418511,2.508676
-0.257909,-0.024777,2.597373
-0.270583,-0.086414,2.529848
-0.346102,-0.166375,2.524668
-0.193435,-0.152040,2.493813
-0.337478,-0.619479,2.535752
-0.138417,-0.602371,2.510494
-0.322773,-0.948839,2.540370
-0.123900,-0.927462,2.482403
-0.353405,-1.020070,2.496180
-0.143410,-0.959662,2.388792
-0.299449,0.565156,2.633252
-0.270598,0.373186,2.644206
-0.459702,0.240453,2.632737
-0.132386,0.254911,2.557624
-0.529284,-0.018698,2.612528
0.024361,0.260045,2.334457
-0.530045,-0.237144,2.334457
-0.148046,0.381704,2.493336
-0.522836,-0.319769,2.455425
-0.214396,0.418624,2.507119
-0.257578,-0.024776,2.597063
-0.270282,-0.086450,2.529572
-0.345878,-0.166374,2.524524
-0.193119,-0.152116,2.493436
-0.337342,-0.619526,2.535748
-0.138382,-0.602352,2.510489
-0.322733,-0.948797,2.540188
-0.123880,-0.927457,2.482480
-0.353367,-1.019994,2.495915
-0.143412,-0.959675,2.388839
-0.298718,0.565172,2.632149
-0.270160,0.373232,2.643682
-0.459423,0.240511,2.632395
-0.131924,0.254516,2.556826
-0.529022,-0.018682,2.612251
0.024932,0.257235,2.334853
-0.529896,-0.237134,2.334853
-0.146346,0.380815,2.493193
-0.522713,-0.319727,2.455322
-0.213062,0.418843,2.503495
-0.257242,-0.024783,2.596732
-0.269967,-0.086498,2.529273
-0.345645,-0.166384,2.524361
-0.192776,-0.152217,2.493026
-0.337203,-0.619579,2.535732
-0.138343,-0.602336,2.510477
-0.322691,-0.948754,2.540006
-0.123858,-0.927450,2.482551
-0.353328,-1.019917,2.495653
-0.143407,-0.959687,2.388881
-0.297989,0.565206,2.631060
-0.269704,0.373269,2.643101
-0.459110,0.240566,2.632002
-0.131519,0.253941,2.555957
-0.528742,-0.018663,2.611946
0.025384,0.254064,2.335172
-0.529728,-0.237130,2.335172
-0.144641,0.379728,2.493025
-0.522578,-0.319686,2.455203
-0.211686,0.419067,2.498011
-0.256885,-0.024838,2.596346
-0.269623,-0.086611,2.528912
-0.345390,-0.166427,2.524165
-0.192423,-0.152370,2.492573
-0.337062,-0.619632,2.535704
-0.138302,-0.602323,2.510455
-0.322647,-0.948710,2.539819
-0.123835,-0.927441,2.482618
-0.353292,-1.019838,2.495391
-0.143401,-0.959695,2.388920
-0.297272,0.565255,2.629981
-0.269194,0.373362,2.642437
-0.458754,0.240624,2.631544
-0.130337,0.253659,2.555426
-0.528412,-0.018641,2.611583
0.026653,0.244023,2.339232
-0.529545,-0.237125,2.339232
-0.140794,0.374851,2.492833
-0.522436,-0.319644,2.455068
-0.203023,0.414679,2.472463
-0.256558,-0.024863,2.595964
-0.269257,-0.086698,2.528534
-0.345131,-0.166473,2.523958
-0.192025,-0.152525,2.492093
-0.336913,-0.619692,2.535660
-0.138256,-0.602313,2.510422
-0.322599,-0.948667,2.539623
-0.123811,-0.927430,2.482679
-0.353260,-1.019763,2.495133
-0.143345,-0.959696,2.388946
-0.296575,0.565326,2.628902
-0.268669,0.373470,2.641722
-0.458382,0.240695,2.631061
-0.129061,0.253391,2.554951
-0.528060,-0.018612,2.611192
0.027987,0.233418,2.343694
-0.529349,-0.237123,2.343694
-0.136098,0.367642,2.492621
-0.522280,-0.319604,2.454916
-0.191495,0.405761,2.439781
-0.256228,-0.024865,2.595566
-0.268877,-0.086752,2.528139
-0.344872,-0.166513,2.523736
-0.191599,-0.152669,2.491598
-0.336751,-0.619752,2.535595
-0.138207,-0.602302,2.510379
-0.322552,-0.948621,2.539421
-0.123782,-0.927417,2.482738
-0.353228,-1.019684,2.494868
-0.143270,-0.959694,2.388966
-0.295884,0.565410,2.627827
-0.268140,0.373584,2.640976
-0.458007,0.240778,2.630564
-0.127594,0.253154,2.554555
-0.527693,-0.018578,2.610781
0.029422,0.220261,2.350416
-0.529139,-0.237118,2.350416
-0.130002,0.356866,2.492393
-0.522109,-0.319559,2.454743
-0.177194,0.391388,2.402637
-0.255900,-0.024842,2.595160
-0.268483,-0.086771,2.527737
-0.344613,-0.166550,2.523504
-0.191136,-0.152802,2.491095
-0.336581,-0.619815,2.535517
-0.138153,-0.602296,2.510327
-0.322505,-0.948571,2.539211
-0.123750,-0.927402,2.482792
-0.353194,-1.019598,2.494589
-0.143174,-0.959687,2.388978
-0.295196,0.565501,2.626747
-0.267602,0.373689,2.640163
-0.457632,0.240870,2.630058
-0.126047,0.252938,2.554218
-0.527313,-0.018540,2.610352
0.031058,0.206547,2.357496
-0.528913,-0.237113,2.357496
-0.120855,0.337637,2.492140
-0.521930,-0.319511,2.454552
-0.160024,0.368269,2.362514
-0.255570,-0.024806,2.594741
-0.268075,-0.086773,2.527320
-0.344344,-0.166586,2.523247
-0.190644,-0.152932,2.490587
-0.336396,-0.619893,2.535415
-0.138092,-0.602304,2.510260
-0.322456,-0.948519,2.538997
-0.123714,-0.927384,2.482843
-0.353156,-1.019495,2.494279
-0.143061,-0.959676,2.388985
-0.294497,0.565601,2.625654
-0.267069,0.373790,2.639301
-0.457254,0.240971,2.629540
-0.124478,0.252828,2.553944
-0.526919,-0.018501,2.609907
0.033512,0.190417,2.365930
-0.528671,-0.237109,2.365930
-0.108595,0.309593,2.491863
-0.521738,-0.319458,2.454341
-0.140222,0.336296,2.320544
-0.255235,-0.024756,2.594308
-0.267647,-0.086759,2.526888
-0.344050,-0.166618,2.522960
-0.190125,-0.153054,2.490074
-0.336186,-0.619989,2.535279
-0.138025,-0.602332,2.510179
-0.322406,-0.948470,2.538778
-0.123674,-0.927365,2.482890
-0.353122,-1.019393,2.493960
-0.142933,-0.959662,2.388984
-0.293785,0.565711,2.624552
-0.266540,0.373887,2.638407
-0.456877,0.241076,2.629016
-0.122857,0.252752,2.553713
-0.526501,-0.018462,2.609436
0.036051,0.174753,2.374529
-0.528418,-0.237103,2.374529
-0.093732,0.277458,2.491568
-0.521539,-0.319404,2.454118
-0.118253,0.296166,2.277785
-0.254888,-0.024686,2.593861
-0.267190,-0.086718,2.526439
-0.343733,-0.166644,2.522647
-0.189554,-0.153161,2.489553
-0.335962,-0.620100,2.535114
-0.137951,-0.602381,2.510085
-0.322358,-0.948422,2.538545
-0.123634,-0.927344,2.482933
-0.353090,-1.019294,2.493634
-0.142796,-0.959647,2.388978
-0.293002,0.565837,2.623373
-0.265977,0.373982,2.637444
-0.456479,0.241196,2.628464
-0.121086,0.252714,2.553528
-0.526046,-0.018416,2.608928
0.038213,0.158573,2.385854
-0.528143,-0.237099,2.385854
-0.073465,0.225389,2.491245
-0.521325,-0.319346,2.453871
-0.092818,0.245375,2.235403
-0.254504,-0.024585,2.593372
-0.266676,-0.086639,2.525948
-0.343362,-0.166652,2.522259
-0.188920,-0.153254,2.489015
-0.335722,-0.620223,2.534914
-0.137866,-0.602449,2.509973
-0.322314,-0.948373,2.538292
-0.123596,-0.927326,2.482974
-0.353060,-1.019202,2.493299
-0.142655,-0.959634,2.388970
-0.292192,0.565974,2.622160
-0.265400,0.374076,2.636439
-0.456050,0.241350,2.627870
-0.119085,0.252651,2.553362
-0.525547,-0.018359,2.608381
0.040240,0.142819,2.397380
-0.527843,-0.237088,2.397380
-0.051574,0.175923,2.490879
-0.521091,-0.319290,2.453599
-0.064576,0.180310,2.200422
-0.254102,-0.024462,2.592856
-0.266129,-0.086534,2.525428
-0.342960,-0.166646,2.521815
-0.188240,-0.153340,2.488467
-0.335466,-0.620364,2.534671
-0.137768,-0.602535,2.509844
-0.322269,-0.948323,2.538017
-0.123556,-0.927307,2.483011
-0.353033,-1.019101,2.492929
-0.142497,-0.959618,2.388955
-0.291326,0.566119,2.620860
-0.264743,0.374167,2.635285
-0.455579,0.241514,2.627224
-0.116947,0.252615,2.553218
-0.524998,-0.018293,2.607795
0.042117,0.127778,2.408706
-0.527515,-0.237069,2.408706
-0.030723,0.125535,2.490477
-0.520821,-0.319229,2.453282
-0.037313,0.111681,2.173792
-0.253652,-0.024307,2.592283
-0.265519,-0.086397,2.524855
-0.342507,-0.166627,2.521299
-0.187486,-0.153419,2.487890
-0.335189,-0.620522,2.534385
-0.137653,-0.602640,2.509695
-0.322227,-0.948276,2.537712
-0.123513,-0.927286,2.483044
-0.353010,-1.019007,2.492540
-0.142323,-0.959601,2.388932
-0.290353,0.566278,2.619467
-0.264024,0.374252,2.634034
-0.455027,0.241709,2.626478
-0.114719,0.252577,2.553073
-0.524398,-0.018217,2.607165
0.043867,0.113173,2.419892
-0.527147,-0.237045,2.419892
-0.011333,0.076505,2.490028
-0.520521,-0.319162,2.452941
-0.011692,0.044140,2.155926
-0.253153,-0.024131,2.591650
-0.264843,-0.086237,2.524223
-0.341993,-0.166597,2.520697
-0.186662,-0.153496,2.487280
-0.334888,-0.620702,2.534034
-0.137520,-0.602759,2.509527
-0.322185,-0.948228,2.537388
-0.123466,-0.927264,2.483073
-0.352991,-1.018920,2.492149
-0.142128,-0.959580,2.388898
-0.289306,0.566444,2.617972
-0.263252,0.374339,2.632679
-0.454408,0.241937,2.625638
-0.112366,0.252559,2.552925
-0.523729,-0.018122,2.606469
0.045413,0.099308,2.430588
-0.526725,-0.237030,2.430588
0.007783,0.026812,2.489516
-0.520181,-0.319095,2.452570
0.013086,-0.021396,2.147703
-0.252607,-0.023916,2.590951
-0.264100,-0.086032,2.523526
-0.341429,-0.166542,2.520018
-0.185757,-0.153553,2.486624
-0.334558,-0.620901,2.533598
-0.137363,-0.602887,2.509325
-0.322146,-0.948175,2.537031
-0.123416,-0.927239,2.483097
-0.352968,-1.018841,2.491754
-0.141912,-0.959556,2.388852
-0.288074,0.566613,2.616278
-0.262398,0.374409,2.631135
-0.453664,0.242200,2.624646
-0.109890,0.252556,2.552750
-0.522981,-0.018010,2.605716
0.046845,0.086233,2.440728
-0.526266,-0.237010,2.440728
0.025025,-0.019680,2.488952
-0.519801,-0.319022,2.452163
0.035480,-0.083142,2.145407
-0.251966,-0.023655,2.590133
-0.263227,-0.085774,2.522707
-0.340763,-0.166462,2.519229
-0.184664,-0.153580,2.485834
-0.334195,-0.621118,2.533043
-0.137164,-0.603028,2.509080
-0.322107,-0.948115,2.536623
-0.123363,-0.927215,2.483116
-0.352944,-1.018773,2.491358
-0.141677,-0.959531,2.388794
-0.286703,0.566793,2.614414
-0.261460,0.374462,2.629438
-0.452810,0.242487,2.623523
-0.107308,0.252575,2.552551
-0.522144,-0.017872,2.604881
0.048357,0.073024,2.450533
-0.525756,-0.236984,2.450533
0.041417,-0.066648,2.488338
-0.519354,-0.318936,2.451691
0.056297,-0.143109,2.150251
-0.251229,-0.023352,2.589196
-0.262230,-0.085466,2.521768
-0.339986,-0.166352,2.518302
-0.183425,-0.153581,2.484944
-0.333795,-0.621331,2.532345
-0.136912,-0.603172,2.508776
-0.322078,-0.948053,2.536094
-0.123307,-0.927189,2.483130
-0.352912,-1.018741,2.490955
-0.141425,-0.959504,2.388726
-0.284985,0.567024,2.612172
-0.260224,0.374542,2.627361
-0.451738,0.242845,2.622130
-0.104468,0.252600,2.552193
-0.521070,-0.017696,2.603836
0.050056,0.059934,2.460316
-0.525099,-0.236936,2.460316
0.056372,-0.111281,2.487562
-0.518764,-0.318826,2.451073
0.074627,-0.202624,2.165538
-0.250256,-0.022970,2.588022
-0.260976,-0.085082,2.520609
-0.339010,-0.166199,2.517182
-0.181885,-0.153553,2.483839
-0.333258,-0.621447,2.530782
-0.136584,-0.603322,2.508384
-0.322037,-0.947940,2.535208
-0.123248,-0.927162,2.483141
-0.352847,-1.018748,2.490596
-0.141159,-0.959477,2.388652
-0.282928,0.567273,2.609550
-0.258808,0.374625,2.624982
-0.450429,0.243330,2.620503
-0.101436,0.252630,2.551691
-0.519855,-0.017493,2.602677
0.051730,0.047745,2.469512
-0.524310,-0.236892,2.469512
0.069333,-0.152015,2.486617
-0.518060,-0.318703,2.450322
0.090006,-0.254383,2.181779
-0.249123,-0.022528,2.586673
-0.259547,-0.084643,2.519289
-0.337869,-0.165997,2.515897
-0.180170,-0.153501,2.482608
-0.332626,-0.621492,2.528579
-0.136160,-0.603493,2.507870
-0.322012,-0.947751,2.533762
-0.123184,-0.927134,2.483146
-0.351878,-1.016910,2.485768
-0.140880,-0.959450,2.388565
-0.280635,0.567522,2.606673
-0.257075,0.374694,2.622218
-0.448871,0.243868,2.618608
-0.098153,0.252699,2.551045
-0.518444,-0.017259,2.601334
0.053449,0.036527,2.478176
-0.523407,-0.236837,2.478176
0.080541,-0.188914,2.485575
-0.517261,-0.318563,2.449465
0.102692,-0.299813,2.199928
-0.247763,-0.022032,2.585098
-0.257882,-0.084155,2.517763
-0.336504,-0.165744,2.514360
-0.178229,-0.153443,2.481239
-0.331886,-0.621495,2.525344
-0.135632,-0.603666,2.507226
-0.321992,-0.947485,2.531852
-0.123109,-0.927103,2.483140
-0.350746,-1.014693,2.479831
-0.140573,-0.959421,2.388457
-0.278115,0.567764,2.603538
-0.255121,0.374747,2.619152
-0.446998,0.244421,2.616362
-0.094673,0.252811,2.550250
-0.516847,-0.017007,2.599817
0.055126,0.026270,2.486177
-0.522405,-0.236759,2.486177
0.090134,-0.221367,2.484444
-0.516325,-0.318409,2.448459
0.113043,-0.339858,2.220585
-0.246221,-0.021508,2.583331
-0.256020,-0.083644,2.516061
-0.334963,-0.165468,2.512632
-0.176088,-0.153383,2.479742
-0.331043,-0.621375,2.520992
-0.135002,-0.603840,2.506437
-0.321891,-0.947109,2.529266
-0.123027,-0.927071,2.483126
-0.349289,-1.012074,2.472584
-0.140243,-0.959391,2.388333
-0.275316,0.567990,2.600042
-0.252862,0.374753,2.615724
-0.444870,0.245045,2.613827
-0.090994,0.252951,2.549308
-0.514991,-0.016732,2.598046
0.056729,0.016942,2.493499
-0.521188,-0.236710,2.493499
0.098308,-0.249916,2.483075
-0.515143,-0.318308,2.447178
0.121237,-0.374680,2.242079
-0.244476,-0.020946,2.581352
-0.253952,-0.083097,2.514168
-0.333249,-0.165154,2.510718
-0.173733,-0.153321,2.478090
-0.330136,-0.620872,2.514700
-0.134258,-0.604000,2.505482
-0.321789,-0.946383,2.525556
-0.122936,-0.927034,2.483096
-0.347654,-1.008704,2.463556
-0.139887,-0.959358,2.388178
-0.272235,0.568215,2.596223
-0.250296,0.374761,2.611876
-0.442461,0.245697,2.610983
-0.087100,0.253111,2.548150
-0.512898,-0.016445,2.596043
0.058278,0.008491,2.500172
-0.519819,-0.236658,2.500172
0.105256,-0.274739,2.481540
-0.513762,-0.318244,2.445642
0.127464,-0.404535,2.264017
-0.242530,-0.020341,2.579150
-0.251699,-0.082521,2.512086
-0.331383,-0.164806,2.508639
-0.171202,-0.153256,2.476288
-0.329125,-0.619759,2.506170
-0.133393,-0.604169,2.504384
-0.321928,-0.944893,2.519600
-0.122840,-0.926994,2.483053
-0.346160,-1.004094,2.451546
-0.139520,-0.959324,2.388005
-0.268994,0.568398,2.592117
-0.247608,0.374746,2.607796
-0.439923,0.246366,2.607968
-0.083003,0.253282,2.546777
-0.510673,-0.016165,2.593912
0.059741,0.000842,2.506224
-0.518353,-0.236617,2.506224
0.111065,-0.296230,2.479871
-0.512248,-0.318202,2.443930
0.131997,-0.429467,2.285856
-0.240388,-0.019687,2.576744
-0.249240,-0.081892,2.509814
-0.329335,-0.164412,2.506376
-0.168404,-0.153168,2.474297
-0.328083,-0.618060,2.495300
-0.132349,-0.604256,2.503047
-0.322121,-0.942853,2.512023
-0.122719,-0.926935,2.482979
-0.344663,-0.998786,2.437779
-0.139121,-0.959267,2.387787
-0.265190,0.568559,2.587086
-0.243599,0.374593,2.601350
-0.436944,0.247110,2.604344
-0.078396,0.253348,2.544546
-0.508186,-0.015920,2.591512
0.061124,-0.006074,2.511640
-0.516697,-0.236661,2.511640
0.115871,-0.314560,2.477952
-0.510669,-0.318160,2.442119
0.135073,-0.449753,2.307030
-0.237715,-0.018901,2.573638
-0.246412,-0.081227,2.507049
-0.327031,-0.163980,2.503795
-0.165333,-0.153099,2.471949
-0.327003,-0.614228,2.478386
-0.131168,-0.604318,2.501542
-0.322053,-0.937186,2.496107
-0.122588,-0.926869,2.482879
-0.342658,-0.989136,2.414688
-0.138743,-0.959222,2.387555
-0.261059,0.568631,2.581151
-0.239560,0.374430,2.594804
-0.433775,0.247842,2.600397
-0.073664,0.253413,2.541902
-0.505392,-0.015761,2.588702
0.062428,-0.012302,2.516423
-0.514962,-0.236697,2.516423
0.119806,-0.330101,2.475912
-0.509007,-0.318133,2.440161
0.136895,-0.466019,2.327081
-0.234865,-0.018103,2.570235
-0.243413,-0.080547,2.503992
-0.324573,-0.163530,2.500986
-0.162044,-0.153035,2.469240
-0.325943,-0.610082,2.460745
-0.129852,-0.604336,2.499872
-0.321828,-0.936303,2.485521
-0.122447,-0.926794,2.482759
-0.341062,-0.985885,2.399367
-0.138364,-0.959169,2.387302
-0.256901,0.568718,2.574803
-0.235508,0.374252,2.588058
-0.430477,0.248601,2.596159
-0.068821,0.253495,2.538787
-0.502454,-0.015656,2.585672
0.063678,-0.017946,2.520617
-0.513127,-0.236788,2.520617
0.122962,-0.343130,2.473687
-0.507296,-0.318116,2.438082
0.137791,-0.478849,2.344975
-0.231860,-0.017277,2.566427
-0.240300,-0.079831,2.500573
-0.322029,-0.163046,2.497940
-0.158630,-0.152973,2.466084
-0.325001,-0.605242,2.441858
-0.128435,-0.604303,2.498057
-0.321477,-0.935754,2.471594
-0.122288,-0.926707,2.482610
-0.339373,-0.983064,2.380924
-0.137975,-0.959106,2.387018
-0.252709,0.568780,2.567941
-0.231472,0.374052,2.580999
-0.427062,0.249369,2.591553
-0.063905,0.253534,2.535032
-0.499394,-0.015599,2.582415
0.064933,-0.023113,2.524215
-0.511274,-0.236871,2.524215
0.125366,-0.353921,2.471412
-0.505540,-0.318109,2.435920
0.137845,-0.488623,2.360780
-0.228701,-0.016456,2.562155
-0.237073,-0.079123,2.496734
-0.319341,-0.162545,2.494494
-0.155135,-0.152939,2.462540
-0.324021,-0.599820,2.422410
-0.126960,-0.604251,2.496112
-0.321001,-0.935183,2.455041
-0.122116,-0.926606,2.482432
-0.337651,-0.980645,2.360219
-0.137593,-0.959032,2.386710
-0.248451,0.568857,2.560438
-0.227353,0.373848,2.573061
-0.423471,0.250156,2.586311
-0.058953,0.253602,2.530640
-0.496254,-0.015574,2.578937
0.066215,-0.027835,2.527080
-0.509392,-0.237005,2.527080
0.126996,-0.362480,2.469035
-0.503768,-0.318131,2.433673
0.137020,-0.495437,2.374682
-0.225445,-0.015571,2.557278
-0.233780,-0.078373,2.492368
-0.316590,-0.161996,2.490628
-0.151602,-0.152884,2.458495
-0.323047,-0.594255,2.402988
-0.125428,-0.604199,2.493972
-0.320728,-0.934459,2.433037
-0.121933,-0.926501,2.482224
-0.336183,-0.978478,2.334288
-0.137205,-0.958961,2.386373
-0.244219,0.568752,2.550785
-0.223185,0.373489,2.563080
-0.419828,0.251058,2.579768
-0.053746,0.253702,2.523725
-0.492920,-0.015713,2.574756
0.067664,-0.032001,2.527849
-0.507452,-0.237172,2.527849
0.127717,-0.368536,2.466414
-0.501978,-0.318206,2.431242
0.135104,-0.498731,2.384819
-0.221916,-0.014602,2.550639
-0.230330,-0.077549,2.486411
-0.313698,-0.161387,2.485371
-0.147887,-0.152838,2.452822
-0.322009,-0.588222,2.382221
-0.123808,-0.604224,2.491326
-0.320761,-0.932818,2.403379
-0.121739,-0.926391,2.481971
-0.335325,-0.976079,2.300815
-0.136857,-0.958895,2.386011
-0.240211,0.568539,2.540130
-0.219188,0.373076,2.552316
-0.416234,0.251871,2.572039
-0.048715,0.253789,2.516121
-0.489422,-0.016081,2.569644
0.069093,-0.035707,2.527108
-0.505430,-0.237449,2.527108
0.127509,-0.372348,2.463344
-0.500158,-0.318396,2.428489
0.132378,-0.499507,2.392760
-0.218457,-0.013677,2.543047
-0.226897,-0.076758,2.479481
-0.310794,-0.160771,2.479103
-0.144188,-0.152877,2.446214
-0.320927,-0.582499,2.361779
-0.122152,-0.604506,2.488295
-0.320973,-0.931150,2.372039
-0.121535,-0.926274,2.481663
-0.334635,-0.973924,2.266152
-0.136485,-0.958826,2.385582
-0.236614,0.568236,2.528513
-0.215477,0.372629,2.540552
-0.412819,0.252505,2.563156
-0.043923,0.253860,2.507195
-0.485927,-0.016682,2.563603
0.070490,-0.038980,2.524593
-0.503354,-0.237889,2.524593
0.126418,-0.374146,2.459697
-0.498324,-0.318609,2.425457
0.129060,-0.497274,2.397757
-0.215039,-0.012817,2.534387
-0.223501,-0.076050,2.471500
-0.307869,-0.160225,2.471857
-0.140519,-0.153023,2.438521
-0.319942,-0.577125,2.341650
-0.120572,-0.604940,2.484945
-0.321307,-0.929071,2.337643
-0.121322,-0.926136,2.481260
-0.334181,-0.971597,2.228828
-0.136115,-0.958744,2.385059
-0.233928,0.567427,2.512621
-0.212403,0.371958,2.524491
-0.409798,0.252946,2.550122
-0.039791,0.253723,2.493481
-0.482643,-0.017631,2.554910
0.071372,-0.041983,2.516467
-0.501297,-0.238851,2.516467
0.123293,-0.373071,2.453500
-0.496463,-0.319189,2.420739
0.123489,-0.492253,2.396539
-0.211960,-0.012179,2.521411
-0.220469,-0.075596,2.459292
-0.305138,-0.159861,2.460876
-0.137305,-0.153529,2.426436
-0.319163,-0.572228,2.319608
-0.119095,-0.605958,2.480170
-0.321481,-0.927191,2.299826
-0.121129,-0.925998,2.480683
-0.333682,-0.969652,2.188499
-0.135791,-0.958674,2.384363
-0.231940,0.566512,2.495945
-0.209943,0.371216,2.507900
-0.407154,0.253284,2.536279
-0.036156,0.253574,2.479097
-0.479617,-0.018832,2.544905
0.071979,-0.044408,2.506594
-0.499385,-0.240036,2.506594
0.119247,-0.369942,2.446676
-0.494810,-0.320018,2.415284
0.117114,-0.484992,2.392120
-0.209325,-0.011614,2.507738
-0.217854,-0.075213,2.446344
-0.302801,-0.159539,2.448937
-0.134492,-0.154089,2.413638
-0.318759,-0.567420,2.297108
-0.117756,-0.607115,2.474515
-0.321448,-0.925660,2.263965
-0.121032,-0.925808,2.479739
-0.333044,-0.968267,2.150855
-0.135566,-0.958571,2.383292
-0.230899,0.565624,2.477664
-0.208207,0.370584,2.489460
-0.405349,0.253623,2.520826
-0.033310,0.253352,2.462843
-0.477067,-0.020394,2.532797
0.072109,-0.046121,2.493919
-0.497756,-0.241670,2.493919
0.113756,-0.364217,2.438241
-0.493464,-0.321068,2.408434
0.109847,-0.475351,2.383430
-0.207348,-0.011045,2.491991
-0.215914,-0.074848,2.431298
-0.301177,-0.159254,2.434617
-0.132307,-0.154699,2.398935
-0.318666,-0.563145,2.274810
-0.116603,-0.608441,2.467379
-0.321066,-0.924510,2.229483
-0.121036,-0.925441,2.478172
-0.332128,-0.967371,2.115051
-0.135453,-0.958314,2.381594
