-0.122974,0.430640,3.053210
-0.111771,0.231613,3.031068
-0.279438,0.118577,3.043269
0.057492,0.130044,3.029470
-0.340918,-0.142241,3.051886
0.146807,-0.133985,3.031079
-0.328312,-0.355620,3.031079
0.184336,-0.352600,2.908566
-0.318782,-0.414256,2.866338
0.184255,-0.423858,2.851950
-0.090446,-0.112261,3.012450
-0.086107,-0.168202,2.952502
-0.155860,-0.250153,2.932704
-0.006732,-0.235576,2.937527
-0.111207,-0.760728,2.997935
0.026830,-0.681588,2.745508
-0.076705,-1.089553,2.952801
0.028659,-0.994539,2.496203
-0.088850,-1.159408,2.913150
0.030700,-1.026206,2.404297
-0.125075,0.431672,3.032766
-0.114089,0.232609,3.010393
-0.281592,0.119223,3.023182
0.054744,0.130347,3.005360
-0.343098,-0.139470,3.031805
0.146251,-0.132720,3.005222
-0.325964,-0.346027,3.005222
0.189608,-0.347294,2.877300
-0.314085,-0.401975,2.833681
0.191842,-0.418544,2.814018
-0.092914,-0.111356,2.989019
-0.089212,-0.167038,2.928609
-0.159211,-0.249018,2.908750
-0.009934,-0.233844,2.912640
-0.114713,-0.757213,2.983671
0.023391,-0.675432,2.723493
-0.077186,-1.089925,2.954148
0.026009,-0.989218,2.463793
-0.089829,-1.160751,2.917770
0.027086,-1.020519,2.370064
-0.126445,0.432835,3.012047
-0.115911,0.233815,2.989123
-0.283235,0.119870,3.002010
0.052600,0.130777,2.981640
-0.345264,-0.136282,3.007879
0.146621,-0.130566,2.975473
-0.320732,-0.333115,2.975473
0.196755,-0.339644,2.839841
-0.305475,-0.387223,2.788460
0.201666,-0.410799,2.772870
-0.094843,-0.110132,2.964837
-0.091679,-0.165515,2.904087
-0.161970,-0.247573,2.884387
-0.012388,-0.231717,2.886924
-0.118343,-0.754081,2.967901
0.020226,-0.669635,2.703317
-0.077567,-1.090286,2.955086
0.023610,-0.984514,2.434517
-0.090813,-1.162048,2.922167
0.023841,-1.015562,2.339211
-0.127615,0.434291,2.991173
-0.117115,0.235283,2.967319
-0.284440,0.120747,2.980425
0.051070,0.131173,2.956250
-0.346729,-0.132682,2.981193
0.148058,-0.127272,2.944613
-0.313187,-0.316533,2.944613
0.204584,-0.329552,2.797393
-0.290746,-0.365346,2.736706
0.213116,-0.399829,2.726334
-0.096152,-0.108738,2.940538
-0.093630,-0.163866,2.879509
-0.164223,-0.246018,2.860065
-0.014349,-0.229487,2.861231
-0.122365,-0.750909,2.948203
0.017351,-0.664055,2.684087
-0.077924,-1.090640,2.955861
0.021382,-0.980608,2.408390
-0.091417,-1.162130,2.923896
0.020763,-1.011619,2.311835
-0.128184,0.435993,2.969670
-0.117827,0.236971,2.944875
-0.285334,0.121736,2.958742
0.049952,0.131849,2.931580
-0.348822,-0.128369,2.951778
0.150177,-0.122939,2.912207
-0.301847,-0.294628,2.912207
0.212844,-0.316783,2.752723
-0.275085,-0.339555,2.688051
0.225178,-0.384574,2.674653
-0.097002,-0.107244,2.916098
-0.095083,-0.162177,2.854889
-0.165913,-0.244392,2.835648
-0.015870,-0.227337,2.835760
-0.127273,-0.746638,2.923438
0.014760,-0.658857,2.665961
-0.078446,-1.090808,2.956060
0.019312,-0.977600,2.385463
-0.092221,-1.160973,2.923207
0.017888,-1.008793,2.287999
-0.128250,0.437727,2.949002
-0.118173,0.238811,2.923294
-0.285577,0.122874,2.934914
0.049136,0.132832,2.906958
-0.350773,-0.123651,2.920036
0.153399,-0.116461,2.877082
-0.279771,-0.267622,2.877082
0.220992,-0.300842,2.699605
-0.258901,-0.318232,2.646190
0.236770,-0.366613,2.620594
-0.097625,-0.105810,2.892360
-0.096172,-0.160573,2.830880
-0.167117,-0.242680,2.811315
-0.017139,-0.225364,2.811376
-0.133231,-0.740935,2.893253
0.012437,-0.654111,2.649220
-0.079362,-1.090157,2.954793
0.017410,-0.975489,2.365718
-0.093271,-1.157627,2.919089
0.015304,-1.007051,2.267645
-0.127859,0.439711,2.927983
-0.118159,0.240834,2.902100
-0.285479,0.124094,2.911204
0.048794,0.133803,2.882333
-0.352999,-0.118295,2.886032
0.157227,-0.108876,2.839276
-0.257478,-0.239250,2.839276
0.228337,-0.282411,2.649794
-0.236609,-0.283287,2.599819
0.246859,-0.343984,2.563127
-0.097910,-0.104375,2.869369
-0.096921,-0.159032,2.807694
-0.167938,-0.240949,2.787778
-0.018121,-0.223591,2.788033
-0.139580,-0.732919,2.857300
0.010352,-0.649821,2.633824
-0.080771,-1.087774,2.949844
0.015674,-0.974257,2.349039
-0.094663,-1.151120,2.908899
0.012922,-1.006372,2.250665
-0.127169,0.441830,2.906670
-0.117838,0.243002,2.881050
-0.285208,0.125601,2.888339
0.048930,0.134860,2.858290
-0.354842,-0.111712,2.848652
0.161948,-0.099345,2.797736
-0.236450,-0.211566,2.797736
0.233982,-0.260861,2.603686
-0.213637,-0.246492,2.555637
0.254668,-0.318053,2.503335
-0.098010,-0.102741,2.846832
-0.097507,-0.157296,2.785012
-0.168639,-0.239067,2.765262
-0.018933,-0.221737,2.764599
-0.145817,-0.724944,2.820839
0.008397,-0.645931,2.619532
-0.082476,-1.084714,2.942322
0.014181,-0.973894,2.335392
-0.096520,-1.149005,2.905116
0.010829,-1.006619,2.236982
-0.126202,0.444333,2.885528
-0.117266,0.245525,2.859894
-0.284645,0.127410,2.865241
0.049381,0.135992,2.835238
-0.356133,-0.104658,2.810422
0.166631,-0.088072,2.753320
-0.212780,-0.180351,2.753320
0.237496,-0.236155,2.559786
-0.189373,-0.207905,2.514994
0.259264,-0.288485,2.442034
-0.097927,-0.100792,2.824774
-0.097804,-0.155287,2.762882
-0.168992,-0.236806,2.742965
-0.019495,-0.219794,2.742334
-0.151873,-0.716560,2.780994
0.006670,-0.642417,2.606267
-0.085087,-1.080201,2.927043
0.012832,-0.974359,2.324698
-0.099188,-1.145116,2.896021
0.008998,-1.007583,2.226470
-0.125122,0.446870,2.865569
-0.116512,0.248048,2.839743
-0.283817,0.129436,2.842008
0.050178,0.137370,2.812160
-0.356244,-0.096616,2.769180
0.170710,-0.076213,2.709087
-0.187548,-0.146762,2.709087
0.238642,-0.209521,2.517562
-0.166439,-0.171355,2.478993
0.259999,-0.255396,2.380213
-0.097643,-0.098695,2.803565
-0.097875,-0.153079,2.741560
-0.169074,-0.234295,2.721320
-0.019863,-0.217695,2.720957
-0.157866,-0.708365,2.741094
0.005150,-0.639256,2.593931
-0.088244,-1.073716,2.902960
0.011635,-0.975600,2.316885
-0.102899,-1.139472,2.878202
0.007361,-1.009106,2.219009
-0.123896,0.449456,2.846082
-0.115659,0.250679,2.820196
-0.282833,0.131615,2.818759
0.051255,0.138751,2.789382
-0.356013,-0.088750,2.729156
0.174905,-0.065707,2.668906
-0.165063,-0.116473,2.668906
0.236391,-0.178387,2.481087
-0.147832,-0.145709,2.449610
0.256446,-0.218796,2.319813
-0.097225,-0.096507,2.782971
-0.097755,-0.150788,2.720851
-0.168986,-0.231698,2.700303
-0.019984,-0.215573,2.700183
-0.163864,-0.699459,2.699697
0.003814,-0.636406,2.582373
-0.094124,-1.064939,2.868676
0.010525,-0.977482,2.311686
-0.108599,-1.124634,2.832758
0.005876,-1.011169,2.214319
-0.122719,0.452442,2.824453
-0.114617,0.253843,2.798374
-0.281613,0.134578,2.791257
0.052121,0.141740,2.763704
-0.352988,-0.077588,2.678093
0.178084,-0.050420,2.612015
-0.146027,-0.086560,2.612015
0.221404,-0.133303,2.447124
-0.131260,-0.121244,2.422281
0.235014,-0.161574,2.246919
-0.096703,-0.093908,2.760237
-0.097474,-0.148111,2.698005
-0.168699,-0.228659,2.677435
-0.020000,-0.213033,2.677132
-0.170111,-0.687726,2.651565
0.002772,-0.633788,2.570846
-0.100759,-1.059989,2.827074
0.008899,-0.979596,2.308766
-0.114896,-1.115748,2.783054
0.003929,-1.013375,2.212027
-0.121560,0.455552,2.803168
-0.113632,0.257099,2.776238
-0.280310,0.137825,2.763515
0.052944,0.145024,2.739751
-0.349535,-0.066780,2.629249
0.179480,-0.035549,2.559059
-0.125986,-0.057834,2.559059
0.203809,-0.088345,2.415554
-0.114267,-0.098009,2.396894
0.209657,-0.103463,2.181308
-0.096245,-0.091189,2.737810
-0.097072,-0.145347,2.675544
-0.168231,-0.225500,2.655017
-0.019899,-0.210435,2.654616
-0.175917,-0.675676,2.605379
0.001918,-0.631400,2.559968
-0.109780,-1.054536,2.776411
0.007339,-0.981902,2.307549
-0.123152,-1.106686,2.723803
0.002237,-1.015731,2.211518
-0.120432,0.458483,2.781735
-0.112705,0.260133,2.754925
-0.279045,0.141178,2.735913
0.053848,0.148787,2.715843
-0.346142,-0.057138,2.584303
0.180686,-0.023786,2.515825
-0.110505,-0.035687,2.515825
0.185755,-0.047419,2.389309
-0.098736,-0.076990,2.374119
0.180776,-0.046737,2.124277
-0.095868,-0.088727,2.716118
-0.096742,-0.142852,2.653802
-0.167871,-0.222663,2.634046
-0.019807,-0.208132,2.631608
-0.181184,-0.664133,2.562495
0.001224,-0.629237,2.549721
-0.120014,-1.048347,2.718329
0.005814,-0.984559,2.308010
-0.132508,-1.097598,2.656919
0.000623,-1.018452,2.212766
-0.119366,0.461366,2.760262
-0.112062,0.263188,2.733807
-0.278163,0.144590,2.709128
0.055228,0.153140,2.691701
-0.342307,-0.047415,2.541023
0.181437,-0.013425,2.477881
-0.091568,-0.009881,2.477881
0.165108,-0.007834,2.356578
-0.077820,-0.049046,2.351667
0.149723,0.007520,2.075737
-0.095640,-0.086191,2.694818
-0.096573,-0.140296,2.632489
-0.167820,-0.220004,2.613914
-0.019638,-0.205863,2.608703
-0.185910,-0.653409,2.523159
0.000640,-0.627317,2.539894
-0.132446,-1.040890,2.652940
0.004405,-0.987355,2.309954
-0.144265,-1.087797,2.582632
-0.000888,-1.021235,2.215534
-0.118607,0.464111,2.739610
-0.112302,0.266859,2.711878
-0.277538,0.147929,2.681716
0.056466,0.157272,2.669475
-0.338324,-0.039161,2.500739
0.181432,-0.003656,2.443326
-0.074436,0.012994,2.443326
0.146245,0.026755,2.327394
-0.046307,-0.015234,2.326472
0.115545,0.059606,2.035136
-0.095833,-0.083730,2.673580
-0.096532,-0.137976,2.611286
-0.167875,-0.217656,2.594249
-0.019433,-0.203836,2.586047
-0.190213,-0.643977,2.487183
0.000016,-0.625562,2.530130
-0.145345,-1.033385,2.586196
0.003141,-0.990175,2.313157
-0.155922,-1.078202,2.507778
-0.002008,-1.024120,2.219642
-0.118220,0.467191,2.718973
-0.112155,0.271908,2.688978
-0.277039,0.151115,2.655495
0.057256,0.161283,2.647592
-0.334392,-0.031150,2.462801
0.179992,0.006815,2.409435
-0.058860,0.033545,2.409435
0.125001,0.059746,2.301133
-0.018642,0.014559,2.304674
0.077126,0.109300,2.002295
-0.096036,-0.081276,2.652310
-0.096543,-0.135944,2.590079
-0.168035,-0.215507,2.573885
-0.019321,-0.202077,2.564441
-0.194304,-0.635571,2.453612
-0.000579,-0.624048,2.520601
-0.158076,-1.025905,2.519152
0.001976,-0.993033,2.317385
-0.167427,-1.068764,2.433478
-0.003021,-1.027039,2.224788
-0.118185,0.470484,2.698183
-0.111890,0.277183,2.666971
-0.277302,0.154058,2.628598
0.057624,0.165328,2.626448
-0.330589,-0.024484,2.427368
0.178385,0.016224,2.379235
-0.045030,0.051504,2.379235
0.104176,0.089725,2.277954
0.006200,0.041311,2.286543
0.038671,0.154544,1.977395
-0.096317,-0.079047,2.631530
-0.096538,-0.134275,2.569350
-0.168290,-0.213783,2.554594
-0.019087,-0.200683,2.542578
-0.198126,-0.628036,2.422205
-0.001101,-0.622708,2.511308
-0.169750,-1.019152,2.455729
0.000913,-0.995799,2.322306
-0.177572,-1.060397,2.364038
-0.003788,-1.029980,2.230688
-0.117987,0.473447,2.677950
-0.111773,0.282217,2.644754
-0.278291,0.156848,2.602156
0.057151,0.170583,2.606328
-0.327402,-0.018197,2.393806
0.174572,0.027196,2.347992
-0.032931,0.067504,2.347992
0.079027,0.118966,2.257280
0.023088,0.063412,2.270163
0.000700,0.193341,1.959203
-0.096725,-0.076785,2.610611
-0.096549,-0.132575,2.548583
-0.168604,-0.212148,2.535194
-0.018823,-0.199247,2.521081
-0.201760,-0.621088,2.392589
-0.001653,-0.621341,2.501872
-0.180265,-1.012988,2.396767
-0.000039,-0.998204,2.327546
-0.186395,-1.052922,2.300168
-0.004351,-1.032597,2.236919
-0.117911,0.475939,2.658252
-0.112786,0.286929,2.621681
-0.279716,0.159765,2.577524
0.056481,0.175768,2.587679
-0.325264,-0.011817,2.362822
0.167916,0.038440,2.317597
-0.023324,0.084736,2.317597
0.048687,0.148416,2.236211
0.037175,0.083977,2.254608
-0.040032,0.229613,1.948898
-0.097528,-0.074330,2.589680
-0.096797,-0.130655,2.527921
-0.169086,-0.210416,2.516147
-0.018648,-0.197612,2.499535
-0.205197,-0.614524,2.364865
-0.002258,-0.620085,2.492278
-0.189466,-1.007275,2.343155
-0.001051,-0.997396,2.335140
-0.193907,-1.046215,2.242633
-0.004642,-1.031507,2.245645
-0.118353,0.478136,2.638272
-0.114268,0.291215,2.599334
-0.281054,0.162419,2.552083
0.055001,0.181402,2.568287
-0.323850,-0.006354,2.333510
0.160706,0.048879,2.289752
-0.015137,0.099904,2.289752
0.019251,0.174677,2.217488
0.050564,0.102419,2.239830
-0.081386,0.260125,1.946434
-0.098821,-0.072423,2.568143
-0.097438,-0.129264,2.506541
-0.169820,-0.208981,2.496129
-0.018874,-0.196353,2.477787
-0.208475,-0.608729,2.338269
-0.003025,-0.619041,2.482180
-0.197624,-1.002665,2.295049
-0.001933,-0.998948,2.340631
-0.200468,-1.040805,2.191454
-0.005045,-1.033039,2.251960
-0.119681,0.480397,2.617353
-0.116737,0.295621,2.576166
-0.283291,0.164776,2.526654
0.052660,0.187110,2.548528
-0.323196,-0.001210,2.305027
0.153248,0.058637,2.264090
-0.008102,0.113422,2.264090
-0.021386,0.201778,2.200401
0.062378,0.118815,2.226532
-0.127634,0.284166,1.949832
-0.100567,-0.070742,2.546372
-0.098445,-0.128201,2.484981
-0.170913,-0.207879,2.475578
-0.019398,-0.195413,2.456089
-0.211646,-0.603723,2.313241
-0.004090,-0.618269,2.471479
-0.205286,-0.998741,2.251052
-0.002879,-1.000418,2.345840
-0.206643,-1.036228,2.144995
-0.005529,-1.034469,2.257899
-0.121776,0.482391,2.596044
-0.119488,0.299632,2.553931
-0.285570,0.166857,2.501697
0.049977,0.192660,2.529666
-0.323086,0.003558,2.277896
0.145195,0.068049,2.239834
-0.001712,0.124893,2.239834
-0.050040,0.223504,2.184989
0.071954,0.133748,2.214351
-0.171234,0.305021,1.962042
-0.102833,-0.069488,2.524488
-0.099892,-0.127553,2.463204
-0.172411,-0.207130,2.454337
-0.020369,-0.194726,2.434661
-0.214842,-0.599464,2.289521
-0.005462,-0.617866,2.459615
-0.212146,-0.995496,2.211703
-0.003809,-1.001755,2.350776
-0.212053,-1.032388,2.103716
-0.005963,-1.035708,2.263467
-0.125122,0.484082,2.574075
-0.122656,0.303068,2.532234
-0.289585,0.168394,2.473703
0.045979,0.198634,2.509357
-0.324212,0.007033,2.250514
0.134305,0.077970,2.215494
0.002874,0.134794,2.215494
-0.078405,0.243421,2.170390
0.078400,0.147804,2.201497
-0.204488,0.324250,1.965437
-0.105731,-0.068507,2.502548
-0.101889,-0.127083,2.441348
-0.174734,-0.206649,2.431598
-0.021764,-0.194202,2.413784
-0.217975,-0.595949,2.267343
-0.007470,-0.617557,2.444750
-0.218297,-0.992771,2.176159
-0.004904,-1.000573,2.355781
-0.216818,-1.029114,2.066543
-0.009201,-1.034650,2.275007
-0.129027,0.485744,2.552538
-0.126270,0.306139,2.511526
-0.293657,0.170700,2.447121
0.037995,0.205045,2.480146
-0.326037,0.011116,2.224616
0.123990,0.085709,2.191061
0.005841,0.143952,2.191061
-0.103446,0.260668,2.156265
0.083545,0.159945,2.189626
-0.233934,0.340494,1.969070
-0.108875,-0.068080,2.480352
-0.104844,-0.127222,2.418736
-0.177599,-0.206371,2.408742
-0.024425,-0.194032,2.392087
-0.221136,-0.593009,2.246694
-0.009778,-0.617239,2.428511
-0.223600,-0.990377,2.144622
-0.005882,-0.999105,2.359925
-0.221168,-1.026178,2.033543
-0.012723,-1.032929,2.285901
-0.133547,0.487440,2.531304
-0.131624,0.308804,2.490290
-0.298036,0.173727,2.418844
0.029985,0.211057,2.453069
-0.328268,0.014602,2.200057
0.112612,0.093432,2.167723
0.007109,0.152188,2.167723
-0.141791,0.261852,2.142629
0.086303,0.170893,2.177990
-0.265191,0.344309,1.979774
-0.112953,-0.067994,2.458440
-0.108251,-0.127670,2.396668
-0.180936,-0.206263,2.385668
-0.027379,-0.193980,2.371564
-0.224203,-0.590591,2.227710
-0.012637,-0.616536,2.409040
-0.228298,-0.988239,2.116370
-0.006916,-0.997064,2.363054
-0.224887,-1.023538,2.003895
-0.015944,-1.030960,2.295150
-0.139297,0.489328,2.509754
-0.137121,0.311112,2.470095
-0.302276,0.176788,2.392719
0.023687,0.217407,2.432219
-0.331651,0.018833,2.176028
0.100834,0.101475,2.147591
0.006567,0.159654,2.147591
-0.179207,0.259779,2.129441
0.086363,0.181282,2.164851
-0.294655,0.344597,1.991141
-0.117949,-0.067750,2.436635
-0.112254,-0.127722,2.374818
-0.185058,-0.205772,2.362218
-0.030792,-0.193669,2.351506
-0.227196,-0.588365,2.210351
-0.016538,-0.615170,2.385009
-0.232559,-0.986206,2.091014
-0.008039,-0.994155,2.365133
-0.228154,-1.021114,1.977177
-0.019031,-1.028814,2.302607
-0.145460,0.491140,2.488617
-0.143068,0.313095,2.450618
-0.306470,0.179962,2.367642
0.017214,0.223600,2.412949
-0.335436,0.023003,2.153276
0.088584,0.109263,2.128568
0.004639,0.166209,2.128568
-0.206927,0.255724,2.116602
0.084693,0.190349,2.152421
-0.318005,0.341382,2.000756
-0.123357,-0.067389,2.415621
-0.116490,-0.127573,2.353906
-0.189356,-0.204942,2.338880
-0.034474,-0.193152,2.332700
-0.230171,-0.586319,2.194407
-0.020684,-0.613185,2.359382
-0.236449,-0.984308,2.068060
-0.009455,-0.990028,2.365619
-0.231033,-1.018937,1.953026
-0.020234,-1.024067,2.305010
-0.151857,0.492837,2.468194
-0.149550,0.314794,2.431527
-0.310568,0.183115,2.344183
0.011962,0.228630,2.396504
-0.339421,0.027152,2.131931
0.076746,0.116536,2.111241
0.001603,0.171982,2.111241
-0.236718,0.253592,2.104088
0.080966,0.198785,2.138727
-0.341692,0.339410,2.010164
-0.129191,-0.067159,2.395138
-0.121111,-0.127530,2.333568
-0.193700,-0.204218,2.317124
-0.038844,-0.192538,2.313732
-0.233026,-0.584575,2.179861
-0.025397,-0.610756,2.330981
-0.239954,-0.982617,2.047259
-0.011224,-0.984599,2.364318
-0.233441,-1.017114,1.931407
-0.021354,-1.017777,2.304776
-0.158662,0.494431,2.448246
-0.156069,0.316265,2.413351
-0.315174,0.186989,2.322873
0.006859,0.233378,2.381241
-0.343228,0.031749,2.112524
0.064166,0.123489,2.094495
-0.001643,0.177210,2.094495
-0.264904,0.249355,2.092349
0.076623,0.206513,2.125290
-0.363698,0.335072,2.019100
-0.135492,-0.066414,2.375230
-0.126450,-0.126730,2.313612
-0.198488,-0.202970,2.296812
-0.044524,-0.191008,2.293576
-0.235708,-0.582827,2.166626
-0.030011,-0.607096,2.302523
-0.243126,-0.981067,2.028494
-0.013671,-0.976591,2.359079
-0.235595,-1.015465,1.912199
-0.024202,-1.013244,2.306561
-0.165539,0.496061,2.429262
-0.162680,0.317547,2.395908
-0.319765,0.190870,2.303524
-0.004231,0.237095,2.356478
-0.347004,0.036403,2.094760
0.052248,0.128539,2.076455
-0.005484,0.181840,2.076455
-0.288732,0.245394,2.081077
0.071434,0.213460,2.112246
-0.382701,0.329938,2.027034
-0.141204,-0.065669,2.356429
-0.132083,-0.125955,2.294440
-0.203544,-0.201490,2.277093
-0.050494,-0.189495,2.274667
-0.238240,-0.581220,2.154589
-0.034639,-0.603235,2.273987
-0.245933,-0.979674,2.011763
-0.015338,-0.973024,2.356913
-0.237749,-1.014046,1.895347
-0.026306,-1.009922,2.306199
-0.172249,0.497717,2.411235
-0.169522,0.318721,2.379035
-0.324417,0.194813,2.285655
-0.014870,0.240296,2.333489
-0.351064,0.041116,2.078342
0.041062,0.133044,2.059921
-0.010305,0.185809,2.059921
-0.310049,0.241327,2.070107
0.064819,0.219703,2.099324
-0.399646,0.324053,2.034321
-0.146925,-0.064837,2.338640
-0.137732,-0.125094,2.276332
-0.208573,-0.199832,2.258322
-0.056485,-0.187935,2.257078
-0.240606,-0.579730,2.143645
-0.039109,-0.599136,2.245963
-0.248363,-0.978397,1.997117
-0.017195,-0.969563,2.352571
-0.239591,-1.012822,1.881004
-0.028505,-1.006666,2.302879
-0.179164,0.499405,2.393437
-0.176227,0.319793,2.363197
-0.329310,0.198968,2.268928
-0.025056,0.243089,2.311864
-0.354755,0.045556,2.063370
0.030013,0.136920,2.044343
-0.015208,0.189274,2.044343
-0.329617,0.236537,2.059571
0.057140,0.225811,2.086323
-0.415004,0.317140,2.040661
-0.152683,-0.063909,2.321816
-0.143480,-0.124085,2.259168
-0.213657,-0.198047,2.240633
-0.062683,-0.186267,2.240351
-0.242810,-0.578351,2.133701
-0.043340,-0.594941,2.219259
-0.250451,-0.977203,1.984498
-0.019233,-0.966217,2.346087
-0.241155,-1.011754,1.869076
-0.030768,-1.003521,2.296636
-0.185834,0.501093,2.376628
-0.182853,0.320867,2.348296
-0.334245,0.203095,2.253290
-0.035164,0.245307,2.289775
-0.358010,0.049675,2.049642
0.019352,0.139688,2.029126
-0.019879,0.192290,2.029126
-0.346963,0.231675,2.049667
0.049862,0.231221,2.074609
-0.428491,0.309702,2.046255
-0.158206,-0.062853,2.306043
-0.149155,-0.122929,2.243029
-0.218683,-0.196130,2.223972
-0.068809,-0.184522,2.224655
-0.244850,-0.577063,2.124670
-0.047446,-0.590710,2.193905
-0.252219,-0.976043,1.973870
-0.021398,-0.962971,2.337270
-0.242592,-1.010789,1.859507
-0.033224,-1.000491,2.287359
-0.192182,0.502710,2.360865
-0.189292,0.321905,2.333889
-0.339096,0.207080,2.238726
-0.044558,0.247180,2.269133
-0.360945,0.053328,2.037209
0.007739,0.141500,2.014351
-0.024630,0.194833,2.014351
-0.363216,0.226721,2.040244
0.042596,0.235927,2.063528
-0.441037,0.302046,2.051277
-0.163583,-0.061607,2.291107
-0.154717,-0.121562,2.227774
-0.223548,-0.194096,2.208363
-0.074905,-0.182599,2.209754
-0.246732,-0.575852,2.116473
-0.051330,-0.586504,2.170512
-0.253659,-0.974867,1.965194
-0.023788,-0.959874,2.324607
-0.243792,-1.009864,1.852201
-0.035778,-0.997809,2.273194
-0.198381,0.504289,2.345946
-0.195420,0.322855,2.320405
-0.343669,0.210776,2.225244
-0.054160,0.247482,2.246771
-0.363575,0.056588,2.025887
-0.005355,0.141168,1.997908
-0.030263,0.196585,1.997908
-0.377826,0.221723,2.030621
0.034720,0.239296,2.053104
-0.452207,0.294125,2.055654
-0.168663,-0.060547,2.277067
-0.160238,-0.120438,2.213358
-0.228198,-0.192349,2.194309
-0.081712,-0.181254,2.193476
-0.248466,-0.574794,2.109022
-0.054793,-0.583416,2.149291
-0.254738,-0.973826,1.958544
-0.026479,-0.957858,2.309488
-0.244905,-1.009166,1.847371
-0.039096,-0.996449,2.256124
-0.204384,0.505790,2.331909
-0.201304,0.323717,2.307658
-0.348002,0.214197,2.212913
-0.062665,0.247895,2.226872
-0.365921,0.059477,2.015688
-0.017605,0.140678,1.983255
-0.035772,0.197848,1.983255
-0.390827,0.216614,2.021553
0.027042,0.242093,2.043167
-0.462009,0.285934,2.059452
-0.173500,-0.059395,2.263929
-0.165490,-0.119184,2.199889
-0.232669,-0.190532,2.181006
-0.087968,-0.179634,2.178855
-0.250076,-0.573804,2.102259
-0.058101,-0.580253,2.129984
-0.255518,-0.972742,1.953578
-0.029146,-0.955725,2.291686
-0.245785,-1.008459,1.844372
-0.042168,-0.995039,2.235609
-0.210093,0.507205,2.318676
-0.206868,0.324500,2.295796
-0.351938,0.216798,2.200497
-0.070002,0.248883,2.209883
-0.367966,0.061569,2.006114
-0.028705,0.140509,1.970942
-0.041100,0.198682,1.970942
-0.402320,0.211521,2.012967
0.019646,0.244288,2.033905
-0.470542,0.277657,2.062771
-0.178271,-0.057862,2.251511
-0.170461,-0.117318,2.187162
-0.236925,-0.187504,2.166643
-0.093635,-0.177344,2.166354
-0.251605,-0.572813,2.096080
-0.061335,-0.577049,2.112278
-0.256033,-0.971446,1.950099
-0.031454,-0.953313,2.272699
-0.246292,-1.007022,1.842839
-0.044187,-0.992378,2.213302
-0.215416,0.508526,2.306429
-0.212011,0.325210,2.284676
-0.355534,0.219125,2.189286
-0.076549,0.249746,2.194656
-0.369810,0.063445,1.997443
-0.038766,0.140198,1.959936
-0.045906,0.199177,1.959936
-0.412388,0.206452,2.004886
0.012589,0.246046,2.025512
-0.477888,0.269375,2.065653
-0.182703,-0.056217,2.239992
-0.175091,-0.115349,2.175399
-0.240847,-0.184559,2.153426
-0.098867,-0.175130,2.155063
-0.253010,-0.571955,2.090446
-0.064294,-0.574340,2.096266
-0.256304,-0.970128,1.948009
-0.033637,-0.950997,2.253163
-0.246616,-1.005500,1.842766
-0.045986,-0.989716,2.190372
-0.220397,0.509746,2.295065
-0.216839,0.325846,2.274207
-0.358830,0.221187,2.179123
-0.082393,0.250505,2.181015
-0.370955,0.064940,1.989687
-0.047909,0.139755,1.950104
-0.051730,0.197619,1.950104
-0.421228,0.201071,1.996000
0.004301,0.245550,2.016268
-0.484247,0.260860,2.067951
-0.186837,-0.054514,2.229230
-0.179404,-0.113318,2.164435
-0.244476,-0.181691,2.141058
-0.103692,-0.172991,2.144772
-0.254294,-0.571143,2.085298
-0.066993,-0.571984,2.081772
-0.256358,-0.968780,1.947283
-0.035742,-0.948807,2.233623
-0.246774,-1.003902,1.844099
-0.047633,-0.987113,2.167498
-0.225021,0.510859,2.284473
-0.221309,0.326411,2.264334
-0.361846,0.223026,2.169911
-0.087599,0.251186,2.168810
-0.371811,0.066142,1.982718
-0.056109,0.139270,1.941334
-0.056324,0.196561,1.941334
-0.428801,0.195763,1.988286
-0.003771,0.243922,2.007257
-0.489603,0.252482,2.069845
-0.190677,-0.052766,2.219182
-0.183407,-0.111240,2.154225
-0.247826,-0.178887,2.129471
-0.108143,-0.170915,2.135353
-0.255489,-0.570353,2.080567
-0.069446,-0.569887,2.068662
-0.256212,-0.967319,1.947695
-0.037750,-0.946731,2.214560
-0.246757,-1.002205,1.846571
-0.049121,-0.984584,2.145254
-0.229292,0.511869,2.274568
-0.225406,0.326902,2.255192
-0.364616,0.224586,2.161348
-0.092237,0.251800,2.157857
-0.372294,0.066913,1.976383
-0.063404,0.138754,1.933500
-0.060041,0.195442,1.933500
-0.434997,0.189965,1.981419
-0.009054,0.244193,2.000491
-0.493930,0.243818,2.070973
-0.194192,-0.051341,2.209591
-0.187013,-0.109574,2.144444
-0.250834,-0.176587,2.118876
-0.112173,-0.169191,2.125747
-0.256565,-0.569687,2.076248
-0.071656,-0.568008,2.056754
-0.255822,-0.966064,1.949137
-0.039630,-0.945468,2.196549
-0.246456,-1.000800,1.850048
-0.050375,-0.983023,2.124327
-0.233174,0.512803,2.265427
-0.229152,0.327352,2.246732
-0.367134,0.225940,2.153486
-0.096385,0.252341,2.147947
-0.372427,0.067364,1.970662
-0.069919,0.138167,1.926456
-0.063281,0.194020,1.926456
-0.440016,0.184167,1.975019
-0.013720,0.244116,1.994226
-0.497393,0.235283,2.071640
-0.197397,-0.049885,2.200701
-0.190290,-0.107833,2.135377
-0.253522,-0.174186,2.108615
-0.115813,-0.167471,2.117165
-0.257543,-0.569044,2.072276
-0.073670,-0.566026,2.045721
-0.255280,-0.964699,1.951207
-0.041556,-0.943813,2.180242
-0.246015,-0.999224,1.854055
-0.051681,-0.981248,2.105464
-0.236677,0.513668,2.256970
-0.232514,0.327751,2.238892
-0.369390,0.227050,2.146103
-0.100083,0.252798,2.138932
-0.372235,0.067411,1.965410
-0.075688,0.137493,1.920109
-0.066066,0.192478,1.920109
-0.443542,0.178404,1.969128
-0.018107,0.243499,1.988386
-0.499813,0.226937,2.071837
-0.200268,-0.048627,2.192302
-0.193196,-0.106328,2.126822
-0.255897,-0.172143,2.099294
-0.119079,-0.165915,2.108858
-0.258438,-0.568418,2.068618
-0.075478,-0.564215,2.035748
-0.254507,-0.963225,1.953913
-0.043408,-0.942261,2.164726
-0.245281,-0.997805,1.858662
-0.052850,-0.979818,2.087668
-0.239801,0.514470,2.249083
-0.235518,0.328110,2.231565
-0.371363,0.227934,2.139171
-0.103352,0.253171,2.130733
-0.371698,0.067076,1.960589
-0.080792,0.136719,1.914412
-0.068435,0.190380,1.914412
-0.445612,0.172404,1.963343
-0.022081,0.242425,1.982746
-0.501260,0.218552,2.071375
-0.202845,-0.047493,2.184439
-0.195783,-0.104970,2.118837
-0.257997,-0.170327,2.090737
-0.122008,-0.164490,2.101135
-0.259257,-0.567820,2.065235
-0.077105,-0.562583,2.026734
-0.253497,-0.961686,1.957155
-0.045174,-0.940841,2.150025
-0.244253,-0.996446,1.863746
-0.053897,-0.978559,2.070923
-0.242585,0.515211,2.241738
-0.238165,0.328433,2.224720
-0.373092,0.228643,2.132716
-0.106124,0.253399,2.123193
-0.370799,0.066471,1.956181
-0.085101,0.135720,1.909248
-0.070398,0.188158,1.909248
-0.445856,0.166484,1.957894
-0.025585,0.241818,1.977772
-0.501550,0.210375,2.070350
-0.205098,-0.046486,2.177045
-0.198047,-0.103764,2.111331
-0.259836,-0.168731,2.082873
-0.124581,-0.163206,2.093760
-0.259992,-0.567281,2.062101
-0.078566,-0.561134,2.018583
-0.252346,-0.960196,1.960868
-0.046808,-0.939594,2.136220
-0.243102,-0.995171,1.869223
-0.054847,-0.977505,2.055292
-0.245023,0.515903,2.234936
-0.240432,0.328725,2.218259
-0.374593,0.229246,2.126765
-0.108472,0.253542,2.116355
-0.369569,0.065784,1.952103
-0.088832,0.134616,1.904655
-0.071929,0.185906,1.904655
-0.445100,0.160799,1.952784
-0.028683,0.241171,1.973188
-0.501168,0.202500,2.068799
-0.207075,-0.045562,2.170134
-0.200032,-0.102660,2.104335
-0.261447,-0.167291,2.075638
-0.126860,-0.162032,2.086888
-0.260650,-0.566775,2.059157
-0.079883,-0.559822,2.011200
-0.251092,-0.958689,1.964940
-0.048340,-0.938442,2.123383
-0.241831,-0.993899,1.874976
-0.055707,-0.976560,2.040839
-0.247125,0.516543,2.228637
-0.242393,0.329006,2.212224
-0.375826,0.229720,2.121166
-0.110396,0.253593,2.110168
-0.368081,0.064973,1.948271
-0.091998,0.133409,1.900581
-0.073098,0.183639,1.900581
-0.443423,0.155380,1.947992
-0.030931,0.239668,1.968418
-0.500160,0.194941,2.066739
-0.208775,-0.044548,2.163651
-0.201707,-0.101418,2.097763
-0.262516,-0.165504,2.067935
-0.128879,-0.160863,2.080809
-0.261223,-0.566238,2.056378
-0.081070,-0.558554,2.004495
-0.249847,-0.957150,1.968834
-0.049770,-0.937219,2.111548
-0.240605,-0.992328,1.880288
-0.056457,-0.975537,2.027556
-0.248940,0.517132,2.222832
-0.244081,0.329268,2.206621
-0.376792,0.230073,2.115865
-0.111890,0.253559,2.104595
-0.365792,0.063556,1.944656
-0.094229,0.132074,1.897026
-0.073956,0.181335,1.897026
-0.440029,0.150165,1.943477
-0.032971,0.238210,1.964149
-0.498079,0.187621,2.064082
-0.210222,-0.043642,2.157568
-0.203094,-0.100313,2.091585
-0.263384,-0.163986,2.060982
-0.130569,-0.159792,2.074954
-0.261713,-0.565713,2.053754
-0.082125,-0.557410,1.998415
-0.248542,-0.955622,1.972757
-0.051147,-0.936124,2.100621
-0.239281,-0.990884,1.885525
-0.057167,-0.974652,2.015380
-0.250441,0.517676,2.217442
-0.245497,0.329517,2.201376
-0.377455,0.230294,2.110785
-0.112937,0.253434,2.099588
-0.363399,0.062215,1.941330
-0.095771,0.130623,1.893936
-0.074446,0.178770,1.893936
-0.435725,0.145337,1.939032
-0.034982,0.237078,1.960435
-0.495360,0.180679,2.061005
-0.211401,-0.042842,2.151820
-0.204175,-0.099338,2.085738
-0.264020,-0.162657,2.054528
-0.131966,-0.158831,2.069489
-0.262122,-0.565203,2.051278
-0.083062,-0.556366,1.992912
-0.247177,-0.954111,1.976692
-0.052445,-0.935132,2.090606
-0.237862,-0.989526,1.890677
-0.057815,-0.973867,2.004285
-0.251602,0.518174,2.212415
-0.246624,0.329756,2.196440
-0.377865,0.230424,2.105972
-0.113470,0.253208,2.095127
-0.360638,0.060915,1.938196
-0.096548,0.129070,1.891288
-0.074660,0.176109,1.891288
-0.430455,0.140804,1.934792
-0.036743,0.235873,1.957018
-0.491949,0.174041,2.057428
-0.212310,-0.042120,2.146407
-0.204955,-0.098458,2.080231
-0.264387,-0.161482,2.048464
-0.133061,-0.157972,2.064404
-0.262453,-0.564710,2.048933
-0.083891,-0.555409,1.987939
-0.245816,-0.952638,1.980590
-0.053634,-0.934230,2.081498
-0.236431,-0.988243,1.895688
-0.058384,-0.973163,1.994233
-0.252470,0.518633,2.207744
-0.247495,0.329993,2.191818
-0.378007,0.230472,2.101381
-0.113549,0.252901,2.091211
-0.357475,0.059197,1.935239
-0.096501,0.127422,1.889118
-0.074664,0.173576,1.889118
-0.424278,0.136695,1.930869
-0.038267,0.234700,1.953894
-0.487872,0.167791,2.053380
-0.212987,-0.041471,2.141320
-0.205462,-0.097668,2.075049
-0.264531,-0.160443,2.042809
-0.133870,-0.157198,2.059644
-0.262713,-0.564227,2.046704
-0.084605,-0.554526,1.983471
-0.244463,-0.951195,1.984399
-0.054731,-0.933400,2.073187
-0.234980,-0.987020,1.900515
-0.058885,-0.972525,1.985100
-0.253031,0.519065,2.203391
-0.248147,0.330219,2.187515
-0.377910,0.230455,2.097009
-0.113205,0.252522,2.087793
-0.353907,0.057422,1.932450
-0.095805,0.125725,1.887352
-0.074161,0.170959,1.887352
-0.417626,0.132980,1.927143
-0.039429,0.233441,1.951019
-0.483352,0.161933,2.049054
-0.213462,-0.040888,2.136556
-0.205734,-0.096957,2.070187
-0.264453,-0.159525,2.037494
-0.134440,-0.156504,2.055222
-0.262905,-0.563748,2.044569
-0.085207,-0.553708,1.979481
-0.243108,-0.949779,1.988095
-0.055720,-0.932635,2.065608
-0.233508,-0.985843,1.905137
-0.059307,-0.971943,1.976796
-0.253204,0.519480,2.199294
-0.248503,0.330423,2.183429
-0.377596,0.230393,2.092861
-0.112397,0.252074,2.084825
-0.350891,0.055959,1.929940
-0.094570,0.123982,1.885923
-0.073673,0.168171,1.885923
-0.410684,0.129699,1.923532
-0.040464,0.232034,1.948324
-0.478493,0.156500,2.044451
-0.213709,-0.040357,2.132069
-0.205755,-0.096308,2.065610
-0.264159,-0.158706,2.032508
-0.134750,-0.155880,2.051091
-0.263019,-0.563270,2.042513
-0.085697,-0.552948,1.975948
-0.241788,-0.948397,1.991652
-0.056618,-0.931927,2.058702
-0.232069,-0.984708,1.909525
-0.059675,-0.971411,1.969252
-0.253084,0.519878,2.195485
-0.248550,0.330609,2.179536
-0.377031,0.230254,2.088846
-0.111120,0.251561,2.082310
-0.346360,0.054044,1.927374
-0.092827,0.122231,1.884819
-0.073085,0.165255,1.884819
-0.403572,0.126765,1.920056
-0.041332,0.230500,1.945802
-0.473358,0.151443,2.039659
-0.213754,-0.039880,2.127852
-0.205548,-0.095725,2.061311
-0.263677,-0.157990,2.027845
-0.134811,-0.155333,2.047237
-0.263064,-0.562805,2.040539
-0.086071,-0.552246,1.972851
-0.240494,-0.947053,1.995104
-0.057439,-0.931277,2.052420
-0.230636,-0.983608,1.913731
-0.059996,-0.970927,1.962405
-0.252570,0.520273,2.191921
-0.248315,0.330788,2.175836
-0.376256,0.230065,2.085019
-0.109418,0.250968,2.080170
-0.341674,0.052168,1.924977
-0.090630,0.120441,1.883970
-0.072394,0.162358,1.883970
-0.396385,0.124167,1.916797
-0.042033,0.228913,1.943476
-0.468008,0.146762,2.034727
-0.213596,-0.039458,2.123881
-0.205120,-0.095212,2.057269
-0.263022,-0.157371,2.023492
-0.134629,-0.154863,2.043630
-0.263050,-0.562344,2.038635
-0.086330,-0.551603,1.970164
-0.239219,-0.945732,1.998442
-0.058180,-0.930681,2.046707
-0.229217,-0.982539,1.917745
-0.060276,-0.970487,1.956190
-0.251759,0.520632,2.188569
-0.247797,0.330954,2.172299
-0.375285,0.229825,2.081347
-0.107354,0.250305,2.078368
-0.336906,0.050374,1.922731
-0.087897,0.118597,1.883387
-0.071579,0.159439,1.883387
-0.389074,0.121860,1.913697
-0.042258,0.226622,1.941002
-0.462415,0.142425,2.029700
-0.213251,-0.039088,2.120140
-0.204489,-0.094766,2.053466
-0.262212,-0.156847,2.019428
-0.134219,-0.154469,2.040255
-0.262986,-0.561895,2.036813
-0.086459,-0.551015,1.967877
-0.237986,-0.944454,2.001630
-0.058845,-0.930136,2.041520
-0.227837,-0.981513,1.921537
-0.060516,-0.970087,1.950547
-0.250672,0.520977,2.185432
-0.247054,0.331110,2.168969
-0.374123,0.229536,2.077841
-0.105040,0.249633,2.076902
-0.332133,0.048661,1.920662
-0.084819,0.116811,1.883046
-0.070710,0.156588,1.883046
-0.381881,0.119796,1.910784
-0.042644,0.224929,1.938865
-0.456735,0.138411,2.024654
-0.212768,-0.038761,2.116648
-0.203710,-0.094374,2.049921
-0.261275,-0.156395,2.015650
-0.133655,-0.154132,2.037131
-0.262873,-0.561449,2.035073
-0.086471,-0.550467,1.965957
-0.236788,-0.943209,2.004667
-0.059445,-0.929633,2.036813
-0.226487,-0.980519,1.925109
-0.060723,-0.969718,1.945427
-0.249230,0.521289,2.182492
-0.246044,0.331252,2.165777
-0.372806,0.229225,2.074524
-0.102411,0.248946,2.075718
-0.327312,0.046773,1.918782
-0.081452,0.115061,1.882883
-0.069811,0.153867,1.882883
-0.374860,0.118032,1.908067
-0.042942,0.223299,1.936857
-0.451023,0.134764,2.019666
-0.212114,-0.038477,2.113361
-0.202760,-0.094036,2.046595
-0.260222,-0.156019,2.012148
-0.132881,-0.153857,2.034200
-0.262718,-0.561019,2.033421
-0.086380,-0.549965,1.964373
-0.235644,-0.942012,2.007554
-0.059989,-0.929172,2.032538
-0.225200,-0.979566,1.928465
-0.060906,-0.969382,1.940778
-0.247439,0.521588,2.179713
-0.244743,0.331379,2.162688
-0.371265,0.228887,2.071348
-0.099464,0.248240,2.074682
-0.322650,0.045231,1.916992
-0.077806,0.113371,1.882742
-0.068504,0.151111,1.882742
-0.367970,0.116533,1.905365
-0.042958,0.221626,1.934900
-0.445265,0.131455,2.014741
-0.211255,-0.038235,2.110244
-0.201621,-0.093755,2.043457
-0.259035,-0.155716,2.008897
-0.131893,-0.153636,2.031427
-0.262198,-0.561740,2.031724
-0.086176,-0.549500,1.963099
-0.234708,-0.941097,2.010278
-0.060486,-0.928751,2.028659
-0.224156,-0.978718,1.931548
-0.061074,-0.969075,1.936557
-0.245379,0.521854,2.177130
-0.243180,0.331469,2.159695
-0.369586,0.228526,2.068344
-0.096288,0.247515,2.073774
-0.312956,0.042056,1.915363
-0.073993,0.111708,1.882633
-0.066517,0.148735,1.882633
-0.361341,0.115257,1.902642
-0.042569,0.220134,1.932979
-0.439560,0.128459,2.009939
-0.210225,-0.038030,2.107305
-0.200337,-0.093519,2.040513
-0.257748,-0.155475,2.005892
-0.130733,-0.153460,2.028822
-0.261822,-0.561534,2.030166
-0.085871,-0.549067,1.962107
-0.233763,-0.940056,2.012891
-0.060937,-0.928364,2.025135
-0.223112,-0.977876,1.934492
-0.061223,-0.968792,1.932725
-0.243010,0.522070,2.174699
-0.241421,0.331539,2.156840
-0.367837,0.228161,2.065541
-0.092990,0.246796,2.073007
-0.307643,0.040677,1.913789
-0.070050,0.110119,1.882580
-0.064972,0.146253,1.882580
-0.354981,0.114184,1.900167
-0.042304,0.218549,1.931200
-0.433931,0.125760,2.005279
-0.209048,-0.037855,2.104542
-0.198927,-0.093321,2.037760
-0.256367,-0.155291,2.003109
-0.129429,-0.153323,2.026390
-0.261414,-0.561324,2.028692
-0.085466,-0.548658,1.961368
-0.232879,-0.939060,2.015360
-0.061345,-0.928006,2.021932
-0.222143,-0.977071,1.937238
-0.061348,-0.968530,1.929247
-0.240426,0.522252,2.172429
-0.239388,0.331587,2.154064
-0.366026,0.227786,2.062924
-0.089606,0.246091,2.072346
-0.302666,0.039441,1.912351
-0.066071,0.108611,1.882553
-0.063351,0.143859,1.882553
-0.348948,0.113295,1.897810
-0.041924,0.216980,1.929504
-0.428436,0.123344,2.000793
-0.207724,-0.037712,2.101935
-0.197407,-0.093165,2.035180
-0.254911,-0.155163,2.000533
-0.128003,-0.153229,2.024117
-0.260981,-0.561111,2.027298
-0.084984,-0.548280,1.960860
-0.232049,-0.938111,2.017682
-0.061711,-0.927674,2.019020
-0.221243,-0.976306,1.939790
-0.061441,-0.968285,1.926099
-0.237555,0.522386,2.170284
-0.237149,0.331613,2.151395
-0.364161,0.227401,2.060488
-0.086143,0.245404,2.071778
-0.298021,0.038332,1.911041
-0.062093,0.107208,1.882523
-0.061651,0.141567,1.882523
-0.343241,0.112579,1.895563
-0.041425,0.215435,1.927880
-0.423095,0.121198,1.996505
-0.206265,-0.037598,2.099484
-0.195788,-0.093045,2.032770
-0.253400,-0.155084,1.998171
-0.126439,-0.153171,2.021972
-0.260529,-0.560891,2.025984
-0.084415,-0.547923,1.960553
-0.231270,-0.937199,2.019867
-0.062041,-0.927361,2.016376
-0.220407,-0.975577,1.942162
-0.061514,-0.968053,1.923252
-0.234413,0.522472,2.168248
-0.234710,0.331638,2.148844
-0.362245,0.227006,2.058226
-0.082657,0.244746,2.071277
-0.293708,0.037329,1.909861
-0.058143,0.105891,1.882498
-0.060040,0.139429,1.882498
-0.337863,0.111994,1.893434
-0.040902,0.213949,1.926329
-0.417925,0.119285,1.992418
-0.204694,-0.037493,2.097192
-0.194099,-0.092940,2.030532
-0.251828,-0.155035,1.996061
-0.124744,-0.153096,2.019866
-0.260055,-0.560669,2.024745
-0.083789,-0.547544,1.960423
-0.230539,-0.936326,2.021925
-0.062329,-0.927052,2.013972
-0.219633,-0.974875,1.944369
-0.061555,-0.967824,1.920675
-0.231070,0.522538,2.166347
-0.232123,0.331652,2.146430
-0.360303,0.226611,2.056142
-0.079116,0.244133,2.070851
-0.289684,0.036443,1.908792
-0.054223,0.104676,1.882487
-0.058527,0.137455,1.882487
-0.332785,0.111550,1.891428
-0.040368,0.212532,1.924852
-0.412924,0.117606,1.988551
-0.203021,-0.037408,2.095052
-0.192348,-0.092859,2.028455
-0.250224,-0.155023,1.994139
-0.122980,-0.153045,2.017898
-0.259564,-0.560454,2.023582
-0.083111,-0.547180,1.960437
-0.229831,-0.935488,2.023877
-0.062580,-0.926752,2.011792
-0.218897,-0.974195,1.946434
-0.061568,-0.967600,1.918357
-0.227593,0.522586,2.164567
-0.229437,0.331641,2.144149
-0.358336,0.226202,2.054217
-0.075609,0.243555,2.070475
-0.285951,0.035649,1.907820
-0.050407,0.103563,1.882465
-0.056520,0.135560,1.882465
-0.328045,0.111194,1.889421
-0.039489,0.211123,1.923380
-0.408132,0.116117,1.984902
-0.201263,-0.037354,2.093056
-0.190546,-0.092814,2.026528
-0.248589,-0.155053,1.992399
-0.121160,-0.153026,2.016053
-0.259057,-0.560237,2.022489
-0.082371,-0.546836,1.960596
-0.229169,-0.934685,2.025710
-0.062803,-0.926465,2.009820
-0.218218,-0.973549,1.948350
-0.061568,-0.967383,1.916273
-0.224036,0.522611,2.162899
-0.226635,0.331607,2.141994
-0.356336,0.225785,2.052445
-0.072078,0.243012,2.070130
-0.282495,0.034939,1.906939
-0.046705,0.102532,1.882429
-0.054601,0.133783,1.882429
-0.324012,0.110792,1.887502
-0.038589,0.209757,1.921956
-0.403550,0.114796,1.981473
-0.199407,-0.037327,2.091193
-0.188689,-0.092798,2.024742
-0.246924,-0.155123,1.990822
-0.119272,-0.153039,2.014325
-0.258538,-0.560017,2.021461
-0.081581,-0.546515,1.960873
-0.228544,-0.933913,2.027429
-0.062989,-0.926181,2.008043
-0.217588,-0.972932,1.950126
-0.061536,-0.967167,1.914418
-0.220347,0.522608,2.161337
-0.223744,0.331568,2.139968
-0.354330,0.225368,2.050828
-0.068611,0.242505,2.069829
-0.279305,0.034310,1.906144
-0.043131,0.101596,1.882384
-0.052585,0.132102,1.882384
-0.319952,0.110568,1.885656
-0.037567,0.208418,1.920570
-0.399179,0.113641,1.978255
-0.197499,-0.037321,2.089467
-0.186815,-0.092807,2.023096
-0.245251,-0.155225,1.989409
-0.117367,-0.153075,2.012714
-0.258008,-0.559797,2.020496
-0.080747,-0.546208,1.961251
-0.227955,-0.933173,2.029039
-0.063143,-0.925899,2.006445
-0.217005,-0.972344,1.951770
-0.061481,-0.966949,1.912772
-0.216588,0.522578,2.159884
-0.220748,0.331533,2.138071
-0.352282,0.224941,2.049351
-0.065191,0.242044,2.069570
-0.277336,0.033959,1.904961
-0.039723,0.100760,1.882339
-0.051131,0.130507,1.882339
-0.316468,0.110304,1.884017
-0.036830,0.207108,1.919296
-0.395031,0.112636,1.975241
-0.195549,-0.037317,2.087875
-0.184935,-0.092821,2.021587
-0.243543,-0.155339,1.988204
-0.115446,-0.153104,2.011162
-0.257461,-0.559582,2.019595
-0.079876,-0.545889,1.961718
-0.227411,-0.932472,2.030539
-0.063247,-0.925596,2.005026
-0.216473,-0.971777,1.953288
-0.061377,-0.966711,1.911337
-0.212760,0.522539,2.158513
-0.217748,0.331487,2.136309
-0.350212,0.224508,2.048009
-0.061802,0.241616,2.069321
-0.274832,0.033459,1.904272
-0.036451,0.099994,1.882276
-0.048933,0.128974,1.882276
-0.312999,0.110186,1.882346
-0.035578,0.205795,1.918001
-0.391084,0.111762,1.972429
-0.193563,-0.037317,2.086409
-0.183051,-0.092838,2.020205
-0.241806,-0.155469,1.987185
-0.113502,-0.153129,2.009663
-0.256903,-0.559367,2.018750
-0.078974,-0.545559,1.962260
-0.226906,-0.931804,2.031933
-0.063295,-0.925271,2.003769
-0.215987,-0.971234,1.954684
-0.061221,-0.966451,1.910094
-0.208938,0.522480,2.157205
-0.214686,0.331441,2.134657
-0.348145,0.224080,2.046806
-0.058456,0.241215,2.069091
-0.272371,0.033063,1.903653
-0.033346,0.099294,1.882205
-0.046671,0.127535,1.882205
-0.306092,0.109522,1.880762
-0.034225,0.204513,1.916752
-0.384618,0.110518,1.968629
-0.191522,-0.037307,2.085055
-0.181148,-0.092847,2.018937
-0.240056,-0.155609,1.986329
-0.111522,-0.153141,2.008204
-0.256338,-0.559153,2.017960
-0.078047,-0.545214,1.962870
-0.226434,-0.931164,2.033232
-0.063295,-0.924920,2.002662
-0.215542,-0.970708,1.955973
-0.061025,-0.966168,1.909023
-0.205131,0.522424,2.155968
-0.211507,0.331409,2.133089
-0.346061,0.223648,2.045722
-0.055116,0.240815,2.068846
-0.270083,0.032712,1.903105
-0.030399,0.098637,1.882098
-0.044582,0.126230,1.882098
-0.298945,0.107849,1.879277
-0.032917,0.203303,1.915556
-0.378018,0.108685,1.965203
-0.189423,-0.037292,2.083807
-0.179233,-0.092855,2.017776
-0.238290,-0.155766,1.985634
-0.109515,-0.153153,2.006788
-0.255766,-0.558941,2.017221
-0.077097,-0.544866,1.963537
-0.225997,-0.930553,2.034442
-0.063255,-0.924553,2.001689
-0.215139,-0.970202,1.957162
-0.060799,-0.965867,1.908106
-0.201306,0.522369,2.154765
-0.208299,0.331404,2.131624
-0.343943,0.223196,2.044737
-0.051859,0.240429,2.068588
-0.267934,0.032395,1.902616
-0.027602,0.098029,1.881966
-0.042536,0.125028,1.881966
-0.291870,0.106152,1.877887
-0.031583,0.202143,1.914414
-0.371428,0.106884,1.961925
-0.187281,-0.037271,2.082654
-0.177305,-0.092865,2.016712
-0.236509,-0.155935,1.985079
-0.107499,-0.153161,2.005419
-0.255190,-0.558783,2.016547
-0.076138,-0.544524,1.964244
-0.225602,-0.930011,2.035555
-0.063147,-0.924157,2.000855
-0.214780,-0.969721,1.958251
-0.060507,-0.965536,1.907355
-0.197545,0.522316,2.153608
-0.204937,0.331448,2.130238
-0.341840,0.222754,2.043868
-0.048539,0.239995,2.068250
-0.266053,0.032102,1.902167
-0.024908,0.097423,1.881757
-0.040553,0.123933,1.881757
-0.284890,0.104505,1.876592
-0.030239,0.201039,1.913327
-0.364872,0.105162,1.958838
-0.185089,-0.037253,2.081598
-0.175384,-0.092884,2.015743
-0.234746,-0.156121,1.984621
-0.105497,-0.153190,2.004148
-0.254613,-0.558672,2.015929
-0.075155,-0.544186,1.964983
-0.225240,-0.929525,2.036578
-0.063003,-0.923745,2.000142
-0.214459,-0.969264,1.959246
-0.060200,-0.965196,1.906739
-0.193808,0.522277,2.152497
-0.201557,0.331512,2.128928
-0.339742,0.222329,2.043112
-0.045293,0.239591,2.067918
-0.264166,0.031892,1.901794
-0.022309,0.096878,1.881535
-0.039170,0.122995,1.881535
-0.278106,0.103268,1.875448
-0.029304,0.200090,1.912335
-0.358363,0.103753,1.955610
-0.182852,-0.037207,2.080623
-0.173448,-0.092879,2.014857
-0.232973,-0.156301,1.984292
-0.103482,-0.153194,2.002905
-0.254009,-0.558504,2.015346
-0.074107,-0.543818,1.965752
-0.224911,-0.929030,2.037526
-0.062835,-0.923298,1.999535
-0.214178,-0.968816,1.960160
-0.059884,-0.964826,1.906243
-0.190169,0.522236,2.151427
-0.198152,0.331587,2.127682
-0.337670,0.221914,2.042448
-0.042046,0.239160,2.067508
-0.262386,0.031725,1.901470
-0.019857,0.096354,1.881243
-0.035883,0.122014,1.881243
-0.271471,0.101647,1.874183
-0.027091,0.198963,1.911230
-0.352009,0.102131,1.952892
-0.180554,-0.037166,2.079717
-0.171493,-0.092885,2.014041
-0.231202,-0.156500,1.984023
-0.101452,-0.153217,2.001737
-0.253410,-0.558378,2.014810
-0.073035,-0.543464,1.966541
-0.224613,-0.928582,2.038399
-0.062650,-0.922845,1.999026
-0.213934,-0.968386,1.960999
-0.059570,-0.964450,1.905856
-0.186533,0.522194,2.150378
-0.194760,0.331674,2.126494
-0.335585,0.221499,2.041865
-0.038879,0.238759,2.067089
-0.260696,0.031596,1.901187
-0.017455,0.095887,1.880920
-0.032630,0.121092,1.880920
-0.264994,0.100153,1.872871
-0.024824,0.197856,1.910084
-0.345737,0.100628,1.950309
-0.178235,-0.037103,2.078880
-0.169535,-0.092872,2.013295
-0.229425,-0.156694,1.983862
-0.099415,-0.153219,2.000588
-0.252793,-0.558302,2.014313
-0.071952,-0.543094,1.967340
-0.224348,-0.928177,2.039200
-0.062441,-0.922364,1.998601
-0.213727,-0.967961,1.961767
-0.059245,-0.964049,1.905561
-0.182892,0.522136,2.149340
-0.191373,0.331773,2.125370
-0.333487,0.221090,2.041360
-0.035671,0.238329,2.066582
-0.259105,0.031498,1.900938
-0.015149,0.095423,1.880530
-0.029426,0.120244,1.880530
-0.258814,0.098827,1.871632
-0.022521,0.196786,1.908973
-0.339662,0.099273,1.947926
-0.175896,-0.037044,2.078109
-0.167589,-0.092869,2.012613
-0.227669,-0.156896,1.983756
-0.097402,-0.153239,1.999515
-0.252149,-0.558211,2.013841
-0.070853,-0.542736,1.968143
-0.224110,-0.927788,2.039940
-0.062220,-0.921876,1.998254
-0.213558,-0.967545,1.962471
-0.058928,-0.963645,1.905352
-0.179233,0.522088,2.148300
-0.187963,0.331886,2.124311
-0.331349,0.220690,2.040927
-0.032480,0.237889,2.066006
-0.257604,0.031428,1.900723
-0.012933,0.094979,1.880084
-0.026206,0.119463,1.880084
-0.253745,0.097760,1.870451
-0.020149,0.195745,1.907890
-0.333780,0.098013,1.945728
-0.173506,-0.036997,2.077393
-0.165621,-0.092880,2.011985
-0.225915,-0.157112,1.983693
-0.095386,-0.153277,1.998506
-0.251497,-0.558160,2.013397
-0.069726,-0.542393,1.968943
-0.223897,-0.927432,2.040619
-0.061997,-0.921385,1.997977
-0.213419,-0.967138,1.963114
-0.058625,-0.963236,1.905219
-0.175586,0.522042,2.147272
-0.184536,0.332011,2.123292
-0.329198,0.220317,2.040567
-0.029375,0.237477,2.065425
-0.256174,0.031398,1.900542
-0.010781,0.094582,1.879615
-0.022999,0.118745,1.879615
-0.248969,0.096761,1.869329
-0.017725,0.194737,1.906834
-0.328064,0.096821,1.943676
-0.171080,-0.036950,2.076723
-0.163633,-0.092897,2.011404
-0.224162,-0.157332,1.983670
-0.093375,-0.153323,1.997554
-0.250846,-0.558128,2.012980
-0.068575,-0.542056,1.969732
-0.223702,-0.927101,2.041238
-0.061759,-0.920878,1.997773
-0.213305,-0.966739,1.963694
-0.058319,-0.962812,1.905168
-0.171921,0.521994,2.146224
-0.181102,0.332137,2.122315
-0.327010,0.219970,2.040267
-0.026268,0.237061,2.064798
-0.254801,0.031405,1.900390
-0.008679,0.094208,1.879100
-0.019909,0.118073,1.879100
-0.244463,0.095829,1.868243
-0.015318,0.193758,1.905794
-0.322517,0.095701,1.941778
-0.168615,-0.036909,2.076094
-0.161623,-0.092923,2.010863
-0.222407,-0.157557,1.983676
-0.091353,-0.153383,1.996655
-0.250143,-0.558222,2.012570
-0.067373,-0.541730,1.970515
-0.223532,-0.926788,2.041804
-0.061493,-0.920358,1.997632
-0.213225,-0.966340,1.964219
-0.057998,-0.962378,1.905187
-0.168246,0.521954,2.145190
-0.177648,0.332248,2.121352
-0.324790,0.219656,2.040033
-0.023212,0.236678,2.064164
-0.253468,0.031459,1.900267
-0.006628,0.093876,1.878571
-0.016823,0.117452,1.878571
-0.240218,0.094960,1.867187
-0.012861,0.192805,1.904764
-0.317151,0.094652,1.939999
-0.166113,-0.036869,2.075497
-0.159586,-0.092950,2.010356
-0.220639,-0.157783,1.983703
-0.089326,-0.153450,1.995807
-0.249443,-0.558339,2.012165
-0.066126,-0.541408,1.971290
-0.223374,-0.926494,2.042314
-0.061175,-0.919818,1.997548
-0.213160,-0.965944,1.964681
-0.057638,-0.961929,1.905266
-0.164620,0.521898,2.144176
-0.174180,0.332354,2.120412
-0.322539,0.219362,2.039846
-0.020140,0.236269,2.063432
-0.252188,0.031540,1.900165
-0.004614,0.093534,1.877969
-0.013772,0.116879,1.877969
-0.236214,0.094163,1.866172
-0.010375,0.191882,1.903753
-0.311971,0.093689,1.938363
-0.163556,-0.036846,2.074924
-0.157518,-0.092997,2.009874
-0.218865,-0.158022,1.983754
-0.087273,-0.153540,1.994987
-0.248556,-0.558775,2.011684
-0.064841,-0.541104,1.972048
-0.223248,-0.926216,2.042782
-0.060823,-0.919273,1.997520
-0.213153,-0.965541,1.965093
-0.057259,-0.961477,1.905408
-0.160939,0.521839,2.143140
-0.170624,0.332455,2.119482
-0.320246,0.219102,2.039701
-0.017073,0.235869,2.062662
-0.250943,0.031653,1.900088
-0.002533,0.093206,1.877314
-0.011143,0.116327,1.877314
-0.232359,0.093415,1.865115
-0.008131,0.190990,1.902700
-0.306862,0.092783,1.936819
-0.160937,-0.036833,2.074374
-0.155403,-0.093057,2.009417
-0.217077,-0.158267,1.983819
-0.085178,-0.153652,1.994204
-0.247688,-0.559202,2.011176
-0.063537,-0.540820,1.972789
-0.223132,-0.925960,2.043184
-0.060443,-0.918728,1.997540
-0.213164,-0.965147,1.965408
-0.056864,-0.961027,1.905600
-0.157218,0.521804,2.142107
-0.166966,0.332559,2.118531
-0.317903,0.218884,2.039605
-0.013994,0.235480,2.061852
-0.249678,0.031803,1.900007
-0.000466,0.092898,1.876626
-0.008842,0.115730,1.876626
-0.228705,0.092733,1.864108
-0.006088,0.190066,1.901667
-0.301923,0.091959,1.935372
-0.158249,-0.036820,2.073837
-0.153236,-0.093122,2.008976
-0.215251,-0.158517,1.983885
-0.083061,-0.153774,1.993463
-0.246884,-0.559454,2.010530
-0.062180,-0.540543,1.973515
-0.223006,-0.925700,2.043486
-0.060055,-0.918184,1.997596
-0.213160,-0.964731,1.965580
-0.056473,-0.960577,1.905828
-0.153438,0.521790,2.141060
-0.163306,0.332637,2.117553
-0.315504,0.218694,2.039525
-0.010883,0.235100,2.061006
-0.248443,0.031974,1.899934
0.001602,0.092604,1.875910
-0.006816,0.115132,1.875910
-0.225227,0.092095,1.863153
-0.004232,0.189145,1.900663
-0.297139,0.091186,1.934013
-0.155492,-0.036804,2.073297
-0.150989,-0.093184,2.008536
-0.213367,-0.158767,1.983945
-0.080855,-0.153903,1.992736
-0.246031,-0.559596,2.009677
-0.060737,-0.540264,1.974221
-0.222908,-0.925420,2.043591
-0.059671,-0.917636,1.997686
-0.213220,-0.964263,1.965489
-0.056097,-0.960119,1.906097
-0.149674,0.521807,2.140000
-0.159529,0.332734,2.116527
-0.312841,0.218456,2.039359
-0.007782,0.234746,2.060148
-0.247232,0.032115,1.899839
0.003711,0.092337,1.875173
-0.004980,0.114557,1.875173
-0.221184,0.091617,1.862244
-0.002505,0.188249,1.899688
-0.292370,0.090593,1.932141
-0.152652,-0.036793,2.072741
-0.148630,-0.093260,2.008084
-0.211378,-0.159026,1.983993
-0.078575,-0.154042,1.992018
-0.245099,-0.559617,2.008497
-0.059277,-0.539995,1.974893
-0.222846,-0.925076,2.043463
-0.059265,-0.917076,1.997817
-0.213330,-0.963733,1.965133
-0.055693,-0.959648,1.906415
-0.145860,0.521844,2.138831
-0.155672,0.332823,2.115423
-0.309994,0.218185,2.039105
-0.004653,0.234415,2.059247
-0.246001,0.032240,1.899710
0.005965,0.092084,1.874385
-0.003312,0.113994,1.874385
-0.218446,0.091121,1.861366
-0.000890,0.187369,1.898733
-0.288811,0.089989,1.930914
-0.149729,-0.036785,2.072150
-0.146162,-0.093344,2.007601
-0.209285,-0.159289,1.984004
-0.076212,-0.154191,1.991299
-0.243881,-0.559298,2.006200
-0.057799,-0.539731,1.975528
-0.222680,-0.924465,2.041951
-0.058825,-0.916514,1.997966
-0.213383,-0.963020,1.963305
-0.055255,-0.959175,1.906753
-0.142047,0.521904,2.137573
-0.151757,0.332902,2.114236
-0.307083,0.217908,2.038792
-0.001469,0.234128,2.058313
-0.244767,0.032365,1.899549
0.008243,0.091874,1.873573
-0.001192,0.113385,1.873573
-0.215940,0.090645,1.860208
0.001148,0.186431,1.897563
-0.285524,0.089412,1.929768
-0.146754,-0.036764,2.071526
-0.143620,-0.093419,2.007090
-0.207135,-0.159540,1.983976
-0.073780,-0.154340,1.990574
-0.242514,-0.558760,2.003282
-0.056294,-0.539466,1.976112
-0.222457,-0.923717,2.039955
-0.058367,-0.915941,1.998143
-0.213388,-0.962208,1.960982
-0.054801,-0.958691,1.907120
-0.138271,0.521982,2.136235
-0.147868,0.332976,2.112989
-0.304087,0.217633,2.038389
0.001742,0.233789,2.057108
-0.243403,0.032519,1.899313
0.010648,0.091579,1.872531
0.001026,0.112765,1.872531
-0.212051,0.089658,1.858963
0.003288,0.185483,1.896326
-0.281225,0.088550,1.927918
-0.143727,-0.036754,2.070857
-0.141049,-0.093507,2.006541
-0.204951,-0.159787,1.983915
-0.071339,-0.154500,1.989832
-0.240997,-0.557964,1.999634
-0.054779,-0.539210,1.976641
-0.222224,-0.922743,2.036802
-0.057896,-0.915360,1.998343
-0.213464,-0.961255,1.957445
-0.054357,-0.958202,1.907508
-0.134562,0.522084,2.134830
-0.143991,0.333037,2.111655
-0.301012,0.217348,2.037846
0.004924,0.233497,2.055864
-0.242037,0.032652,1.899012
0.013199,0.091385,1.871362
0.003361,0.112146,1.871362
-0.208069,0.088994,1.857572
0.005539,0.184533,1.894984
-0.276927,0.087920,1.925975
-0.140706,-0.036736,2.070137
-0.138439,-0.093590,2.005944
-0.202724,-0.160019,1.983798
-0.068868,-0.154659,1.989058
-0.239309,-0.557098,1.995235
-0.053256,-0.538954,1.977115
-0.221919,-0.921638,2.032048
-0.057418,-0.914768,1.998553
-0.213487,-0.960120,1.952191
-0.053902,-0.957700,1.907908
-0.130897,0.522196,2.133303
-0.140124,0.333108,2.110219
-0.297869,0.217066,2.037140
0.008036,0.233257,2.054580
-0.240607,0.032788,1.898603
0.015733,0.091295,1.870096
0.005786,0.111517,1.870096
-0.203474,0.089818,1.856002
0.007878,0.183575,1.893515
-0.272316,0.088230,1.923221
-0.137723,-0.036708,2.069358
-0.135827,-0.093667,2.005288
-0.200486,-0.160229,1.983609
-0.066412,-0.154818,1.988260
-0.237439,-0.555857,1.989877
-0.051719,-0.538699,1.977520
-0.221453,-0.920183,2.025823
-0.056926,-0.914159,1.998782
-0.213343,-0.958763,1.945432
-0.053427,-0.957177,1.908334
-0.127291,0.522346,2.131612
-0.136308,0.333184,2.108659
-0.294678,0.216791,2.036250
0.011148,0.233072,2.053170
-0.239180,0.032908,1.898097
0.018330,0.091263,1.868697
0.008320,0.110869,1.868697
-0.198907,0.090730,1.854199
0.010315,0.182603,1.891886
-0.267769,0.088630,1.920380
-0.134735,-0.036667,2.068473
-0.133173,-0.093731,2.004528
-0.198204,-0.160415,1.983318
-0.063907,-0.154974,1.987365
-0.235393,-0.554445,1.983700
-0.050185,-0.538438,1.977859
-0.220816,-0.918388,2.017072
-0.056419,-0.913527,1.999026
-0.213049,-0.957085,1.936014
-0.052939,-0.956632,1.908777
-0.123705,0.522513,2.129696
-0.132591,0.333252,2.106956
-0.291583,0.216586,2.035288
0.014231,0.232948,2.051637
-0.237763,0.033093,1.897488
0.021062,0.091325,1.867114
0.010854,0.110234,1.867114
-0.194354,0.091556,1.852199
0.012771,0.181643,1.890121
-0.263272,0.089013,1.917456
-0.131781,-0.036593,2.067488
-0.130533,-0.093760,2.003672
-0.195937,-0.160562,1.982926
-0.061402,-0.155112,1.986394
-0.233149,-0.552809,1.976662
-0.048663,-0.538165,1.978129
-0.219855,-0.916103,2.005366
-0.055903,-0.912868,1.999281
-0.212469,-0.954951,1.923508
-0.052449,-0.956062,1.909229
-0.120136,0.522678,2.127523
-0.128975,0.333300,2.105027
-0.288578,0.216471,2.034197
0.017316,0.232846,2.049754
-0.236217,0.033392,1.896576
0.023960,0.091385,1.865177
0.013401,0.109701,1.865177
-0.189691,0.092560,1.850026
0.015250,0.180757,1.888239
-0.258739,0.089534,1.914284
-0.128834,-0.036503,2.066335
-0.127908,-0.093775,2.002667
-0.193672,-0.160679,1.982358
-0.058907,-0.155252,1.985319
-0.230722,-0.550930,1.968844
-0.047160,-0.537892,1.978323
-0.218626,-0.913183,1.990536
-0.055377,-0.912194,1.999531
-0.211712,-0.952295,1.907731
-0.051971,-0.955486,1.909669
-0.116666,0.522864,2.125084
-0.125419,0.333321,2.102799
-0.285630,0.216409,2.032880
0.020378,0.232760,2.047554
-0.234487,0.033793,1.895224
0.026973,0.091509,1.862847
0.015918,0.109275,1.862847
-0.184261,0.090260,1.847437
0.017717,0.179945,1.886096
-0.253815,0.088121,1.911124
-0.125917,-0.036390,2.064980
-0.125296,-0.093766,2.001474
-0.191425,-0.160768,1.981642
-0.056403,-0.155383,1.984039
-0.228118,-0.548723,1.960058
-0.045689,-0.537607,1.978427
-0.217150,-0.909744,1.973485
-0.054812,-0.911497,1.999772
-0.210726,-0.949246,1.889654
-0.051462,-0.954895,1.910097
-0.113241,0.523040,2.122059
-0.121951,0.333333,2.100305
-0.282745,0.216369,2.031242
0.023435,0.232669,2.044918
-0.232759,0.034197,1.893522
0.030159,0.091629,1.860054
0.018513,0.108809,1.860054
-0.178938,0.087867,1.844323
0.024863,0.176274,1.878371
-0.248971,0.086626,1.907969
-0.123024,-0.036272,2.063369
-0.122687,-0.093748,2.000031
-0.189167,-0.160842,1.980669
-0.053895,-0.155525,1.982529
-0.225378,-0.546394,1.950472
-0.044238,-0.537324,1.978415
-0.215403,-0.905938,1.954294
-0.054242,-0.910794,1.999995
-0.209477,-0.945854,1.869383
-0.050953,-0.954302,1.910504
-0.109928,0.523204,2.118519
-0.118563,0.333339,2.097350
-0.279729,0.216154,2.028669
0.026354,0.232586,2.041864
-0.230975,0.034484,1.891156
0.033524,0.091789,1.856774
0.021325,0.108654,1.856774
-0.173684,0.085426,1.840931
0.032745,0.172758,1.870551
-0.244171,0.085074,1.904711
-0.120178,-0.036168,2.061433
-0.120038,-0.093757,1.998254
-0.186801,-0.160924,1.979301
-0.051393,-0.155684,1.980811
-0.222602,-0.543982,1.940037
-0.042802,-0.537045,1.978273
-0.212808,-0.901616,1.932453
-0.053691,-0.910108,2.000172
-0.207174,-0.941928,1.846382
-0.050442,-0.953720,1.910861
-0.106813,0.523350,2.114241
-0.115273,0.333314,2.093766
-0.276820,0.215885,2.025663
0.029248,0.232591,2.038604
-0.229390,0.034706,1.888300
0.036977,0.092146,1.853152
0.024041,0.108551,1.853152
-0.168234,0.083326,1.837409
0.040350,0.169487,1.862982
-0.239211,0.083732,1.900135
-0.117377,-0.036006,2.059071
-0.117387,-0.093706,1.996070
-0.184426,-0.160968,1.977497
-0.048852,-0.155839,1.978723
-0.219830,-0.541506,1.929071
-0.041396,-0.536801,1.977977
-0.209474,-0.896397,1.907341
-0.053141,-0.909440,2.000332
-0.204023,-0.937032,1.820007
-0.049908,-0.953115,1.911197
-0.103922,0.523447,2.109051
-0.112139,0.333253,2.089514
-0.273865,0.215369,2.021476
0.032116,0.232656,2.034917
-0.227820,0.034638,1.884620
0.040649,0.092646,1.848975
0.022822,0.100761,1.848975
-0.162605,0.079996,1.827402
0.045550,0.157610,1.847880
-0.234136,0.081635,1.895540
-0.114670,-0.035822,2.056187
-0.114742,-0.093632,1.993377
-0.182039,-0.161000,1.975220
-0.046290,-0.156000,1.976120
-0.217118,-0.539023,1.917627
-0.040014,-0.536554,1.977439
-0.205738,-0.890641,1.880353
-0.052590,-0.908765,2.000457
-0.200249,-0.931503,1.791703
-0.049344,-0.952484,1.911501
-0.101328,0.523507,2.102759
-0.109256,0.333121,2.084312
-0.271157,0.214784,2.016739
0.034965,0.232758,2.030555
-0.226526,0.034466,1.880430
0.044608,0.093085,1.843979
0.020775,0.092385,1.843979
-0.157336,0.076017,1.816931
0.049521,0.149848,1.837507
-0.229264,0.079126,1.890448
-0.112034,-0.035582,2.052634
-0.112142,-0.093502,1.990056
-0.179687,-0.161015,1.972321
-0.043715,-0.156160,1.972906
-0.214484,-0.536563,1.905682
-0.038649,-0.536346,1.976625
-0.201224,-0.884358,1.851794
-0.052068,-0.908124,2.000514
-0.195643,-0.925319,1.761827
-0.048811,-0.951861,1.911720
-0.099060,0.523585,2.095568
-0.106670,0.332939,2.077775
-0.269023,0.214326,2.011861
0.037679,0.232936,2.025845
-0.225528,0.034025,1.875567
0.048979,0.093524,1.838237
0.018061,0.083938,1.838237
-0.150819,0.072635,1.805882
0.052685,0.139335,1.823232
-0.223527,0.076929,1.883578
-0.109515,-0.035156,2.048179
-0.109626,-0.093178,1.985901
-0.177435,-0.160933,1.968630
-0.041146,-0.156239,1.968908
-0.211922,-0.534029,1.893155
-0.037332,-0.536579,1.975353
-0.196413,-0.877976,1.823091
-0.051558,-0.907537,2.000570
-0.190739,-0.919011,1.731915
-0.048252,-0.951155,1.911909
-0.097146,0.523524,2.086606
-0.104374,0.332720,2.070215
-0.267387,0.214079,2.006943
0.040277,0.233184,2.020432
-0.222715,0.035429,1.869805
0.053675,0.093857,1.831850
0.017948,0.078920,1.831850
-0.142765,0.067921,1.796800
0.058159,0.132141,1.810653
-0.216741,0.073892,1.874529
-0.107132,-0.034518,2.042843
-0.107269,-0.092605,1.980905
-0.175347,-0.160669,1.963973
-0.038685,-0.156204,1.964203
-0.209371,-0.531407,1.880245
-0.036055,-0.536983,1.973704
-0.192100,-0.871546,1.794472
-0.051050,-0.906936,2.000505
-0.186519,-0.912690,1.702237
-0.047722,-0.950414,1.911950
-0.095875,0.523305,2.075796
-0.102626,0.332413,2.061286
-0.266206,0.213944,2.001601
0.042666,0.233391,2.013974
-0.225932,0.034960,1.863637
0.058827,0.093942,1.824584
0.008278,0.067208,1.824584
-0.134637,0.069446,1.781629
0.053319,0.114825,1.791298
-0.209825,0.074444,1.864372
-0.104956,-0.033785,2.036377
-0.105111,-0.091930,1.974836
-0.173435,-0.160375,1.958393
-0.036329,-0.156151,1.958202
-0.207003,-0.528768,1.866509
-0.034805,-0.537547,1.971395
-0.187700,-0.865939,1.768008
-0.050565,-0.906319,2.000342
-0.182290,-0.907283,1.674972
-0.047240,-0.949629,1.911879
-0.095213,0.522992,2.063414
-0.101660,0.331968,2.050412
-0.265714,0.213848,1.995324
0.044786,0.233459,2.006082
-0.230764,0.034228,1.856955
0.064467,0.093635,1.816366
-0.009982,0.053081,1.816366
-0.126287,0.071584,1.763114
0.042296,0.088381,1.765610
-0.201635,0.078116,1.838984
-0.103137,-0.032975,2.028348
-0.103279,-0.091172,1.967269
-0.171857,-0.160099,1.951443
-0.034143,-0.156137,1.950609
-0.204804,-0.526349,1.852305
-0.033571,-0.539238,1.968136
-0.183145,-0.860631,1.742071
-0.050104,-0.905671,2.000132
-0.177910,-0.902136,1.648312
-0.046795,-0.948782,1.911750
-0.095352,0.522535,2.048836
-0.101365,0.331469,2.038005
-0.265899,0.213754,1.987887
0.046487,0.233276,1.996404
-0.239686,0.032198,1.848278
0.070496,0.092844,1.807235
-0.032299,0.036759,1.807235
-0.116245,0.073626,1.744009
0.027032,0.060339,1.738085
-0.191658,0.081227,1.806454
-0.101690,-0.032243,2.018650
-0.101806,-0.090495,1.958020
-0.170668,-0.159957,1.942769
-0.032168,-0.156292,1.941355
-0.202869,-0.524250,1.837365
-0.032308,-0.544004,1.963544
-0.178342,-0.856064,1.717919
-0.049350,-0.905144,1.998629
-0.173233,-0.897693,1.623564
-0.046131,-0.947868,1.910350
-0.096542,0.522123,2.032362
-0.102193,0.330926,2.023226
-0.266936,0.213615,1.978924
0.047694,0.232874,1.985009
-0.249596,0.029761,1.839223
0.076852,0.091739,1.797566
-0.050452,0.017169,1.797566
-0.106136,0.075468,1.722633
0.007619,0.029270,1.708338
-0.183301,0.082601,1.773588
-0.100804,-0.031436,2.006963
-0.100821,-0.089758,1.946840
-0.169931,-0.159836,1.932346
-0.030519,-0.156463,1.929999
-0.201313,-0.522265,1.821284
-0.031119,-0.548957,1.958408
-0.172721,-0.851569,1.694150
-0.048529,-0.904537,1.996884
-0.167721,-0.893251,1.599376
-0.045413,-0.946862,1.908703
-0.098954,0.521729,2.013691
-0.103856,0.330503,2.006536
-0.268784,0.213428,1.968148
0.048197,0.232100,1.970962
-0.261339,0.026901,1.829359
0.083650,0.090534,1.787469
-0.081028,-0.006040,1.787469
-0.095034,0.076218,1.701167
-0.016509,-0.002608,1.677821
-0.174179,0.082237,1.735958
-0.100515,-0.030566,1.992900
-0.100446,-0.088951,1.933226
-0.169789,-0.159691,1.919464
-0.029376,-0.156607,1.916191
-0.200212,-0.520471,1.804312
-0.030273,-0.551871,1.950944
-0.163299,-0.845468,1.669260
-0.047950,-0.903688,1.995646
-0.158461,-0.886638,1.574337
-0.044940,-0.945670,1.907529
-0.104369,0.522086,1.988686
-0.108208,0.330915,1.983181
-0.272806,0.214123,1.952485
0.046815,0.231371,1.951460
-0.274506,0.024337,1.818933
0.090377,0.088337,1.775836
-0.115156,-0.028621,1.775836
-0.082249,0.074683,1.678745
-0.052099,-0.039200,1.645007
-0.160399,0.077747,1.688615
-0.102293,-0.028719,1.971964
-0.102065,-0.087139,1.912715
-0.171628,-0.158706,1.899125
-0.029997,-0.155745,1.896013
-0.200209,-0.518380,1.783866
-0.030141,-0.554635,1.938686
-0.157105,-0.841034,1.645895
-0.047546,-0.902225,1.992135
-0.152397,-0.882062,1.550807
-0.044728,-0.943729,1.904091
-0.110480,0.522594,1.963570
-0.113074,0.331557,1.959493
-0.277377,0.215028,1.935981
0.044726,0.230700,1.931174
-0.286680,0.021866,1.808971
0.096955,0.086175,1.764693
-0.147927,-0.049993,1.764693
-0.069719,0.072715,1.657688
-0.087690,-0.073575,1.614553
-0.145508,0.070894,1.640651
-0.104553,-0.026829,1.950344
-0.104161,-0.085306,1.891459
-0.173896,-0.157702,1.877957
-0.031104,-0.154742,1.875150
-0.200443,-0.516551,1.764319
-0.030239,-0.557070,1.924167
-0.148955,-0.836267,1.629340
-0.046930,-0.900597,1.986944
-0.144367,-0.876695,1.534274
-0.044352,-0.941568,1.899010
-0.117647,0.523674,1.936942
-0.118898,0.332834,1.934265
-0.282974,0.216275,1.917183
0.041404,0.230345,1.908957
-0.298342,0.019476,1.799469
0.103145,0.084042,1.754012
-0.180233,-0.070880,1.754012
-0.058867,0.066835,1.637590
-0.125071,-0.106559,1.586539
-0.130074,0.061556,1.592977
-0.107912,-0.024770,1.926394
-0.107363,-0.083355,1.867723
-0.177287,-0.156542,1.853918
-0.033323,-0.153479,1.852018
-0.200921,-0.514993,1.745538
-0.030664,-0.557888,1.903079
-0.142694,-0.832687,1.613827
-0.046966,-0.898520,1.979225
-0.138166,-0.872824,1.518739
-0.044672,-0.938863,1.891391
-0.125405,0.525063,1.909791
-0.125539,0.334531,1.907933
-0.289236,0.217801,1.897267
0.037313,0.230172,1.885936
-0.309784,0.017123,1.790069
0.108835,0.081914,1.743765
-0.210710,-0.090239,1.743765
-0.048764,0.060576,1.619380
-0.160802,-0.136945,1.561485
-0.114906,0.050286,1.547320
-0.111992,-0.022642,1.901454
-0.111248,-0.081420,1.843035
-0.181219,-0.155390,1.829303
-0.036317,-0.152120,1.827682
-0.201711,-0.513607,1.727025
-0.031735,-0.557194,1.876672
-0.132083,-0.824951,1.603482
-0.046939,-0.895970,1.969896
-0.127820,-0.864462,1.508640
-0.044955,-0.935651,1.882171
-0.133657,0.526798,1.882731
-0.132766,0.336487,1.881262
-0.296184,0.219416,1.875790
0.032381,0.230284,1.862202
-0.321075,0.014800,1.780694
0.113860,0.079738,1.733365
-0.239557,-0.108547,1.733365
-0.036452,0.053537,1.602450
-0.194967,-0.164760,1.539187
-0.099256,0.036724,1.504508
-0.116962,-0.020572,1.875183
-0.116008,-0.079543,1.816847
-0.186045,-0.154227,1.802957
-0.040213,-0.150676,1.801854
-0.202868,-0.512418,1.708738
-0.033502,-0.555174,1.844967
-0.128449,-0.821871,1.587003
-0.045625,-0.892774,1.958100
-0.124388,-0.861230,1.492090
-0.043944,-0.931732,1.870500
-0.144290,0.529374,1.851263
-0.141734,0.339122,1.850510
-0.304808,0.221725,1.850621
0.025247,0.230878,1.834136
-0.334056,0.012552,1.769329
0.117167,0.077037,1.721048
-0.268965,-0.126585,1.721048
-0.024008,0.042336,1.585720
-0.230165,-0.191479,1.518745
-0.081426,0.018056,1.464189
-0.124221,-0.018044,1.844086
-0.123238,-0.077216,1.785702
-0.193472,-0.152521,1.772092
-0.046685,-0.148698,1.770393
-0.204991,-0.511074,1.689119
-0.036533,-0.550935,1.802454
-0.126061,-0.819493,1.574081
-0.043058,-0.889139,1.921025
-0.122338,-0.858877,1.479226
-0.041885,-0.927635,1.833737
-0.154390,0.531876,1.821928
-0.150405,0.341726,1.821455
-0.313321,0.224005,1.826127
0.018118,0.231615,1.807420
-0.346725,0.010501,1.758072
0.118393,0.074182,1.709299
-0.295655,-0.142798,1.709299
-0.012440,0.030758,1.570614
-0.262076,-0.215126,1.500956
-0.064593,-0.001005,1.428678
-0.131386,-0.015611,1.814692
-0.130360,-0.074982,1.756268
-0.200810,-0.150814,1.742807
-0.053091,-0.146751,1.740786
-0.207390,-0.509792,1.670336
-0.039996,-0.546044,1.759263
-0.124645,-0.817605,1.562027
-0.040775,-0.885079,1.877758
-0.121289,-0.857079,1.467264
-0.040069,-0.923349,1.790692
-0.164749,0.534435,1.792940
-0.158929,0.344428,1.793272
-0.321889,0.226383,1.801522
0.010554,0.232608,1.780731
-0.359582,0.008642,1.746265
0.117519,0.070020,1.696511
-0.319991,-0.157443,1.696511
-0.001181,0.015310,1.556787
-0.291325,-0.236315,1.485266
-0.048105,-0.023832,1.396328
-0.138546,-0.013209,1.786037
-0.137498,-0.072786,1.727549
-0.208146,-0.149072,1.714136
-0.059574,-0.144714,1.712015
-0.210097,-0.508559,1.652351
-0.044024,-0.539670,1.713635
-0.124203,-0.816165,1.550941
-0.038904,-0.879757,1.826471
-0.121283,-0.855795,1.456312
-0.038634,-0.918458,1.739382
-0.174873,0.536955,1.764885
-0.167403,0.347186,1.765755
-0.330428,0.228681,1.777225
0.002856,0.233724,1.754567
-0.372439,0.007044,1.733997
0.115319,0.065015,1.683232
-0.342226,-0.170576,1.683232
0.009058,-0.000871,1.544041
-0.317759,-0.255016,1.471436
-0.032457,-0.047820,1.368425
-0.145668,-0.010837,1.758086
-0.144595,-0.070627,1.699540
-0.215411,-0.147350,1.686134
-0.066053,-0.142608,1.684005
-0.212924,-0.507390,1.635352
-0.048439,-0.533142,1.669212
-0.124488,-0.815099,1.540913
-0.037868,-0.874301,1.773399
-0.122055,-0.854940,1.446464
-0.038050,-0.913533,1.686219
-0.184498,0.539443,1.738288
-0.175516,0.349934,1.739466
-0.338789,0.230970,1.753182
-0.004891,0.235001,1.728982
-0.385142,0.005696,1.721268
0.112156,0.059676,1.669894
-0.362351,-0.182300,1.669894
0.018264,-0.017869,1.532319
-0.341496,-0.271538,1.459134
-0.017668,-0.074050,1.345587
-0.152584,-0.008531,1.731225
-0.151489,-0.068522,1.672602
-0.222485,-0.145631,1.658918
-0.072366,-0.140463,1.657299
-0.215855,-0.506329,1.619282
-0.053014,-0.526250,1.625170
-0.125512,-0.814409,1.531867
-0.037345,-0.868290,1.716825
-0.123590,-0.854450,1.437648
-0.037961,-0.908122,1.629403
-0.193734,0.541904,1.712659
-0.183305,0.352668,1.714211
-0.346821,0.233238,1.729738
-0.012540,0.236343,1.704159
-0.397437,0.004602,1.708256
0.107964,0.053675,1.656004
-0.380658,-0.192718,1.656004
0.026597,-0.036352,1.521420
-0.363037,-0.286133,1.447956
-0.003989,-0.100373,1.326769
-0.159280,-0.006249,1.705382
-0.158172,-0.066425,1.646678
-0.229289,-0.143900,1.632737
-0.078562,-0.138211,1.631596
-0.218820,-0.505317,1.604135
-0.056785,-0.518531,1.580389
-0.127148,-0.814010,1.523738
-0.035495,-0.860941,1.655224
-0.125762,-0.854244,1.429793
-0.036493,-0.901418,1.567378
-0.202462,0.544146,1.688197
-0.190786,0.355340,1.689836
-0.354538,0.235449,1.707009
-0.020017,0.237799,1.680152
-0.409237,0.003752,1.694928
0.103335,0.047742,1.642568
-0.397326,-0.201988,1.642568
0.034090,-0.055206,1.511197
-0.382459,-0.299080,1.437752
0.008705,-0.126247,1.312224
-0.165592,-0.003994,1.680697
-0.164455,-0.064355,1.621956
-0.235647,-0.142194,1.607653
-0.084385,-0.135921,1.607254
-0.221868,-0.504345,1.589645
-0.060233,-0.511208,1.539303
-0.129501,-0.813899,1.516326
-0.033896,-0.853896,1.597051
-0.128683,-0.854326,1.422693
-0.035271,-0.895021,1.508833
-0.211143,0.545617,1.661776
-0.198402,0.358081,1.663902
-0.362567,0.237549,1.681952
-0.028345,0.239252,1.653356
-0.421044,0.002999,1.679138
0.097995,0.041675,1.628537
-0.413133,-0.210111,1.628537
0.040796,-0.073248,1.500353
-0.400415,-0.310585,1.427725
0.020999,-0.152821,1.302799
-0.171835,-0.001714,1.654645
-0.170678,-0.062278,1.595908
-0.241792,-0.140515,1.581378
-0.090231,-0.133392,1.581633
-0.225272,-0.503199,1.574516
-0.063605,-0.503553,1.497158
-0.132623,-0.813934,1.509268
-0.032518,-0.846518,1.537179
-0.132466,-0.854682,1.415988
-0.034344,-0.888317,1.448576
-0.218972,0.546731,1.637261
-0.205401,0.360544,1.639576
-0.369924,0.239478,1.658339
-0.035965,0.240616,1.628608
-0.431883,0.002338,1.663657
0.092359,0.035709,1.614612
-0.427412,-0.217207,1.614612
0.046687,-0.090474,1.490088
-0.416592,-0.320703,1.418541
0.032006,-0.177647,1.296335
-0.177611,0.000384,1.630265
-0.176411,-0.060352,1.571544
-0.247452,-0.138956,1.556659
-0.095628,-0.131009,1.557762
-0.228667,-0.502083,1.560026
-0.066647,-0.496719,1.459572
-0.136221,-0.814158,1.502733
-0.031398,-0.839877,1.482670
-0.136686,-0.855236,1.409830
-0.033587,-0.882303,1.393740
-0.226086,0.547301,1.613509
-0.211863,0.362769,1.615981
-0.376671,0.241204,1.634950
-0.043062,0.241919,1.604671
-0.441814,0.001899,1.647968
0.086592,0.029924,1.600751
-0.440353,-0.223304,1.600751
0.051816,-0.106869,1.479852
-0.431298,-0.329414,1.409828
0.041724,-0.200563,1.292288
-0.182888,0.002291,1.606816
-0.181609,-0.058611,1.548147
-0.252501,-0.137581,1.533064
-0.100567,-0.128728,1.534792
-0.232084,-0.501037,1.545956
-0.069036,-0.493127,1.428295
-0.140437,-0.814590,1.496621
-0.030764,-0.834832,1.432352
-0.141489,-0.856013,1.404121
-0.033346,-0.877012,1.343529
-0.232425,0.546889,1.587136
-0.218090,0.364400,1.589512
-0.382854,0.242615,1.608313
-0.050041,0.243004,1.577747
-0.450946,0.001609,1.628515
0.080342,0.023909,1.584641
-0.452018,-0.228316,1.584641
0.056139,-0.122354,1.467447
-0.444701,-0.336262,1.400109
0.050130,-0.221390,1.289055
-0.188083,0.003844,1.580509
-0.186746,-0.057161,1.521901
-0.257431,-0.136392,1.506712
-0.105554,-0.126605,1.508930
-0.236110,-0.499973,1.529983
-0.071655,-0.490472,1.397446
-0.145537,-0.815201,1.490331
-0.031412,-0.830675,1.382888
-0.147149,-0.856973,1.398276
-0.034372,-0.872480,1.294248
-0.238092,0.546100,1.561845
-0.223631,0.365689,1.564459
-0.388341,0.243740,1.583126
-0.056395,0.243906,1.552261
-0.459061,0.001307,1.609256
0.074207,0.018186,1.568562
-0.462234,-0.232441,1.568562
0.059869,-0.136551,1.455137
-0.456564,-0.341724,1.390696
0.057344,-0.240234,1.285927
-0.192723,0.005137,1.555747
-0.191353,-0.055957,1.497220
-0.261810,-0.135411,1.481937
-0.110079,-0.124732,1.484643
-0.240056,-0.499001,1.514565
-0.074104,-0.488340,1.368952
-0.151011,-0.815951,1.484346
-0.032296,-0.827039,1.337262
-0.153179,-0.858078,1.392750
-0.035620,-0.868433,1.248833
-0.242821,0.544969,1.536904
-0.228405,0.366652,1.539800
-0.392870,0.244314,1.556879
-0.062108,0.244620,1.527042
-0.466149,0.000918,1.589055
0.068209,0.012688,1.551558
-0.470996,-0.235607,1.551558
0.062932,-0.149439,1.442218
-0.466859,-0.345546,1.380875
0.063562,-0.256878,1.282540
-0.196995,0.006085,1.531113
-0.195574,-0.055061,1.472610
-0.265773,-0.134637,1.457354
-0.114391,-0.123135,1.460250
-0.244115,-0.498109,1.498570
-0.076502,-0.486799,1.341209
-0.156937,-0.816849,1.478231
-0.033559,-0.823724,1.292496
-0.159508,-0.859305,1.387127
-0.037128,-0.864610,1.204313
