-0.102006,0.974475,2.600828
-0.099493,0.785050,2.603318
-0.293301,0.636021,2.580791
0.099723,0.643301,2.631788
-0.397592,0.357006,2.652383
0.173221,0.367869,2.648187
-0.446481,0.094847,2.648187
0.191598,0.112824,2.672834
-0.442102,0.060152,2.676693
0.194808,0.085752,2.524843
-0.099759,0.389906,2.605259
-0.097009,0.312410,2.586035
-0.186103,0.224491,2.562147
-0.007052,0.220264,2.595823
-0.205882,-0.278935,2.523768
-0.075249,-0.291562,2.701714
-0.198432,-0.602568,2.419166
-0.091798,-0.619747,2.849573
-0.218122,-0.665091,2.328406
-0.083975,-0.689646,2.774297
-0.104833,0.965567,2.575042
-0.099549,0.782577,2.577430
-0.295921,0.632874,2.559979
0.094215,0.641658,2.607862
-0.403204,0.354549,2.609143
0.170350,0.368123,2.632428
-0.444386,0.090461,2.632428
0.179597,0.121239,2.623467
-0.438267,0.057009,2.621287
0.169633,0.096894,2.478483
-0.101061,0.384834,2.580366
-0.098414,0.306983,2.560097
-0.187088,0.219364,2.536458
-0.009195,0.216226,2.572743
-0.214069,-0.278498,2.490397
-0.071286,-0.292745,2.682101
-0.201532,-0.602735,2.414656
-0.090901,-0.623476,2.845778
-0.218594,-0.669170,2.326069
-0.083868,-0.691448,2.773385
-0.110544,0.961034,2.559969
-0.106614,0.779201,2.560359
-0.302630,0.628557,2.537700
0.088503,0.646986,2.587454
-0.406555,0.351639,2.590298
0.169429,0.373537,2.611395
-0.443475,0.085497,2.611395
0.167068,0.136681,2.569073
-0.433162,0.052143,2.568275
0.157033,0.107656,2.460711
-0.105654,0.385605,2.559486
-0.102126,0.309340,2.535795
-0.189952,0.221111,2.509674
-0.012450,0.218829,2.545391
-0.215642,-0.277354,2.483341
-0.065795,-0.301495,2.665594
-0.202950,-0.609467,2.406402
-0.092832,-0.635127,2.822943
-0.216776,-0.676387,2.321585
-0.088248,-0.695427,2.766401
-0.115758,0.955575,2.539359
-0.110202,0.778015,2.536731
-0.300938,0.627644,2.511106
0.080795,0.656268,2.564170
-0.406432,0.349039,2.538059
0.160716,0.381911,2.575029
-0.440463,0.083122,2.575029
0.146570,0.148888,2.506234
-0.428075,0.053240,2.506342
0.130900,0.134428,2.418371
-0.109146,0.383653,2.534189
-0.105021,0.307593,2.508206
-0.191009,0.220356,2.482255
-0.016893,0.219749,2.518800
-0.219378,-0.266172,2.470919
-0.048856,-0.297090,2.624360
-0.203456,-0.611031,2.404485
-0.089182,-0.638220,2.800334
-0.217099,-0.680685,2.318600
-0.086804,-0.707568,2.755285
-0.124248,0.948321,2.512758
-0.118948,0.772085,2.516002
-0.308970,0.621222,2.492127
0.077938,0.648096,2.541352
-0.405318,0.348884,2.513548
0.160261,0.395614,2.549738
-0.426549,0.088660,2.549738
0.125996,0.180891,2.436660
-0.414521,0.054733,2.437353
0.099361,0.113241,2.342342
-0.114902,0.380449,2.513625
-0.110287,0.305362,2.484792
-0.197681,0.216627,2.457795
-0.019805,0.216616,2.492625
-0.218864,-0.265871,2.466841
-0.028111,-0.285426,2.578199
-0.204675,-0.610280,2.403546
-0.077226,-0.622983,2.775108
-0.217679,-0.681178,2.318454
-0.087610,-0.701929,2.752813
-0.128515,0.942749,2.500114
-0.127435,0.763597,2.492652
-0.316414,0.618805,2.477563
0.072678,0.650481,2.521726
-0.402192,0.348613,2.462162
0.159415,0.399740,2.529160
-0.405812,0.090755,2.529160
0.101500,0.202013,2.374398
-0.403384,0.011713,2.359002
0.057503,0.152574,2.296817
-0.119741,0.377232,2.492980
-0.114672,0.303337,2.462528
-0.201104,0.212735,2.440003
-0.023476,0.216402,2.466581
-0.221175,-0.267265,2.459485
-0.010830,-0.267052,2.521355
-0.205393,-0.610134,2.402985
-0.069241,-0.615827,2.735338
-0.218010,-0.681568,2.318343
-0.061227,-0.660404,2.649335
-0.135025,0.940856,2.488532
-0.125912,0.762277,2.483680
-0.316110,0.615843,2.461893
0.070543,0.647527,2.500898
-0.395988,0.348030,2.439329
0.156758,0.394245,2.473972
-0.389464,0.108189,2.473972
0.056230,0.218855,2.305746
-0.384400,0.080062,2.311389
0.022721,0.160391,2.225109
-0.119856,0.373542,2.480756
-0.115411,0.299922,2.446793
-0.201719,0.208448,2.421633
-0.025305,0.214797,2.452041
-0.221882,-0.268694,2.455668
-0.007034,-0.267876,2.493464
-0.206062,-0.609112,2.402220
-0.044507,-0.608037,2.702056
-0.218309,-0.681684,2.318426
-0.059215,-0.688720,2.711368
-0.133782,0.939613,2.476066
-0.128131,0.761349,2.474148
-0.319434,0.613961,2.446048
0.067806,0.642454,2.479994
-0.385394,0.355452,2.400943
0.150751,0.383250,2.430235
-0.371215,0.129533,2.430235
-0.009657,0.261914,2.243759
-0.354139,0.102137,2.252399
-0.068495,0.235301,2.191267
-0.120378,0.369366,2.471000
-0.115710,0.295637,2.434206
-0.200867,0.203600,2.411594
-0.025977,0.211773,2.435795
-0.223308,-0.276084,2.451846
0.000279,-0.258878,2.442041
-0.206090,-0.612091,2.399871
-0.035496,-0.612656,2.653527
-0.221995,-0.685359,2.317216
-0.018347,-0.692070,2.639294
-0.128959,0.939691,2.460901
-0.128086,0.761265,2.459481
-0.318844,0.616059,2.433122
0.075685,0.631928,2.457464
-0.380280,0.359028,2.366302
0.152637,0.377063,2.409370
-0.343284,0.151785,2.409370
-0.030904,0.290870,2.187150
-0.313892,0.128377,2.199962
-0.058719,0.303820,2.211049
-0.119131,0.370115,2.459848
-0.114952,0.296712,2.421415
-0.199987,0.204294,2.399620
-0.024972,0.211656,2.422687
-0.222922,-0.277452,2.449563
0.001751,-0.258810,2.429014
-0.206169,-0.611789,2.399995
-0.015356,-0.617069,2.603176
-0.222045,-0.685236,2.317549
-0.005769,-0.688898,2.563845
-0.129555,0.937734,2.450644
-0.130095,0.757479,2.441765
-0.319989,0.616186,2.420743
0.069540,0.626722,2.436599
-0.400623,0.371247,2.324184
0.130906,0.376755,2.338211
-0.295117,0.183698,2.338211
-0.085972,0.313099,2.152012
-0.277403,0.161995,2.150052
-0.110282,0.333345,2.191859
-0.118804,0.367623,2.448319
-0.114958,0.294123,2.409526
-0.197794,0.202754,2.391692
-0.027200,0.209826,2.408544
-0.221505,-0.280421,2.445749
0.002847,-0.270051,2.413337
-0.206096,-0.611880,2.400124
-0.000459,-0.624281,2.561228
-0.222153,-0.685140,2.317705
0.011106,-0.698559,2.527570
-0.127703,0.935955,2.441958
-0.129876,0.755502,2.432753
-0.315200,0.616720,2.400886
0.069144,0.618546,2.407931
-0.398178,0.374812,2.298377
0.133552,0.367838,2.317393
-0.269605,0.215107,2.317393
-0.098628,0.355729,2.113921
-0.200950,0.151911,2.057923
-0.116610,0.359182,2.190259
-0.117492,0.367956,2.441914
-0.114267,0.294796,2.402545
-0.194369,0.204720,2.385194
-0.028678,0.210943,2.401411
-0.221682,-0.280391,2.442958
-0.004275,-0.277082,2.393880
-0.205923,-0.611558,2.400314
0.021059,-0.630836,2.490953
-0.222118,-0.684649,2.317822
0.022652,-0.701108,2.448072
-0.127840,0.937074,2.438614
-0.130571,0.755726,2.425198
-0.313701,0.617458,2.387431
0.065895,0.619300,2.391571
-0.391649,0.384672,2.256858
0.118337,0.377795,2.265099
-0.209151,0.250775,2.265099
-0.134638,0.393435,2.103160
-0.155252,0.205439,2.064469
-0.170351,0.394238,2.168520
-0.118184,0.370055,2.435024
-0.115265,0.297449,2.394860
-0.193286,0.208621,2.380415
-0.032679,0.214811,2.390019
-0.221533,-0.280928,2.438276
-0.003636,-0.281694,2.385325
-0.205541,-0.611826,2.400163
0.031816,-0.633947,2.430529
-0.222822,-0.684700,2.317629
0.037469,-0.706283,2.381958
-0.124880,0.938165,2.433234
-0.126562,0.755655,2.413258
-0.309568,0.615375,2.369213
0.066361,0.616749,2.362285
-0.376230,0.388309,2.220401
0.107839,0.371353,2.241779
-0.166463,0.282757,2.241779
-0.128455,0.457231,2.082648
-0.179878,0.285016,2.088035
-0.158323,0.440473,2.144630
-0.116438,0.372414,2.424953
-0.115249,0.300210,2.384379
-0.192177,0.213072,2.372085
-0.034761,0.217616,2.378931
-0.221760,-0.280002,2.432248
-0.001848,-0.287769,2.375071
-0.205361,-0.611938,2.398872
0.038374,-0.647733,2.392710
-0.223211,-0.685343,2.316784
0.042921,-0.714393,2.323468
-0.121361,0.936534,2.423038
-0.121642,0.754154,2.404874
-0.304147,0.612688,2.352720
0.070057,0.618359,2.344795
-0.371179,0.386156,2.204337
0.091169,0.390041,2.183475
-0.133099,0.331672,2.183475
-0.163973,0.457908,2.088056
-0.179289,0.330410,2.094674
-0.249020,0.480530,2.150997
-0.113271,0.375188,2.415195
-0.112643,0.304443,2.373294
-0.188778,0.218557,2.361640
-0.033614,0.222209,2.366510
-0.220423,-0.280948,2.427351
0.000786,-0.291696,2.366634
-0.205609,-0.611813,2.397852
0.037111,-0.653182,2.378711
-0.223984,-0.686009,2.316565
0.043228,-0.714969,2.323350
-0.123163,0.934341,2.417016
-0.112306,0.751276,2.391972
-0.299326,0.614089,2.340593
0.067356,0.620091,2.321899
-0.357302,0.391422,2.181893
0.082143,0.389260,2.165389
-0.113002,0.347296,2.165389
-0.176626,0.417180,2.077682
-0.050117,0.316082,2.038921
-0.180050,0.412141,2.102667
-0.108731,0.378469,2.405945
-0.110195,0.308416,2.364231
-0.185219,0.224734,2.352665
-0.033714,0.227223,2.357869
-0.217807,-0.277575,2.418611
0.004733,-0.289539,2.358068
-0.205925,-0.611724,2.396325
0.036438,-0.652344,2.375678
-0.224301,-0.686666,2.315706
0.043294,-0.715031,2.322155
-0.105725,0.931508,2.400065
-0.108087,0.749243,2.384198
-0.290598,0.620127,2.330211
0.063717,0.622536,2.307513
-0.349559,0.397874,2.172512
0.072200,0.406348,2.127972
-0.097137,0.381621,2.127972
-0.188708,0.373758,2.084885
-0.031254,0.368277,2.041277
-0.200764,0.387073,2.087199
-0.105374,0.378891,2.397788
-0.107784,0.309487,2.355960
-0.181220,0.228281,2.344603
-0.033583,0.230492,2.349905
-0.214694,-0.278791,2.412527
0.006448,-0.289198,2.355752
-0.205552,-0.611959,2.394687
0.036534,-0.652288,2.374863
-0.224515,-0.687264,2.314530
0.043636,-0.714860,2.321150
-0.100444,0.930383,2.395406
-0.105160,0.747471,2.375740
-0.279538,0.621586,2.312293
0.066257,0.626411,2.299297
-0.339722,0.404149,2.148376
0.061717,0.414862,2.114207
-0.080807,0.383447,2.114207
-0.196791,0.369783,2.095496
-0.015678,0.368371,2.051438
-0.201779,0.388033,2.083927
-0.103633,0.380318,2.389756
-0.105107,0.311667,2.347621
-0.178083,0.231173,2.339436
-0.031995,0.234896,2.338318
-0.211712,-0.279394,2.405800
0.008927,-0.287946,2.354604
-0.204826,-0.612354,2.393364
0.036625,-0.652146,2.374612
-0.225241,-0.688112,2.313978
0.044127,-0.714645,2.319977
-0.084653,0.935276,2.382451
-0.091204,0.750587,2.348165
-0.263516,0.637106,2.288203
0.069108,0.628876,2.260732
-0.303061,0.424922,2.111982
-0.004965,0.426758,2.083671
-0.044928,0.461419,2.083671
-0.247269,0.513507,2.088994
0.019403,0.445601,2.044345
-0.316953,0.511313,2.089098
-0.091685,0.388926,2.367644
-0.095428,0.321020,2.327021
-0.165683,0.244149,2.322759
-0.025937,0.247019,2.317349
-0.204513,-0.277964,2.391574
0.014989,-0.287569,2.354186
-0.202816,-0.614615,2.389035
0.036787,-0.651100,2.374084
-0.225627,-0.689241,2.312311
0.044042,-0.713538,2.319116
-0.078782,0.935272,2.378264
-0.088652,0.750501,2.342526
-0.258067,0.634355,2.277437
0.076461,0.631737,2.254694
-0.297008,0.419850,2.105241
-0.050755,0.463264,2.072453
-0.048010,0.496013,2.072453
-0.300682,0.520727,2.087526
0.016302,0.480395,2.042858
-0.365456,0.519609,2.079784
-0.089251,0.388616,2.362307
-0.092531,0.320371,2.322659
-0.163279,0.243128,2.319335
-0.022842,0.246519,2.313072
-0.202106,-0.277846,2.388299
0.018219,-0.289120,2.356137
-0.201577,-0.616134,2.387673
0.037200,-0.650474,2.374362
-0.225912,-0.689820,2.311826
0.044315,-0.713201,2.318752
-0.074058,0.937285,2.371895
-0.084665,0.752497,2.337928
-0.253232,0.633498,2.271740
0.082330,0.638180,2.249381
-0.293539,0.417874,2.102619
0.007571,0.454072,2.052118
-0.000034,0.491439,2.052118
-0.261814,0.490352,2.054791
0.064243,0.475829,2.010147
-0.348706,0.494319,2.067666
-0.084039,0.393125,2.356156
-0.087118,0.325417,2.316770
-0.156288,0.249279,2.310570
-0.018616,0.250949,2.309489
-0.199812,-0.277133,2.385571
0.020156,-0.289109,2.357652
-0.200752,-0.617567,2.386470
0.037775,-0.650340,2.375648
-0.226098,-0.690051,2.311521
0.045350,-0.712572,2.318219
-0.072108,0.937154,2.367734
-0.085395,0.752412,2.334175
-0.252271,0.633363,2.270247
0.082407,0.641990,2.241730
-0.278308,0.417332,2.099389
0.014974,0.452491,2.048264
0.008105,0.503714,2.048264
-0.253042,0.487195,2.050650
0.072344,0.488113,2.006032
-0.339934,0.491162,2.067728
-0.081386,0.393994,2.351743
-0.084511,0.326496,2.312447
-0.152627,0.250418,2.305742
-0.015513,0.252839,2.305399
-0.198180,-0.278017,2.384103
0.022083,-0.288817,2.358813
-0.200522,-0.619234,2.385067
0.038242,-0.650267,2.376498
-0.226706,-0.691191,2.311152
0.045365,-0.712404,2.318060
-0.070079,0.934794,2.362832
-0.082057,0.749716,2.327283
-0.251259,0.631537,2.267890
0.086227,0.642698,2.235694
-0.268501,0.414519,2.098154
0.021352,0.449941,2.045858
-0.025584,0.500891,2.045858
-0.248170,0.481609,2.060335
0.038619,0.485300,2.015743
-0.335062,0.485576,2.068998
-0.077717,0.394646,2.346411
-0.081240,0.327378,2.307962
-0.150165,0.250353,2.301641
-0.011652,0.253561,2.301406
-0.195103,-0.278832,2.382377
0.023647,-0.288999,2.359396
-0.199753,-0.619322,2.384661
0.038866,-0.649227,2.376683
-0.227231,-0.691661,2.311558
0.045972,-0.711082,2.317824
-0.064228,0.934217,2.356621
-0.074956,0.748991,2.322156
-0.236119,0.605776,2.250423
0.089281,0.647771,2.231725
-0.250546,0.379551,2.096875
0.019104,0.453623,2.046746
0.021393,0.506418,2.046746
-0.239379,0.475630,2.042310
0.085552,0.490838,1.997748
-0.326271,0.479598,2.074273
-0.072915,0.389944,2.340220
-0.075497,0.321816,2.301821
-0.145707,0.245283,2.300035
-0.005117,0.247618,2.288861
-0.192246,-0.279118,2.381135
0.024815,-0.289677,2.359863
-0.199253,-0.618928,2.384598
0.039315,-0.648540,2.377097
-0.227016,-0.691573,2.311389
0.046302,-0.710443,2.318106
-0.073035,0.932451,2.332621
-0.067873,0.748902,2.317115
-0.235216,0.604565,2.250576
0.091447,0.650136,2.229473
-0.249728,0.377184,2.100322
0.018493,0.455835,2.046882
0.021758,0.505792,2.046882
-0.227839,0.462343,2.041516
0.085879,0.490220,1.996981
-0.295877,0.465812,2.082787
-0.067959,0.389291,2.335924
-0.071302,0.320945,2.298278
-0.141347,0.243838,2.297739
-0.002253,0.247511,2.285520
-0.190297,-0.280693,2.380759
0.025250,-0.289761,2.359824
-0.198918,-0.619199,2.384598
0.040032,-0.647844,2.377194
-0.227280,-0.691670,2.311255
0.046201,-0.710188,2.317984
-0.070581,0.931976,2.334311
-0.061879,0.747464,2.312030
-0.230339,0.599514,2.250988
0.096572,0.647835,2.223582
-0.246173,0.368807,2.108607
0.017237,0.451822,2.047380
0.022711,0.496408,2.047380
-0.227713,0.452581,2.037832
0.086795,0.480845,1.993323
-0.294683,0.456486,2.085605
-0.061127,0.371927,2.328537
-0.065274,0.298189,2.290433
-0.136769,0.215987,2.275475
0.004015,0.227021,2.289918
-0.188094,-0.281718,2.380260
0.026551,-0.289926,2.359433
-0.198763,-0.619342,2.384536
0.040358,-0.647618,2.377190
-0.227412,-0.691832,2.311354
0.046595,-0.710244,2.318436
-0.059089,0.932780,2.332279
-0.054422,0.747503,2.307125
-0.229301,0.592979,2.253154
0.101869,0.644032,2.222062
-0.283542,0.358567,2.135684
0.098518,0.425981,2.058035
0.019656,0.491583,2.058035
-0.200947,0.434649,2.047023
0.083670,0.476038,2.002562
-0.287839,0.438616,2.089173
-0.063161,0.350441,2.323115
-0.069039,0.273146,2.285114
-0.146046,0.189180,2.251273
0.002547,0.181738,2.305517
-0.186465,-0.281873,2.379400
0.027638,-0.290208,2.358723
-0.198673,-0.619499,2.384317
0.040711,-0.647803,2.377983
-0.228031,-0.692316,2.311745
0.047296,-0.709990,2.319102
-0.065369,0.930781,2.318969
-0.051389,0.747523,2.305918
-0.226807,0.594067,2.255937
0.105250,0.642792,2.222737
-0.288647,0.361914,2.139243
0.097429,0.426031,2.057954
0.022718,0.493071,2.057954
-0.195683,0.431141,2.051052
0.086703,0.477532,2.006611
-0.282575,0.435108,2.091208
-0.062800,0.347785,2.321454
-0.069650,0.270233,2.283269
-0.146711,0.189428,2.252201
0.001004,0.181051,2.298081
-0.185751,-0.281922,2.378961
0.028330,-0.290519,2.358078
-0.198528,-0.619852,2.384257
0.041175,-0.648372,2.379014
-0.228343,-0.692429,2.311637
0.047424,-0.710185,2.319262
-0.062630,0.930740,2.320554
-0.050872,0.746765,2.305075
-0.226248,0.590347,2.256202
0.109177,0.641080,2.222359
-0.292084,0.359140,2.141754
0.095939,0.425285,2.057611
0.020807,0.484603,2.057611
-0.194599,0.430070,2.054008
0.084764,0.469071,2.009587
-0.281491,0.434037,2.092911
-0.061823,0.346367,2.320200
-0.068832,0.269120,2.282055
-0.145996,0.188048,2.249001
0.001883,0.180724,2.298380
-0.184271,-0.281205,2.378350
0.028758,-0.290782,2.357537
-0.198262,-0.619996,2.384373
0.041050,-0.648490,2.379064
-0.228922,-0.692660,2.311502
0.047144,-0.710232,2.320201
-0.003877,0.928948,2.351555
-0.047539,0.747295,2.303967
-0.223545,0.588473,2.256599
0.116697,0.631021,2.214794
-0.295045,0.359194,2.143437
0.089962,0.415442,2.052939
0.018038,0.481175,2.052939
-0.193917,0.428465,2.054708
0.081967,0.465650,2.010307
-0.280809,0.432432,2.093672
-0.059994,0.344686,2.318744
-0.068129,0.267268,2.280455
-0.145914,0.188085,2.249400
0.002831,0.179884,2.293743
-0.183457,-0.281234,2.377928
0.029596,-0.291061,2.356954
-0.197620,-0.620312,2.384763
0.041038,-0.648516,2.379132
-0.229123,-0.692648,2.311494
0.047653,-0.710064,2.320271
-0.007222,0.929502,2.346094
-0.044311,0.746235,2.303130
-0.222823,0.588361,2.257335
0.117376,0.630252,2.213343
-0.297124,0.360080,2.145824
0.089403,0.414624,2.053049
0.015612,0.479688,2.053049
-0.194418,0.426846,2.055727
0.079512,0.464170,2.011345
-0.281310,0.430813,2.093665
-0.058434,0.342899,2.317422
-0.067239,0.265657,2.278964
-0.145605,0.187958,2.249896
0.003692,0.179368,2.289689
-0.182697,-0.281628,2.378148
0.029862,-0.291556,2.356763
-0.197667,-0.620414,2.384763
0.041361,-0.648245,2.379212
-0.229111,-0.692796,2.311414
0.047725,-0.709831,2.320581
-0.011015,0.931311,2.342357
-0.042067,0.746836,2.302790
-0.220750,0.588623,2.258181
0.118798,0.630257,2.212896
-0.298618,0.361660,2.148158
0.081577,0.415483,2.054662
0.013920,0.478693,2.054662
-0.190052,0.424776,2.056826
0.077792,0.463182,2.012464
-0.276944,0.428743,2.092567
-0.057529,0.342522,2.316742
-0.066739,0.265307,2.278011
-0.145318,0.188251,2.250135
0.004042,0.179708,2.287292
-0.182236,-0.282072,2.378109
0.029905,-0.291985,2.356425
-0.197675,-0.620361,2.384774
0.041143,-0.648292,2.379124
-0.229164,-0.692857,2.311427
0.048042,-0.709310,2.320420
-0.013535,0.931774,2.337943
-0.041672,0.746852,2.302665
-0.219655,0.587727,2.258789
0.119571,0.630214,2.212272
-0.296896,0.360781,2.149861
0.081271,0.416348,2.053927
0.015476,0.476509,2.053927
-0.189844,0.424612,2.059213
0.079319,0.461004,2.014870
-0.276736,0.428579,2.092400
-0.056965,0.341773,2.316110
-0.066468,0.264523,2.276920
-0.145208,0.188207,2.250323
0.004212,0.179538,2.284526
-0.181980,-0.282391,2.378060
0.029590,-0.292429,2.356215
-0.197665,-0.620249,2.384777
0.041116,-0.648283,2.379128
-0.229225,-0.692723,2.311291
0.048003,-0.709306,2.320603
-0.013940,0.932388,2.337010
-0.040512,0.747124,2.302540
-0.217913,0.587617,2.260015
0.120528,0.630806,2.209679
-0.303726,0.362170,2.157691
0.080834,0.416536,2.053547
0.007864,0.476487,2.053547
-0.190209,0.424721,2.065111
0.071679,0.460990,2.020788
-0.277101,0.428688,2.092340
-0.056122,0.341396,2.315612
-0.066278,0.264199,2.276005
-0.144914,0.188664,2.251060
0.003907,0.179977,2.280564
-0.181981,-0.282420,2.378039
0.029774,-0.292483,2.355973
-0.198278,-0.619455,2.384570
0.040861,-0.646714,2.378824
-0.229498,-0.692639,2.311289
0.047491,-0.708860,2.322126
-0.018342,0.933437,2.335273
-0.037150,0.747117,2.301516
-0.217096,0.586931,2.260952
0.121392,0.632418,2.207661
-0.306069,0.362098,2.162588
0.080314,0.419272,2.051191
0.004750,0.475729,2.051191
-0.194650,0.424825,2.069252
0.068538,0.460238,2.024948
-0.281542,0.428792,2.091536
-0.054885,0.340874,2.314830
-0.065794,0.263764,2.275050
-0.144545,0.188650,2.251818
0.004108,0.180215,2.277696
-0.181955,-0.283112,2.378171
0.029708,-0.292710,2.355784
-0.198353,-0.619755,2.384721
0.040893,-0.646789,2.378849
-0.230169,-0.693183,2.311604
0.047371,-0.709252,2.322649
-0.020344,0.937597,2.334208
-0.033132,0.750668,2.301368
-0.216152,0.586743,2.262234
0.122699,0.633912,2.205725
-0.308131,0.362993,2.166414
0.078379,0.421235,2.050688
0.002233,0.475031,2.050688
-0.208370,0.428042,2.072304
0.065993,0.459547,2.028020
-0.295262,0.432009,2.093106
-0.053759,0.341232,2.314184
-0.065456,0.264045,2.274079
-0.144407,0.189052,2.251972
0.004102,0.181131,2.275792
-0.181952,-0.283058,2.378228
0.029820,-0.292709,2.355661
-0.198161,-0.620879,2.385023
0.040575,-0.646212,2.379381
-0.230362,-0.693303,2.311294
0.046880,-0.709034,2.322797
-0.019806,0.939676,2.333308
-0.028949,0.752406,2.300830
-0.214808,0.587288,2.264493
0.123081,0.633834,2.205296
-0.308691,0.364624,2.169790
0.076169,0.422775,2.049575
0.001333,0.474944,2.049575
-0.207871,0.428260,2.075149
0.065066,0.459467,2.030884
-0.294763,0.432227,2.092424
-0.052850,0.341448,2.313802
-0.065313,0.264224,2.273494
-0.144285,0.190249,2.254210
0.003354,0.182424,2.271524
-0.182073,-0.283040,2.378450
0.030051,-0.292983,2.355520
-0.198591,-0.620248,2.384890
0.040683,-0.645924,2.379347
-0.230502,-0.693330,2.311173
0.046824,-0.709389,2.323677
-0.023460,0.939921,2.331975
-0.028974,0.752455,2.300855
-0.214325,0.586652,2.265394
0.123974,0.635192,2.202856
-0.311113,0.365129,2.173228
0.074475,0.423773,2.049850
-0.001732,0.474881,2.049850
-0.207773,0.428275,2.078467
0.061973,0.459411,2.034220
-0.294665,0.432242,2.092199
-0.052330,0.341392,2.313722
-0.065317,0.264224,2.273025
-0.144271,0.190372,2.254663
0.003172,0.182619,2.270181
-0.182086,-0.283059,2.379281
0.030168,-0.293000,2.355349
-0.200391,-0.620100,2.385149
0.040678,-0.644841,2.379068
-0.230773,-0.693398,2.310143
0.046187,-0.709337,2.323641
-0.008838,0.939383,2.336486
-0.028935,0.752492,2.300856
-0.213565,0.585913,2.266046
0.123965,0.635829,2.202018
-0.313017,0.365445,2.176582
0.072997,0.425217,2.049339
-0.040177,0.473745,2.049339
-0.207498,0.428449,2.044676
0.023500,0.458281,2.000448
-0.294389,0.432416,2.091696
-0.051897,0.340322,2.313470
-0.065333,0.262715,2.272202
-0.144796,0.188558,2.258644
0.003370,0.180461,2.264946
-0.182308,-0.283966,2.380885
0.029938,-0.293061,2.355185
-0.201727,-0.620067,2.385380
0.040684,-0.644470,2.378875
-0.231374,-0.693432,2.309193
0.046186,-0.709440,2.323627
-0.010067,0.939560,2.333698
-0.028751,0.752535,2.300839
-0.212999,0.585912,2.267261
0.122895,0.633855,2.197333
-0.314003,0.366351,2.179413
0.069296,0.423713,2.046106
-0.040233,0.473659,2.046106
-0.207026,0.428030,2.044772
0.023418,0.458202,2.000563
-0.293918,0.431997,2.090149
-0.051209,0.340121,2.313375
-0.065608,0.262589,2.271755
-0.144962,0.189078,2.259519
0.002100,0.180733,2.263182
-0.183175,-0.283620,2.382430
0.029753,-0.293303,2.354886
-0.204205,-0.619617,2.386213
0.040638,-0.644270,2.378816
-0.231708,-0.693171,2.308138
0.045882,-0.708314,2.321156
-0.019876,0.940299,2.330930
-0.028813,0.752604,2.300791
-0.213811,0.585934,2.269784
0.123590,0.633753,2.196573
-0.314773,0.366822,2.182510
0.065737,0.426400,2.043633
-0.040242,0.473864,2.043633
-0.208863,0.429313,2.045448
0.023382,0.458413,2.001259
-0.295755,0.433280,2.088463
-0.050938,0.340250,2.313413
-0.065851,0.262860,2.271479
-0.147483,0.189994,2.267126
0.002296,0.180711,2.255960
-0.184061,-0.283090,2.383431
0.029455,-0.294050,2.354017
-0.205308,-0.620704,2.386379
0.040551,-0.644154,2.378825
-0.232233,-0.692955,2.307301
0.045916,-0.708193,2.321210
-0.017349,0.939653,2.327194
-0.027070,0.752050,2.299408
-0.213411,0.585923,2.271119
0.123786,0.632844,2.195290
-0.314848,0.367353,2.184985
0.063709,0.426733,2.042431
-0.040207,0.473563,2.042431
-0.209722,0.430939,2.046234
0.023390,0.458119,2.002064
-0.296614,0.434907,2.087098
-0.050679,0.339940,2.313082
-0.066215,0.262549,2.271034
-0.148410,0.189799,2.269150
0.001420,0.179847,2.253396
-0.184835,-0.282770,2.384135
0.029416,-0.294339,2.353364
-0.206063,-0.620128,2.386571
0.040458,-0.643840,2.378705
-0.232367,-0.692537,2.306788
0.045938,-0.708244,2.321506
-0.015800,0.940348,2.325657
-0.026250,0.752831,2.299275
-0.212063,0.586858,2.273092
0.123774,0.632588,2.193661
-0.315518,0.369494,2.188372
0.061624,0.427010,2.042036
-0.040489,0.473862,2.042036
-0.170533,0.474017,2.047767
0.023077,0.458425,2.003617
-0.247919,0.489686,2.119808
-0.050231,0.340114,2.312841
-0.066466,0.262810,2.270619
-0.148293,0.190430,2.269060
0.000558,0.180666,2.253120
-0.186104,-0.282085,2.384375
0.029508,-0.294695,2.352931
-0.206185,-0.620259,2.386563
0.039543,-0.642110,2.378258
-0.232911,-0.692000,2.305411
0.045600,-0.708389,2.321467
-0.020406,0.941630,2.324011
-0.026237,0.753931,2.298641
-0.212176,0.587014,2.274431
0.123751,0.632845,2.193089
-0.315688,0.369804,2.191635
0.059236,0.429050,2.040779
-0.040578,0.474091,2.040779
-0.173490,0.485610,2.046528
0.022954,0.458662,2.002402
-0.251065,0.504464,2.102689
-0.050407,0.340220,2.312519
-0.067153,0.262817,2.270154
-0.149187,0.190507,2.270357
-0.000477,0.180549,2.251235
-0.186430,-0.282017,2.384561
0.029613,-0.294845,2.352445
-0.207568,-0.620532,2.386684
0.039599,-0.641671,2.378488
-0.233221,-0.692315,2.305187
0.045444,-0.708344,2.321565
-0.021774,0.943275,2.323509
-0.025843,0.755419,2.298475
-0.222796,0.611333,2.302696
0.122658,0.632627,2.191972
-0.301581,0.391728,2.195175
0.054233,0.430545,2.039882
-0.035836,0.471074,2.039882
-0.175604,0.439042,2.040384
0.027668,0.455652,1.996278
-0.252216,0.441875,2.140751
-0.048431,0.341141,2.311522
-0.068214,0.264004,2.269736
-0.150568,0.192067,2.271477
-0.001472,0.181529,2.250269
-0.187236,-0.282922,2.385058
0.029641,-0.294868,2.351873
-0.208139,-0.622270,2.386966
0.039405,-0.641533,2.378433
-0.233899,-0.692604,2.305016
0.045382,-0.707682,2.321276
-0.023175,0.942415,2.323725
-0.028507,0.754383,2.297479
-0.219091,0.594361,2.289756
0.122277,0.632151,2.189893
-0.309080,0.375876,2.193625
0.053099,0.430306,2.038819
-0.035722,0.470866,2.038819
-0.177291,0.510327,2.039426
0.027749,0.455452,1.995342
-0.254088,0.537000,2.060133
-0.049703,0.341328,2.311475
-0.068535,0.264129,2.269415
-0.150496,0.192135,2.271316
-0.001714,0.181722,2.250283
-0.189055,-0.283653,2.385783
0.029555,-0.295749,2.351359
-0.209064,-0.623785,2.386288
0.039191,-0.640912,2.378288
-0.234550,-0.692900,2.304051
0.045432,-0.707377,2.320441
-0.025697,0.941833,2.322848
-0.028044,0.753632,2.296370
-0.223280,0.605521,2.300523
0.120198,0.631654,2.187479
-0.302455,0.385989,2.196283
0.052020,0.429644,2.037061
-0.035697,0.470930,2.037061
-0.177046,0.505903,2.038715
0.027740,0.455525,1.994655
-0.253402,0.531323,2.077089
-0.048851,0.341662,2.310699
-0.069124,0.264811,2.269049
-0.151337,0.193065,2.272626
-0.002481,0.182330,2.248841
-0.189750,-0.283511,2.385931
0.029661,-0.296036,2.350824
-0.210392,-0.624237,2.386868
0.039174,-0.641402,2.378074
-0.235028,-0.692926,2.303541
0.045511,-0.707232,2.320746
-0.029671,0.941141,2.319635
-0.030958,0.753009,2.295211
-0.227922,0.606093,2.303737
0.116790,0.633389,2.183249
-0.301704,0.386273,2.196421
0.052305,0.428429,2.036796
-0.033857,0.470661,2.036796
-0.177762,0.441730,2.036421
0.029554,0.455262,1.992379
-0.254451,0.446164,2.130445
-0.049310,0.342731,2.309821
-0.070141,0.266134,2.268592
-0.152191,0.193656,2.273754
-0.002910,0.183265,2.247225
-0.190069,-0.283198,2.386102
0.029783,-0.295419,2.350104
-0.210597,-0.624262,2.386911
0.039121,-0.641397,2.378018
-0.235445,-0.692959,2.303178
0.045312,-0.707764,2.321831
-0.030854,0.941399,2.319441
-0.032461,0.753082,2.294550
-0.223154,0.592537,2.292067
0.116005,0.632632,2.182248
-0.308938,0.374357,2.194699
0.050965,0.429187,2.034513
-0.032366,0.470085,2.034513
-0.176922,0.442275,2.033522
0.031019,0.454693,1.989498
-0.252884,0.446638,2.134175
-0.050803,0.342149,2.309457
-0.070717,0.265321,2.268076
-0.152302,0.193054,2.274068
-0.003360,0.182575,2.246189
-0.190236,-0.282927,2.386223
0.029780,-0.295899,2.349659
-0.210645,-0.624274,2.386905
0.039046,-0.641555,2.378057
-0.235327,-0.692851,2.302270
0.046003,-0.707566,2.321737
-0.030930,0.941021,2.315002
-0.032476,0.752937,2.293238
-0.225787,0.606445,2.301650
0.115782,0.632914,2.181291
-0.301957,0.387170,2.198258
0.050807,0.429733,2.034033
-0.031977,0.469782,2.034033
-0.177170,0.472148,2.033088
0.031379,0.454396,1.989085
-0.253162,0.486286,2.117932
-0.050165,0.342907,2.308541
-0.070896,0.266271,2.267740
-0.152414,0.193879,2.274401
-0.003395,0.183283,2.245807
-0.190548,-0.283050,2.386686
0.029793,-0.295953,2.349363
-0.210962,-0.624460,2.387250
0.039310,-0.641901,2.378052
-0.235420,-0.692784,2.302317
0.046009,-0.707875,2.321957
-0.030672,0.940719,2.313776
-0.032530,0.752513,2.292136
-0.226485,0.613554,2.305185
0.115267,0.635705,2.178515
-0.298526,0.393975,2.200096
0.049959,0.431988,2.033349
-0.030230,0.469350,2.033349
-0.185276,0.466213,2.030676
0.033097,0.453972,1.986692
-0.203195,0.460145,2.035250
-0.049860,0.344154,2.307569
-0.071141,0.268089,2.267295
-0.152464,0.195655,2.274652
-0.003607,0.184834,2.245372
-0.190491,-0.282980,2.387043
0.029796,-0.296205,2.349013
-0.210950,-0.624699,2.387309
0.039292,-0.642038,2.378288
-0.235639,-0.692830,2.302258
0.046409,-0.707717,2.321007
-0.005861,0.939559,2.314139
-0.032317,0.752820,2.290426
-0.226616,0.614424,2.305090
0.110676,0.637780,2.174620
-0.298615,0.395544,2.199409
0.051202,0.430727,2.033269
-0.029919,0.470604,2.033269
-0.183023,0.470246,2.028693
0.033380,0.455232,1.984729
-0.208634,0.463874,2.035730
-0.049406,0.344680,2.306606
-0.071135,0.268438,2.267047
-0.152135,0.196355,2.274858
-0.003768,0.185706,2.244951
-0.189187,-0.282249,2.388153
0.029779,-0.296229,2.348794
-0.210571,-0.623871,2.387814
0.039367,-0.642653,2.378704
-0.235412,-0.692275,2.302992
0.046749,-0.707678,2.320837
-0.015590,0.939505,2.310212
-0.033535,0.751899,2.288947
-0.226430,0.614934,2.303993
0.109466,0.638943,2.173504
-0.297868,0.396450,2.198057
0.051343,0.431857,2.032462
-0.028786,0.470560,2.032462
-0.182557,0.469484,2.025157
0.034484,0.455195,1.981213
-0.208704,0.463679,2.035644
-0.049695,0.345785,2.305616
-0.071190,0.269894,2.266529
-0.150905,0.199022,2.272815
-0.004334,0.189064,2.246357
-0.188569,-0.282236,2.389255
0.029886,-0.296603,2.348517
-0.210546,-0.623862,2.387828
0.039088,-0.642850,2.378290
-0.235526,-0.692760,2.303417
0.046377,-0.707872,2.321054
-0.002895,0.939388,2.316501
-0.033098,0.752447,2.288156
-0.226723,0.615662,2.302975
0.109710,0.640288,2.172401
-0.298121,0.397633,2.197198
0.051381,0.432897,2.033078
-0.027430,0.470303,2.033078
-0.182538,0.468142,2.024132
0.035812,0.454945,1.980208
-0.209772,0.463120,2.036013
-0.049299,0.347075,2.304687
-0.070605,0.271177,2.266109
-0.150407,0.199820,2.272502
-0.003653,0.190222,2.246370
-0.186975,-0.281872,2.390536
0.024327,-0.296770,2.349090
-0.210583,-0.623442,2.388083
0.039329,-0.643028,2.378803
-0.235346,-0.692300,2.303542
0.046780,-0.707885,2.321044
-0.002524,0.938366,2.318113
-0.034131,0.751221,2.286139
-0.226953,0.615646,2.301295
0.109390,0.640684,2.172203
-0.298310,0.398315,2.194887
0.051392,0.433731,2.032849
-0.026867,0.470088,2.032849
-0.182130,0.467710,2.023746
0.036346,0.454737,1.979841
-0.209930,0.463079,2.036330
-0.049430,0.347812,2.303781
-0.070177,0.272031,2.265713
-0.149018,0.200944,2.270801
-0.003051,0.191911,2.247502
-0.186153,-0.281462,2.391252
0.024292,-0.296306,2.348981
-0.210035,-0.623297,2.388249
0.039491,-0.643213,2.378672
-0.235281,-0.691901,2.303605
0.047253,-0.707812,2.320420
-0.002041,0.938994,2.319921
-0.033229,0.751396,2.283860
-0.226723,0.616569,2.300169
0.109522,0.641588,2.171814
-0.297884,0.399741,2.193558
0.051629,0.434897,2.032894
-0.026677,0.470496,2.032894
-0.181569,0.467656,2.023993
0.036508,0.455152,1.980107
-0.210050,0.463418,2.036633
-0.049318,0.348375,2.302711
-0.069810,0.272353,2.265482
-0.148745,0.201169,2.270686
-0.002670,0.192159,2.247619
-0.185679,-0.282286,2.391903
0.024008,-0.296099,2.349086
-0.209874,-0.623092,2.388278
0.039444,-0.643304,2.378616
-0.235242,-0.691876,2.303779
0.047167,-0.708221,2.321189
-0.000556,0.937360,2.321198
-0.034297,0.749931,2.281792
-0.220149,0.600016,2.279570
0.110242,0.642797,2.171751
-0.306397,0.383612,2.190791
0.051822,0.436199,2.033993
-0.030975,0.472895,2.033993
-0.181355,0.463267,2.027713
0.032183,0.457558,1.983847
-0.213470,0.460875,2.039423
-0.050896,0.348027,2.302130
-0.069273,0.271681,2.265240
-0.147603,0.199619,2.269355
-0.001620,0.191679,2.248874
-0.185132,-0.282353,2.392213
0.024175,-0.295741,2.349190
-0.209456,-0.622733,2.388429
0.039506,-0.643507,2.378538
-0.234956,-0.691775,2.304146
0.046834,-0.708257,2.321644
-0.019085,0.939422,2.306606
-0.034237,0.750383,2.281268
-0.223947,0.607222,2.284369
0.110585,0.643604,2.171680
-0.302096,0.389561,2.190995
0.052153,0.437096,2.034793
-0.032974,0.473358,2.034793
-0.180674,0.463460,2.029608
0.030155,0.458027,1.985762
-0.213928,0.461354,2.040293
-0.050452,0.349672,2.300982
-0.068721,0.273570,2.265105
-0.146896,0.201491,2.268197
-0.001104,0.193571,2.250487
-0.184913,-0.282797,2.392235
0.026799,-0.294259,2.349561
-0.209239,-0.622539,2.388645
0.039452,-0.643783,2.378503
-0.235008,-0.691671,2.304489
0.046390,-0.708375,2.322445
-0.024109,0.939872,2.305099
-0.034256,0.750493,2.280737
-0.224851,0.611294,2.286125
0.110754,0.643853,2.171761
-0.299643,0.393433,2.191115
0.052306,0.437707,2.035192
-0.034447,0.473975,2.035192
-0.168741,0.492953,2.030931
0.028655,0.458651,1.987103
-0.242423,0.511368,2.117902
-0.050308,0.350310,2.300061
-0.068321,0.274240,2.265009
-0.146044,0.202653,2.266100
-0.000355,0.194741,2.253031
-0.184736,-0.282771,2.392099
0.026671,-0.294179,2.349632
-0.209113,-0.622866,2.388396
0.039571,-0.644199,2.378401
-0.235155,-0.691937,2.304250
0.046267,-0.708656,2.323508
-0.028296,0.939951,2.305524
-0.034914,0.750212,2.280094
-0.225675,0.612170,2.286206
0.111863,0.643584,2.172716
-0.286957,0.393046,2.183321
0.052108,0.438751,2.035274
-0.034957,0.474653,2.035274
-0.168550,0.479865,2.031682
0.028120,0.459335,1.987871
-0.242103,0.493570,2.129440
-0.050644,0.350766,2.299400
-0.068128,0.274771,2.265078
-0.145934,0.203113,2.265186
0.000381,0.195076,2.255171
-0.184532,-0.283073,2.391880
0.026570,-0.293647,2.349853
-0.209104,-0.622837,2.388355
0.039782,-0.643948,2.378675
-0.235120,-0.692750,2.304864
0.046888,-0.709005,2.320665
-0.010992,0.939189,2.314023
-0.035053,0.750057,2.279548
-0.226628,0.613970,2.286300
0.112315,0.644691,2.173377
-0.278234,0.394290,2.179112
0.053278,0.439815,2.036557
-0.034642,0.474876,2.036557
-0.168810,0.465650,2.031695
0.028410,0.459564,1.987902
-0.242840,0.474262,2.132249
-0.050846,0.352138,2.298513
-0.067890,0.276593,2.264974
-0.145901,0.204643,2.264104
0.000632,0.196417,2.256237
-0.184157,-0.282427,2.391198
0.026830,-0.292933,2.350096
-0.209450,-0.622474,2.388060
0.040046,-0.640923,2.378380
-0.235085,-0.692813,2.304768
0.046770,-0.708781,2.320746
-0.008069,0.939091,2.320004
-0.035113,0.750028,2.279214
-0.226956,0.615554,2.286030
0.112359,0.644899,2.173418
-0.278986,0.395879,2.180420
0.054626,0.439824,2.037202
-0.039122,0.476460,2.037202
-0.167465,0.454556,2.035174
0.023905,0.461154,1.991398
-0.241495,0.459467,2.134880
-0.051003,0.352302,2.297868
-0.067750,0.276672,2.264973
-0.145513,0.204738,2.262670
0.001131,0.196510,2.258120
-0.183857,-0.282257,2.390479
0.027165,-0.292931,2.350428
-0.209486,-0.622254,2.387892
0.040178,-0.640892,2.378436
-0.234551,-0.692643,2.304430
0.046464,-0.708551,2.321432
-0.005563,0.938633,2.322285
-0.034931,0.749784,2.278785
-0.220855,0.601878,2.270080
0.112976,0.644720,2.173700
-0.287030,0.382075,2.178539
0.056423,0.438742,2.039585
-0.036101,0.475565,2.039585
-0.165546,0.442549,2.036172
0.026902,0.460265,1.992414
-0.239536,0.443817,2.137659
-0.051969,0.351826,2.297522
-0.067207,0.275808,2.264945
-0.144638,0.203366,2.261166
0.001642,0.195361,2.259682
-0.183646,-0.282115,2.389749
0.027423,-0.292749,2.350692
-0.209635,-0.621951,2.387666
0.040265,-0.640841,2.378459
-0.234714,-0.692788,2.304553
0.046469,-0.708320,2.321320
-0.028350,0.940640,2.315249
-0.034968,0.749729,2.278781
-0.221488,0.598535,2.267282
0.113361,0.644027,2.174469
-0.288001,0.378765,2.177693
0.059792,0.436861,2.042138
-0.036146,0.475423,2.042138
-0.162885,0.439983,2.036788
0.026831,0.460129,1.993047
-0.237111,0.441023,2.136080
-0.052306,0.351430,2.297131
-0.066953,0.275105,2.265072
-0.144373,0.202078,2.260173
0.001989,0.194368,2.261114
-0.183163,-0.281436,2.388277
0.027987,-0.291863,2.351224
-0.209170,-0.621118,2.387231
0.040397,-0.640854,2.378582
-0.234111,-0.692775,2.304751
0.046566,-0.707678,2.320309
-0.034658,0.940633,2.311341
-0.034958,0.749711,2.278739
-0.221561,0.598206,2.266328
0.113452,0.643778,2.174659
-0.289299,0.379697,2.174841
0.019372,0.442050,2.063644
-0.036154,0.475065,2.063644
-0.204424,0.423914,2.037311
0.026798,0.459777,1.993588
-0.225655,0.433202,2.083222
-0.052365,0.350847,2.296570
-0.066705,0.274184,2.265005
-0.144097,0.200217,2.257564
0.002259,0.193111,2.263134
-0.182795,-0.280551,2.386008
0.028206,-0.291639,2.351644
-0.208849,-0.620625,2.386762
0.041530,-0.643132,2.380048
-0.234018,-0.692369,2.305079
0.046621,-0.708353,2.320702
-0.036115,0.940398,2.311155
-0.035501,0.749372,2.278643
-0.221718,0.597759,2.265030
0.114318,0.643320,2.175845
-0.289760,0.381174,2.168550
0.019561,0.442637,2.063987
-0.031722,0.475126,2.063987
-0.204488,0.427016,2.039379
0.031206,0.459845,1.995672
-0.227567,0.435432,2.083338
-0.052736,0.350723,2.296135
-0.066649,0.273992,2.264959
-0.144070,0.199674,2.255507
0.002546,0.192289,2.264750
-0.182477,-0.280039,2.384081
0.028385,-0.291238,2.351902
-0.208088,-0.619757,2.386199
0.043028,-0.643949,2.381255
-0.233715,-0.692104,2.305612
0.046818,-0.708356,2.320575
-0.069174,0.935775,2.295598
-0.035395,0.749318,2.278494
-0.221923,0.595689,2.260631
0.115656,0.643763,2.178127
-0.290341,0.380138,2.162359
0.020366,0.444179,2.065150
-0.029840,0.475197,2.065150
-0.186242,0.372685,2.040418
0.033064,0.459921,1.996729
-0.255111,0.348853,2.169440
-0.053128,0.350824,2.295821
-0.066254,0.274040,2.264941
-0.143475,0.199376,2.253640
0.003546,0.192444,2.266883
-0.182334,-0.280546,2.382520
0.028576,-0.290767,2.352249
-0.208096,-0.619847,2.385901
0.042626,-0.642957,2.380917
-0.233686,-0.692122,2.305742
0.046829,-0.707987,2.320314
-0.064098,0.936945,2.298721
-0.036114,0.748993,2.278445
-0.223122,0.594857,2.257996
0.116405,0.642992,2.179430
-0.283019,0.378970,2.154098
0.020458,0.444428,2.065651
-0.027421,0.475274,2.065651
-0.185886,0.371526,2.041824
0.035457,0.460004,1.998153
-0.254668,0.347226,2.168134
-0.054072,0.349839,2.295548
-0.066675,0.272753,2.265009
-0.144749,0.198083,2.253360
0.003520,0.190319,2.267405
-0.182420,-0.280218,2.380454
0.028964,-0.289871,2.352508
-0.207599,-0.619522,2.385415
0.042601,-0.642339,2.380862
-0.233452,-0.691784,2.305964
0.047007,-0.707768,2.320234
-0.063194,0.937246,2.299190
-0.037149,0.748840,2.278559
-0.224554,0.592469,2.252388
0.116788,0.642918,2.180963
-0.284206,0.376318,2.150417
0.084369,0.427571,2.061363
-0.026058,0.475430,2.061363
-0.143189,0.447806,2.042931
0.036795,0.460166,1.999277
-0.220620,0.450931,2.082485
-0.054840,0.349818,2.295363
-0.066666,0.272667,2.265013
-0.144947,0.197585,2.252348
0.003802,0.189923,2.268366
-0.182916,-0.279366,2.377403
0.029036,-0.289679,2.352620
-0.207057,-0.619241,2.385074
0.042478,-0.642432,2.381141
-0.233498,-0.691743,2.306104
0.047023,-0.707732,2.320216
-0.062239,0.937455,2.300298
-0.037432,0.748614,2.278337
-0.223364,0.591023,2.247411
0.117195,0.642511,2.182529
-0.251886,0.375620,2.127429
0.022445,0.444122,2.069010
0.004827,0.472602,2.069010
-0.203868,0.433420,2.034605
0.067655,0.457344,1.990968
-0.230378,0.440242,2.081558
-0.055406,0.349773,2.295154
-0.066534,0.272532,2.265061
-0.144612,0.197222,2.250980
0.004234,0.189494,2.270643
-0.183254,-0.278924,2.375082
0.029196,-0.289020,2.352934
-0.205307,-0.618571,2.384205
0.042358,-0.642059,2.381864
-0.233448,-0.691851,2.306141
0.047457,-0.707260,2.319196
-0.069587,0.936282,2.296437
-0.035484,0.749336,2.278391
-0.222649,0.591472,2.244745
0.118312,0.643952,2.185351
-0.251640,0.375812,2.126624
0.085770,0.431936,2.059943
0.005231,0.472695,2.059943
-0.139889,0.445211,2.034018
0.068034,0.457444,1.990399
-0.157246,0.445087,2.070091
-0.055625,0.349507,2.295056
-0.066308,0.272081,2.265227
-0.144787,0.196966,2.250804
0.004501,0.188929,2.271329
-0.182861,-0.279433,2.373779
0.029347,-0.288407,2.353207
-0.204100,-0.618659,2.383868
0.042372,-0.642081,2.381876
-0.233008,-0.691671,2.306113
0.047619,-0.707163,2.319194
-0.072363,0.934924,2.292584
-0.036660,0.748722,2.278265
-0.218958,0.586671,2.234683
0.118961,0.644403,2.187471
-0.252837,0.369602,2.123065
0.085958,0.433817,2.060071
0.006137,0.472413,2.060071
-0.149618,0.440093,2.031995
0.068915,0.457168,1.988392
-0.236510,0.444060,2.083798
-0.056677,0.349582,2.294915
-0.066272,0.272078,2.265204
-0.144332,0.196626,2.247611
0.004705,0.189086,2.273482
-0.182681,-0.278606,2.371661
0.029395,-0.287577,2.353467
-0.202770,-0.619117,2.382957
0.042296,-0.641587,2.381570
-0.232992,-0.692100,2.307383
0.048042,-0.707045,2.318667
-0.071429,0.935203,2.294095
-0.036856,0.748388,2.278052
-0.217781,0.586624,2.231198
0.118392,0.644351,2.189202
-0.249964,0.369919,2.119092
0.086324,0.434916,2.060002
0.010827,0.476663,2.060002
-0.149703,0.440513,2.040504
0.073582,0.461423,1.996918
-0.236595,0.444480,2.083843
-0.057312,0.348378,2.294749
-0.066378,0.270562,2.265399
-0.144521,0.195866,2.247394
0.004443,0.188079,2.274363
-0.182639,-0.279665,2.369848
0.029380,-0.287546,2.353845
-0.202546,-0.619554,2.382607
0.042573,-0.641930,2.381566
-0.232862,-0.692250,2.307518
0.049932,-0.708340,2.319647
-0.077858,0.935490,2.290402
-0.037811,0.750265,2.278084
-0.219700,0.596203,2.229891
0.118307,0.645056,2.190950
-0.242273,0.382294,2.108855
0.086747,0.436502,2.060652
0.058283,0.469692,2.060652
-0.137870,0.443296,2.049510
0.121014,0.454459,2.005941
-0.162528,0.445381,2.073019
-0.057620,0.349375,2.294473
-0.066161,0.271479,2.265338
-0.145739,0.199671,2.250254
0.006228,0.189303,2.271808
-0.181757,-0.283656,2.368375
0.030372,-0.289682,2.355057
-0.199452,-0.626772,2.381318
0.042466,-0.643245,2.381655
-0.233047,-0.693137,2.305842
0.050291,-0.708503,2.318761
-0.072938,0.938667,2.294374
-0.040036,0.751258,2.278046
-0.220605,0.599307,2.227962
0.118093,0.646786,2.194337
-0.234988,0.386144,2.104552
0.087570,0.439525,2.061972
0.070593,0.458186,2.061972
-0.137254,0.442129,2.057422
0.133301,0.442958,2.013869
-0.163094,0.445389,2.073333
-0.057627,0.350000,2.294559
-0.064939,0.272192,2.265894
-0.145342,0.201423,2.264337
0.014812,0.190469,2.261908
-0.182395,-0.287269,2.367290
0.030719,-0.291700,2.356487
-0.197260,-0.629950,2.381181
0.042775,-0.644028,2.381686
-0.233415,-0.693946,2.305296
0.051395,-0.709051,2.316927
-0.069674,0.941784,2.298054
-0.041275,0.753030,2.278008
-0.221504,0.600842,2.225438
0.117683,0.647672,2.197109
-0.233647,0.386924,2.104383
0.088622,0.441215,2.063546
-0.006768,0.456426,2.063546
-0.136321,0.442287,2.058585
0.055917,0.441203,2.015048
-0.162904,0.445967,2.073819
-0.050172,0.380642,2.292824
-0.052893,0.313451,2.263395
-0.129909,0.231495,2.251813
0.021164,0.241422,2.266353
-0.182464,-0.288606,2.366323
0.031549,-0.292943,2.357659
-0.196485,-0.631495,2.381332
0.044397,-0.647952,2.383913
-0.233582,-0.694298,2.304500
0.052161,-0.709693,2.316471
-0.076158,0.939791,2.295331
-0.047572,0.751156,2.276848
-0.223914,0.600310,2.221008
0.116606,0.650066,2.200689
-0.231593,0.378067,2.123294
0.090248,0.444645,2.065201
0.048881,0.480575,2.065201
-0.134392,0.443453,2.050941
0.111539,0.465359,2.007422
-0.161137,0.447739,2.075277
-0.051082,0.381703,2.292620
-0.052947,0.313838,2.263370
-0.129585,0.232060,2.251224
0.021239,0.241482,2.266543
-0.182281,-0.289604,2.365617
0.032297,-0.294397,2.358549
-0.196334,-0.631886,2.381343
0.045663,-0.651121,2.385922
-0.233440,-0.694381,2.303956
0.053080,-0.710197,2.316364
-0.067215,0.942751,2.304936
-0.048687,0.751662,2.276955
-0.223695,0.602324,2.218706
0.116029,0.650975,2.202979
-0.232027,0.371186,2.168456
0.092437,0.446537,2.065673
0.042202,0.483915,2.065673
-0.131676,0.446452,2.049480
0.104836,0.468705,2.005978
-0.157278,0.450443,2.075929
-0.051455,0.382469,2.292724
-0.052911,0.314054,2.263533
-0.129132,0.232685,2.251005
0.021311,0.241549,2.267223
-0.182255,-0.291172,2.364729
0.032393,-0.294592,2.358775
-0.195712,-0.632891,2.381257
0.045738,-0.650992,2.385920
-0.233450,-0.694549,2.303935
0.053032,-0.709660,2.314790
-0.066970,0.942926,2.305853
-0.049097,0.751605,2.277020
-0.225013,0.604084,2.217023
0.115814,0.651587,2.204268
-0.224565,0.346608,2.178294
0.093782,0.447958,2.065567
0.035276,0.482167,2.065567
-0.117457,0.538207,2.050817
0.097882,0.466963,2.007334
-0.187870,0.568290,2.093590
-0.051822,0.383101,2.292775
-0.053009,0.314359,2.263704
-0.129188,0.233002,2.250705
0.021313,0.241511,2.268028
-0.181829,-0.291337,2.363594
0.032006,-0.294744,2.359171
-0.195551,-0.633727,2.381187
0.045597,-0.651076,2.386410
-0.233498,-0.694636,2.303617
0.052832,-0.709521,2.314085
-0.080217,0.940382,2.292001
-0.048193,0.752549,2.277181
-0.224596,0.605796,2.215779
0.115931,0.651954,2.205054
-0.213841,0.374723,2.172188
0.096090,0.449009,2.065193
0.037919,0.487895,2.065193
-0.116087,0.536453,2.048687
0.100496,0.472698,2.005224
-0.186813,0.565600,2.092955
-0.051542,0.383547,2.292878
-0.052802,0.314410,2.263885
-0.128940,0.233292,2.250547
0.021612,0.241055,2.268866
-0.181742,-0.291568,2.362785
0.032188,-0.295402,2.359822
-0.195643,-0.634059,2.381080
0.045642,-0.653200,2.387093
-0.233584,-0.694934,2.303340
0.053073,-0.709605,2.313832
-0.075653,0.940008,2.295557
-0.053491,0.750051,2.276636
-0.225704,0.606554,2.213466
0.115445,0.652197,2.206524
-0.206911,0.335295,2.172529
0.100811,0.450060,2.064748
0.044555,0.485673,2.064748
-0.110710,0.538541,2.048470
0.107104,0.470483,2.005028
-0.128822,0.513737,2.052800
-0.052469,0.383210,2.292840
-0.053265,0.313759,2.264178
-0.129193,0.232945,2.250843
0.021566,0.239760,2.269059
-0.181460,-0.291866,2.361804
0.032397,-0.295495,2.360175
-0.195572,-0.634332,2.381086
0.046090,-0.653469,2.387484
-0.233481,-0.694995,2.303183
0.053222,-0.709759,2.313422
-0.072720,0.940568,2.298778
-0.055069,0.749590,2.276415
-0.226355,0.607252,2.211984
0.114899,0.653738,2.211011
-0.206987,0.335079,2.172548
0.105060,0.453033,2.066529
0.047261,0.482733,2.066529
-0.206115,0.477541,2.049850
0.109781,0.467551,2.006427
-0.297926,0.481896,2.057135
-0.053449,0.382968,2.292775
-0.053699,0.313205,2.264479
-0.129511,0.232559,2.251053
0.021431,0.238737,2.269472
-0.180754,-0.292450,2.360816
0.032613,-0.295620,2.361161
-0.195577,-0.634375,2.381095
0.046170,-0.653501,2.387524
-0.233491,-0.695343,2.303539
0.053489,-0.709839,2.313606
-0.076138,0.940019,2.293389
-0.053775,0.750302,2.277500
-0.226077,0.608098,2.211007
0.115112,0.653753,2.213487
-0.205975,0.334648,2.172182
0.111640,0.451475,2.071760
0.049041,0.482182,2.071760
-0.199646,0.476741,2.051793
0.111535,0.467005,2.008388
-0.298327,0.481665,2.056984
-0.053602,0.382862,2.292948
-0.053619,0.312889,2.264845
-0.129464,0.232452,2.251525
0.021451,0.238289,2.269559
-0.180164,-0.292868,2.359918
0.032764,-0.295647,2.361615
-0.195513,-0.634441,2.381076
0.045866,-0.653686,2.388345
-0.233486,-0.695650,2.303260
0.053489,-0.709835,2.313583
-0.080329,0.939456,2.291702
-0.053986,0.750505,2.278035
-0.226640,0.607741,2.209281
0.114455,0.653911,2.218266
-0.205553,0.334364,2.171849
0.117910,0.450055,2.079765
0.051664,0.478628,2.079765
-0.099825,0.525488,2.052905
0.114131,0.463458,2.009518
-0.172403,0.550632,2.087788
-0.054200,0.384104,2.293428
-0.053616,0.314065,2.265430
-0.129108,0.233246,2.250382
0.021307,0.239742,2.272715
-0.179854,-0.292515,2.358520
0.033103,-0.295822,2.362230
-0.195366,-0.634828,2.380972
0.047343,-0.655928,2.389510
-0.233478,-0.695863,2.303145
0.053467,-0.709924,2.313348
-0.074988,0.940795,2.302586
-0.058731,0.749112,2.277808
-0.227347,0.607035,2.207432
0.113591,0.653355,2.222658
-0.255120,0.370634,2.255918
0.120759,0.450404,2.083088
0.000975,0.461850,2.083088
-0.098164,0.522682,2.086921
0.063414,0.446687,2.043554
-0.109150,0.501589,2.057402
-0.055299,0.383676,2.293271
-0.053910,0.313581,2.265461
-0.129139,0.232867,2.250239
0.021301,0.238961,2.272767
-0.180174,-0.292547,2.356897
0.033224,-0.295345,2.362694
-0.195298,-0.634949,2.380880
0.047359,-0.655717,2.389551
-0.233517,-0.695863,2.302736
0.054949,-0.710527,2.313732
-0.074289,0.942180,2.309264
-0.059492,0.749718,2.278210
-0.227468,0.606397,2.206057
0.114636,0.652052,2.227299
-0.277186,0.375923,2.300486
0.124849,0.448926,2.088627
-0.027379,0.454948,2.088627
-0.093781,0.522431,2.115650
0.035033,0.439792,2.072301
-0.109595,0.502501,2.058756
-0.056018,0.384505,2.293377
-0.053962,0.314304,2.265677
-0.128721,0.233505,2.248110
0.021481,0.239387,2.275237
-0.180058,-0.292921,2.355146
0.033289,-0.295359,2.362866
-0.195149,-0.635288,2.380840
0.047402,-0.655160,2.389603
-0.233429,-0.695817,2.302696
0.054977,-0.710284,2.313889
-0.075093,0.942681,2.312959
-0.059863,0.749926,2.278387
-0.228035,0.606347,2.205220
0.113472,0.649611,2.231952
-0.268465,0.378524,2.270631
0.126769,0.447429,2.092258
-0.009278,0.459348,2.092258
-0.091351,0.522022,2.101941
0.053110,0.444198,2.058609
-0.110303,0.502755,2.060681
-0.056887,0.383721,2.293198
-0.054374,0.312939,2.265518
-0.129000,0.232618,2.248075
0.021242,0.237134,2.274282
-0.180889,-0.294164,2.352070
0.033536,-0.295754,2.363382
-0.194885,-0.636152,2.380672
0.047565,-0.655010,2.389754
-0.233423,-0.695891,2.302393
0.055128,-0.710263,2.313916
-0.071935,0.943030,2.315862
-0.061390,0.749718,2.278320
-0.228168,0.606790,2.204963
0.116384,0.646991,2.237941
-0.267432,0.376982,2.266777
0.132612,0.442945,2.102584
-0.004621,0.457682,2.102584
-0.085063,0.517943,2.104870
0.057742,0.442537,2.061556
-0.110890,0.500871,2.063487
-0.058050,0.383055,2.292761
-0.054854,0.312172,2.265115
-0.129548,0.231763,2.247576
0.021186,0.235356,2.273335
-0.180045,-0.294053,2.349175
0.033800,-0.295440,2.363997
-0.194232,-0.638938,2.380321
0.048009,-0.654601,2.390722
-0.234054,-0.696819,2.303406
0.055299,-0.710127,2.313668
-0.085610,0.940476,2.294995
-0.057626,0.751092,2.280626
-0.228165,0.606640,2.204576
0.117230,0.646692,2.242386
-0.277098,0.372459,2.286885
0.135809,0.442737,2.107576
-0.017100,0.450310,2.107576
-0.082650,0.514699,2.118987
0.045237,0.435171,2.075691
-0.109864,0.499008,2.066932
-0.058063,0.382639,2.292830
-0.054544,0.311682,2.264786
-0.129434,0.231231,2.246962
0.021513,0.234426,2.272486
-0.180218,-0.293729,2.345956
0.034177,-0.295158,2.364398
-0.194224,-0.638984,2.380280
0.048476,-0.654103,2.391298
-0.234286,-0.697143,2.303563
0.055651,-0.709715,2.313236
-0.077890,0.942597,2.306716
-0.062617,0.750168,2.280569
-0.228600,0.605795,2.203044
0.115965,0.646532,2.247714
-0.278153,0.372506,2.288184
0.140134,0.442496,2.114557
-0.019573,0.452047,2.114557
-0.057187,0.559920,2.119186
0.042734,0.436916,2.075912
-0.122960,0.599062,2.080774
-0.059907,0.380630,2.292212
-0.055443,0.309332,2.263660
-0.129936,0.229200,2.245685
0.021196,0.231918,2.270978
-0.180847,-0.294184,2.343290
0.034395,-0.295139,2.364753
-0.193988,-0.639243,2.380131
0.048786,-0.653792,2.391167
-0.234112,-0.697155,2.303488
0.055700,-0.709665,2.313251
-0.079914,0.941195,2.297208
-0.066005,0.749669,2.280072
-0.230360,0.607490,2.202013
0.115510,0.646153,2.251211
-0.275242,0.375187,2.269829
0.140602,0.443106,2.116752
-0.011289,0.455059,2.116752
-0.057231,0.558237,2.110967
0.050988,0.439935,2.067713
-0.123175,0.596615,2.073603
-0.061002,0.380287,2.291793
-0.055830,0.309075,2.262970
-0.130304,0.228677,2.244015
0.021191,0.231436,2.270499
-0.181457,-0.293262,2.339729
0.034475,-0.295273,2.365120
-0.193973,-0.639272,2.380159
0.048807,-0.653076,2.391030
-0.233966,-0.697101,2.303403
0.057061,-0.709945,2.312974
-0.074555,0.942067,2.300646
-0.067264,0.749576,2.279644
-0.230191,0.607135,2.199493
0.116085,0.644442,2.253621
-0.273791,0.375299,2.257533
0.135738,0.436860,2.127592
-0.090115,0.418404,2.127592
-0.042388,0.570679,2.074683
-0.027866,0.403287,2.031448
-0.101763,0.615286,2.037968
-0.062212,0.379416,2.291221
-0.056422,0.308093,2.262009
-0.130756,0.227975,2.242880
0.020890,0.229902,2.269443
-0.181702,-0.293249,2.337399
0.034382,-0.295239,2.365290
-0.193727,-0.639761,2.380091
0.048748,-0.652177,2.390789
-0.233965,-0.697197,2.303736
0.057829,-0.710392,2.312832
-0.072952,0.942167,2.300633
-0.067247,0.749541,2.279618
-0.230295,0.608686,2.198119
0.117396,0.641744,2.256129
-0.276647,0.372846,2.263961
0.135987,0.434978,2.128493
-0.089047,0.417545,2.128493
-0.033796,0.579202,2.074159
-0.026828,0.402435,2.030945
-0.090390,0.627276,2.039538
-0.062853,0.379128,2.291070
-0.056738,0.307823,2.261413
-0.131495,0.227506,2.240792
0.020645,0.229222,2.269207
-0.181134,-0.294729,2.336205
0.034446,-0.295216,2.365662
-0.192894,-0.641200,2.380308
0.048917,-0.652050,2.390890
-0.234226,-0.698649,2.305126
0.057896,-0.709909,2.312440
-0.076812,0.937986,2.286249
-0.076621,0.746648,2.274969
-0.233109,0.602522,2.187842
0.115521,0.643271,2.261074
-0.278011,0.370916,2.266015
0.140888,0.437088,2.134100
-0.091940,0.417975,2.134100
-0.032277,0.570891,2.071529
-0.029749,0.402872,2.028335
-0.089999,0.615492,2.027256
-0.066094,0.378169,2.289038
-0.057852,0.307060,2.260055
-0.132183,0.226178,2.238317
0.020424,0.228706,2.268995
-0.181878,-0.294763,2.334332
0.034280,-0.295026,2.365967
-0.191880,-0.642180,2.380933
0.048953,-0.651115,2.389939
-0.234049,-0.698366,2.305140
0.057730,-0.709763,2.312344
-0.074359,0.937993,2.288771
-0.075764,0.746059,2.274373
-0.232380,0.602367,2.185102
0.115784,0.643903,2.263263
-0.194507,0.394575,2.066592
0.139624,0.437811,2.136320
0.032869,0.401942,2.136320
-0.029722,0.572526,2.078878
0.095033,0.386845,2.035702
-0.086171,0.617431,2.020731
-0.066718,0.377871,2.288355
-0.058141,0.306800,2.259445
-0.132582,0.225591,2.236224
0.020108,0.228227,2.269108
-0.183078,-0.295924,2.333368
0.033875,-0.294902,2.366353
-0.191573,-0.642578,2.380635
0.048916,-0.651017,2.389810
-0.234060,-0.698806,2.304817
0.057594,-0.709722,2.312252
-0.072182,0.937720,2.291162
-0.076406,0.745103,2.272363
-0.233497,0.604712,2.183391
0.115191,0.644662,2.265838
-0.195434,0.396455,2.066743
0.138976,0.439257,2.138046
0.031868,0.401563,2.138046
-0.027434,0.574811,2.077989
0.094003,0.386473,2.034832
-0.082904,0.619995,2.016940
-0.068535,0.378062,2.286700
-0.059599,0.307179,2.258088
-0.134044,0.226050,2.234447
0.019201,0.228072,2.268822
-0.183510,-0.295751,2.332500
0.032780,-0.295651,2.366866
-0.191521,-0.642603,2.380501
0.048895,-0.651134,2.390037
-0.234310,-0.698704,2.305613
0.057374,-0.709738,2.312198
-0.071378,0.936766,2.293001
-0.077803,0.743514,2.269120
-0.232055,0.602223,2.177368
0.115112,0.644611,2.266975
-0.195981,0.392462,2.064226
0.140383,0.439657,2.139206
0.030624,0.401856,2.139206
-0.028226,0.571684,2.077984
0.092731,0.386773,2.034848
-0.084429,0.615693,2.017340
-0.070699,0.377823,2.284858
-0.061087,0.307005,2.256977
-0.135382,0.225881,2.232157
0.017521,0.227431,2.269315
-0.183319,-0.295378,2.332200
0.030985,-0.295346,2.366726
-0.191520,-0.642587,2.380494
0.048693,-0.651054,2.389710
-0.234186,-0.698747,2.307983
0.057093,-0.709945,2.312215
-0.070534,0.935693,2.295211
-0.081400,0.741918,2.264112
-0.232963,0.602153,2.175180
0.112483,0.645122,2.268007
-0.195957,0.392188,2.063590
0.133579,0.436394,2.148042
0.029597,0.409726,2.148042
-0.001397,0.578456,2.079902
0.091676,0.394650,2.036786
-0.046390,0.625809,1.976483
-0.073563,0.377403,2.282320
-0.063466,0.306529,2.255629
-0.136816,0.225751,2.230756
0.014912,0.226734,2.269557
-0.183763,-0.295093,2.331980
0.029588,-0.295300,2.366662
-0.191694,-0.642372,2.380359
0.048450,-0.651161,2.389589
-0.234141,-0.698648,2.307666
0.057077,-0.709934,2.312266
-0.081666,0.933573,2.270395
-0.083285,0.742199,2.261099
-0.234576,0.603209,2.172620
0.111050,0.643751,2.267478
-0.199797,0.392843,2.061789
0.135728,0.439809,2.138566
0.025542,0.407615,2.138566
-0.075364,0.494938,2.079236
0.087600,0.392544,2.036133
-0.145728,0.513315,2.034459
-0.076429,0.376608,2.279977
-0.066510,0.305339,2.254354
-0.141058,0.223458,2.226314
0.011443,0.224354,2.271778
-0.184372,-0.295017,2.332042
0.027183,-0.295963,2.366956
-0.191826,-0.641893,2.380491
0.048022,-0.651493,2.389639
-0.234047,-0.698701,2.308710
0.056669,-0.710425,2.313249
-0.083053,0.931675,2.267133
-0.086229,0.740172,2.257455
-0.239688,0.606170,2.170428
0.107553,0.643976,2.266461
-0.207836,0.394308,2.063073
0.135654,0.440722,2.137638
0.019272,0.391361,2.137638
-0.075724,0.494375,2.066763
0.081306,0.376297,2.023677
-0.146183,0.512259,2.034290
-0.079746,0.377175,2.277349
-0.070113,0.306197,2.252918
-0.143528,0.224423,2.226071
0.007665,0.225117,2.270520
-0.185360,-0.295057,2.332697
0.023511,-0.296032,2.367277
-0.192048,-0.641546,2.380055
0.047588,-0.652308,2.388775
-0.233898,-0.699062,2.308662
0.055536,-0.710594,2.313710
-0.082806,0.929835,2.268759
-0.090497,0.737308,2.252620
-0.243743,0.602737,2.167126
0.103258,0.642143,2.263432
-0.212893,0.389914,2.062775
0.136354,0.439060,2.136383
0.013959,0.394332,2.136383
-0.074582,0.494815,2.066310
0.075968,0.379273,2.023242
-0.144894,0.513400,2.034614
-0.082439,0.375405,2.274916
-0.072773,0.304336,2.252225
-0.146352,0.222030,2.224231
0.005195,0.222469,2.272433
-0.188951,-0.294281,2.334042
0.020202,-0.296600,2.368053
-0.192391,-0.640709,2.379951
0.047188,-0.657306,2.388241
-0.233814,-0.698988,2.308838
0.055183,-0.711146,2.314149
-0.092510,0.928791,2.263109
-0.091710,0.736402,2.249376
-0.249501,0.599040,2.165218
0.098164,0.641915,2.260062
-0.222117,0.384452,2.065442
0.133377,0.441788,2.128317
0.003216,0.407218,2.128317
-0.081213,0.489347,2.070986
0.065203,0.392165,2.027932
-0.152743,0.505201,2.035383
-0.083782,0.375531,2.272783
-0.074696,0.304372,2.251764
-0.149066,0.220833,2.222161
0.003052,0.222274,2.274579
-0.192571,-0.293008,2.335548
0.018389,-0.296103,2.368426
-0.193128,-0.640228,2.379553
0.046958,-0.657420,2.387716
-0.233496,-0.698836,2.308538
0.054985,-0.711233,2.314192
-0.085409,0.928030,2.264942
-0.103125,0.735318,2.243737
-0.252628,0.599167,2.165300
0.091230,0.639329,2.254930
-0.235176,0.381652,2.072547
0.131383,0.438636,2.126753
-0.011477,0.419745,2.126753
-0.082108,0.490083,2.067990
0.050488,0.404697,2.024952
-0.153272,0.507232,2.034167
-0.090272,0.373593,2.269394
-0.080996,0.302126,2.250700
-0.153468,0.220179,2.224329
-0.002371,0.220868,2.271939
-0.194786,-0.292451,2.336912
0.014758,-0.298088,2.369468
-0.193175,-0.639952,2.379370
0.046975,-0.657411,2.387702
-0.234004,-0.699093,2.309337
0.054879,-0.711360,2.314178
-0.085433,0.928168,2.265619
-0.102542,0.735222,2.243587
-0.255615,0.599683,2.166647
0.087759,0.624252,2.240030
-0.244693,0.382148,2.073420
0.118129,0.423908,2.108303
-0.021056,0.419479,2.108303
-0.094407,0.493025,2.067295
0.040886,0.404436,2.024273
-0.165252,0.516063,2.040909
-0.091235,0.373648,2.267619
-0.084601,0.302090,2.250038
-0.158677,0.220786,2.225630
-0.007748,0.220642,2.269478
-0.198818,-0.289511,2.338612
0.012254,-0.298959,2.369482
-0.193643,-0.639120,2.379059
0.046936,-0.657508,2.387744
-0.233909,-0.699081,2.309648
0.054638,-0.711581,2.314175
-0.089268,0.927540,2.263086
-0.102353,0.734417,2.242824
-0.264071,0.600417,2.170151
0.078818,0.616292,2.231501
-0.294694,0.380125,2.096822
0.118902,0.415930,2.103783
-0.062603,0.437036,2.103783
-0.099691,0.454967,2.059845
-0.000686,0.421999,2.016840
-0.165571,0.455182,2.028885
-0.094300,0.371965,2.265221
-0.089613,0.300103,2.248839
-0.163837,0.219680,2.227207
-0.014443,0.218807,2.265651
-0.203216,-0.286133,2.340530
0.011065,-0.299285,2.369238
-0.194473,-0.636830,2.378570
0.047115,-0.657452,2.387555
-0.233909,-0.699076,2.309653
0.055055,-0.712358,2.313372
-0.106430,0.923474,2.251690
-0.111293,0.731093,2.239694
-0.275487,0.599614,2.174263
0.074304,0.613849,2.229103
-0.306305,0.378810,2.105114
0.117769,0.413506,2.103366
-0.074469,0.372242,2.103366
-0.154534,0.436308,2.073179
-0.012574,0.357211,2.030189
-0.241425,0.440275,2.006812
-0.102288,0.369513,2.262401
-0.097216,0.297803,2.247763
-0.170849,0.217216,2.229121
-0.020185,0.217244,2.263052
-0.205276,-0.286760,2.342276
0.008541,-0.300794,2.368638
-0.194686,-0.636918,2.378562
0.047200,-0.656831,2.386815
-0.233757,-0.698492,2.308094
0.055064,-0.712496,2.313061
-0.106047,0.919730,2.247361
-0.120884,0.728366,2.238638
-0.283418,0.601734,2.179373
0.071639,0.614443,2.229440
-0.323650,0.382129,2.113398
0.111432,0.406270,2.120793
-0.113832,0.312720,2.120793
-0.154898,0.434863,2.050079
-0.051965,0.297696,2.007109
-0.241790,0.438830,2.006306
-0.109318,0.369956,2.260276
-0.104214,0.298703,2.246888
-0.176975,0.218003,2.230688
-0.026594,0.217992,2.259896
-0.208534,-0.285932,2.344473
0.006825,-0.301958,2.367769
-0.194992,-0.636903,2.378571
0.047147,-0.656734,2.386900
-0.234203,-0.697866,2.303494
0.054586,-0.712735,2.311687
-0.129037,0.916026,2.231500
-0.127399,0.727273,2.237247
-0.298648,0.606425,2.188536
0.069611,0.613885,2.229877
-0.355207,0.390312,2.124793
0.110068,0.401721,2.133802
-0.154221,0.305805,2.133802
-0.044909,0.243198,2.050278
-0.092386,0.290789,2.007331
-0.131801,0.247165,2.027611
-0.115688,0.371047,2.257641
-0.111225,0.300223,2.245253
-0.185643,0.219034,2.232080
-0.031920,0.217902,2.255639
-0.212684,-0.284150,2.346720
0.003774,-0.301764,2.365138
-0.198268,-0.634810,2.381425
0.045923,-0.654659,2.385977
-0.234289,-0.697766,2.303323
0.054400,-0.712028,2.310592
-0.136509,0.914420,2.229083
-0.132421,0.726147,2.236724
-0.310050,0.608445,2.195856
0.067294,0.613204,2.230089
-0.358965,0.391159,2.129227
0.106150,0.397337,2.146932
-0.193636,0.254240,2.146932
-0.099941,0.390109,2.044173
-0.131840,0.239233,2.001252
-0.143692,0.395589,2.040483
-0.118481,0.371240,2.256017
-0.114126,0.300595,2.244539
-0.189322,0.218175,2.232882
-0.033626,0.217591,2.253445
-0.215841,-0.285811,2.348835
0.002175,-0.302144,2.360508
-0.199195,-0.634679,2.381698
0.045746,-0.653979,2.386810
-0.234294,-0.698062,2.303373
0.054509,-0.711753,2.310581
-0.194317,0.907942,2.238267
-0.136314,0.726139,2.236280
-0.312387,0.610530,2.199109
0.059453,0.611074,2.228735
-0.367794,0.394226,2.137401
0.108313,0.394934,2.156898
-0.171376,0.188561,2.156898
-0.088629,0.350095,2.038567
-0.119726,0.135945,2.017403
-0.144647,0.361091,2.038429
-0.121805,0.366837,2.253084
-0.117678,0.294900,2.241590
-0.193513,0.211422,2.230253
-0.035416,0.212983,2.249433
-0.221019,-0.286028,2.351604
-0.000763,-0.303285,2.348558
-0.200453,-0.633432,2.383042
0.045365,-0.653343,2.386211
-0.234617,-0.697756,2.302998
0.053438,-0.711617,2.310199
-0.195638,0.911077,2.236207
-0.144293,0.727162,2.234140
-0.327590,0.609507,2.205229
0.045904,0.619727,2.227778
-0.389266,0.393624,2.155780
0.112341,0.405575,2.175177
-0.298069,0.200697,2.175177
-0.060562,0.312968,2.068140
-0.225257,0.131130,2.043163
-0.126539,0.294440,2.014635
-0.124955,0.367311,2.250244
-0.120416,0.295421,2.239384
-0.197801,0.210502,2.230069
-0.036015,0.214457,2.243208
-0.223284,-0.285629,2.352785
-0.005666,-0.304260,2.331307
-0.201349,-0.633038,2.384377
0.040391,-0.650330,2.379544
-0.234991,-0.697319,2.302715
0.052850,-0.711110,2.309240
-0.211445,0.904250,2.221130
-0.149399,0.726836,2.231114
-0.329650,0.610099,2.206278
0.043056,0.621708,2.227611
-0.410455,0.399891,2.177441
0.112390,0.408014,2.182393
-0.348246,0.195801,2.182393
-0.041968,0.282561,2.090305
-0.289288,0.115220,2.062098
-0.100190,0.249459,2.024369
-0.131951,0.368468,2.245196
-0.127667,0.297150,2.234330
-0.206429,0.211496,2.226527
-0.041225,0.216223,2.237009
-0.226571,-0.283881,2.353771
-0.012010,-0.304864,2.317178
-0.202566,-0.631775,2.384547
0.035884,-0.651175,2.376276
-0.235111,-0.696668,2.302114
0.051748,-0.711329,2.307853
-0.216554,0.902202,2.216467
-0.151640,0.726596,2.229240
-0.339282,0.608637,2.208271
0.038596,0.621990,2.226082
-0.420839,0.399079,2.186973
0.104604,0.407029,2.188213
-0.369473,0.189937,2.188213
-0.002253,0.232709,2.106679
-0.313866,0.105562,2.082762
-0.049372,0.207403,2.046683
-0.138573,0.366997,2.240011
-0.135482,0.295590,2.228136
-0.218757,0.207890,2.221541
-0.047920,0.214105,2.227163
-0.229372,-0.285223,2.356364
-0.014244,-0.306677,2.296211
-0.204784,-0.631167,2.384387
0.028083,-0.652946,2.364852
-0.236521,-0.696212,2.301086
0.045872,-0.711957,2.303915
-0.223856,0.901849,2.203066
-0.160958,0.726594,2.219375
-0.347525,0.604666,2.207191
0.033447,0.621699,2.222847
-0.430730,0.392333,2.196922
0.095506,0.404233,2.195650
-0.390210,0.177936,2.195650
0.036368,0.191595,2.123161
-0.358514,0.081749,2.102759
-0.019735,0.124262,2.044149
-0.148060,0.366679,2.231996
-0.144821,0.295195,2.220776
-0.231324,0.207016,2.216684
-0.053458,0.212811,2.219093
-0.230147,-0.285851,2.357637
-0.014948,-0.304741,2.271443
-0.207215,-0.630471,2.386076
0.012582,-0.649356,2.343283
-0.237422,-0.695449,2.300056
0.030134,-0.710079,2.289085
-0.222391,0.903559,2.200482
-0.167768,0.723445,2.210587
-0.350311,0.604461,2.205756
0.030938,0.621486,2.219525
-0.438822,0.385188,2.206254
0.092983,0.382624,2.199465
-0.407750,0.160817,2.199465
0.087020,0.163592,2.139216
-0.370548,0.070593,2.111980
0.041859,0.082992,2.086021
-0.155501,0.365714,2.226446
-0.152549,0.294445,2.216350
-0.241077,0.206348,2.215227
-0.059555,0.211039,2.213160
-0.230582,-0.286169,2.358021
-0.024700,-0.308126,2.259532
-0.209336,-0.630114,2.386118
0.004811,-0.650088,2.322273
-0.238599,-0.694443,2.298374
0.006929,-0.712935,2.246038
-0.225625,0.901384,2.189707
-0.169455,0.723089,2.204411
-0.360659,0.604077,2.202347
0.028646,0.621844,2.215710
-0.449088,0.379542,2.213036
0.095519,0.368752,2.202307
-0.417472,0.153373,2.202307
0.104222,0.093409,2.150087
-0.385212,0.057107,2.127002
0.089203,0.022431,2.117043
-0.157234,0.367103,2.222817
-0.154350,0.295973,2.214059
-0.243115,0.206723,2.213853
-0.060292,0.211703,2.211686
-0.230789,-0.287531,2.358313
-0.040255,-0.308646,2.243396
-0.208571,-0.630823,2.386012
-0.013955,-0.645945,2.281727
-0.238961,-0.693686,2.297546
-0.008508,-0.712140,2.227211
-0.212046,0.904906,2.192947
-0.175324,0.717723,2.194386
-0.364298,0.603342,2.196941
0.025927,0.622244,2.209610
-0.455252,0.373830,2.215943
0.098338,0.366594,2.203752
-0.428885,0.144831,2.203752
0.128908,0.117837,2.162091
-0.398012,0.046906,2.144161
0.132968,0.020510,2.173801
-0.159277,0.368679,2.217583
-0.156073,0.298229,2.210788
-0.243662,0.207990,2.211237
-0.061662,0.213429,2.209907
-0.231231,-0.288386,2.357436
-0.047668,-0.305633,2.222981
-0.208241,-0.631891,2.386055
-0.026584,-0.647615,2.245291
-0.240477,-0.692347,2.296470
-0.020478,-0.711635,2.156429
