-0.485417,0.779578,2.762340
-0.465622,0.583716,2.765376
-0.645900,0.435821,2.717286
-0.264210,0.468670,2.787558
-0.752201,0.163716,2.718210
-0.126992,0.178755,2.783681
-0.743337,-0.087913,2.783681
-0.099069,-0.069900,2.642894
-0.738874,-0.143148,2.635175
-0.098559,-0.119538,2.672879
-0.436873,0.181860,2.756400
-0.420507,0.114736,2.691076
-0.498716,0.023858,2.655941
-0.325969,0.032819,2.691529
-0.497141,-0.518807,2.754889
-0.259780,-0.520221,2.679505
-0.512804,-0.895323,2.768945
-0.179376,-0.881988,2.676486
-0.557861,-0.950627,2.706208
-0.140067,-0.932889,2.606945
-0.487954,0.778787,2.753008
-0.468900,0.582263,2.756044
-0.649965,0.434675,2.709440
-0.267237,0.467348,2.777858
-0.755912,0.163382,2.710717
-0.131312,0.177576,2.769270
-0.744937,-0.087387,2.769270
-0.106142,-0.069079,2.631708
-0.740785,-0.141130,2.621840
-0.108323,-0.121485,2.645480
-0.439835,0.180277,2.748156
-0.423667,0.113043,2.682809
-0.502277,0.021785,2.647433
-0.328715,0.030858,2.683774
-0.498873,-0.517554,2.751117
-0.262780,-0.519549,2.657689
-0.512765,-0.895125,2.768936
-0.187003,-0.876878,2.625195
-0.557879,-0.950605,2.706270
-0.149447,-0.928260,2.551578
-0.490030,0.778030,2.742961
-0.471724,0.580775,2.745550
-0.653629,0.433513,2.700897
-0.269769,0.465803,2.766892
-0.759383,0.163111,2.700460
-0.135086,0.177015,2.752933
-0.746082,-0.086451,2.752933
-0.114494,-0.068089,2.616009
-0.740951,-0.141676,2.602871
-0.119442,-0.120422,2.615942
-0.442625,0.178542,2.738373
-0.426754,0.111193,2.672938
-0.505840,0.019646,2.637367
-0.331452,0.028644,2.674190
-0.500733,-0.516315,2.746794
-0.265872,-0.518485,2.636597
-0.512730,-0.894932,2.768908
-0.193946,-0.872038,2.578007
-0.557898,-0.950585,2.706332
-0.157603,-0.923978,2.501426
-0.485808,0.777646,2.724678
-0.469162,0.579475,2.725729
-0.652198,0.432476,2.680892
-0.266277,0.463283,2.744715
-0.756743,0.165436,2.672586
-0.134622,0.179713,2.713090
-0.735125,-0.077986,2.713090
-0.130449,-0.053051,2.570144
-0.724152,-0.134272,2.546805
-0.144153,-0.105604,2.540284
-0.441283,0.176668,2.717734
-0.425880,0.109283,2.652037
-0.505620,0.017524,2.616739
-0.330577,0.026230,2.652551
-0.501882,-0.514850,2.736190
-0.267127,-0.517440,2.610252
-0.512668,-0.894731,2.768787
-0.200076,-0.867204,2.534569
-0.557924,-0.950568,2.706378
-0.164903,-0.920247,2.457602
-0.477837,0.778099,2.703544
-0.463877,0.578868,2.702394
-0.647326,0.432464,2.655834
-0.259078,0.461089,2.716758
-0.749779,0.169994,2.634931
-0.129521,0.184600,2.665648
-0.714323,-0.064384,2.665648
-0.149926,-0.027321,2.512149
-0.701043,-0.116299,2.487289
-0.165246,-0.076806,2.467490
-0.437546,0.175195,2.693795
-0.422697,0.107707,2.627900
-0.502964,0.015770,2.592645
-0.327654,0.024153,2.628101
-0.502925,-0.513871,2.723398
-0.267893,-0.516124,2.584075
-0.512676,-0.894475,2.768395
-0.205506,-0.862588,2.496080
-0.558029,-0.950580,2.706424
-0.171206,-0.916938,2.419451
-0.468321,0.778845,2.681559
-0.456937,0.578688,2.678063
-0.641507,0.432759,2.630468
-0.249914,0.458269,2.686787
-0.742279,0.175174,2.596919
-0.122217,0.188989,2.618579
-0.691574,-0.047808,2.618579
-0.166677,0.000225,2.453077
-0.675273,-0.095422,2.427099
-0.186584,-0.046500,2.396699
-0.432559,0.174052,2.668883
-0.418446,0.106449,2.602819
-0.499331,0.014325,2.567815
-0.323729,0.022315,2.602448
-0.503828,-0.513055,2.707940
-0.268290,-0.514903,2.559088
-0.512761,-0.894197,2.767821
-0.210264,-0.858479,2.462161
-0.558240,-0.950649,2.706494
-0.176705,-0.914059,2.386063
-0.457359,0.780034,2.659382
-0.448527,0.578924,2.653396
-0.634374,0.433558,2.604181
-0.239633,0.455634,2.656053
-0.734680,0.181608,2.558032
-0.114462,0.194014,2.569611
-0.667712,-0.028077,2.569611
-0.183125,0.028744,2.394368
-0.643157,-0.074667,2.361100
-0.210092,-0.012961,2.325663
-0.426474,0.173178,2.643336
-0.413168,0.105466,2.577061
-0.494764,0.013211,2.542531
-0.318849,0.020740,2.575765
-0.504932,-0.511617,2.688299
-0.268234,-0.513705,2.535387
-0.513047,-0.893422,2.765880
-0.214434,-0.854775,2.432242
-0.558520,-0.950683,2.706406
-0.181487,-0.911524,2.356862
-0.445400,0.781327,2.637156
-0.438804,0.579553,2.628577
-0.626402,0.434725,2.578073
-0.228539,0.453742,2.625267
-0.725903,0.188775,2.517947
-0.106613,0.199164,2.523974
-0.642545,-0.007316,2.523974
-0.197386,0.057794,2.337437
-0.614671,-0.049902,2.304116
-0.232297,0.021509,2.260526
-0.419520,0.172729,2.617868
-0.407160,0.104904,2.551460
-0.489390,0.012541,2.517325
-0.313482,0.019602,2.549466
-0.506489,-0.509738,2.665657
-0.267827,-0.512491,2.513153
-0.513479,-0.892482,2.763141
-0.218047,-0.851472,2.405777
-0.558844,-0.950720,2.706249
-0.185687,-0.909291,2.331152
-0.431374,0.783110,2.614079
-0.426747,0.580556,2.602304
-0.616325,0.436411,2.549999
-0.215208,0.452517,2.590131
-0.715763,0.199102,2.471308
-0.096717,0.206399,2.471265
-0.611803,0.021169,2.471265
-0.212659,0.094890,2.276309
-0.580569,-0.015490,2.243418
-0.254427,0.066338,2.197994
-0.410575,0.172313,2.590086
-0.399512,0.104394,2.523423
-0.482942,0.012179,2.491262
-0.306242,0.018500,2.518614
-0.508402,-0.505345,2.631356
-0.266901,-0.511283,2.491613
-0.515296,-0.889540,2.754306
-0.221241,-0.848536,2.382364
-0.559630,-0.950203,2.702622
-0.189387,-0.907345,2.308496
-0.417532,0.784926,2.592343
-0.414874,0.581665,2.577581
-0.606216,0.438170,2.523285
-0.202666,0.451725,2.557642
-0.705179,0.208868,2.427290
-0.084466,0.214461,2.424801
-0.581452,0.050221,2.424801
-0.222929,0.128161,2.219693
-0.546397,0.020559,2.187090
-0.271318,0.111453,2.145795
-0.401745,0.172061,2.563828
-0.391916,0.104059,2.496926
-0.476409,0.012070,2.466578
-0.299163,0.017642,2.489626
-0.510094,-0.501185,2.597442
-0.265740,-0.510060,2.471385
-0.517163,-0.886622,2.743184
-0.224100,-0.845942,2.361572
-0.560473,-0.949506,2.696580
-0.192715,-0.905639,2.288300
-0.402775,0.787037,2.570081
-0.402657,0.582916,2.552976
-0.595942,0.440658,2.496527
-0.189983,0.452513,2.523317
-0.691898,0.218771,2.381009
-0.074924,0.223149,2.377117
-0.543709,0.087681,2.377117
-0.236771,0.169479,2.162625
-0.502725,0.062594,2.127238
-0.288542,0.148976,2.101909
-0.392815,0.172353,2.537761
-0.384473,0.104379,2.470654
-0.470310,0.012268,2.444112
-0.291799,0.017339,2.455149
-0.510736,-0.498651,2.558067
-0.264369,-0.509050,2.452189
-0.519770,-0.883469,2.718190
-0.226679,-0.843644,2.342958
-0.561532,-0.947146,2.674340
-0.195745,-0.904100,2.270039
-0.389013,0.789021,2.549651
-0.391100,0.584218,2.529973
-0.586408,0.443337,2.471234
-0.178946,0.454481,2.493159
-0.679951,0.228500,2.339193
-0.067021,0.232181,2.335683
-0.491993,0.140098,2.335683
-0.247246,0.207155,2.116004
-0.463604,0.100549,2.084630
-0.301006,0.182064,2.064198
-0.384440,0.173189,2.513077
-0.377386,0.105394,2.445672
-0.464605,0.012950,2.423578
-0.284967,0.017599,2.422842
-0.511048,-0.496708,2.521317
-0.262898,-0.508173,2.434286
-0.522739,-0.882100,2.685529
-0.229027,-0.841589,2.326142
-0.563006,-0.946195,2.643528
-0.198429,-0.902702,2.253582
-0.376344,0.790909,2.530913
-0.380253,0.585535,2.508372
-0.573817,0.447000,2.439363
-0.169021,0.456806,2.464869
-0.668276,0.237823,2.297439
-0.060275,0.240880,2.297740
-0.448798,0.184475,2.297740
-0.259273,0.247078,2.072751
-0.423594,0.144112,2.038545
-0.315690,0.217984,2.030743
-0.377101,0.174187,2.490140
-0.370735,0.106545,2.422425
-0.459316,0.013703,2.405055
-0.278549,0.018258,2.391523
-0.510911,-0.495660,2.485620
-0.261402,-0.507392,2.417781
-0.525441,-0.880752,2.646304
-0.231133,-0.839711,2.310911
-0.564062,-0.944265,2.604059
-0.200727,-0.901455,2.238999
-0.365070,0.792729,2.513360
-0.370337,0.587046,2.487786
-0.560654,0.451769,2.403059
-0.160256,0.460005,2.435601
-0.657302,0.247874,2.254135
-0.057249,0.251975,2.255685
-0.412087,0.226771,2.255685
-0.269630,0.277826,2.033787
-0.379869,0.197437,1.999476
-0.329101,0.251701,2.001532
-0.370391,0.175549,2.468117
-0.364458,0.108080,2.400104
-0.454334,0.014654,2.388119
-0.272599,0.019443,2.360739
-0.509549,-0.494693,2.447476
-0.260034,-0.506745,2.402335
-0.528197,-0.874135,2.579971
-0.232975,-0.837990,2.297269
-0.566694,-0.936868,2.539788
-0.202600,-0.900381,2.226413
-0.355250,0.794501,2.496952
-0.361765,0.588811,2.467795
-0.549399,0.457323,2.366656
-0.153074,0.463445,2.406634
-0.648034,0.258183,2.211912
-0.055269,0.261880,2.217029
-0.379416,0.267827,2.217029
-0.279785,0.311013,1.999128
-0.347968,0.236185,1.966825
-0.340098,0.281381,1.973589
-0.364491,0.177506,2.446481
-0.358803,0.110284,2.378171
-0.449726,0.015930,2.372280
-0.267355,0.021284,2.329677
-0.507769,-0.493312,2.410840
-0.258893,-0.506208,2.387686
-0.530282,-0.862786,2.496099
-0.234561,-0.836418,2.285195
-0.570234,-0.923946,2.458986
-0.204095,-0.899421,2.215794
-0.346862,0.796213,2.481528
-0.354431,0.590678,2.449203
-0.539913,0.463078,2.334272
-0.146971,0.466763,2.380100
-0.639917,0.268264,2.173855
-0.054711,0.271089,2.181829
-0.351001,0.304560,2.181829
-0.289415,0.341411,1.969427
-0.319313,0.271997,1.938253
-0.349727,0.308219,1.949152
-0.359426,0.179644,2.426159
-0.353915,0.112680,2.357567
-0.445626,0.017526,2.357200
-0.262896,0.023222,2.301241
-0.505809,-0.491862,2.376554
-0.257904,-0.505783,2.374037
-0.531833,-0.851831,2.419401
-0.235878,-0.835008,2.274698
-0.572796,-0.911123,2.382840
-0.205232,-0.898591,2.207083
-0.339703,0.797734,2.467227
-0.348378,0.592723,2.431572
-0.531972,0.468645,2.304901
-0.142169,0.469966,2.354231
-0.632932,0.277939,2.138954
-0.054887,0.278967,2.149801
-0.329259,0.335736,2.149801
-0.304847,0.366488,1.942728
-0.295968,0.303351,1.912428
-0.372192,0.336305,1.926770
-0.355239,0.182057,2.407040
-0.349914,0.115347,2.338208
-0.442074,0.019186,2.343385
-0.259494,0.025359,2.274312
-0.503945,-0.490571,2.344827
-0.256959,-0.505486,2.361373
-0.533127,-0.841904,2.350310
-0.236932,-0.833769,2.265701
-0.574209,-0.896968,2.309116
-0.206009,-0.897897,2.200257
-0.334395,0.799170,2.452996
-0.344393,0.595553,2.413363
-0.526083,0.473359,2.280116
-0.138369,0.472671,2.332025
-0.627388,0.287789,2.104944
-0.056448,0.286286,2.120256
-0.309922,0.361877,2.120256
-0.320385,0.389508,1.918741
-0.275505,0.332003,1.889251
-0.392321,0.361938,1.906338
-0.352363,0.181964,2.386164
-0.346963,0.114762,2.316777
-0.439632,0.018696,2.321740
-0.256445,0.025391,2.252267
-0.502437,-0.488926,2.312402
-0.256130,-0.505654,2.348440
-0.534593,-0.839778,2.299285
-0.237787,-0.833000,2.258105
-0.572795,-0.893212,2.253809
-0.206333,-0.897546,2.195218
-0.330305,0.800624,2.439664
-0.341491,0.598549,2.396305
-0.521108,0.477907,2.257383
-0.143601,0.473862,2.297158
-0.622822,0.296739,2.074799
-0.055582,0.291952,2.096177
-0.293078,0.385691,2.096177
-0.331615,0.408558,1.897248
-0.257659,0.358098,1.868635
-0.417838,0.386440,1.888713
-0.349975,0.181240,2.366464
-0.345162,0.113130,2.296109
-0.437845,0.017814,2.300976
-0.254501,0.024929,2.231929
-0.501211,-0.487400,2.283169
-0.255440,-0.505939,2.335827
-0.535736,-0.838311,2.253681
-0.238467,-0.832457,2.251575
-0.571931,-0.890428,2.204219
-0.206276,-0.897434,2.191644
-0.332207,0.802993,2.423578
-0.344506,0.603227,2.376103
-0.514010,0.480079,2.217945
-0.156974,0.476131,2.259354
-0.624073,0.308513,2.045448
-0.056273,0.297564,2.073297
-0.280842,0.408404,2.073297
-0.345560,0.425911,1.877422
-0.244023,0.383107,1.849691
-0.443404,0.408970,1.872378
-0.352915,0.177090,2.341969
-0.346749,0.107254,2.271081
-0.437076,0.015382,2.275762
-0.257097,0.022777,2.210304
-0.501254,-0.485614,2.253627
-0.255187,-0.505922,2.316928
-0.536264,-0.836949,2.213692
-0.239172,-0.831642,2.244725
-0.569016,-0.888728,2.160625
-0.206425,-0.897143,2.187551
-0.336354,0.805381,2.407936
-0.349399,0.607989,2.356637
-0.507750,0.481692,2.182298
-0.170975,0.478490,2.225414
-0.626537,0.320332,2.018431
-0.058118,0.302775,2.051752
-0.271912,0.429306,2.051752
-0.361237,0.439827,1.859673
-0.233385,0.406352,1.832850
-0.473845,0.428631,1.858047
-0.357276,0.172486,2.318245
-0.349365,0.100964,2.247114
-0.436882,0.012840,2.250943
-0.260778,0.020458,2.190410
-0.501544,-0.483926,2.226823
-0.255054,-0.505779,2.297199
-0.536657,-0.835796,2.177975
-0.239723,-0.830873,2.238471
-0.565988,-0.887408,2.121660
-0.206368,-0.896878,2.184196
-0.342974,0.807725,2.392543
-0.355955,0.612663,2.338084
-0.502414,0.482776,2.150037
-0.185384,0.480981,2.195159
-0.629782,0.331506,1.994265
-0.068281,0.307899,2.027214
-0.267169,0.444985,2.027214
-0.374540,0.452130,1.848480
-0.223179,0.425367,1.819670
-0.492104,0.444406,1.846368
-0.362971,0.167698,2.295421
-0.352974,0.094618,2.224278
-0.437591,0.010272,2.226099
-0.265420,0.018046,2.172194
-0.502031,-0.482344,2.202658
-0.255075,-0.504752,2.275510
-0.536950,-0.834795,2.146000
-0.240122,-0.830090,2.232670
-0.562886,-0.886359,2.086821
-0.206130,-0.896461,2.181139
-0.353252,0.809653,2.376488
-0.364856,0.616898,2.320063
-0.501629,0.482109,2.119009
-0.199702,0.483297,2.167815
-0.639649,0.342801,1.971176
-0.078869,0.312891,2.004642
-0.273550,0.456317,2.004642
-0.388982,0.462218,1.841879
-0.226521,0.443046,1.814279
-0.510693,0.458071,1.836054
-0.369391,0.163195,2.273927
-0.357521,0.088765,2.202631
-0.439838,0.007507,2.201176
-0.270546,0.015700,2.155567
-0.502819,-0.480822,2.180711
-0.255669,-0.502638,2.250933
-0.537124,-0.833916,2.117275
-0.240325,-0.828879,2.226254
-0.559905,-0.885604,2.055545
-0.206138,-0.895956,2.177561
-0.365610,0.810360,2.360463
-0.376484,0.619865,2.302160
-0.502533,0.479873,2.089895
-0.211535,0.484752,2.144797
-0.651879,0.353444,1.950380
-0.093216,0.318576,1.980791
-0.284933,0.464643,1.980791
-0.408984,0.470127,1.836418
-0.220414,0.458730,1.805081
-0.531239,0.472104,1.829013
-0.377061,0.158604,2.253339
-0.362890,0.083116,2.182233
-0.443832,0.004151,2.176732
-0.276042,0.013224,2.140162
-0.503951,-0.479609,2.160691
-0.256487,-0.500554,2.227099
-0.537080,-0.833389,2.091395
-0.240378,-0.829160,2.220206
-0.556454,-0.885450,2.027435
-0.205853,-0.896267,2.172566
-0.378585,0.810859,2.345481
-0.388458,0.622299,2.285749
-0.505694,0.479165,2.065971
-0.222876,0.486760,2.124514
-0.659519,0.360607,1.931376
-0.107927,0.323964,1.960185
-0.298340,0.469690,1.960185
-0.429582,0.475479,1.831671
-0.216309,0.472748,1.797384
-0.549965,0.484604,1.823831
-0.384589,0.154552,2.234501
-0.368804,0.078223,2.163190
-0.448433,0.001132,2.153884
-0.281729,0.010978,2.125929
-0.505129,-0.478399,2.142611
-0.257553,-0.498810,2.204705
-0.536905,-0.833040,2.068114
-0.240463,-0.829797,2.214225
-0.553303,-0.885404,2.002184
-0.205875,-0.896742,2.167115
-0.391958,0.811237,2.331199
-0.400679,0.624248,2.270445
-0.509613,0.477715,2.044148
-0.235094,0.486500,2.103575
-0.667255,0.366547,1.914111
-0.115990,0.327622,1.942657
-0.313717,0.471010,1.942657
-0.444771,0.479004,1.828193
-0.214026,0.484566,1.791154
-0.577934,0.495956,1.822220
-0.391956,0.150504,2.216986
-0.375119,0.073290,2.145256
-0.453605,-0.002134,2.132108
-0.287769,0.008464,2.112687
-0.506294,-0.477421,2.126221
-0.259099,-0.497779,2.184038
-0.536527,-0.833120,2.047359
-0.240454,-0.830886,2.208333
-0.550339,-0.885716,1.979620
-0.206099,-0.897564,2.161347
-0.405316,0.811509,2.317847
-0.412935,0.625758,2.256143
-0.517021,0.477139,2.026639
-0.246756,0.485980,2.084970
-0.675669,0.370241,1.898217
-0.137794,0.328571,1.920418
-0.326237,0.469847,1.920418
-0.470681,0.475637,1.825448
-0.213326,0.493927,1.786286
-0.598173,0.503094,1.820612
-0.399041,0.146751,2.200832
-0.381717,0.068660,2.128541
-0.459340,-0.005318,2.111603
-0.294047,0.005876,2.100393
-0.507437,-0.476651,2.111436
-0.260868,-0.497194,2.165674
-0.536042,-0.833669,2.029005
-0.240669,-0.832267,2.202736
-0.547701,-0.886246,1.959467
-0.206906,-0.898648,2.155519
-0.418336,0.811659,2.305271
-0.424851,0.626865,2.242774
-0.526055,0.476413,2.012153
-0.257693,0.485260,2.068505
-0.683663,0.372595,1.884410
-0.157172,0.328729,1.901420
-0.334867,0.470083,1.901420
-0.493289,0.472315,1.822189
-0.214162,0.500664,1.782870
-0.614383,0.510423,1.818404
-0.405852,0.143262,2.186027
-0.388227,0.064358,2.113201
-0.465088,-0.008367,2.092881
-0.300234,0.003253,2.088966
-0.508535,-0.475995,2.098089
-0.262585,-0.496987,2.149379
-0.535393,-0.834611,2.012987
-0.240897,-0.833878,2.197434
-0.545073,-0.887127,1.941689
-0.207860,-0.899901,2.149775
-0.430778,0.811825,2.293666
-0.436055,0.627748,2.230659
-0.535840,0.475621,2.000328
-0.267869,0.484396,2.053967
-0.691146,0.373776,1.872519
-0.174749,0.328576,1.884815
-0.343244,0.468629,1.884815
-0.515763,0.464067,1.819777
-0.216164,0.505019,1.780744
-0.629463,0.515139,1.817322
-0.412271,0.140041,2.172589
-0.394475,0.060394,2.099251
-0.470615,-0.011211,2.075960
-0.306210,0.000697,2.078537
-0.509606,-0.475450,2.086034
-0.264214,-0.497007,2.134753
-0.534623,-0.835943,1.999247
-0.241108,-0.835613,2.192441
-0.542477,-0.888342,1.926211
-0.208870,-0.901228,2.144178
-0.442325,0.811969,2.283080
-0.446555,0.628401,2.219630
-0.546063,0.474786,1.990898
-0.277382,0.483384,2.041097
-0.698260,0.373937,1.862370
-0.190724,0.328121,1.870229
-0.355048,0.463981,1.870229
-0.536128,0.455131,1.819968
-0.225815,0.504794,1.782724
-0.643070,0.518481,1.817059
-0.418316,0.137048,2.160379
-0.400465,0.056719,2.086562
-0.475913,-0.013866,2.060658
-0.311995,-0.001793,2.069053
-0.510651,-0.474996,2.075165
-0.265752,-0.497119,2.121580
-0.533726,-0.837615,1.987679
-0.241309,-0.837430,2.187762
-0.539894,-0.889875,1.912945
-0.209931,-0.902596,2.138767
-0.452892,0.812052,2.273176
-0.456221,0.628911,2.209566
-0.554521,0.472363,1.981219
-0.286267,0.482233,2.029639
-0.707463,0.371301,1.853549
-0.208522,0.326416,1.857162
-0.367021,0.458696,1.857162
-0.557137,0.445161,1.820902
-0.237143,0.503164,1.785886
-0.656266,0.520478,1.817698
-0.424132,0.134159,2.149192
-0.406081,0.053213,2.074975
-0.480874,-0.016463,2.046699
-0.317489,-0.004207,2.060491
-0.511671,-0.474625,2.065370
-0.267188,-0.497260,2.109699
-0.532688,-0.839570,1.978173
-0.241504,-0.839322,2.183379
-0.537082,-0.891824,1.901908
-0.210882,-0.903981,2.133597
-0.462519,0.812132,2.264182
-0.465002,0.629330,2.200471
-0.562828,0.469757,1.973095
-0.294505,0.480998,2.019494
-0.716455,0.368120,1.846108
-0.223989,0.324892,1.845603
-0.378843,0.452910,1.845603
-0.575263,0.435563,1.822425
-0.249495,0.500355,1.789937
-0.674700,0.517330,1.822269
-0.429466,0.131490,2.139083
-0.411291,0.049971,2.064496
-0.485494,-0.018926,2.034018
-0.322660,-0.006507,2.052802
-0.512679,-0.474330,2.056571
-0.268530,-0.497451,2.098972
-0.531543,-0.841743,1.970551
-0.241689,-0.841244,2.179287
-0.534263,-0.894063,1.892866
-0.211847,-0.905371,2.128643
-0.471177,0.812148,2.255907
-0.472886,0.629659,2.192213
-0.570901,0.467028,1.966362
-0.302080,0.479708,2.010539
-0.725073,0.364643,1.839807
-0.238135,0.323259,1.835453
-0.390304,0.446847,1.835453
-0.590580,0.428649,1.824343
-0.262382,0.496689,1.794558
-0.690586,0.517945,1.825100
-0.434301,0.129046,2.129905
-0.416061,0.047002,2.054977
-0.489746,-0.021217,2.022503
-0.327433,-0.008673,2.045815
-0.513693,-0.474110,2.048706
-0.269753,-0.497564,2.089233
-0.530265,-0.844082,1.964702
-0.241856,-0.843133,2.175510
-0.531412,-0.896506,1.885704
-0.212796,-0.906712,2.123971
-0.479015,0.812143,2.248356
-0.480018,0.629914,2.184736
-0.578630,0.464279,1.960858
-0.309019,0.478373,2.002698
-0.733227,0.360892,1.834640
-0.250758,0.321727,1.826498
-0.401334,0.440546,1.826498
-0.604062,0.422149,1.826595
-0.275522,0.492282,1.799607
-0.705491,0.518094,1.828212
-0.438688,0.126826,2.121592
-0.420409,0.044311,2.046356
-0.493622,-0.023310,2.012102
-0.331817,-0.010681,2.039472
-0.514707,-0.473965,2.041713
-0.270888,-0.497715,2.080428
-0.528892,-0.846549,1.960494
-0.242010,-0.844984,2.172004
-0.528568,-0.899090,1.880286
-0.213728,-0.908006,2.119534
-0.486039,0.812076,2.241437
-0.486451,0.630099,2.177968
-0.585889,0.461558,1.956348
-0.315374,0.476984,1.995839
-0.740786,0.356949,1.830409
-0.260998,0.320690,1.818445
-0.411770,0.434153,1.818445
-0.615064,0.415916,1.829024
-0.288516,0.487362,1.804830
-0.719400,0.517856,1.831514
-0.442646,0.124795,2.114044
-0.424343,0.041860,2.038526
-0.497106,-0.025224,2.002671
-0.335831,-0.012547,2.033700
-0.515714,-0.473914,2.035523
-0.271926,-0.497847,2.072452
-0.527446,-0.849149,1.957851
-0.242162,-0.846786,2.168756
-0.525759,-0.901774,1.876522
-0.214651,-0.909246,2.115336
-0.492359,0.811969,2.235118
-0.492246,0.630230,2.171839
-0.592653,0.458879,1.952678
-0.321175,0.475540,1.989888
-0.747808,0.352836,1.827006
-0.270209,0.319558,1.811375
-0.421570,0.427769,1.811375
-0.624473,0.409730,1.831550
-0.301174,0.482106,1.810091
-0.732416,0.517249,1.834978
-0.446225,0.122945,2.107211
-0.427909,0.039632,2.031442
-0.500257,-0.026972,1.994147
-0.339512,-0.014278,2.028482
-0.516711,-0.473926,2.030074
-0.272871,-0.497933,2.065215
-0.525950,-0.851779,1.956485
-0.242316,-0.848513,2.165772
-0.522990,-0.904513,1.874158
-0.215555,-0.910416,2.111403
-0.498066,0.811854,2.229381
-0.497474,0.630321,2.166284
-0.598876,0.456261,1.949677
-0.326350,0.474052,1.984717
-0.754307,0.348615,1.824336
-0.278529,0.318313,1.805143
-0.430712,0.421477,1.805143
-0.632443,0.402118,1.834103
-0.313344,0.476658,1.815273
-0.742952,0.514966,1.837832
-0.449459,0.121268,2.101027
-0.431138,0.037613,2.025036
-0.503118,-0.028569,1.986449
-0.342857,-0.015876,2.023762
-0.517696,-0.474021,2.025341
-0.273746,-0.498039,2.058665
-0.524396,-0.854444,1.956299
-0.242461,-0.850180,2.163018
-0.520260,-0.907276,1.873078
-0.216429,-0.911528,2.107705
-0.503214,0.811740,2.224165
-0.502205,0.630383,2.161253
-0.604695,0.453699,1.947424
-0.331021,0.472524,1.980310
-0.760125,0.344410,1.822129
-0.285931,0.316941,1.799801
-0.439134,0.415357,1.799801
-0.638951,0.394522,1.836579
-0.324837,0.471159,1.820222
-0.752734,0.512230,1.840732
-0.452378,0.119750,2.095426
-0.434061,0.035788,2.019239
-0.505711,-0.030023,1.979481
-0.345904,-0.017347,2.019500
-0.518661,-0.474191,2.021276
-0.274558,-0.498147,2.052740
-0.522759,-0.857099,1.957160
-0.242589,-0.851774,2.160480
-0.517560,-0.910002,1.873139
-0.217267,-0.912573,2.104234
-0.507868,0.811620,2.219404
-0.506493,0.630407,2.156682
-0.610465,0.452013,1.946519
-0.335205,0.470967,1.976544
-0.764775,0.340650,1.820631
-0.292349,0.315388,1.795379
-0.446908,0.409440,1.795379
-0.643893,0.386983,1.838993
-0.335682,0.465681,1.824956
-0.761392,0.509236,1.843494
-0.455009,0.118392,2.090346
-0.436726,0.034156,2.013988
-0.508081,-0.031326,1.973178
-0.348688,-0.018686,2.015648
-0.519605,-0.474423,2.017836
-0.275323,-0.498264,2.047396
-0.521132,-0.859707,1.958947
-0.242707,-0.853275,2.158136
-0.515062,-0.912588,1.874167
-0.218112,-0.913546,2.100950
-0.512078,0.811483,2.215021
-0.510380,0.630389,2.152524
-0.615385,0.450026,1.945226
-0.338901,0.469416,1.973417
-0.769234,0.336705,1.819323
-0.297908,0.313757,1.791741
-0.453926,0.403768,1.791741
-0.647787,0.380806,1.841177
-0.345639,0.460323,1.829242
-0.770012,0.507302,1.846191
-0.457414,0.117158,2.085741
-0.439146,0.032683,2.009234
-0.510238,-0.032509,1.967479
-0.351216,-0.019905,2.012164
-0.520519,-0.474711,2.014971
-0.276045,-0.498408,2.042606
-0.519546,-0.862244,1.961487
-0.242806,-0.854688,2.155974
-0.512601,-0.915069,1.876063
-0.218864,-0.914439,2.097885
-0.515883,0.811329,2.210984
-0.513896,0.630332,2.148736
-0.620139,0.448554,1.944893
-0.342163,0.467860,1.970830
-0.772789,0.333117,1.818417
-0.302610,0.312063,1.788823
-0.460291,0.398332,1.788823
-0.650312,0.373864,1.843205
-0.354818,0.455101,1.833184
-0.777547,0.504151,1.848705
-0.459590,0.116046,2.081562
-0.441357,0.031361,2.004934
-0.512216,-0.033578,1.962339
-0.353520,-0.021017,2.009012
-0.521404,-0.475053,2.012649
-0.276725,-0.498556,2.038326
-0.517983,-0.864688,1.964623
-0.242901,-0.856014,2.153983
-0.510326,-0.917388,1.878605
-0.219617,-0.915264,2.094997
-0.519317,0.811163,2.207269
-0.517071,0.630243,2.145293
-0.624603,0.447326,1.945132
-0.345025,0.466319,1.968751
-0.775775,0.329684,1.817901
-0.306597,0.310327,1.786571
-0.466100,0.393123,1.786571
-0.652026,0.368303,1.845118
-0.363335,0.450022,1.836847
-0.784458,0.502192,1.850906
-0.461569,0.115043,2.077780
-0.443383,0.030181,2.001055
-0.514040,-0.034546,1.957726
-0.355620,-0.022027,2.006158
-0.522244,-0.475432,2.010802
-0.277365,-0.498708,2.034528
-0.516473,-0.867017,1.968264
-0.242988,-0.857248,2.152150
-0.508214,-0.919558,1.881729
-0.220345,-0.916016,2.092285
-0.522392,0.810978,2.203832
-0.519944,0.630113,2.142140
-0.628731,0.446280,1.945771
-0.347512,0.464800,1.967085
-0.778238,0.326448,1.817612
-0.309940,0.308627,1.784796
-0.471383,0.388043,1.784796
-0.652836,0.363154,1.846859
-0.371208,0.445006,1.840162
-0.790728,0.500292,1.852978
-0.463368,0.114143,2.074355
-0.445239,0.029130,1.997559
-0.515724,-0.035419,1.953607
-0.357531,-0.022944,2.003562
-0.523044,-0.475855,2.009398
-0.277976,-0.498872,2.031198
-0.514997,-0.869231,1.972338
-0.243068,-0.858394,2.150463
-0.506240,-0.921571,1.885358
-0.221051,-0.916699,2.089736
-0.525131,0.810753,2.200604
-0.522529,0.629931,2.139247
-0.632547,0.445405,1.946714
-0.349676,0.463310,1.965732
-0.780240,0.323383,1.817557
-0.312496,0.306788,1.783700
-0.476179,0.383166,1.783700
-0.652566,0.357190,1.848462
-0.378470,0.440147,1.843185
-0.795948,0.496979,1.854801
-0.465007,0.113337,2.071250
-0.446950,0.028209,1.994402
-0.517290,-0.036191,1.949913
-0.359279,-0.023777,2.001202
-0.523808,-0.476306,2.008356
-0.278561,-0.499035,2.028298
-0.513600,-0.871311,1.976727
-0.243144,-0.859453,2.148912
-0.504450,-0.923380,1.889357
-0.221740,-0.917312,2.087339
-0.527571,0.810459,2.197485
-0.524853,0.629707,2.136587
-0.635801,0.444179,1.946735
-0.351587,0.461863,1.964546
-0.782460,0.320085,1.817356
-0.314315,0.304846,1.783066
-0.480506,0.378647,1.783066
-0.651372,0.352447,1.849885
-0.385099,0.435624,1.845879
-0.801273,0.494955,1.856600
-0.466515,0.112604,2.068422
-0.448516,0.027375,1.991532
-0.518728,-0.036895,1.946577
-0.360885,-0.024542,1.999055
-0.524553,-0.476754,2.007584
-0.279127,-0.499203,2.025809
-0.512425,-0.873232,1.981214
-0.243213,-0.860439,2.147485
-0.502812,-0.925057,1.893570
-0.222343,-0.917866,2.085115
-0.529729,0.810133,2.194549
-0.526941,0.629448,2.134144
-0.638752,0.443012,1.946833
-0.353239,0.460457,1.963603
-0.784433,0.317028,1.817196
-0.315968,0.303079,1.782457
-0.484410,0.374451,1.782457
-0.651299,0.348430,1.851156
-0.391153,0.431407,1.848287
-0.806120,0.493042,1.858262
-0.467889,0.111939,2.065849
-0.449952,0.026628,1.988926
-0.520049,-0.037537,1.943544
-0.362358,-0.025242,1.997104
-0.525283,-0.477413,2.007116
-0.279689,-0.499434,2.023710
-0.511323,-0.875222,1.985997
-0.243282,-0.861356,2.146171
-0.501330,-0.926583,1.898043
-0.222924,-0.918365,2.083026
-0.531623,0.809741,2.191678
-0.528828,0.629135,2.131851
-0.641442,0.441911,1.946958
-0.354718,0.459124,1.962768
-0.786182,0.314177,1.817031
-0.317202,0.301428,1.781974
-0.487930,0.370555,1.781974
-0.649630,0.344601,1.852268
-0.396677,0.427479,1.850412
-0.810530,0.491208,1.859729
-0.469144,0.111333,2.063498
-0.451276,0.025953,1.986545
-0.521274,-0.038127,1.940788
-0.363721,-0.025889,1.995316
-0.526014,-0.477996,2.006747
-0.280243,-0.499698,2.021911
-0.510352,-0.876974,1.990801
-0.243351,-0.862206,2.144959
-0.500039,-0.927968,1.902659
-0.223493,-0.918812,2.081057
-0.533300,0.809311,2.188921
-0.530528,0.628772,2.129700
-0.643896,0.440867,1.947069
-0.356026,0.457854,1.962077
-0.787734,0.311460,1.816858
-0.318283,0.299908,1.781544
-0.491144,0.366613,1.781544
-0.647855,0.341198,1.853114
-0.401842,0.423464,1.852138
-0.814545,0.489482,1.861061
-0.470293,0.110783,2.061354
-0.452495,0.025347,1.984374
-0.522408,-0.038668,1.938285
-0.364981,-0.026483,1.993679
-0.526778,-0.478665,2.006564
-0.280803,-0.500008,2.020312
-0.509556,-0.878665,1.995612
-0.243399,-0.862977,2.143852
-0.498970,-0.929223,1.907310
-0.224000,-0.919196,2.079232
-0.534777,0.808839,2.186250
-0.532061,0.628366,2.127681
-0.646131,0.439892,1.947188
-0.357174,0.456638,1.961521
-0.789139,0.309007,1.816663
-0.323446,0.298227,1.781944
-0.494692,0.363042,1.781944
-0.649329,0.338264,1.853887
-0.407536,0.419687,1.853671
-0.817129,0.486809,1.861777
-0.471350,0.110287,2.059397
-0.453626,0.024806,1.982395
-0.523464,-0.039162,1.936021
-0.366159,-0.027032,1.992169
-0.527585,-0.479179,2.006355
-0.281363,-0.500357,2.018817
-0.508807,-0.880014,2.000359
-0.243437,-0.863674,2.142837
-0.497972,-0.930310,1.912058
-0.224467,-0.919517,2.077518
-0.536088,0.808242,2.183452
-0.533470,0.627873,2.125705
-0.648182,0.438988,1.947277
-0.358207,0.455479,1.961025
-0.790391,0.306715,1.816433
-0.328873,0.296511,1.782474
-0.497999,0.359705,1.782474
-0.651213,0.335317,1.854545
-0.412882,0.416129,1.854984
-0.819311,0.483724,1.862192
-0.472366,0.109842,2.057573
-0.454729,0.024338,1.980549
-0.524495,-0.039616,1.933933
-0.367330,-0.027555,1.990713
-0.528496,-0.479553,2.006135
-0.281971,-0.500385,2.016837
-0.508049,-0.880998,2.004953
-0.244046,-0.860332,2.138638
-0.496964,-0.931183,1.916775
-0.225160,-0.917482,2.074953
-0.537225,0.807586,2.180684
-0.534754,0.627293,2.123769
-0.650065,0.438157,1.947354
-0.359122,0.454369,1.960609
-0.791509,0.304614,1.816183
-0.331309,0.295322,1.782224
-0.501026,0.356618,1.782224
-0.651084,0.332907,1.855059
-0.417816,0.412819,1.856049
-0.822107,0.481789,1.862821
-0.473345,0.109449,2.055865
-0.455805,0.023943,1.978826
-0.525507,-0.040026,1.932016
-0.368483,-0.028043,1.989310
-0.529451,-0.479881,2.005989
-0.282616,-0.500320,2.014668
-0.507332,-0.881794,2.009396
-0.244216,-0.860155,2.136910
-0.496021,-0.931892,1.921379
-0.225737,-0.917141,2.072745
-0.538184,0.806833,2.177838
-0.535929,0.626598,2.121796
-0.651794,0.437403,1.947402
-0.359973,0.453223,1.960123
-0.792555,0.302736,1.815903
-0.333397,0.294050,1.781959
-0.503861,0.353743,1.781959
-0.650484,0.330693,1.855418
-0.422460,0.409718,1.856855
-0.824711,0.479983,1.863335
-0.474447,0.109175,2.054091
-0.457141,0.023782,1.976990
-0.526682,-0.040284,1.930331
-0.370614,-0.028301,1.986314
-0.530451,-0.480190,2.005892
-0.283642,-0.500094,2.009991
-0.506689,-0.882444,2.013696
-0.244237,-0.859832,2.133749
-0.495232,-0.932345,1.925821
-0.226291,-0.916295,2.068528
-0.538941,0.806037,2.175027
-0.536983,0.625814,2.119781
-0.653366,0.436711,1.947417
-0.360715,0.452124,1.959698
-0.793482,0.300997,1.815587
-0.335299,0.292892,1.781703
-0.506486,0.351060,1.781703
-0.649792,0.328757,1.855612
-0.426783,0.406814,1.857401
-0.827129,0.478272,1.863721
-0.475529,0.108944,2.052367
-0.458439,0.023674,1.975223
-0.527837,-0.040548,1.928614
-0.372388,-0.028614,1.983890
-0.531488,-0.480473,2.005826
-0.284734,-0.499651,2.004625
-0.506089,-0.882952,2.017805
-0.244298,-0.859668,2.129761
-0.494487,-0.932677,1.930099
-0.226910,-0.915520,2.063291
-0.539468,0.805082,2.171961
-0.537910,0.624930,2.117655
-0.654801,0.436074,1.947403
-0.361350,0.451078,1.959308
-0.794281,0.299385,1.815197
-0.336971,0.291799,1.781463
-0.508950,0.348518,1.781463
-0.649323,0.326988,1.855634
-0.430855,0.404051,1.857690
-0.829376,0.476642,1.863962
-0.476592,0.108764,2.050653
-0.459703,0.023627,1.973486
-0.528976,-0.040774,1.926980
-0.374095,-0.028889,1.981520
-0.532541,-0.480731,2.005777
-0.285974,-0.498886,1.998062
-0.505541,-0.883336,2.021728
-0.242178,-0.858815,2.124249
-0.493807,-0.932884,1.934211
-0.225155,-0.913887,2.056443
-0.539732,0.803909,2.168462
-0.538669,0.623926,2.115349
-0.656109,0.435478,1.947322
-0.361855,0.450037,1.958849
-0.794953,0.297880,1.814708
-0.338378,0.290676,1.781159
-0.511247,0.346112,1.781159
-0.648128,0.324666,1.855480
-0.434661,0.401429,1.857727
-0.829708,0.473154,1.862725
-0.477624,0.108631,2.048898
-0.460943,0.023643,1.971726
-0.530107,-0.040958,1.925385
-0.375742,-0.029134,1.979179
-0.533598,-0.480969,2.005725
-0.287433,-0.497665,1.990302
-0.505040,-0.883602,2.025462
-0.243175,-0.858877,2.114197
-0.493206,-0.932961,1.938140
-0.226926,-0.913443,2.044575
-0.539424,0.802304,2.164046
-0.539038,0.622549,2.112168
-0.657236,0.434896,1.946920
-0.362077,0.448942,1.958178
-0.795172,0.296406,1.813529
-0.341868,0.289593,1.780444
-0.513300,0.343755,1.780444
-0.649360,0.324360,1.854832
-0.438132,0.398873,1.857185
-0.830371,0.471145,1.861584
-0.478629,0.108578,2.046843
-0.462156,0.023759,1.969739
-0.531253,-0.041074,1.923644
-0.377292,-0.029363,1.976713
-0.534653,-0.481187,2.005620
-0.289177,-0.495864,1.981011
-0.504590,-0.883743,2.029011
-0.244381,-0.858858,2.096132
-0.492673,-0.932865,1.941888
-0.228889,-0.913446,2.023991
-0.537963,0.800008,2.157990
-0.538727,0.620781,2.107680
-0.657865,0.434247,1.945595
-0.361713,0.447663,1.956887
-0.794774,0.294936,1.811338
-0.344418,0.288652,1.779740
-0.515061,0.341467,1.779740
-0.651264,0.322762,1.853600
-0.441237,0.396405,1.855990
-0.829425,0.467196,1.858570
-0.479415,0.108543,2.043931
-0.463167,0.023938,1.967023
-0.532283,-0.041168,1.921088
-0.378576,-0.029675,1.973741
-0.535742,-0.481415,2.005386
-0.290980,-0.494275,1.971233
-0.504838,-0.879765,2.033026
-0.246456,-0.859020,2.070968
-0.495966,-0.927894,1.952041
-0.231797,-0.913715,1.995863
-0.535864,0.797233,2.150842
-0.537856,0.618698,2.102293
-0.658061,0.433507,1.943532
-0.360787,0.446296,1.955148
-0.794007,0.293514,1.808474
-0.347729,0.287572,1.778340
-0.516559,0.339264,1.778340
-0.652170,0.321829,1.851893
-0.444007,0.394034,1.854262
-0.826000,0.463013,1.853948
-0.480009,0.108569,2.040517
-0.464000,0.024216,1.963875
-0.533199,-0.041220,1.918199
-0.379625,-0.029986,1.970335
-0.536866,-0.481656,2.005023
-0.292890,-0.492700,1.960973
-0.505230,-0.875353,2.036734
-0.248446,-0.859295,2.045556
-0.499695,-0.922512,1.962345
-0.234494,-0.914176,1.967734
-0.533114,0.794107,2.142801
-0.536209,0.616320,2.095856
-0.657708,0.432707,1.940630
-0.359266,0.444858,1.952795
-0.792530,0.292172,1.804519
-0.351014,0.286407,1.776517
-0.517698,0.337126,1.776517
-0.653991,0.321367,1.849519
-0.446356,0.391740,1.851811
-0.823213,0.459233,1.849232
-0.480306,0.108787,2.036119
-0.464590,0.024803,1.959750
-0.533947,-0.041065,1.915179
-0.380409,-0.029977,1.963685
-0.538011,-0.481924,2.004477
-0.294859,-0.490816,1.950196
-0.505730,-0.870666,2.040076
-0.250367,-0.859274,2.020262
-0.503616,-0.916996,1.972389
-0.237024,-0.914353,1.939950
-0.527644,0.790122,2.131381
-0.532451,0.613310,2.086422
-0.655260,0.431420,1.934608
-0.355437,0.442963,1.947412
-0.789521,0.290601,1.798313
-0.354079,0.285095,1.773313
-0.517950,0.334910,1.773313
-0.653335,0.320412,1.845747
-0.447786,0.389382,1.847912
-0.813588,0.451377,1.837897
-0.479162,0.108739,2.029021
-0.463913,0.025186,1.953121
-0.533519,-0.041156,1.909269
-0.380321,-0.030254,1.956434
-0.539016,-0.482234,2.003085
-0.296130,-0.489087,1.936836
-0.505965,-0.865801,2.042619
-0.252922,-0.859686,1.998658
-0.505904,-0.913344,1.979317
-0.240322,-0.915013,1.916477
-0.521595,0.786104,2.119560
-0.528008,0.610204,2.076207
-0.652073,0.430115,1.927734
-0.350911,0.441020,1.941161
-0.785943,0.289189,1.791449
-0.356406,0.283801,1.769274
-0.517789,0.332785,1.769274
-0.652297,0.319622,1.841393
-0.448734,0.387126,1.843387
-0.801859,0.439917,1.822049
-0.477517,0.108660,2.021117
-0.462781,0.025558,1.945712
-0.532733,-0.041238,1.902786
-0.379536,-0.030672,1.948136
-0.539897,-0.482532,2.001087
-0.296959,-0.487580,1.923103
-0.506125,-0.860741,2.044651
-0.255994,-0.860271,1.976775
-0.508067,-0.909776,1.985716
-0.244214,-0.915876,1.892881
-0.512080,0.781532,2.103287
-0.520130,0.606578,2.061602
-0.644092,0.428290,1.915260
-0.343120,0.438578,1.930030
-0.780539,0.288480,1.782304
-0.358348,0.282202,1.764997
-0.510393,0.329007,1.764997
-0.649486,0.319366,1.824530
-0.437720,0.384131,1.830588
-0.793409,0.432071,1.810485
-0.473406,0.108111,2.009137
-0.459390,0.025470,1.934390
-0.530032,-0.041463,1.893437
-0.376610,-0.031587,1.935894
-0.540124,-0.482716,1.996312
-0.296425,-0.486529,1.906532
-0.506213,-0.855559,2.045860
-0.259587,-0.860984,1.955711
-0.510059,-0.906415,1.991370
-0.248732,-0.916754,1.870510
-0.502253,0.777157,2.086845
-0.511625,0.603048,2.046503
-0.635230,0.426417,1.901786
-0.334679,0.436204,1.917962
-0.774857,0.288037,1.772873
-0.359710,0.280861,1.758569
-0.502296,0.325662,1.758569
-0.647495,0.320004,1.806233
-0.424989,0.381528,1.816171
-0.787938,0.426033,1.800356
-0.468755,0.107516,1.996604
-0.455476,0.025309,1.922506
-0.526766,-0.041721,1.883535
-0.373105,-0.032551,1.922970
-0.540089,-0.482801,1.990635
-0.295474,-0.485606,1.890068
-0.506302,-0.850302,2.046521
-0.262527,-0.861711,1.935829
-0.511950,-0.903204,1.996485
-0.252481,-0.917671,1.849581
-0.489287,0.773021,2.066108
-0.499753,0.599742,2.027492
-0.621688,0.424069,1.882850
-0.322813,0.433839,1.900574
-0.767413,0.288472,1.761577
-0.359736,0.279263,1.752248
-0.491576,0.322924,1.752248
-0.642480,0.321510,1.783542
-0.409175,0.379301,1.798035
-0.771298,0.419570,1.781052
-0.461100,0.106686,1.979844
-0.448726,0.024837,1.906399
-0.520260,-0.042182,1.869550
-0.367301,-0.033625,1.905996
-0.539347,-0.482181,1.980343
-0.293172,-0.484795,1.872003
-0.506412,-0.844542,2.046029
-0.265404,-0.862101,1.918260
-0.513753,-0.900069,2.000912
-0.256104,-0.918164,1.831153
-0.476403,0.769201,2.045889
-0.487593,0.596635,2.008537
-0.608181,0.421872,1.864201
-0.310671,0.431956,1.883072
-0.759417,0.289093,1.749533
-0.341135,0.278797,1.731329
-0.480361,0.320467,1.731329
-0.629863,0.325165,1.760444
-0.392147,0.377316,1.779018
-0.751470,0.417464,1.764822
-0.452951,0.105923,1.962863
-0.441501,0.024411,1.890038
-0.513243,-0.042614,1.855187
-0.360990,-0.034613,1.888825
-0.538474,-0.481414,1.968503
-0.290580,-0.484030,1.854518
-0.506517,-0.838155,2.044196
-0.267880,-0.862480,1.901569
-0.515499,-0.896898,2.004692
-0.259281,-0.918674,1.813766
-0.463219,0.765708,2.025144
-0.474572,0.593772,1.989015
-0.594279,0.419863,1.845259
-0.297660,0.429796,1.863716
-0.750782,0.289923,1.736825
-0.319258,0.277254,1.708655
-0.469004,0.318900,1.708655
-0.614808,0.329067,1.738820
-0.369494,0.376476,1.759130
-0.731003,0.416356,1.749006
-0.444039,0.105174,1.945284
-0.433703,0.023946,1.873119
-0.505818,-0.043010,1.840583
-0.353963,-0.035614,1.870726
-0.537347,-0.480719,1.952743
-0.287627,-0.483376,1.837517
-0.506703,-0.830921,2.040395
-0.270393,-0.862745,1.886116
-0.516543,-0.891466,2.004007
-0.262537,-0.919046,1.797728
-0.448510,0.762281,2.002124
-0.458981,0.590864,1.966509
-0.576677,0.417668,1.822657
-0.282356,0.427233,1.840812
-0.739902,0.291440,1.722292
-0.306190,0.279672,1.687190
-0.454855,0.316998,1.687190
-0.595263,0.330933,1.712814
-0.347742,0.374792,1.736316
-0.717541,0.412422,1.734566
-0.432650,0.103992,1.924559
-0.423513,0.022965,1.853053
-0.496039,-0.043580,1.823257
-0.344787,-0.037100,1.849534
-0.535111,-0.480149,1.928010
-0.284136,-0.483119,1.820831
-0.506701,-0.820546,2.030374
-0.273268,-0.862971,1.871460
-0.517141,-0.883717,1.998330
-0.266221,-0.919338,1.782585
-0.433338,0.758925,1.978445
-0.442928,0.587962,1.943501
-0.558472,0.415327,1.799631
-0.266578,0.424292,1.816554
-0.728151,0.293102,1.706971
-0.291928,0.282628,1.663889
-0.444409,0.315383,1.663889
-0.573492,0.332487,1.693505
-0.326014,0.373219,1.713596
-0.704508,0.408628,1.720396
-0.420297,0.102439,1.902908
-0.412399,0.021543,1.831991
-0.485238,-0.044371,1.805012
-0.334653,-0.038964,1.827155
-0.531067,-0.480079,1.897289
-0.280216,-0.483169,1.804548
-0.505067,-0.806719,2.012613
-0.276431,-0.862973,1.858180
-0.516499,-0.873395,1.986708
-0.270328,-0.919288,1.768853
-0.419815,0.755683,1.954466
-0.427519,0.585340,1.921511
-0.540925,0.413114,1.777491
-0.251473,0.421407,1.793117
-0.716119,0.294719,1.691409
-0.277718,0.285738,1.640649
-0.431303,0.314951,1.640649
-0.552172,0.334366,1.672635
-0.296048,0.373847,1.692039
-0.692181,0.405416,1.706700
-0.408083,0.100867,1.881879
-0.401309,0.020050,1.811440
-0.474237,-0.045206,1.786845
-0.324574,-0.040820,1.805546
-0.526497,-0.480067,1.868189
-0.276189,-0.483326,1.789124
-0.503546,-0.800498,2.004569
-0.279627,-0.862823,1.846070
-0.514306,-0.867283,1.978944
-0.274486,-0.919015,1.756354
-0.406687,0.752783,1.931473
-0.412694,0.582931,1.900234
-0.524161,0.410789,1.755759
-0.237158,0.418657,1.770722
-0.704700,0.296243,1.676439
-0.246512,0.286565,1.613456
-0.419134,0.314676,1.613456
-0.519872,0.334344,1.653391
-0.267041,0.374686,1.671839
-0.680734,0.402702,1.693648
-0.396273,0.099334,1.861619
-0.390437,0.018543,1.791578
-0.463260,-0.046100,1.768741
-0.314722,-0.042654,1.785020
-0.521648,-0.480131,1.840168
-0.272196,-0.483582,1.774667
-0.501437,-0.795062,1.995874
-0.282799,-0.862576,1.835008
-0.511059,-0.861740,1.969700
-0.278580,-0.918592,1.744987
-0.394160,0.750170,1.909530
-0.398665,0.580715,1.879858
-0.508806,0.408768,1.735669
-0.223594,0.416018,1.749300
-0.693630,0.297778,1.661604
-0.225779,0.286948,1.593989
-0.407564,0.314566,1.593989
-0.488885,0.334136,1.635144
-0.239143,0.375614,1.652595
-0.669870,0.400462,1.680957
-0.384895,0.097943,1.842259
-0.379970,0.017154,1.772599
-0.452685,-0.046923,1.751250
-0.305151,-0.044389,1.765546
-0.516170,-0.480291,1.812731
-0.268251,-0.483867,1.761177
-0.498894,-0.790619,1.985918
-0.285919,-0.862220,1.824908
-0.507309,-0.857154,1.958493
-0.282681,-0.918000,1.734636
-0.381949,0.747790,1.887878
-0.385145,0.578618,1.859390
-0.495773,0.408378,1.717939
-0.210623,0.413409,1.727762
-0.681820,0.299295,1.645651
-0.205264,0.287088,1.575174
-0.395458,0.314471,1.575174
-0.458948,0.333838,1.616510
-0.212108,0.376297,1.633405
-0.659203,0.398640,1.667903
-0.373676,0.097037,1.823151
-0.369815,0.016290,1.753950
-0.442559,-0.047381,1.733949
-0.295667,-0.045808,1.746510
-0.509247,-0.480310,1.784625
-0.264479,-0.483981,1.748729
-0.490867,-0.787735,1.969559
-0.288743,-0.861858,1.815503
-0.496945,-0.853599,1.938840
-0.286471,-0.917481,1.725012
-0.372428,0.745680,1.870240
-0.372668,0.576642,1.839830
-0.484010,0.408191,1.701832
-0.198696,0.410988,1.707573
-0.670437,0.300784,1.630114
-0.185726,0.287054,1.557642
-0.383945,0.314403,1.557642
-0.431525,0.333452,1.598906
-0.186839,0.376837,1.615298
-0.649154,0.397128,1.655288
-0.363141,0.096313,1.805182
-0.360324,0.015579,1.736485
-0.433080,-0.047736,1.717588
-0.286721,-0.047071,1.728750
-0.502318,-0.480297,1.758429
-0.260909,-0.484067,1.737297
-0.482406,-0.788125,1.944010
-0.291332,-0.861496,1.806893
-0.486195,-0.854212,1.907455
-0.289990,-0.916980,1.716229
-0.363762,0.743664,1.852685
-0.361069,0.574803,1.820425
-0.471346,0.406909,1.682672
-0.187589,0.408566,1.687447
-0.660639,0.302692,1.615196
-0.166689,0.286985,1.540672
-0.375171,0.314347,1.540672
-0.405765,0.332946,1.584328
-0.163070,0.377482,1.597700
-0.639637,0.395830,1.642791
-0.353420,0.095478,1.787784
-0.351206,0.014695,1.719481
-0.423825,-0.048246,1.701448
-0.278262,-0.048294,1.711922
-0.494978,-0.480573,1.733041
-0.257430,-0.484190,1.726608
-0.462659,-0.788515,1.906864
-0.293780,-0.861087,1.799069
-0.460877,-0.852364,1.861217
-0.293167,-0.916436,1.708312
-0.356361,0.741706,1.835986
-0.350606,0.573115,1.802184
-0.460875,0.406592,1.666472
-0.177588,0.406312,1.668584
-0.651241,0.304057,1.600557
-0.149537,0.286518,1.524817
-0.366980,0.314219,1.524817
-0.383636,0.331878,1.570730
-0.141183,0.378010,1.581349
-0.630721,0.394355,1.630356
-0.344361,0.094841,1.771487
-0.342820,0.014012,1.703604
-0.415321,-0.048607,1.686266
-0.270375,-0.049341,1.696187
-0.487534,-0.480781,1.708992
-0.254073,-0.484268,1.716614
-0.442074,-0.789322,1.869803
-0.296101,-0.860610,1.791916
-0.435428,-0.850780,1.815844
-0.296279,-0.915790,1.701090
-0.349940,0.739924,1.820415
-0.341229,0.571498,1.784187
-0.451532,0.406290,1.651033
-0.168622,0.404231,1.650645
-0.642359,0.305095,1.585444
-0.133391,0.286039,1.510047
-0.359363,0.314033,1.510047
-0.363480,0.330835,1.557636
-0.120973,0.378340,1.565587
-0.622412,0.393067,1.618037
-0.336012,0.094306,1.755783
-0.335047,0.013406,1.688345
-0.407406,-0.048994,1.671313
-0.262998,-0.050281,1.681296
-0.479959,-0.481124,1.685588
-0.250655,-0.484365,1.706797
-0.409560,-0.784041,1.808152
-0.299121,-0.859774,1.784676
-0.398719,-0.837745,1.743600
-0.300271,-0.914625,1.693824
