-0.135809,0.041698,3.879419
-0.143724,-0.143591,3.857574
-0.273901,-0.237229,3.832910
-0.006800,-0.237031,3.932801
-0.321487,-0.459357,3.803919
0.139691,-0.412229,3.979316
-0.345462,-0.638446,3.979316
0.134481,-0.471162,3.726228
-0.339382,-0.714653,3.717270
0.188461,-0.466296,3.702822
-0.127284,-0.480276,3.868418
-0.113667,-0.539916,3.845338
-0.163821,-0.606133,3.826407
-0.052947,-0.592894,3.852119
-0.161654,-1.049543,3.805878
-0.031054,-0.978536,3.739989
-0.103976,-1.386218,3.814199
0.018577,-1.365102,3.694952
-0.137841,-1.456631,3.848449
0.000449,-1.430210,3.671532
-0.129859,0.040252,3.878238
-0.143886,-0.138309,3.854504
-0.275185,-0.233329,3.830054
0.002389,-0.246092,3.913950
-0.318162,-0.468068,3.776259
0.094546,-0.453143,3.897184
-0.345554,-0.642713,3.897184
0.164381,-0.430055,3.702960
-0.338522,-0.708525,3.684228
0.188670,-0.432836,3.681790
-0.128302,-0.476654,3.862929
-0.116319,-0.538632,3.838421
-0.170002,-0.606144,3.818289
-0.053974,-0.594558,3.846465
-0.159484,-1.058367,3.806283
-0.023158,-0.999843,3.723539
-0.105056,-1.387139,3.813668
0.010012,-1.319661,3.661725
-0.132767,-1.451538,3.824502
0.031783,-1.347800,3.586229
-0.126020,0.037095,3.863537
-0.145653,-0.136563,3.848067
-0.275220,-0.231350,3.827795
0.002723,-0.245657,3.912944
-0.312879,-0.467787,3.777589
0.120875,-0.377648,3.871263
-0.343522,-0.633867,3.871263
0.171121,-0.431931,3.696443
-0.335487,-0.709327,3.681704
0.190020,-0.391949,3.651512
-0.128609,-0.474118,3.847147
-0.115180,-0.536400,3.818122
-0.169193,-0.604693,3.801538
-0.050889,-0.593561,3.820263
-0.150987,-1.077086,3.794508
-0.026984,-1.017976,3.715463
-0.112457,-1.388770,3.820542
0.022833,-1.329126,3.652224
-0.136966,-1.454383,3.811168
-0.007289,-1.386342,3.603009
-0.122156,0.038915,3.856300
-0.150401,-0.139194,3.841869
-0.275955,-0.235593,3.821180
0.015453,-0.251359,3.908829
-0.313799,-0.472576,3.772598
0.146404,-0.368927,3.848820
-0.345158,-0.628928,3.848820
0.178348,-0.403299,3.680378
-0.337384,-0.706022,3.676927
0.192152,-0.372094,3.646407
-0.128214,-0.473000,3.842699
-0.113551,-0.534560,3.812193
-0.168411,-0.604519,3.795587
-0.045405,-0.593935,3.813120
-0.153565,-1.081799,3.797182
-0.022117,-1.025829,3.706382
-0.112425,-1.389072,3.817741
0.002159,-1.315478,3.595722
-0.090445,-1.415855,3.741714
0.024139,-1.342261,3.519695
-0.119115,0.038680,3.851581
-0.149822,-0.139099,3.840196
-0.275443,-0.239612,3.813413
-0.041748,-0.248017,3.827207
-0.327183,-0.460620,3.763221
0.095863,-0.334980,3.874923
-0.342010,-0.629893,3.874923
0.172401,-0.394721,3.673903
-0.336258,-0.707011,3.665706
0.190695,-0.372076,3.649767
-0.118537,-0.486763,3.825675
-0.109707,-0.552453,3.786757
-0.162854,-0.612182,3.774213
-0.046878,-0.599936,3.789751
-0.151923,-1.020531,3.762718
-0.030721,-1.038738,3.676858
-0.115468,-1.387348,3.815597
0.027845,-1.313028,3.571213
-0.141402,-1.452873,3.809820
0.024435,-1.356413,3.498427
-0.114742,0.036745,3.843745
-0.149704,-0.143042,3.825323
-0.276684,-0.240193,3.807714
0.001973,-0.251138,3.848043
-0.327621,-0.457762,3.760347
0.107751,-0.409525,3.818986
-0.339474,-0.628218,3.818986
0.173319,-0.330164,3.668393
-0.331145,-0.704181,3.653294
0.168198,-0.249361,3.570831
-0.119109,-0.483491,3.819220
-0.107226,-0.547297,3.781016
-0.160681,-0.610862,3.766819
-0.041796,-0.598328,3.782309
-0.157258,-1.083835,3.783471
-0.027707,-1.036998,3.667842
-0.110869,-1.387080,3.810823
0.022378,-1.305482,3.543731
-0.134245,-1.453143,3.802639
0.016337,-1.353901,3.467861
-0.110451,0.041089,3.821003
-0.146341,-0.144784,3.813522
-0.272134,-0.251998,3.776850
0.050711,-0.247005,3.872272
-0.336515,-0.482454,3.718311
0.152900,-0.414173,3.742289
-0.338492,-0.646279,3.742289
0.157178,-0.233976,3.634598
-0.331514,-0.723536,3.631376
0.149798,-0.205631,3.583577
-0.118371,-0.475629,3.799421
-0.101564,-0.533868,3.760660
-0.159512,-0.608029,3.732068
-0.029028,-0.595877,3.764686
-0.156086,-1.086285,3.780774
-0.010692,-1.017964,3.606124
-0.117711,-1.418537,3.822390
0.026932,-1.297910,3.517991
-0.123484,-1.484178,3.797780
0.020527,-1.330092,3.434362
-0.106500,0.038754,3.809460
-0.130075,-0.143050,3.806320
-0.270844,-0.247207,3.768571
0.051642,-0.247539,3.869717
-0.335435,-0.442602,3.720727
0.161497,-0.382786,3.707700
-0.335563,-0.620394,3.707700
0.155792,-0.214238,3.641199
-0.328549,-0.695830,3.621232
0.141091,-0.150010,3.556106
-0.112450,-0.468571,3.796973
-0.095850,-0.526249,3.757943
-0.157118,-0.603760,3.727493
-0.022778,-0.592890,3.765036
-0.154454,-1.080671,3.766682
-0.010315,-1.016082,3.605641
-0.123268,-1.385038,3.820608
0.026345,-1.281196,3.474168
-0.101005,-1.410204,3.744709
0.018858,-1.326009,3.420191
-0.103873,0.044628,3.778273
-0.126091,-0.140106,3.785203
-0.265237,-0.237596,3.757480
0.054039,-0.246578,3.858441
-0.332787,-0.445297,3.715275
0.167231,-0.378497,3.700157
-0.332321,-0.620472,3.700157
0.150877,-0.206124,3.631798
-0.320201,-0.694151,3.606002
0.140651,-0.138878,3.569348
-0.108592,-0.463469,3.787534
-0.091826,-0.522042,3.749552
-0.152228,-0.595024,3.716116
-0.018819,-0.593696,3.761048
-0.143782,-1.082940,3.742641
-0.009735,-1.015518,3.589512
-0.114191,-1.358031,3.837221
0.018477,-1.281238,3.460187
-0.135757,-1.445255,3.802906
0.024770,-1.322268,3.389201
-0.100149,0.044831,3.767541
-0.123845,-0.133752,3.780281
-0.254262,-0.230306,3.743098
0.059457,-0.250403,3.839419
-0.310481,-0.464527,3.687389
0.176661,-0.313981,3.666465
-0.320200,-0.628935,3.666465
0.141390,-0.148971,3.603435
-0.315667,-0.706216,3.585794
0.140820,-0.114053,3.571349
-0.102662,-0.460526,3.770122
-0.084730,-0.517963,3.728123
-0.144259,-0.589478,3.685366
-0.010434,-0.592521,3.742909
-0.143006,-1.080442,3.738214
-0.008292,-1.014033,3.587234
-0.108507,-1.383521,3.806913
0.005440,-1.262758,3.418219
-0.135452,-1.456322,3.816302
0.028329,-1.287830,3.341563
-0.097517,0.047497,3.756351
-0.111959,-0.127644,3.758393
-0.240246,-0.215960,3.720162
0.064596,-0.243638,3.798577
-0.299596,-0.451051,3.673956
0.191061,-0.307489,3.663100
-0.313140,-0.627741,3.663100
0.143264,-0.141567,3.581630
-0.307938,-0.704691,3.559674
0.114246,-0.045816,3.610327
-0.096537,-0.456335,3.749924
-0.081430,-0.514301,3.708005
-0.142928,-0.587518,3.672900
-0.008283,-0.584367,3.718687
-0.143327,-1.080460,3.731813
-0.011167,-1.006818,3.582227
-0.105714,-1.395054,3.807744
0.006878,-1.262091,3.417782
-0.133876,-1.458781,3.821715
0.026685,-1.287398,3.340606
-0.087475,0.053003,3.739780
-0.095098,-0.125925,3.742934
-0.239383,-0.215588,3.716371
0.069563,-0.233508,3.773464
-0.297314,-0.451514,3.667818
0.208818,-0.304380,3.655951
-0.310824,-0.629403,3.655951
0.146787,-0.140195,3.569084
-0.305465,-0.707150,3.553942
0.126250,-0.066170,3.628510
-0.084930,-0.450934,3.728269
-0.073917,-0.506644,3.682673
-0.138482,-0.579247,3.648196
-0.001541,-0.576197,3.688429
-0.134599,-1.058377,3.686876
-0.011074,-0.990180,3.570069
-0.106444,-1.371942,3.772360
0.004868,-1.258345,3.418438
-0.091893,-1.396647,3.693650
0.019418,-1.283049,3.339728
-0.081434,0.056237,3.741261
-0.091937,-0.129983,3.732822
-0.234701,-0.215938,3.698399
0.077380,-0.232030,3.752848
-0.296422,-0.452157,3.660283
0.224342,-0.250805,3.624808
-0.301459,-0.642456,3.624808
0.098718,-0.044903,3.560705
-0.301783,-0.718359,3.544989
0.083357,0.006444,3.662431
-0.080085,-0.451330,3.705895
-0.069199,-0.503845,3.657487
-0.132891,-0.577913,3.616054
0.003315,-0.573087,3.662557
-0.134901,-1.060727,3.687466
-0.009471,-0.994364,3.564533
-0.108165,-1.373515,3.774974
0.005266,-1.259805,3.417370
-0.094222,-1.397211,3.695600
0.019209,-1.283500,3.337996
-0.071142,0.061318,3.731112
-0.086779,-0.129411,3.701405
-0.231953,-0.218094,3.688188
0.091667,-0.244345,3.720592
-0.284473,-0.455979,3.640553
0.246107,-0.214735,3.606708
-0.270487,-0.680745,3.606708
0.101021,-0.046015,3.536643
-0.307737,-0.727633,3.533288
0.093428,0.003218,3.670255
-0.066764,-0.444512,3.673996
-0.057190,-0.495706,3.625190
-0.118561,-0.572756,3.577579
0.016142,-0.569190,3.636220
-0.135095,-1.060295,3.680315
0.006879,-0.982449,3.531473
-0.109228,-1.374366,3.775296
0.019375,-1.290923,3.402756
-0.134824,-1.444677,3.787791
0.013195,-1.327488,3.340036
-0.068140,0.064553,3.720093
-0.085977,-0.125655,3.699190
-0.224225,-0.219252,3.661232
0.093972,-0.228440,3.711265
-0.282578,-0.456954,3.633682
0.246815,-0.212353,3.591282
-0.273667,-0.676756,3.591282
0.107106,-0.049366,3.530129
-0.303144,-0.727252,3.516259
0.092720,-0.001330,3.668709
-0.064258,-0.442683,3.664925
-0.051750,-0.492995,3.613633
-0.112562,-0.570287,3.565693
0.024038,-0.564434,3.619390
-0.123321,-1.039492,3.633320
0.008345,-0.961928,3.510862
-0.113436,-1.345200,3.744193
0.017617,-1.267942,3.402919
-0.138746,-1.427981,3.736584
0.013387,-1.324906,3.338124
-0.057182,0.079872,3.700250
-0.071611,-0.117178,3.685620
-0.195969,-0.216311,3.635209
0.106553,-0.216802,3.690102
-0.272684,-0.448700,3.620919
0.249523,-0.196024,3.556498
-0.272454,-0.675526,3.556498
0.120926,-0.048177,3.525716
-0.296118,-0.728022,3.508076
0.100206,-0.001433,3.671088
-0.057674,-0.433292,3.644595
-0.046336,-0.482363,3.592262
-0.107397,-0.553295,3.538323
0.025300,-0.555816,3.602245
-0.103714,-0.961797,3.557878
0.008968,-0.959519,3.501740
-0.117019,-1.304229,3.710540
0.018918,-1.264715,3.401002
-0.103479,-1.326824,3.630934
0.013438,-1.324770,3.337732
-0.058159,0.078088,3.669600
-0.062031,-0.113317,3.679356
-0.180989,-0.212775,3.622072
0.117441,-0.212242,3.668176
-0.265656,-0.442619,3.596190
0.263119,-0.176133,3.542431
-0.272264,-0.626946,3.542431
0.141344,-0.049545,3.507518
-0.275531,-0.706880,3.504848
0.114112,0.000365,3.667604
-0.048052,-0.431145,3.625750
-0.038104,-0.478536,3.569891
-0.099737,-0.544380,3.518102
0.031907,-0.551674,3.573001
-0.069511,-0.939467,3.503094
0.011034,-0.960912,3.490757
-0.111623,-1.273570,3.669520
0.020805,-1.263697,3.398623
-0.100118,-1.295535,3.589569
0.013323,-1.321802,3.336943
-0.054463,0.078364,3.657455
-0.054629,-0.111931,3.665718
-0.182112,-0.210748,3.617955
0.122461,-0.200674,3.642485
-0.260189,-0.441334,3.569885
0.277473,-0.167767,3.530980
-0.268474,-0.632323,3.530980
0.149556,-0.078806,3.494906
-0.270112,-0.695423,3.485633
0.124973,-0.026909,3.648741
-0.036812,-0.426053,3.599887
-0.030342,-0.470583,3.542278
-0.093761,-0.536693,3.498087
0.041882,-0.541015,3.532149
-0.093119,-1.002762,3.486344
0.006958,-0.957013,3.472269
-0.114502,-1.326769,3.673155
0.020080,-1.264149,3.395357
-0.116612,-1.397722,3.673163
0.013520,-1.322780,3.333525
-0.048650,0.080040,3.642247
-0.038120,-0.107953,3.654363
-0.183994,-0.206039,3.599180
0.140971,-0.134041,3.618595
-0.256024,-0.438153,3.554157
0.300106,-0.180279,3.523106
-0.264550,-0.630942,3.523106
0.143336,-0.021901,3.484359
-0.252884,-0.705402,3.452761
0.105277,0.042800,3.656688
-0.020141,-0.413308,3.585371
-0.017848,-0.454670,3.526631
-0.082629,-0.523523,3.480214
0.053384,-0.529815,3.516274
-0.077041,-0.899017,3.434382
0.002546,-0.959120,3.446176
-0.103959,-1.233913,3.605610
0.022462,-1.262111,3.394052
-0.105815,-1.255341,3.525036
0.015094,-1.325691,3.325777
-0.040219,0.081137,3.627261
-0.032755,-0.105718,3.642994
-0.181168,-0.204700,3.581882
0.144030,-0.126329,3.611602
-0.251641,-0.436798,3.538431
0.300565,-0.093839,3.504732
-0.257937,-0.632168,3.504732
0.138361,-0.011241,3.456570
-0.249625,-0.711375,3.437577
0.112724,0.040910,3.634890
-0.012881,-0.405744,3.573458
-0.009279,-0.445684,3.514768
-0.073599,-0.517082,3.465538
0.065236,-0.519985,3.503205
-0.078767,-0.893080,3.424649
0.003124,-0.965867,3.423872
-0.103542,-1.239084,3.559094
0.022780,-1.253078,3.385916
-0.103842,-1.260507,3.478382
0.015413,-1.321939,3.324226
-0.017759,0.084495,3.618560
-0.023291,-0.095276,3.623349
-0.173478,-0.201973,3.556512
0.158469,-0.110382,3.579508
-0.249193,-0.432364,3.525062
0.302208,-0.020166,3.497040
-0.255003,-0.610688,3.497040
0.134044,0.005083,3.434011
-0.246560,-0.684496,3.398766
0.108408,0.057234,3.594344
-0.003322,-0.395475,3.558450
-0.001285,-0.436310,3.500118
-0.066720,-0.511252,3.451155
0.073709,-0.511136,3.489563
-0.059377,-0.929631,3.365273
0.010931,-0.963656,3.414170
-0.091784,-1.224077,3.477822
0.023482,-1.256658,3.385628
-0.094409,-1.245605,3.397012
0.004025,-1.331859,3.341487
-0.010162,0.086732,3.618703
-0.022079,-0.098628,3.603366
-0.170896,-0.202186,3.549373
0.160840,-0.102954,3.575101
-0.248465,-0.431008,3.511616
0.295412,-0.020933,3.466006
-0.247045,-0.621095,3.466006
0.137359,0.017644,3.396385
-0.243343,-0.702716,3.385746
0.111722,0.069795,3.604028
0.005380,-0.391460,3.545509
0.009399,-0.431150,3.487255
-0.052955,-0.509877,3.439446
0.088339,-0.502580,3.473706
-0.051516,-0.926746,3.341482
0.017872,-0.962692,3.400933
-0.095015,-1.279976,3.472830
0.027197,-1.258685,3.384544
-0.062163,-1.330852,3.397186
0.001358,-1.333660,3.340942
0.006081,0.092491,3.603899
-0.017957,-0.094520,3.580390
-0.163383,-0.203017,3.526920
0.164822,-0.101336,3.564337
-0.246897,-0.429202,3.495616
0.300652,-0.011963,3.466678
-0.246247,-0.611959,3.466678
0.151920,0.021885,3.382884
-0.243226,-0.694535,3.382764
0.126283,0.074035,3.588329
0.008178,-0.385671,3.528589
0.013450,-0.425926,3.471743
-0.050988,-0.508273,3.438837
0.091154,-0.487797,3.433976
-0.069104,-0.899430,3.286017
0.031437,-0.951339,3.396146
-0.084496,-1.267902,3.386417
0.021159,-1.260166,3.385076
-0.035477,-1.342557,3.361950
0.003278,-1.331863,3.342537
-0.002545,0.098520,3.585080
-0.017817,-0.094568,3.575817
-0.157690,-0.204000,3.511053
0.172707,-0.098425,3.551739
-0.246084,-0.427239,3.477538
0.301872,-0.001110,3.453848
-0.243326,-0.605671,3.453848
0.152097,0.027846,3.372689
-0.240460,-0.686416,3.355315
0.126460,0.079997,3.580379
0.005224,-0.386776,3.511533
0.008974,-0.424952,3.451740
-0.061469,-0.503254,3.404489
0.089847,-0.490121,3.429702
-0.065708,-0.892224,3.244073
0.043664,-0.963480,3.395961
-0.079876,-1.255393,3.363152
-0.007250,-1.295437,3.361254
-0.037662,-1.333247,3.325937
-0.040002,-1.343343,3.319209
0.006334,0.101132,3.578884
-0.010316,-0.086662,3.565198
-0.150795,-0.204358,3.493744
0.169112,-0.100942,3.533309
-0.243736,-0.424347,3.449251
0.292025,0.004834,3.437525
-0.239593,-0.595687,3.437525
0.150510,0.036199,3.357282
-0.236115,-0.675152,3.334210
0.126986,0.087882,3.564431
0.015859,-0.388701,3.494609
0.020630,-0.428873,3.433592
-0.044937,-0.504945,3.389135
0.096325,-0.493880,3.418883
-0.062879,-0.882062,3.213565
0.054384,-0.970336,3.397857
-0.085006,-1.262115,3.278956
0.007935,-1.274666,3.361597
-0.046377,-1.322586,3.276638
0.027228,-1.334081,3.326213
0.021963,0.097903,3.572314
-0.014619,-0.081298,3.547965
-0.149992,-0.202715,3.478773
0.154956,-0.177137,3.503294
-0.239265,-0.422031,3.431789
0.260823,-0.023670,3.452701
-0.236194,-0.588145,3.452701
0.131297,0.051557,3.334112
-0.234066,-0.664279,3.309024
0.126306,0.091717,3.558956
0.014006,-0.401209,3.466525
0.022246,-0.445205,3.403198
-0.041896,-0.509322,3.361915
0.099290,-0.512096,3.394425
-0.060233,-0.879741,3.201911
0.062952,-0.932572,3.383165
-0.087501,-1.244317,3.217369
0.003879,-1.279324,3.346776
-0.083979,-1.265891,3.136147
0.031733,-1.341899,3.326280
0.027371,0.102754,3.562232
-0.004965,-0.078185,3.533917
-0.147847,-0.198690,3.464092
0.180949,-0.097003,3.478386
-0.236447,-0.419289,3.415347
0.307971,0.014331,3.402252
-0.234654,-0.581745,3.402252
0.151405,0.044369,3.315985
-0.234675,-0.653390,3.276336
0.125768,0.096520,3.552216
0.023567,-0.394793,3.461320
0.025889,-0.438990,3.398894
-0.040665,-0.507501,3.360348
0.105603,-0.507262,3.381899
-0.059751,-0.875134,3.178329
0.064098,-0.934565,3.379995
-0.095817,-1.225046,3.143294
0.015013,-1.264367,3.359852
-0.101436,-1.246621,3.062551
0.016394,-1.321247,3.317050
-0.002047,0.107138,3.473508
0.002857,-0.077885,3.474476
-0.139221,-0.192830,3.395896
0.183224,-0.101200,3.451665
-0.226934,-0.412717,3.358839
0.305523,0.002209,3.356070
-0.230307,-0.572264,3.356070
0.143289,0.055453,3.252314
-0.227969,-0.647241,3.234706
0.117652,0.107604,3.490179
0.025775,-0.385112,3.417663
0.033855,-0.427882,3.358457
-0.030087,-0.500039,3.318569
0.111752,-0.502076,3.343991
-0.066436,-0.852094,3.132196
0.056514,-0.927218,3.331701
-0.087877,-1.128281,3.009541
0.013621,-1.276464,3.352278
-0.085533,-1.178177,2.952283
0.017364,-1.332964,3.310398
-0.004518,0.112526,3.460726
0.002257,-0.074637,3.454606
-0.140483,-0.192401,3.381566
0.185764,-0.095437,3.434111
-0.226759,-0.411761,3.339271
0.311872,0.003126,3.339527
-0.227191,-0.572143,3.339527
0.145990,0.054690,3.237744
-0.220748,-0.647919,3.208564
0.120353,0.106841,3.481529
0.023359,-0.379987,3.398397
0.030192,-0.422242,3.339300
-0.034300,-0.498234,3.303179
0.106859,-0.493163,3.320044
-0.066482,-0.846346,3.126112
0.062702,-0.870345,3.309529
-0.083589,-1.112554,2.981020
0.051581,-1.226258,3.387525
-0.079619,-1.134006,2.900935
0.071578,-1.287549,3.358870
0.023546,0.109852,3.456658
0.005210,-0.072816,3.438353
-0.142163,-0.187138,3.359434
0.186152,-0.096765,3.423082
-0.220642,-0.408513,3.312724
0.301353,-0.006445,3.303774
-0.227244,-0.573027,3.303774
0.159510,0.044939,3.223845
-0.226064,-0.648372,3.188439
0.133874,0.097089,3.444499
0.025602,-0.386443,3.379222
0.034373,-0.430466,3.319317
-0.026915,-0.500153,3.279041
0.108314,-0.510819,3.302817
-0.066180,-0.836229,3.113281
0.062177,-0.920473,3.312758
-0.086080,-1.113554,2.957068
0.028580,-1.291362,3.345577
-0.073342,-1.161495,2.901861
0.016342,-1.344898,3.301088
0.011648,0.118672,3.434426
-0.001514,-0.073950,3.411941
-0.140617,-0.184785,3.336221
0.182633,-0.095401,3.401839
-0.222877,-0.404420,3.290978
0.308024,-0.001913,3.300982
-0.228072,-0.575685,3.300982
0.154066,0.050065,3.201941
-0.226866,-0.644531,3.183262
0.128429,0.102216,3.429870
0.022834,-0.384622,3.357142
0.032836,-0.428273,3.298179
-0.028927,-0.495129,3.258482
0.108597,-0.508410,3.285681
-0.062641,-0.829189,3.094761
0.066360,-0.874296,3.287037
-0.081904,-1.101438,2.944988
0.039559,-1.207335,3.341566
-0.074251,-1.122903,2.865391
0.027373,-1.260643,3.297267
0.025728,0.110852,3.409187
-0.001189,-0.069166,3.402536
-0.143113,-0.182663,3.317978
0.179198,-0.098402,3.386241
-0.221662,-0.403421,3.274246
0.298212,-0.000133,3.281837
-0.231713,-0.575046,3.281837
0.154003,0.054574,3.171413
-0.234725,-0.633921,3.154199
0.128366,0.106725,3.422240
0.022086,-0.382579,3.337294
0.032071,-0.425323,3.276214
-0.029913,-0.491187,3.225021
0.107477,-0.505746,3.268066
-0.061089,-0.824091,3.073473
0.065223,-0.925435,3.288303
-0.078241,-1.099286,2.934839
0.036425,-1.287133,3.331582
-0.070204,-1.120580,2.855205
0.007196,-1.328288,3.282511
0.028512,0.111027,3.397468
0.008649,-0.063441,3.382899
-0.141093,-0.177761,3.287386
0.178218,-0.094284,3.350027
-0.220844,-0.398213,3.252788
0.307447,0.006060,3.267980
-0.233994,-0.575406,3.267980
0.157555,0.055658,3.157760
-0.238155,-0.634487,3.141425
0.131919,0.107809,3.377967
0.025591,-0.382878,3.319524
0.034006,-0.427236,3.258669
-0.027659,-0.491862,3.217788
0.104499,-0.508309,3.241929
-0.060366,-0.813612,3.045619
0.065949,-0.897080,3.260455
-0.073781,-1.088277,2.923907
0.037720,-1.274493,3.329940
-0.066530,-1.109636,2.844224
0.022489,-1.329968,3.289375
0.019062,0.124751,3.361500
-0.007850,-0.058072,3.340931
-0.142085,-0.179441,3.263082
0.177756,-0.090352,3.333930
-0.224309,-0.398647,3.237344
0.306931,0.006536,3.247220
-0.235745,-0.568226,3.247220
0.157113,0.051220,3.143431
-0.238253,-0.645987,3.130069
0.131476,0.103371,3.350166
0.008710,-0.363668,3.275234
0.017640,-0.404253,3.215052
-0.049157,-0.473784,3.163837
0.096989,-0.487313,3.212401
-0.060021,-0.810927,3.025198
0.066621,-0.894225,3.249660
-0.072470,-1.088602,2.919394
0.038756,-1.269487,3.328449
-0.064374,-1.109906,2.839646
0.024975,-1.331171,3.297219
0.020617,0.127923,3.357021
-0.005282,-0.056182,3.337518
-0.140973,-0.166723,3.240225
0.178354,-0.088977,3.320995
-0.224282,-0.384665,3.203729
0.294592,0.002564,3.207468
-0.240106,-0.556394,3.207468
0.159339,0.043574,3.122123
-0.241432,-0.639502,3.123302
0.133702,0.095725,3.333816
0.013195,-0.363963,3.268054
0.024810,-0.404535,3.207072
-0.038278,-0.471856,3.155799
0.102834,-0.485506,3.199407
-0.062922,-0.801664,3.002500
0.064839,-0.886912,3.222508
-0.069880,-1.087582,2.914754
0.039820,-1.256236,3.322636
-0.058807,-1.108941,2.835232
0.050893,-1.277594,3.243113
0.011322,0.134114,3.310286
0.000647,-0.051911,3.310478
-0.141558,-0.171394,3.209327
0.172597,-0.085242,3.297812
-0.229499,-0.387204,3.174236
0.298222,-0.007315,3.184573
-0.237313,-0.555139,3.184573
0.156444,0.047653,3.102582
-0.239936,-0.635441,3.080822
0.130808,0.099804,3.327911
0.018904,-0.366828,3.241805
0.031146,-0.409174,3.180824
-0.031878,-0.474221,3.136817
0.106177,-0.488187,3.169428
-0.060539,-0.805752,2.991164
0.068773,-0.848572,3.188260
-0.066023,-1.185424,2.876425
0.029605,-1.170955,3.271682
-0.052682,-1.218386,2.796727
0.042022,-1.192382,3.192243
0.007065,0.137006,3.290899
-0.004207,-0.050163,3.290476
-0.146979,-0.160296,3.190158
0.166601,-0.082165,3.273199
-0.229847,-0.377091,3.145469
0.301686,-0.004300,3.175606
-0.248386,-0.551468,3.175606
0.155425,0.049158,3.058017
-0.251492,-0.622463,3.044525
0.161643,0.089666,3.259697
0.005654,-0.362003,3.213359
0.014937,-0.402228,3.150856
-0.049735,-0.467509,3.089646
0.085811,-0.483240,3.144300
-0.061671,-0.804772,2.958978
0.068046,-0.911543,3.182773
-0.062670,-1.189528,2.869058
0.030901,-1.251693,3.291465
-0.050559,-1.222390,2.791295
0.042345,-1.273119,3.211809
0.010041,0.137553,3.287404
-0.009150,-0.040878,3.270763
-0.145360,-0.154978,3.166621
0.164844,-0.081093,3.251856
-0.230670,-0.371191,3.131429
0.297761,0.001357,3.155840
-0.247474,-0.548393,3.155840
0.154362,0.045032,3.039420
-0.254435,-0.619226,3.032963
0.149369,0.090895,3.254616
0.002061,-0.352836,3.184292
0.012312,-0.392018,3.120788
-0.053138,-0.459605,3.074012
0.087738,-0.462804,3.101584
-0.062360,-0.796511,2.943030
0.067282,-0.901530,3.152023
-0.065541,-1.180647,2.848386
0.035515,-1.256899,3.281850
-0.053379,-1.213661,2.769782
0.036259,-1.327586,3.277297
0.001667,0.139018,3.248153
-0.015457,-0.073585,3.214931
-0.144683,-0.147706,3.148441
0.166902,-0.080669,3.222071
-0.235784,-0.359434,3.095044
0.295665,0.018249,3.141737
-0.250225,-0.537867,3.141737
0.146037,0.052898,3.014000
-0.260817,-0.607590,3.007261
0.142191,0.100002,3.233925
0.001894,-0.358253,3.164757
0.012653,-0.396621,3.106416
-0.049072,-0.459879,3.068080
0.083066,-0.471647,3.085410
-0.066397,-0.788646,2.920356
0.070239,-0.862928,3.105781
-0.067143,-1.177003,2.848918
0.041534,-1.213240,3.252968
-0.054865,-1.207825,2.773409
0.052892,-1.234778,3.173209
0.005230,0.151248,3.240211
-0.021404,-0.035140,3.210570
-0.144191,-0.143000,3.121458
0.164471,-0.085617,3.204620
-0.235692,-0.354368,3.068958
0.286181,0.021873,3.124945
-0.256812,-0.533994,3.124945
0.144846,0.073647,2.957359
-0.264338,-0.596588,2.937104
0.122277,0.124675,3.231944
-0.002757,-0.351842,3.137877
0.009731,-0.392017,3.072982
-0.051026,-0.453941,3.020087
0.081690,-0.466158,3.064502
-0.067832,-0.794548,2.909095
0.074476,-0.842901,3.067595
-0.067253,-1.184728,2.847283
0.049573,-1.189184,3.225001
-0.052358,-1.216543,2.771075
0.063353,-1.210680,3.145592
0.006402,0.151730,3.229000
-0.020701,-0.029956,3.201142
-0.148010,-0.141602,3.100850
0.159407,-0.078564,3.187640
-0.241571,-0.351019,3.042172
0.273878,0.024568,3.088014
-0.256675,-0.527444,3.088014
0.140085,0.090724,2.945393
-0.265317,-0.593338,2.932197
0.114448,0.142875,3.229865
-0.002994,-0.341886,3.119182
0.009564,-0.382056,3.056977
-0.050219,-0.445427,3.002853
0.080954,-0.458269,3.049742
-0.070140,-0.785463,2.892649
0.073427,-0.881037,3.033844
-0.066695,-1.177680,2.854289
0.052265,-1.215302,3.213892
-0.052225,-1.208187,2.777063
0.065983,-1.236870,3.134460
0.013934,0.149348,3.211556
-0.022520,-0.024204,3.177760
-0.149340,-0.134793,3.074577
0.149957,-0.102098,3.155699
-0.242992,-0.345023,3.021481
0.261919,0.018386,3.082869
-0.259519,-0.519004,3.082869
0.128549,0.087143,2.919141
-0.268630,-0.581188,2.899762
0.145579,0.117298,3.165808
-0.007511,-0.340211,3.094485
0.006183,-0.380812,3.031449
-0.052227,-0.442331,2.965440
0.076387,-0.458915,3.032627
-0.072791,-0.787718,2.881106
0.057934,-0.836124,2.980057
-0.068394,-1.180723,2.850319
0.057113,-1.178695,3.148249
-0.051450,-1.211884,2.773474
0.073080,-1.200330,3.069191
0.007011,0.145529,3.181412
-0.029520,-0.064199,3.124817
-0.153441,-0.130434,3.058707
0.144172,-0.101455,3.145383
-0.243805,-0.340897,2.997519
0.254867,0.014654,3.060337
-0.260036,-0.509620,3.060337
0.130897,0.090889,2.880815
-0.266385,-0.569371,2.845403
0.147065,0.117332,3.146981
-0.010080,-0.347036,3.068220
0.005870,-0.384158,3.010849
-0.049649,-0.444556,2.958706
0.072629,-0.457477,3.002564
-0.057512,-0.790640,2.880784
0.066969,-0.850930,2.964780
-0.080711,-1.183174,2.845319
0.059818,-1.192767,3.134729
-0.063401,-1.214666,2.767117
0.077874,-1.214405,3.056076
0.004354,0.156425,3.161021
-0.025242,-0.023590,3.128171
-0.157497,-0.125629,3.038862
0.149566,-0.083044,3.100938
-0.243976,-0.335669,2.968403
0.271303,0.031640,3.039416
-0.263183,-0.501142,3.039416
0.125883,0.080883,2.860804
-0.266362,-0.564028,2.835277
0.100246,0.133033,3.160124
-0.003871,-0.338381,3.055257
0.007909,-0.376392,2.992000
-0.050404,-0.439683,2.937408
0.078844,-0.448987,2.983850
-0.059334,-0.789191,2.867059
0.069501,-0.832203,2.910855
-0.079881,-1.182253,2.849925
0.067850,-1.170115,3.088243
-0.069706,-1.210451,2.770191
0.078379,-1.191539,3.008381
-0.000276,0.159744,3.141326
-0.026977,-0.021216,3.116549
-0.160424,-0.125855,3.022226
0.149350,-0.081881,3.099459
-0.254128,-0.330240,2.946977
0.264270,0.022529,3.003027
-0.264597,-0.487181,3.003027
0.127785,0.072320,2.831950
-0.264262,-0.550893,2.795643
0.082290,0.088916,3.110975
-0.006473,-0.333645,3.036475
0.007029,-0.372462,2.974460
-0.052383,-0.436981,2.922998
0.080044,-0.445503,2.965510
-0.062377,-0.789179,2.855060
0.070282,-0.837794,2.890611
-0.078740,-1.181802,2.854143
0.070011,-1.183978,3.051806
-0.065403,-1.206760,2.774894
0.083490,-1.205523,2.972351
0.000128,0.164019,3.116776
-0.028017,-0.017627,3.088532
-0.162048,-0.123825,3.010616
0.145778,-0.089174,3.081726
-0.251525,-0.329789,2.930720
0.259986,0.017974,2.988606
-0.265094,-0.482339,2.988606
0.126371,0.097453,2.814407
-0.259698,-0.545095,2.766511
0.100734,0.149604,3.115152
-0.007800,-0.329630,3.015800
0.005451,-0.369883,2.954036
-0.054111,-0.432565,2.894587
0.078478,-0.446088,2.952481
-0.067284,-0.785887,2.840014
0.068480,-0.830447,2.849338
-0.074945,-1.081910,2.844526
0.075094,-1.164644,2.999840
-0.061610,-1.103356,2.765187
0.088430,-1.186090,2.920501
-0.001429,0.165886,3.093182
-0.027699,-0.016992,3.080411
-0.159666,-0.124378,2.989943
0.143783,-0.087523,3.064691
-0.251275,-0.327846,2.914076
0.256738,0.020528,2.971301
-0.263624,-0.480885,2.971301
0.125045,0.102172,2.794775
-0.263059,-0.537130,2.751321
0.099408,0.154322,3.111331
-0.006564,-0.329752,3.000480
0.007208,-0.369372,2.937741
-0.052601,-0.432021,2.885988
0.080281,-0.442084,2.928748
-0.068674,-0.782781,2.830294
0.070874,-0.805769,2.819560
-0.074629,-1.082628,2.843289
0.086260,-1.145095,2.945065
-0.060801,-1.104062,2.764370
0.100089,-1.166529,2.866146
-0.006716,0.167380,3.079791
-0.025729,-0.011982,3.060747
-0.154005,-0.120590,2.970436
0.143395,-0.097547,3.039717
-0.252336,-0.324438,2.899904
0.250926,0.024461,2.963274
-0.260238,-0.473064,2.963274
0.118386,0.088614,2.775850
-0.259023,-0.531462,2.735329
0.105304,0.134688,3.067991
-0.005883,-0.329804,2.977005
0.007850,-0.370455,2.913693
-0.050795,-0.431598,2.857191
0.079226,-0.442329,2.912201
-0.070479,-0.780452,2.820998
0.068522,-0.810800,2.803508
-0.048624,-1.103354,2.844413
0.085599,-1.123770,2.883461
-0.080451,-1.165604,2.835003
0.099874,-1.145244,2.804575
-0.003736,0.167337,3.072996
-0.027815,-0.010035,3.051635
-0.157091,-0.124303,2.955365
0.143448,-0.084675,3.020168
-0.250515,-0.313061,2.884768
0.255947,0.033804,2.946899
-0.255267,-0.473756,2.946899
0.121798,0.105443,2.759889
-0.255659,-0.532710,2.719550
0.096161,0.157594,3.078656
-0.004316,-0.326775,2.966058
0.008079,-0.366766,2.902189
-0.051356,-0.429967,2.848994
0.081905,-0.435949,2.893150
-0.074088,-0.778825,2.812093
0.075943,-0.779010,2.770229
-0.045111,-1.102995,2.839621
0.085798,-1.096585,2.822406
-0.086730,-1.159886,2.835809
0.097077,-1.118060,2.742979
0.001154,0.169297,3.055903
-0.027474,-0.007632,3.023205
-0.158524,-0.120972,2.944211
0.144611,-0.078990,3.005599
-0.248483,-0.310824,2.869459
0.256097,0.039352,2.930451
-0.256457,-0.464242,2.930451
0.120736,0.113435,2.753446
-0.254230,-0.528415,2.712683
0.095099,0.165586,3.062799
-0.010187,-0.320566,2.940412
0.000178,-0.360016,2.876702
-0.061189,-0.424112,2.824377
0.072367,-0.430182,2.867779
-0.075968,-0.771136,2.801129
0.072955,-0.777059,2.756208
-0.060010,-1.092299,2.829619
0.093659,-1.156463,2.789734
-0.049778,-1.113744,2.749960
0.103892,-1.177908,2.710074
-0.000389,0.177721,3.034156
-0.026046,-0.003183,3.009082
-0.160548,-0.117423,2.933230
0.145479,-0.076014,2.993030
-0.250047,-0.309115,2.855798
0.251183,0.042260,2.907084
-0.248765,-0.471423,2.907084
0.124569,0.116774,2.736628
-0.250498,-0.528458,2.699628
0.098933,0.168925,3.040368
-0.012088,-0.317746,2.928820
-0.002458,-0.358019,2.865412
-0.065074,-0.421824,2.814620
0.069485,-0.429453,2.855920
-0.075721,-0.771509,2.793483
0.063276,-0.789586,2.722067
-0.062808,-1.088353,2.825436
0.105830,-1.149717,2.742240
-0.052832,-1.109747,2.745713
0.115807,-1.171112,2.662517
-0.005180,0.182581,3.014939
-0.020795,0.003219,2.996643
-0.157496,-0.104557,2.915722
0.148679,-0.032491,2.968035
-0.247047,-0.309435,2.843345
0.276214,0.059285,2.879181
-0.248214,-0.472045,2.879181
0.120212,0.119219,2.729929
-0.248248,-0.529564,2.690896
0.094576,0.171370,3.031723
-0.009503,-0.308720,2.917796
-0.003849,-0.348448,2.854177
-0.067210,-0.413529,2.803470
0.066209,-0.419707,2.844564
-0.073702,-0.767645,2.785257
0.065675,-0.765958,2.714572
-0.063477,-1.087627,2.824033
0.109254,-1.141869,2.698503
-0.058367,-1.108980,2.743806
0.114364,-1.163222,2.618275
-0.007368,0.188403,2.999015
-0.007493,0.015098,2.982396
-0.156254,-0.101012,2.900884
0.157304,0.012612,2.949982
-0.245432,-0.303707,2.833358
0.303074,0.044906,2.845574
-0.245927,-0.472970,2.845574
0.132441,0.115766,2.724464
-0.247446,-0.530689,2.689068
0.098298,0.171449,3.014224
0.006083,-0.288791,2.904629
0.008481,-0.326581,2.841416
-0.059600,-0.400303,2.793292
0.081803,-0.397117,2.827642
-0.075350,-0.759346,2.774797
0.071573,-0.750280,2.708313
-0.063663,-1.087103,2.822455
0.104546,-1.123206,2.649792
-0.063793,-1.108491,2.742041
0.104417,-1.144594,2.569378
0.014338,0.188249,2.969168
-0.011646,0.020474,2.946120
-0.156473,-0.092988,2.864805
0.155920,0.010559,2.928822
-0.236699,-0.305140,2.814896
0.283079,0.062736,2.805962
-0.242871,-0.474726,2.805962
0.133531,0.131893,2.718339
-0.245632,-0.532869,2.687941
0.107894,0.184044,2.961444
0.008404,-0.282239,2.879405
0.015515,-0.321261,2.817414
-0.048917,-0.394906,2.772725
0.090735,-0.388679,2.800532
-0.073562,-0.758704,2.763296
0.087155,-0.735237,2.683490
-0.063524,-1.081929,2.812692
0.098462,-1.108018,2.573223
-0.058416,-1.103268,2.732411
0.103569,-1.129357,2.492942
0.015042,0.192047,2.958766
-0.006964,0.022465,2.927456
-0.156537,-0.089110,2.853619
0.162172,0.021188,2.907712
-0.235217,-0.301756,2.804653
0.291689,0.061419,2.783020
-0.241971,-0.476207,2.783020
0.131662,0.131875,2.713164
-0.245218,-0.534232,2.686372
0.106025,0.184026,2.955446
0.010054,-0.275959,2.865301
0.014972,-0.314876,2.804131
-0.051452,-0.390012,2.759846
0.090837,-0.384502,2.789439
-0.071661,-0.754461,2.749963
0.089402,-0.730832,2.679800
-0.060219,-1.085034,2.805806
0.098636,-1.104536,2.567874
-0.057759,-1.106391,2.725400
0.101096,-1.125893,2.487468
0.011486,0.198655,2.935653
-0.008943,0.024132,2.903853
-0.151888,-0.085522,2.837910
0.162849,0.013855,2.889277
-0.231766,-0.297505,2.791124
0.283710,0.077725,2.766604
-0.238451,-0.481226,2.766604
0.128317,0.146785,2.705624
-0.244337,-0.537558,2.683183
0.102680,0.198935,2.933916
0.009515,-0.278972,2.842585
0.015182,-0.319171,2.781673
-0.050059,-0.391711,2.740875
0.090290,-0.388412,2.769069
-0.068284,-0.748931,2.736207
0.089769,-0.729740,2.678243
-0.059953,-1.078376,2.798213
0.102842,-1.102439,2.544494
-0.056854,-1.099768,2.717816
0.106054,-1.127050,2.463155
0.005772,0.202048,2.907868
-0.006895,0.023502,2.892324
-0.151130,-0.089533,2.818355
0.164343,0.029525,2.867509
-0.226048,-0.303400,2.777538
0.296695,0.072948,2.749118
-0.236304,-0.488287,2.749118
0.138484,0.142798,2.694695
-0.243745,-0.546562,2.678904
0.103060,0.199270,2.932121
0.012886,-0.277414,2.831329
0.017189,-0.317156,2.770417
-0.047008,-0.391633,2.725242
0.092067,-0.387377,2.756983
-0.066239,-0.774510,2.725585
0.094879,-0.727165,2.664415
-0.059434,-1.072649,2.791201
0.099723,-1.100998,2.537027
-0.058653,-1.094041,2.710763
0.100554,-1.126237,2.455532
0.006793,0.202824,2.895120
-0.000338,0.026415,2.882641
-0.149339,-0.088530,2.801609
0.163803,-0.016136,2.834613
-0.222829,-0.302845,2.764435
0.277878,0.089678,2.747396
-0.234815,-0.491863,2.747396
0.129064,0.129866,2.687606
-0.241959,-0.551855,2.672464
0.079459,0.143262,2.822989
0.017554,-0.285365,2.811209
0.021479,-0.327260,2.747481
-0.044985,-0.397453,2.709745
0.095079,-0.394530,2.732183
-0.064132,-0.776923,2.718457
0.095840,-0.730374,2.652152
-0.058206,-1.069441,2.786722
0.099383,-1.100693,2.515625
-0.057269,-1.090778,2.706296
0.100448,-1.131114,2.431887
0.024267,0.210398,2.844090
0.014445,0.031650,2.823251
-0.137626,-0.087207,2.745428
0.172957,0.029863,2.795552
-0.214692,-0.299867,2.734046
0.292592,0.079258,2.664671
-0.231254,-0.496817,2.664671
0.180525,0.122477,2.666663
-0.238514,-0.559509,2.662505
0.162081,0.171854,2.800450
0.030446,-0.275570,2.762864
0.034184,-0.317526,2.703229
-0.031088,-0.392647,2.661939
0.108047,-0.385433,2.688343
-0.057586,-0.780739,2.687529
0.106015,-0.719594,2.602551
-0.058023,-1.064508,2.771354
0.093106,-1.096695,2.496670
-0.056434,-1.085853,2.691364
0.094189,-1.127807,2.414597
0.023176,0.213298,2.835348
0.015171,0.032909,2.816612
-0.136414,-0.084457,2.740069
0.173379,0.029556,2.791642
-0.211497,-0.297935,2.716440
0.293385,0.078223,2.661166
-0.229189,-0.495334,2.661166
0.176993,0.126344,2.657082
-0.231695,-0.567725,2.650720
0.157826,0.175820,2.791676
0.031884,-0.275294,2.755107
0.036404,-0.317007,2.694176
-0.028299,-0.391734,2.655059
0.109682,-0.384231,2.678395
-0.054380,-0.778441,2.675292
0.106882,-0.718076,2.592220
-0.055723,-1.063506,2.760917
0.093151,-1.094475,2.487541
-0.053693,-1.084807,2.680965
0.094833,-1.125309,2.405560
0.020506,0.214818,2.816699
0.016553,0.036945,2.796819
-0.134597,-0.082950,2.719950
0.174523,-0.019901,2.749604
-0.205873,-0.297572,2.691138
0.284428,0.088406,2.660643
-0.222652,-0.489988,2.660643
0.149994,0.148198,2.626296
-0.222995,-0.556198,2.613929
0.166226,0.181727,2.741862
0.035931,-0.280656,2.725455
0.040577,-0.323628,2.662072
-0.023607,-0.393843,2.624272
0.113297,-0.388845,2.649021
-0.048729,-0.771272,2.645233
0.100891,-0.726017,2.569279
-0.054052,-1.062718,2.748453
0.102606,-1.102599,2.468559
-0.052853,-1.083951,2.668460
0.103836,-1.130782,2.387161
0.023810,0.217030,2.795076
0.026590,0.041132,2.781820
-0.126228,-0.076335,2.694583
0.180783,0.005850,2.737253
-0.202871,-0.289060,2.673437
0.288756,0.094568,2.620940
-0.219897,-0.482213,2.620940
0.169400,0.137556,2.602008
-0.221608,-0.549547,2.598122
0.164922,0.182087,2.737035
0.041980,-0.273908,2.707161
0.046337,-0.315415,2.643887
-0.019252,-0.387021,2.607388
0.119927,-0.376317,2.621585
-0.042624,-0.770179,2.629236
0.103401,-0.712554,2.555910
-0.050827,-1.058046,2.727051
0.110679,-1.089161,2.459949
-0.048671,-1.079270,2.647054
0.113022,-1.120049,2.378120
0.028563,0.219439,2.780691
0.028954,0.040477,2.746460
-0.123334,-0.074534,2.676486
0.187947,0.037825,2.715337
-0.200901,-0.286572,2.648333
0.312385,0.101056,2.599216
-0.217790,-0.480350,2.599216
0.186502,0.134000,2.584217
-0.216579,-0.547541,2.580321
0.163544,0.185450,2.728073
0.047812,-0.266448,2.687737
0.050836,-0.308474,2.626172
-0.013840,-0.383510,2.589135
0.123984,-0.371907,2.608460
-0.038787,-0.764833,2.601846
0.107006,-0.734254,2.523817
-0.051953,-1.030715,2.686404
0.109996,-1.095350,2.463828
-0.052562,-1.052066,2.606433
0.109386,-1.116701,2.383857
0.031183,0.225252,2.758377
0.029397,0.044756,2.737454
-0.120764,-0.071702,2.660530
0.192977,0.021169,2.686705
-0.198985,-0.282861,2.625123
0.310783,0.110235,2.584934
-0.212170,-0.466784,2.584934
0.157465,0.177937,2.544680
-0.208081,-0.532361,2.524505
0.131828,0.230087,2.741513
0.054365,-0.264937,2.661341
0.057388,-0.305237,2.597287
-0.008637,-0.379371,2.555297
0.134886,-0.368025,2.578492
-0.032177,-0.761019,2.578752
0.109903,-0.732711,2.514618
-0.044991,-1.029422,2.679196
0.112623,-1.093240,2.452557
-0.047909,-1.050687,2.599234
0.109705,-1.114505,2.372595
0.030517,0.230228,2.744855
0.033803,0.048613,2.718375
-0.117435,-0.070227,2.640859
0.192879,0.042193,2.675535
-0.191868,-0.281978,2.598462
0.307181,0.101933,2.545752
-0.208675,-0.460578,2.545752
0.185043,0.152102,2.518238
-0.207117,-0.529749,2.508818
0.181730,0.195083,2.655096
0.056934,-0.257608,2.645501
0.059512,-0.297416,2.582614
-0.005032,-0.373680,2.543794
0.134212,-0.359511,2.561376
-0.021710,-0.750448,2.544872
0.109976,-0.726424,2.503901
-0.039060,-1.023750,2.656908
0.112635,-1.084473,2.442389
-0.041818,-1.044999,2.576968
0.109877,-1.105723,2.362448
0.037834,0.232399,2.712050
0.035062,0.045320,2.696013
-0.114925,-0.066538,2.625157
0.192501,-0.008863,2.641702
-0.188136,-0.278009,2.576073
0.287736,0.109364,2.548977
-0.201795,-0.454636,2.548977
0.162848,0.155050,2.490350
-0.199045,-0.516733,2.455912
0.121219,0.170279,2.669789
0.056616,-0.268077,2.615126
0.059411,-0.308444,2.551084
-0.005048,-0.376793,2.515532
0.132897,-0.370602,2.533634
-0.022365,-0.748259,2.523011
0.111860,-0.728857,2.490226
-0.037948,-1.010110,2.614741
0.114658,-1.096691,2.439106
-0.039751,-1.031383,2.534760
0.112855,-1.117964,2.359125
0.040084,0.231068,2.705014
0.035203,0.050321,2.683173
-0.112261,-0.064491,2.605404
0.197894,0.051808,2.630018
-0.184326,-0.275946,2.555480
0.318905,0.118888,2.513371
-0.197419,-0.445073,2.513371
0.191534,0.140359,2.452191
-0.192571,-0.510936,2.434420
0.179829,0.190161,2.633048
0.061558,-0.259180,2.602254
0.062461,-0.298452,2.538252
-0.003060,-0.372645,2.507903
0.139688,-0.354235,2.505793
-0.012417,-0.732480,2.481507
0.111484,-0.731311,2.477789
-0.031883,-0.994918,2.580673
0.119061,-1.079966,2.431363
-0.037851,-1.016248,2.500916
0.113094,-1.101296,2.351607
0.037136,0.232640,2.674817
0.038586,0.053787,2.666824
-0.114507,-0.063843,2.596216
0.193729,-0.005957,2.596314
-0.185461,-0.273085,2.530732
0.293109,0.108989,2.504678
-0.188796,-0.444037,2.504678
0.178216,0.148198,2.423750
-0.179788,-0.506628,2.384143
0.177412,0.191875,2.620077
0.061667,-0.262091,2.581784
0.061959,-0.302625,2.516871
-0.004718,-0.374084,2.483164
0.137802,-0.360215,2.491838
-0.002683,-0.734078,2.463054
0.111613,-0.733514,2.466624
-0.023142,-0.989365,2.556420
0.117702,-1.085641,2.437052
-0.028880,-1.010708,2.476659
0.111965,-1.106984,2.357291
0.032516,0.227518,2.654498
0.046091,0.056435,2.650161
-0.114391,-0.063553,2.582169
0.195224,-0.003900,2.586407
-0.182069,-0.272772,2.512136
0.291369,0.110867,2.490189
-0.184218,-0.434920,2.490189
0.152812,0.146397,2.398340
-0.179966,-0.496729,2.372205
0.106626,0.158240,2.589864
0.063482,-0.262897,2.566852
0.063415,-0.304316,2.502213
-0.004842,-0.374642,2.466801
0.138506,-0.364183,2.478762
0.006103,-0.733605,2.434973
0.113330,-0.733177,2.456121
-0.012095,-1.076233,2.527558
0.114966,-1.088421,2.441088
-0.016915,-1.097508,2.447826
0.110145,-1.109695,2.361356
0.036340,0.233631,2.640254
0.051117,0.058469,2.630739
-0.108655,-0.062779,2.562405
0.197186,-0.006289,2.569006
-0.180031,-0.269649,2.496366
0.286216,0.115415,2.475378
-0.178966,-0.426336,2.475378
0.166762,0.170910,2.376625
-0.175550,-0.483422,2.339328
0.161585,0.213556,2.585443
0.064449,-0.263624,2.549408
0.064229,-0.305935,2.485060
-0.004205,-0.373882,2.452964
0.137626,-0.367034,2.461849
0.011951,-0.732006,2.421652
0.116003,-0.733415,2.447972
-0.004593,-1.074648,2.512764
0.114060,-1.089891,2.444953
-0.008481,-1.095889,2.432983
0.110172,-1.111132,2.365173
0.038296,0.236585,2.628570
0.052583,0.062032,2.618990
-0.109705,-0.060089,2.551408
0.195829,0.014907,2.552143
-0.179123,-0.258825,2.483883
0.291058,0.122881,2.445647
-0.177786,-0.414629,2.445647
0.181292,0.166910,2.362861
-0.171610,-0.479313,2.323352
0.158947,0.217740,2.584695
0.070348,-0.257879,2.537514
0.068696,-0.299795,2.473343
-0.000634,-0.370511,2.445346
0.144401,-0.357883,2.443460
0.012689,-0.728277,2.399967
0.116400,-0.731857,2.439975
0.016217,-1.080212,2.457683
0.107111,-1.078583,2.443434
0.009091,-1.101456,2.378330
0.099984,-1.099828,2.364081
0.043762,0.241806,2.615861
0.049761,0.066716,2.602042
-0.108782,-0.057482,2.537955
0.199358,0.021389,2.538458
-0.174681,-0.258208,2.465758
0.293043,0.130125,2.431661
-0.174545,-0.404592,2.431661
0.179078,0.175100,2.347287
-0.169823,-0.470263,2.303345
0.153441,0.227251,2.576470
0.071959,-0.251864,2.526535
0.070945,-0.294351,2.462971
0.002247,-0.366185,2.436145
0.147173,-0.353742,2.433976
0.004475,-0.705817,2.366075
0.119241,-0.728210,2.432287
0.029067,-1.067289,2.428360
0.102563,-1.072387,2.443007
0.021877,-1.088537,2.349005
0.095373,-1.093635,2.363653
0.044582,0.248385,2.606494
0.047029,0.068759,2.588001
-0.108379,-0.053223,2.525658
0.200790,0.049849,2.523086
-0.173502,-0.256221,2.455976
0.295493,0.143475,2.400708
-0.172660,-0.401024,2.400708
0.175998,0.172883,2.336079
-0.166229,-0.467631,2.293642
0.150361,0.225034,2.573380
0.074816,-0.246308,2.516927
0.072965,-0.288848,2.454082
0.005646,-0.361459,2.424562
0.149664,-0.349976,2.427796
0.002016,-0.697491,2.351272
0.121732,-0.724021,2.423822
0.038451,-1.060438,2.399687
0.099205,-1.066579,2.440611
0.028865,-1.084318,2.321161
0.089365,-1.087919,2.361575
0.046876,0.249730,2.588143
0.046018,0.071498,2.575348
-0.107124,-0.050876,2.512268
0.200189,-0.013288,2.497385
-0.171690,-0.255711,2.446586
0.275494,0.126834,2.413457
-0.171814,-0.395270,2.413457
0.164171,0.224404,2.327291
-0.165539,-0.462465,2.280552
0.138534,0.276554,2.574802
0.070379,-0.248733,2.503477
0.070152,-0.292290,2.440432
0.001349,-0.361200,2.410542
0.147835,-0.353876,2.418431
-0.026711,-0.708926,2.294354
0.122125,-0.723162,2.418865
0.034472,-1.045289,2.346175
0.095926,-1.069620,2.432874
0.027774,-1.066535,2.266878
0.089228,-1.090866,2.353577
0.045623,0.252229,2.572369
0.045775,0.074229,2.556997
-0.107950,-0.047402,2.502157
0.201632,-0.001720,2.492623
-0.169595,-0.255344,2.437621
0.275470,0.130340,2.401733
-0.170946,-0.393664,2.401733
0.164018,0.218094,2.321393
-0.164507,-0.461343,2.275229
0.138381,0.270245,2.568476
0.070210,-0.245287,2.492799
0.070535,-0.289774,2.430789
0.001615,-0.358571,2.400203
0.148481,-0.352766,2.410351
-0.006277,-0.683630,2.296605
0.123946,-0.721231,2.413956
-0.013025,-1.051514,2.235209
0.094219,-1.066376,2.432396
-0.019092,-1.083226,2.156641
0.088282,-1.087724,2.353041
0.049398,0.255418,2.553640
0.048907,0.075676,2.545693
-0.108913,-0.045386,2.492718
0.201567,0.021591,2.482921
-0.169794,-0.250750,2.428430
0.285943,0.139472,2.379425
-0.170595,-0.394722,2.379425
0.175089,0.225455,2.315526
-0.164570,-0.463463,2.270771
0.149452,0.277606,2.527257
0.072283,-0.240388,2.483409
0.071148,-0.284347,2.421861
0.002169,-0.353894,2.390127
0.148477,-0.348679,2.402794
-0.007513,-0.678692,2.286721
0.126104,-0.720537,2.410060
-0.026813,-1.030861,2.155253
0.094241,-1.060814,2.427316
-0.035403,-1.063122,2.072568
0.086472,-1.082220,2.348143
0.049908,0.255430,2.535940
0.046846,0.076093,2.531169
-0.107304,-0.043386,2.476827
0.201442,0.022345,2.472493
-0.169987,-0.254582,2.416556
0.286859,0.136847,2.365471
-0.168156,-0.407819,2.365471
0.172715,0.224646,2.302155
-0.165242,-0.466540,2.267376
0.147078,0.276797,2.530746
0.070994,-0.239140,2.471689
0.071014,-0.283270,2.410676
0.002717,-0.352486,2.379208
0.148249,-0.347733,2.392499
-0.025852,-0.672969,2.238298
0.127569,-0.717155,2.401219
0.005336,-1.037846,2.200575
0.094521,-1.058407,2.425784
-0.000997,-1.059286,2.121250
0.088188,-1.079847,2.346459
0.046461,0.260437,2.519042
0.051316,0.077871,2.515522
-0.108298,-0.040008,2.464024
0.201589,0.014618,2.459487
-0.169417,-0.252573,2.410607
0.281194,0.131781,2.350608
-0.168707,-0.410292,2.350608
0.163601,0.185925,2.300582
-0.166705,-0.471060,2.266369
0.162833,0.226626,2.457718
0.070179,-0.240817,2.457706
0.069937,-0.285897,2.396678
0.000459,-0.353410,2.368258
0.146532,-0.352145,2.376693
-0.026167,-0.673562,2.228736
0.128740,-0.715994,2.394060
-0.018789,-1.027353,2.102656
0.094603,-1.061333,2.422126
-0.024079,-1.051165,2.022601
0.089264,-1.082809,2.342741
0.043610,0.262444,2.498188
0.050838,0.077021,2.500260
-0.109938,-0.038159,2.451693
0.200626,0.015655,2.449993
-0.168034,-0.251663,2.399793
0.282241,0.127175,2.335716
-0.170564,-0.414673,2.335716
0.163937,0.182783,2.298694
-0.171007,-0.479215,2.268395
0.169492,0.220272,2.436220
0.068061,-0.240777,2.445077
0.068106,-0.286022,2.384639
-0.001575,-0.353989,2.355943
0.144341,-0.352146,2.365660
-0.027048,-0.668684,2.220872
0.127906,-0.714881,2.386187
-0.019483,-1.021081,2.090936
0.096346,-1.059583,2.421790
-0.023814,-1.051182,2.008953
0.091831,-1.081110,2.342372
0.039299,0.264004,2.479797
0.047183,0.075805,2.481915
-0.110441,-0.036495,2.439546
0.199419,0.016787,2.436039
-0.167569,-0.250459,2.389914
0.282070,0.123873,2.317522
-0.173868,-0.421747,2.317522
0.170738,0.172336,2.297747
-0.176417,-0.488467,2.271784
0.162062,0.217104,2.438517
0.066215,-0.241799,2.430912
0.066382,-0.287654,2.371089
-0.002476,-0.355098,2.344603
0.142276,-0.354128,2.351984
-0.031452,-0.666742,2.208875
0.127647,-0.713119,2.380351
-0.037598,-0.983191,1.997260
0.097186,-1.059377,2.421415
-0.041969,-1.013140,1.911591
0.092446,-1.081052,2.342048
0.039351,0.265775,2.466872
0.047240,0.080345,2.462064
-0.111392,-0.036002,2.416624
0.198590,0.011103,2.413814
-0.167163,-0.251508,2.381359
0.277844,0.123233,2.298326
-0.176244,-0.425171,2.298326
0.171819,0.187746,2.297369
-0.180644,-0.494930,2.275561
0.161459,0.230601,2.417656
0.063450,-0.242055,2.414153
0.063649,-0.289433,2.354566
-0.004913,-0.356188,2.329721
0.138322,-0.356806,2.335981
-0.038172,-0.666661,2.193268
0.125128,-0.711113,2.373250
-0.047784,-0.983591,1.982966
0.097567,-1.060406,2.415674
-0.051120,-1.013422,1.896802
0.093617,-1.082239,2.336287
0.034842,0.265962,2.442823
0.045815,0.081137,2.450282
-0.113137,-0.034167,2.405832
0.196831,0.021631,2.398141
-0.168381,-0.249847,2.371480
0.283210,0.122080,2.275766
-0.179922,-0.429813,2.275766
0.143742,0.158734,2.297055
-0.184824,-0.498604,2.280416
0.113619,0.190403,2.384949
0.062558,-0.239633,2.400953
0.061524,-0.286550,2.341451
-0.007165,-0.354480,2.315918
0.135980,-0.353413,2.322175
-0.043306,-0.666622,2.185734
0.123664,-0.705577,2.357687
-0.049195,-0.968295,1.953804
0.098519,-1.051454,2.419042
-0.053701,-0.995365,1.866458
0.092727,-1.073249,2.339808
0.034601,0.267114,2.426714
0.041430,0.081643,2.427443
-0.114399,-0.030907,2.389208
0.195239,0.022248,2.378724
-0.168308,-0.247122,2.363268
0.286976,0.106763,2.246684
-0.184060,-0.432796,2.246684
0.170944,0.169493,2.295428
-0.189412,-0.503266,2.283669
0.140866,0.201115,2.374828
0.059286,-0.238489,2.381546
0.058209,-0.285856,2.322586
-0.009951,-0.353936,2.298463
0.132518,-0.352477,2.303685
-0.048300,-0.668049,2.175703
0.120754,-0.703567,2.346184
-0.034255,-0.958059,1.930276
0.094420,-1.046660,2.411796
-0.036881,-0.981318,1.841890
0.088305,-1.068591,2.332676
0.031234,0.266387,2.410836
0.039287,0.083103,2.409729
-0.115858,-0.031422,2.367655
0.193083,0.025628,2.354230
-0.171604,-0.247052,2.348622
0.296239,0.089979,2.218704
-0.187478,-0.436029,2.218704
0.183778,0.160143,2.292725
-0.193002,-0.508124,2.283495
0.133079,0.169351,2.272625
0.056476,-0.237600,2.364976
0.054600,-0.285335,2.306256
-0.013963,-0.353725,2.281763
0.128788,-0.351992,2.288182
-0.053845,-0.664748,2.152390
0.116182,-0.698601,2.329582
-0.012911,-0.963722,1.925244
0.086861,-1.045877,2.389512
-0.014300,-0.988537,1.838377
0.079826,-1.067878,2.310546
0.025683,0.266722,2.381567
0.041576,0.088471,2.392002
-0.118404,-0.032140,2.350322
0.187481,0.035390,2.334805
-0.175793,-0.247176,2.334102
0.296215,0.056575,2.188579
-0.193210,-0.438808,2.188579
0.177690,0.140206,2.284557
-0.197142,-0.509452,2.279675
0.159739,0.180652,2.294668
0.057997,-0.234380,2.342821
0.054849,-0.282064,2.283428
-0.014123,-0.351187,2.257632
0.128550,-0.347632,2.265194
-0.061787,-0.661047,2.129314
0.112051,-0.694325,2.313533
0.036891,-0.953264,1.913141
0.082776,-1.037069,2.382301
0.038919,-0.972001,1.829725
0.074249,-1.058933,2.303498
0.018117,0.266614,2.367660
0.039265,0.092854,2.374055
-0.126456,-0.036581,2.328609
0.179934,0.044671,2.310196
-0.181543,-0.251716,2.320725
0.292868,0.024471,2.167746
-0.201159,-0.439285,2.167746
0.186814,0.124142,2.266548
-0.205316,-0.513280,2.259715
0.150692,0.147617,2.273957
0.049927,-0.230545,2.325264
0.044259,-0.278323,2.266016
-0.027462,-0.347062,2.236882
0.117027,-0.346171,2.249791
-0.067252,-0.657473,2.108291
0.107716,-0.694804,2.302695
0.074369,-0.949060,1.920970
0.081734,-1.035372,2.368204
0.075104,-0.965418,1.841428
0.071530,-1.057262,2.289667
0.011584,0.272073,2.349522
0.035999,0.103200,2.353652
-0.134993,-0.033158,2.317525
0.182356,0.034156,2.272844
-0.184678,-0.250035,2.302445
0.292259,-0.027851,2.142731
-0.208499,-0.438087,2.142731
0.178347,0.082156,2.252415
-0.213029,-0.512380,2.247855
0.161708,0.106421,2.214572
0.039454,-0.227026,2.302739
0.028826,-0.276203,2.243429
-0.046502,-0.345507,2.216578
0.100117,-0.347982,2.223312
-0.062561,-0.661977,2.100657
0.100553,-0.694081,2.279906
0.029636,-0.933503,1.854207
0.079783,-1.032005,2.359882
0.022744,-0.950009,1.768736
0.065098,-1.053999,2.282063
0.004768,0.276690,2.332479
0.026771,0.109037,2.327075
-0.140105,-0.027240,2.291282
0.163127,0.026194,2.242528
-0.194126,-0.243216,2.273139
0.271705,-0.065150,2.134677
-0.214011,-0.432562,2.134677
0.180206,0.066188,2.223619
-0.220700,-0.504711,2.210017
0.132365,0.095670,2.181485
0.030752,-0.228160,2.278589
0.020298,-0.279367,2.220078
-0.051390,-0.343977,2.199780
0.090365,-0.349539,2.201806
-0.072491,-0.654864,2.070237
0.096182,-0.683842,2.251820
0.073806,-0.966890,1.936855
0.081055,-1.021786,2.354734
0.070254,-0.987125,1.860555
0.065854,-1.047104,2.278283
-0.002263,0.279872,2.312996
0.011507,0.112123,2.298121
-0.149917,-0.019026,2.272897
0.154362,0.022112,2.199205
-0.199086,-0.236018,2.259613
0.250140,-0.100468,2.120839
-0.222359,-0.429126,2.120839
0.159653,0.037029,2.202574
-0.226032,-0.496982,2.191623
0.125815,0.073443,2.145930
0.020288,-0.226353,2.253883
0.007534,-0.278883,2.196689
-0.060741,-0.344535,2.188482
0.073164,-0.347884,2.158781
-0.080523,-0.667393,2.042153
0.091757,-0.682441,2.234666
0.069928,-0.977483,1.966973
0.079952,-1.020609,2.328454
0.050428,-1.000147,1.890509
0.060452,-1.043273,2.251989
-0.004978,0.283766,2.301401
-0.000479,0.117613,2.278111
-0.159817,-0.014398,2.259983
0.139951,0.010426,2.180992
-0.210385,-0.231455,2.227965
0.222285,-0.126968,2.116920
-0.229182,-0.425144,2.116920
0.140137,0.025696,2.169784
-0.233232,-0.486001,2.154083
0.106379,0.062024,2.138673
0.002093,-0.230194,2.224485
-0.012473,-0.283879,2.165469
-0.082791,-0.347636,2.160024
0.056897,-0.352598,2.133600
-0.082552,-0.665991,2.038785
0.075747,-0.691606,2.204247
0.117086,-0.949964,1.929212
0.089085,-1.018029,2.317474
0.097102,-0.972270,1.852794
0.069101,-1.040335,2.241057
-0.011748,0.295224,2.274817
-0.020430,0.119689,2.251998
-0.166190,-0.005176,2.239455
0.137297,0.003356,2.175851
-0.213878,-0.223303,2.210781
0.205236,-0.153913,2.112874
-0.236516,-0.417841,2.112874
0.113723,-0.002580,2.141851
-0.240952,-0.481479,2.132179
0.080044,0.033662,2.132478
-0.006773,-0.228925,2.206749
-0.016192,-0.283827,2.148266
-0.085241,-0.346241,2.141077
0.053482,-0.354086,2.115088
-0.090102,-0.664910,2.027144
0.071189,-0.691811,2.181886
0.138245,-0.931921,1.975332
0.088826,-1.024662,2.283018
0.123033,-0.954510,1.897923
0.073614,-1.047251,2.205609
-0.025681,0.304491,2.228183
-0.025518,0.132625,2.210919
-0.187132,0.004460,2.186575
0.120592,-0.006184,2.141555
-0.240563,-0.212081,2.138290
0.187950,-0.179182,2.109869
-0.263502,-0.391160,2.109869
0.073061,-0.062347,2.042833
-0.272360,-0.442016,2.014026
0.039601,-0.026340,2.155642
-0.022633,-0.224034,2.142862
-0.029384,-0.277336,2.080033
-0.100734,-0.342041,2.064072
0.040070,-0.345089,2.049049
-0.104691,-0.674228,2.003344
0.055275,-0.715630,2.074470
0.063082,-0.990977,1.961584
0.068718,-1.043236,2.083588
0.053736,-1.012497,1.882986
0.059372,-1.064757,2.004991
-0.033976,0.304728,2.201751
-0.035810,0.135851,2.189052
-0.191946,0.010830,2.164365
0.113610,-0.007711,2.118108
-0.249973,-0.204508,2.112759
0.185340,-0.181526,2.102684
-0.266645,-0.389748,2.102684
0.074187,-0.061713,2.012693
-0.277642,-0.441639,1.987019
0.040831,-0.025818,2.152556
-0.029207,-0.223026,2.123950
-0.034824,-0.277275,2.062050
-0.104314,-0.342996,2.049143
0.034617,-0.343455,2.030560
-0.111455,-0.678778,1.993473
0.046153,-0.704504,2.018551
-0.119041,-1.035513,1.923193
0.057028,-1.044864,1.994614
-0.128243,-1.060491,1.844200
0.047897,-1.066511,1.916051
-0.037371,0.304896,2.188496
-0.045853,0.131303,2.159796
-0.195869,0.010844,2.149777
0.110560,-0.005002,2.106171
-0.255947,-0.203288,2.091060
0.184142,-0.182332,2.094267
-0.275043,-0.381606,2.094267
0.074639,-0.062412,1.985073
-0.282309,-0.434506,1.953876
0.041373,-0.026614,2.150618
-0.036996,-0.222734,2.104074
-0.041925,-0.277272,2.043402
-0.110691,-0.343886,2.031826
0.027647,-0.343235,2.012289
-0.115895,-0.681741,1.983862
0.040345,-0.693596,1.984160
-0.121401,-1.039196,1.921940
0.053013,-1.043131,1.944176
-0.130234,-1.062919,1.843262
0.044208,-1.065044,1.865689
-0.042008,0.304901,2.168497
-0.049542,0.133001,2.148762
-0.205126,0.008736,2.128903
0.107213,-0.004108,2.089952
-0.264062,-0.205641,2.067844
0.183955,-0.178932,2.081680
-0.280482,-0.374589,2.081680
0.076621,-0.058571,1.961204
-0.286985,-0.426340,1.929696
0.043457,-0.022882,2.143601
-0.044394,-0.220449,2.088128
-0.049245,-0.273992,2.026816
-0.119382,-0.342684,2.014105
0.020649,-0.339909,1.994675
-0.118507,-0.682460,1.973008
0.037264,-0.687855,1.950803
-0.117585,-1.040373,1.918499
0.053919,-1.036648,1.894977
-0.125312,-1.062246,1.839853
0.046192,-1.058322,1.816349
-0.046585,0.305169,2.146392
-0.052200,0.133830,2.129993
-0.209756,0.011087,2.112314
0.104630,-0.003724,2.075515
-0.268116,-0.202728,2.045696
0.184940,-0.177115,2.071901
-0.284990,-0.363901,2.071901
0.071837,-0.060131,1.939782
-0.289665,-0.417200,1.904108
0.038769,-0.024546,2.128688
-0.046329,-0.217008,2.072769
-0.050539,-0.270428,2.012004
-0.121087,-0.340180,1.995235
0.020217,-0.336304,1.984128
-0.118535,-0.683431,1.960550
0.030417,-0.678655,1.919561
-0.115896,-1.038408,1.913240
0.040817,-1.027723,1.842109
-0.122967,-1.060154,1.834607
0.033745,-1.049469,1.763475
-0.049949,0.310832,2.129260
-0.057795,0.138129,2.111566
-0.212786,0.015922,2.094327
0.103902,-0.003098,2.069135
-0.271030,-0.197724,2.025385
0.183847,-0.176824,2.066668
-0.290147,-0.349618,2.066668
0.071934,-0.058433,1.918617
-0.292754,-0.406778,1.884476
0.038959,-0.022948,2.123402
-0.050004,-0.211178,2.057179
-0.051723,-0.264566,1.996727
-0.122069,-0.334669,1.978281
0.020317,-0.330980,1.971771
-0.117741,-0.681580,1.948439
0.032611,-0.662084,1.886000
-0.113360,-1.032796,1.906535
0.045603,-1.011971,1.784215
-0.117479,-1.054572,1.827738
0.041522,-1.034782,1.705188
-0.052702,0.315306,2.109922
-0.058925,0.142489,2.094461
-0.216751,0.022273,2.074587
0.105310,-0.001448,2.063992
-0.278822,-0.190367,2.004855
0.181473,-0.175874,2.059789
-0.292946,-0.338467,2.059789
0.065279,-0.058183,1.899958
-0.292792,-0.397449,1.860205
0.032388,-0.022788,2.104096
-0.053107,-0.205316,2.043354
-0.052530,-0.258775,1.983444
-0.124637,-0.329092,1.959011
0.020995,-0.327550,1.963830
-0.110655,-0.688158,1.932615
0.029775,-0.653837,1.866612
-0.097476,-1.026574,1.895199
0.039104,-1.000558,1.752244
-0.097963,-1.048413,1.816336
0.038692,-1.025183,1.672656
-0.052272,0.319222,2.098613
-0.059908,0.146659,2.079185
-0.215936,0.031767,2.055341
0.105501,0.004982,2.055656
-0.279160,-0.181829,1.990631
0.172553,-0.176062,2.033135
-0.294711,-0.329802,2.033135
0.089654,-0.128044,1.881903
-0.291711,-0.387813,1.842112
0.062021,-0.112038,1.837890
-0.055830,-0.199803,2.029109
-0.053643,-0.253066,1.969486
-0.125276,-0.323732,1.944521
0.019865,-0.321629,1.951956
-0.111828,-0.688733,1.931340
0.026616,-0.644154,1.841496
-0.099576,-1.021295,1.906421
0.033786,-0.986719,1.713117
-0.097408,-1.043143,1.827612
0.036008,-1.011122,1.633530
-0.057673,0.326551,2.068985
-0.064481,0.152351,2.058882
-0.211575,0.033603,2.033550
0.104147,0.018903,2.052708
-0.284662,-0.178364,1.975781
0.167426,-0.177043,2.014151
-0.294767,-0.319469,2.014151
0.092839,-0.109933,1.861934
-0.289396,-0.372116,1.813628
0.060120,-0.074723,1.899776
-0.058281,-0.193796,2.013427
-0.053260,-0.247592,1.954582
-0.122982,-0.318166,1.929803
0.019933,-0.313996,1.938583
-0.112844,-0.687345,1.927248
0.023609,-0.638989,1.816905
-0.103838,-1.015275,1.911803
0.027411,-0.975104,1.679676
-0.098221,-1.037320,1.833234
0.033029,-0.997149,1.601108
-0.058482,0.327435,2.057009
-0.065307,0.154320,2.041183
-0.214375,0.036790,2.018593
0.106138,0.020534,2.049500
-0.287915,-0.175986,1.965222
0.167605,-0.177447,2.005990
-0.294584,-0.308623,2.005990
0.053044,-0.130046,1.847329
-0.287680,-0.360629,1.792235
0.020397,-0.094914,1.898035
-0.058019,-0.189848,2.001259
-0.050916,-0.244021,1.943450
-0.120359,-0.316121,1.916498
0.023029,-0.311911,1.930640
-0.114338,-0.680929,1.917222
0.026373,-0.633816,1.804178
-0.108864,-1.012635,1.904976
0.029852,-0.968802,1.661283
-0.100655,-1.034931,1.826730
0.038061,-0.991098,1.583037
-0.059624,0.331041,2.035112
-0.067292,0.156248,2.020542
-0.218854,0.036734,2.005651
0.103478,0.029633,2.031733
-0.291866,-0.176754,1.953704
0.159063,-0.177526,1.970499
-0.295461,-0.298928,1.970499
0.094491,-0.193037,1.826152
-0.290332,-0.345986,1.764289
0.072966,-0.198208,1.752449
-0.059675,-0.183650,1.982020
-0.053623,-0.237033,1.924595
-0.123212,-0.310830,1.897145
0.020740,-0.304589,1.913370
-0.113945,-0.676817,1.909457
0.025346,-0.632633,1.786910
-0.105620,-1.005604,1.907497
0.029976,-0.962347,1.648090
-0.099097,-1.027906,1.829118
0.036499,-0.984650,1.569711
-0.062244,0.330404,2.015442
-0.069110,0.155572,2.000157
-0.222106,0.036178,1.990244
0.104866,0.030836,2.014996
-0.295835,-0.177574,1.940149
0.161058,-0.171863,1.961269
-0.296988,-0.289660,1.961269
0.091888,-0.195171,1.802478
-0.292067,-0.337210,1.741174
0.068832,-0.202940,1.746950
-0.060852,-0.181745,1.965646
-0.055004,-0.235157,1.908889
-0.124862,-0.310370,1.882872
0.019928,-0.302826,1.896370
-0.113659,-0.674759,1.900193
0.025413,-0.630043,1.775894
-0.103545,-1.003741,1.902879
0.031003,-0.963490,1.641594
-0.097525,-1.026219,1.824545
0.037023,-0.985969,1.563259
-0.063780,0.327126,1.991752
-0.070648,0.154288,1.981231
-0.224200,0.035905,1.971827
0.103016,0.035671,1.991914
-0.296909,-0.174368,1.922280
0.162764,-0.167134,1.943990
-0.298772,-0.285431,1.943990
0.054040,-0.174161,1.783456
-0.294923,-0.331686,1.721257
0.017798,-0.176504,1.673898
-0.059436,-0.181423,1.948569
-0.053977,-0.234709,1.892138
-0.122230,-0.310374,1.864250
0.020445,-0.302298,1.882267
-0.113208,-0.673885,1.891770
0.026632,-0.628936,1.765998
-0.105078,-1.001451,1.903578
0.032994,-0.964801,1.635010
-0.100385,-1.024014,1.825150
0.037686,-0.987365,1.556581
-0.065745,0.326416,1.973671
-0.073374,0.153941,1.963658
-0.225939,0.034790,1.957704
0.103494,0.033911,1.971776
-0.298208,-0.173771,1.907240
0.163797,-0.164154,1.926748
-0.301123,-0.279170,1.926748
0.056579,-0.184954,1.763476
-0.296895,-0.324669,1.700999
0.051949,-0.205029,1.713501
-0.063394,-0.181664,1.927089
-0.059156,-0.234324,1.870013
-0.127975,-0.310900,1.844838
0.014910,-0.301601,1.855328
-0.111860,-0.671550,1.878971
0.028655,-0.626364,1.755538
-0.097211,-0.999405,1.897093
0.043232,-0.970796,1.638651
-0.093822,-1.021755,1.818523
0.046670,-0.994300,1.559769
-0.066612,0.325038,1.949395
-0.071107,0.154810,1.947609
-0.225780,0.033032,1.936707
0.105460,0.033058,1.951227
-0.298042,-0.172991,1.888375
0.166153,-0.161055,1.917966
-0.300705,-0.281447,1.917966
0.064280,-0.212729,1.746946
-0.297018,-0.326380,1.684000
0.059306,-0.213595,1.706342
-0.060728,-0.182675,1.911131
-0.056361,-0.235809,1.854082
-0.125489,-0.312698,1.827389
0.018093,-0.303304,1.841620
-0.110711,-0.668022,1.864034
0.030597,-0.623962,1.739205
-0.096905,-0.999947,1.885648
0.043989,-0.967369,1.618585
-0.093489,-1.022340,1.807055
0.047556,-0.993630,1.538904
-0.067509,0.326105,1.935492
-0.068006,0.155501,1.925320
-0.224638,0.032113,1.919223
0.104305,0.032036,1.924077
-0.294581,-0.177759,1.865958
0.168510,-0.163949,1.881151
-0.300829,-0.282123,1.881151
0.065238,-0.248743,1.721125
-0.296328,-0.315723,1.681403
0.030814,-0.277008,1.621879
-0.058268,-0.183490,1.888258
-0.055549,-0.236946,1.831065
-0.125201,-0.313342,1.806986
0.018601,-0.303728,1.816668
-0.109286,-0.664434,1.848647
0.030707,-0.617205,1.713176
-0.094145,-0.998447,1.875861
0.043934,-0.959730,1.589408
-0.092826,-1.020863,1.797157
0.045630,-0.991895,1.507867
-0.065061,0.327175,1.912298
-0.066748,0.155721,1.904158
-0.221432,0.030650,1.896974
0.104177,0.033043,1.903448
-0.288917,-0.182055,1.847160
0.169823,-0.167072,1.865485
-0.300895,-0.290212,1.865485
0.128785,-0.259125,1.705600
-0.298045,-0.337313,1.644390
0.123503,-0.299497,1.677503
-0.059777,-0.183092,1.863787
-0.057495,-0.236004,1.806055
-0.128246,-0.311017,1.782339
0.016484,-0.302336,1.789906
-0.108898,-0.660690,1.832387
0.031392,-0.614735,1.687165
-0.090540,-0.992495,1.867441
0.047727,-0.957031,1.563956
-0.089001,-1.014720,1.788716
0.049765,-0.989738,1.482194
-0.064100,0.328995,1.892573
-0.065111,0.156539,1.882918
-0.221130,0.034310,1.880903
0.105618,0.032202,1.876526
-0.287018,-0.183202,1.829537
0.169989,-0.169902,1.840814
-0.299611,-0.294535,1.840814
0.132819,-0.272798,1.690491
-0.296125,-0.342877,1.629907
0.107000,-0.306460,1.634525
-0.058562,-0.181391,1.842694
-0.057877,-0.234158,1.785046
-0.129694,-0.308905,1.763347
0.016601,-0.301008,1.766523
-0.108910,-0.655320,1.812682
0.033304,-0.668307,1.648314
-0.088831,-0.989976,1.848107
0.046850,-0.966196,1.538306
-0.089422,-1.012242,1.769282
0.046259,-0.988462,1.459480
-0.063423,0.329997,1.870930
-0.062783,0.158404,1.863142
-0.219285,0.033982,1.858602
0.099515,0.034325,1.844605
-0.281070,-0.184803,1.804738
0.174141,-0.181312,1.798100
-0.301126,-0.305602,1.798100
0.147487,-0.298606,1.675305
-0.296058,-0.356260,1.616544
0.123112,-0.310455,1.629841
-0.054065,-0.180900,1.818165
-0.054629,-0.233368,1.759735
-0.125454,-0.306687,1.738355
0.018966,-0.298158,1.741198
-0.107078,-0.646921,1.791262
0.036495,-0.666648,1.628825
-0.088764,-0.986031,1.832129
0.050731,-0.965906,1.523433
-0.091715,-1.008131,1.753219
0.047780,-0.988006,1.444524
-0.061474,0.332395,1.854101
-0.056905,0.163487,1.848370
-0.216400,0.036645,1.836197
0.099642,0.037429,1.824636
-0.279539,-0.182337,1.783383
0.172447,-0.179681,1.782482
-0.296579,-0.311582,1.782482
0.155254,-0.305313,1.662326
-0.291077,-0.349612,1.625544
0.139560,-0.348822,1.594508
-0.050905,-0.178946,1.798291
-0.051700,-0.231428,1.738873
-0.122475,-0.304164,1.718197
0.020658,-0.294844,1.717276
-0.105706,-0.640199,1.769035
0.044211,-0.662164,1.603407
-0.088558,-0.983861,1.809471
0.063369,-0.960943,1.496657
-0.091008,-1.005779,1.730383
0.060918,-0.982861,1.417569
-0.058034,0.337285,1.834352
-0.057528,0.168184,1.823534
-0.212814,0.041569,1.815238
0.103797,0.043743,1.803547
-0.273062,-0.176480,1.752250
0.168199,-0.174201,1.747194
-0.293960,-0.319730,1.747194
0.163892,-0.311011,1.651504
-0.290409,-0.361333,1.620975
0.145125,-0.344661,1.591623
-0.048567,-0.173152,1.773522
-0.048832,-0.225403,1.714365
-0.118829,-0.298336,1.695559
0.024100,-0.288710,1.691008
-0.103079,-0.628407,1.737139
0.046687,-0.658206,1.586988
-0.086290,-0.980256,1.770452
0.065067,-0.958877,1.488235
-0.088858,-1.002170,1.691498
0.062498,-0.980764,1.409277
-0.055241,0.343313,1.818585
-0.055921,0.173490,1.808133
-0.207913,0.046531,1.790158
0.106511,0.048874,1.781937
-0.268663,-0.172308,1.733921
0.168446,-0.170196,1.729793
-0.288762,-0.323305,1.729793
0.166029,-0.313571,1.645495
-0.289673,-0.372979,1.616626
0.156746,-0.350856,1.580104
-0.046844,-0.169472,1.754452
-0.046505,-0.221568,1.694593
-0.115658,-0.294503,1.676070
0.025817,-0.283821,1.670091
-0.099502,-0.622001,1.711606
0.055053,-0.652667,1.567405
-0.082115,-0.974472,1.738978
0.078855,-0.952973,1.469714
-0.083768,-0.999158,1.660519
0.077055,-0.974679,1.390820
-0.052697,0.350049,1.799890
-0.054380,0.180345,1.790449
-0.204883,0.050763,1.773454
0.109305,0.054982,1.760504
-0.264332,-0.167831,1.714867
0.171992,-0.163332,1.706124
-0.283029,-0.328127,1.706124
0.174135,-0.314129,1.636905
-0.287201,-0.379814,1.612481
0.169068,-0.354027,1.571165
-0.044802,-0.164181,1.732361
-0.045258,-0.216091,1.671857
-0.113718,-0.288442,1.653609
0.026232,-0.278149,1.645627
-0.098028,-0.611616,1.671559
0.049092,-0.647473,1.545270
-0.080827,-0.965917,1.680626
0.067710,-0.948262,1.449472
-0.083419,-0.996359,1.602691
0.064685,-0.969806,1.370706
-0.049134,0.354111,1.784057
-0.054161,0.185834,1.768018
-0.203528,0.055250,1.755827
0.107110,0.059229,1.736330
-0.259236,-0.164026,1.696894
0.174288,-0.158271,1.688112
-0.277572,-0.332829,1.688112
0.182315,-0.315273,1.626702
-0.284170,-0.386357,1.607747
0.179858,-0.358351,1.558658
-0.040670,-0.159755,1.710786
-0.041452,-0.212094,1.650472
-0.108213,-0.284181,1.633348
0.029463,-0.273193,1.624188
-0.094742,-0.663422,1.636911
0.050383,-0.644388,1.534303
-0.083766,-0.972424,1.625776
0.067429,-0.946835,1.447026
-0.088315,-0.994017,1.547230
0.062880,-0.968428,1.368479
