-0.373902,0.613048,2.899856
-0.361551,0.441138,2.906974
-0.529683,0.315342,2.899729
-0.213995,0.317740,2.880018
-0.563014,0.044720,2.830511
-0.162263,0.083752,2.808165
-0.549283,-0.174338,2.808165
-0.173905,-0.124521,2.690646
-0.551305,-0.241987,2.665680
-0.188653,-0.203475,2.622961
-0.371542,0.099056,2.885834
-0.376899,0.038477,2.833710
-0.450426,-0.031841,2.827912
-0.308551,-0.031375,2.807896
-0.454684,-0.489567,2.690131
-0.319123,-0.490727,2.716633
-0.440150,-0.850339,2.797872
-0.328413,-0.851615,2.525028
-0.445991,-0.904885,2.744973
-0.322561,-0.916030,2.477855
-0.374246,0.614570,2.873200
-0.362508,0.442586,2.880654
-0.529661,0.316764,2.870817
-0.214845,0.320513,2.854579
-0.562288,0.047098,2.799609
-0.162243,0.086454,2.778968
-0.545961,-0.171050,2.778968
-0.174976,-0.115694,2.657355
-0.547411,-0.237245,2.631211
-0.193287,-0.193105,2.584411
-0.372461,0.100733,2.858873
-0.377570,0.040729,2.805421
-0.450946,-0.029082,2.798226
-0.309367,-0.029038,2.780179
-0.458962,-0.488367,2.644311
-0.320787,-0.490474,2.702326
-0.455531,-0.852835,2.708058
-0.330856,-0.854586,2.535334
-0.465360,-0.909091,2.652161
-0.323074,-0.920684,2.498513
-0.374468,0.615967,2.847526
-0.363664,0.443812,2.855162
-0.529967,0.317971,2.841808
-0.215698,0.323141,2.831118
-0.561775,0.049721,2.770850
-0.162039,0.089146,2.752323
-0.542915,-0.167669,2.752323
-0.175932,-0.106127,2.626967
-0.543100,-0.231945,2.598548
-0.197857,-0.181038,2.546663
-0.373330,0.102313,2.833378
-0.378002,0.042837,2.778855
-0.451130,-0.026550,2.769951
-0.309909,-0.026889,2.754716
-0.462829,-0.487426,2.603278
-0.322259,-0.490237,2.689340
-0.469561,-0.852288,2.621269
-0.332917,-0.857434,2.547733
-0.480231,-0.910387,2.562346
-0.323269,-0.925113,2.520038
-0.374552,0.617138,2.823521
-0.364863,0.444869,2.830738
-0.530095,0.319291,2.813759
-0.216528,0.325470,2.809505
-0.561589,0.052394,2.743051
-0.161607,0.092084,2.727875
-0.540049,-0.164515,2.727875
-0.176068,-0.094938,2.598968
-0.538960,-0.227248,2.568883
-0.201296,-0.166146,2.509062
-0.374132,0.103740,2.809145
-0.378239,0.044752,2.753778
-0.450981,-0.024209,2.742651
-0.310285,-0.024952,2.731308
-0.466401,-0.486546,2.566219
-0.323550,-0.490027,2.677546
-0.481274,-0.849991,2.545444
-0.334603,-0.860077,2.561298
-0.492239,-0.909576,2.483768
-0.323242,-0.929230,2.541465
-0.374938,0.618193,2.800614
-0.366566,0.445739,2.806969
-0.530324,0.320672,2.786448
-0.217608,0.327865,2.789319
-0.561838,0.055477,2.714655
-0.161101,0.095356,2.705820
-0.537961,-0.160688,2.705820
-0.175942,-0.082799,2.572092
-0.535258,-0.221785,2.540367
-0.204441,-0.147688,2.472981
-0.375019,0.105219,2.786310
-0.378432,0.046688,2.730336
-0.450666,-0.021790,2.716960
-0.310595,-0.023050,2.709752
-0.469628,-0.485659,2.532646
-0.324698,-0.489833,2.666827
-0.491243,-0.847775,2.480215
-0.335967,-0.862487,2.575407
-0.502209,-0.909010,2.416816
-0.323048,-0.932986,2.562220
-0.375032,0.619002,2.778672
-0.368373,0.446385,2.784923
-0.530806,0.321372,2.757958
-0.218639,0.329987,2.771051
-0.562095,0.058302,2.686753
-0.160437,0.098387,2.685565
-0.535970,-0.157410,2.685565
-0.177064,-0.066756,2.547511
-0.532293,-0.217758,2.516246
-0.206412,-0.125065,2.438968
-0.376016,0.106521,2.764933
-0.378523,0.048446,2.708541
-0.450119,-0.019673,2.692408
-0.310793,-0.021341,2.690071
-0.472468,-0.484772,2.501986
-0.325727,-0.489638,2.657074
-0.499839,-0.846215,2.422672
-0.337045,-0.864689,2.589517
-0.510630,-0.909018,2.359671
-0.322739,-0.936397,2.581871
-0.374992,0.619604,2.758072
-0.370745,0.447024,2.763259
-0.531308,0.322002,2.730991
-0.219849,0.332211,2.754139
-0.562796,0.061954,2.658056
-0.159641,0.101569,2.666899
-0.533964,-0.153277,2.666899
-0.178169,-0.049594,2.522908
-0.528425,-0.212356,2.490757
-0.209268,-0.109639,2.410105
-0.376999,0.107975,2.744638
-0.378467,0.050325,2.688027
-0.449030,-0.017376,2.668168
-0.310912,-0.019722,2.672249
-0.475034,-0.483929,2.474106
-0.326646,-0.489466,2.648210
-0.507297,-0.845016,2.372559
-0.337875,-0.866667,2.603377
-0.516938,-0.907357,2.307903
-0.322398,-0.939393,2.599880
-0.374938,0.620328,2.738675
-0.373300,0.447593,2.742679
-0.531702,0.322500,2.703335
-0.221047,0.334123,2.738815
-0.563719,0.065545,2.629885
-0.159199,0.104370,2.650202
-0.531401,-0.148777,2.650202
-0.177685,-0.026590,2.498937
-0.524919,-0.207786,2.468408
-0.207013,-0.074632,2.381291
-0.378149,0.109472,2.725141
-0.378335,0.052250,2.668562
-0.447751,-0.015031,2.644703
-0.310958,-0.018192,2.655862
-0.477368,-0.482891,2.448669
-0.327481,-0.489314,2.640129
-0.513914,-0.844203,2.328780
-0.338498,-0.868426,2.616733
-0.522246,-0.906160,2.262866
-0.322012,-0.942049,2.616548
-0.374731,0.620943,2.720070
-0.376114,0.448065,2.722977
-0.532171,0.322925,2.676352
-0.222233,0.335819,2.725001
-0.565010,0.069600,2.600433
-0.159222,0.106880,2.636205
-0.528799,-0.144257,2.636205
-0.169462,-0.002887,2.476255
-0.519521,-0.203159,2.445191
-0.199101,-0.027114,2.358578
-0.379375,0.110907,2.706921
-0.378162,0.054062,2.650603
-0.446345,-0.012882,2.622787
-0.310978,-0.016804,2.640988
-0.479494,-0.481692,2.425611
-0.328246,-0.489170,2.632754
-0.519912,-0.843592,2.289906
-0.339112,-0.869915,2.628737
-0.526854,-0.905197,2.223080
-0.321617,-0.944371,2.631924
-0.374474,0.621606,2.702410
-0.379281,0.448677,2.703942
-0.532608,0.323670,2.650133
-0.223507,0.337210,2.712361
-0.566289,0.073373,2.572109
-0.158915,0.109296,2.623555
-0.525886,-0.139540,2.623555
-0.161078,0.033635,2.454038
-0.514033,-0.198903,2.423182
-0.187698,0.026905,2.343421
-0.380891,0.112152,2.688961
-0.378032,0.055631,2.633130
-0.444990,-0.011016,2.601807
-0.310956,-0.015532,2.626724
-0.481420,-0.480573,2.404820
-0.328942,-0.489042,2.625977
-0.525335,-0.843042,2.254812
-0.339819,-0.871171,2.639231
-0.530476,-0.904123,2.187647
-0.321103,-0.945666,2.643143
-0.374256,0.622150,2.685349
-0.382727,0.449325,2.685515
-0.532961,0.324377,2.623915
-0.224689,0.338409,2.700989
-0.567197,0.076956,2.542928
-0.157764,0.112452,2.613560
-0.522623,-0.135164,2.613560
-0.151008,0.074925,2.432657
-0.508210,-0.195234,2.402053
-0.173735,0.086421,2.336499
-0.382578,0.113345,2.671939
-0.377919,0.057088,2.616913
-0.443676,-0.009362,2.581879
-0.310919,-0.014384,2.613783
-0.483161,-0.479490,2.385958
-0.329572,-0.488887,2.619730
-0.529968,-0.842447,2.223537
-0.340743,-0.872192,2.648420
-0.532611,-0.902699,2.156599
-0.320925,-0.947110,2.655307
-0.374037,0.622678,2.669442
-0.386472,0.450129,2.667539
-0.533173,0.325183,2.598682
-0.225777,0.339381,2.690762
-0.567825,0.080335,2.515263
-0.156285,0.116531,2.609502
-0.519042,-0.130737,2.609502
-0.140348,0.118878,2.412021
-0.502362,-0.191847,2.382158
-0.156400,0.148173,2.339628
-0.384434,0.114535,2.655682
-0.377830,0.058470,2.601738
-0.442413,-0.007863,2.563067
-0.310866,-0.013354,2.601988
-0.484725,-0.478391,2.368798
-0.330159,-0.488772,2.613938
-0.533691,-0.841815,2.196517
-0.341874,-0.873148,2.656435
-0.533050,-0.900920,2.130287
-0.321037,-0.948444,2.666469
-0.373712,0.623312,2.654299
-0.390173,0.451022,2.650370
-0.533198,0.326180,2.574347
-0.226864,0.340019,2.681653
-0.568075,0.083523,2.488206
-0.154811,0.119730,2.605109
-0.515173,-0.126517,2.605109
-0.129985,0.163649,2.392509
-0.496408,-0.188847,2.363485
-0.138764,0.209617,2.350078
-0.386504,0.115768,2.640155
-0.377829,0.059821,2.587550
-0.441290,-0.006413,2.545402
-0.310854,-0.012443,2.591199
-0.486116,-0.477339,2.353231
-0.330721,-0.488662,2.608543
-0.536440,-0.841177,2.174152
-0.343107,-0.874051,2.663742
-0.531615,-0.898811,2.109213
-0.320896,-0.949053,2.674866
-0.373240,0.623982,2.640280
-0.393790,0.451949,2.634146
-0.532977,0.327219,2.550783
-0.228142,0.340434,2.673782
-0.567715,0.086375,2.462254
-0.153272,0.123999,2.605006
-0.511000,-0.122590,2.605006
-0.120161,0.208089,2.373922
-0.490192,-0.186257,2.345792
-0.121632,0.269150,2.369169
-0.388660,0.116952,2.625556
-0.377842,0.061065,2.574504
-0.440200,-0.005089,2.529256
-0.310870,-0.011617,2.581370
-0.487337,-0.476355,2.339130
-0.331251,-0.488551,2.603552
-0.538205,-0.840542,2.156521
-0.344388,-0.874864,2.670285
-0.528266,-0.896414,2.093591
-0.320778,-0.949320,2.682104
-0.372730,0.624584,2.627166
-0.397271,0.452866,2.618821
-0.532561,0.328250,2.528288
-0.229768,0.340511,2.667520
-0.566997,0.089272,2.437920
-0.147739,0.137677,2.619897
-0.506724,-0.118663,2.619897
-0.112772,0.254986,2.356590
-0.484527,-0.183228,2.329699
-0.106361,0.325079,2.394014
-0.390892,0.118178,2.611784
-0.377873,0.062288,2.562468
-0.439136,-0.003782,2.514035
-0.310891,-0.010863,2.572500
-0.488419,-0.475509,2.326347
-0.331750,-0.488439,2.598922
-0.538995,-0.839944,2.143522
-0.345849,-0.875577,2.676134
-0.523164,-0.893840,2.083308
-0.321323,-0.950067,2.689473
-0.372108,0.625338,2.614624
-0.400484,0.453814,2.604042
-0.531772,0.329313,2.506768
-0.231859,0.340390,2.663149
-0.565989,0.092116,2.415164
-0.144245,0.156353,2.644695
-0.502431,-0.114835,2.644695
-0.105801,0.301322,2.340551
-0.478609,-0.180470,2.314872
-0.093393,0.376167,2.422079
-0.393136,0.119495,2.598854
-0.377905,0.063501,2.551439
-0.438062,-0.002533,2.499921
-0.310920,-0.010174,2.564503
-0.489326,-0.474701,2.314817
-0.332213,-0.488326,2.594663
-0.538924,-0.839412,2.134788
-0.347408,-0.876222,2.681378
-0.516633,-0.891230,2.077953
-0.321917,-0.950713,2.696023
-0.371331,0.626303,2.602273
-0.403552,0.454823,2.590025
-0.530511,0.330363,2.486252
-0.235571,0.341504,2.657907
-0.564596,0.094443,2.393948
-0.148625,0.177622,2.665525
-0.497823,-0.111405,2.665525
-0.099805,0.347329,2.325599
-0.472591,-0.177955,2.301329
-0.083014,0.423208,2.457837
-0.395344,0.120779,2.586756
-0.377937,0.064634,2.541316
-0.436812,-0.001369,2.486617
-0.310969,-0.009547,2.557260
-0.490070,-0.474061,2.304386
-0.332641,-0.488211,2.590743
-0.538066,-0.838959,2.129870
-0.349065,-0.876790,2.686013
-0.509171,-0.888672,2.076600
-0.322640,-0.951238,2.701904
-0.370497,0.627298,2.590765
-0.406317,0.455856,2.576975
-0.528907,0.331381,2.467047
-0.238175,0.342317,2.653101
-0.562262,0.096159,2.373521
-0.155937,0.201307,2.688802
-0.492769,-0.108616,2.688802
-0.096360,0.389574,2.311641
-0.466628,-0.175640,2.289058
-0.076350,0.464577,2.493107
-0.397498,0.122093,2.575478
-0.377979,0.065740,2.532018
-0.435590,-0.000244,2.474385
-0.311045,-0.008961,2.550680
-0.490588,-0.473417,2.295007
-0.333031,-0.488106,2.587159
-0.536496,-0.838608,2.128423
-0.350868,-0.877340,2.690128
-0.503901,-0.886726,2.072909
-0.323590,-0.951715,2.707099
-0.369573,0.628294,2.580020
-0.408729,0.456873,2.564765
-0.526756,0.332400,2.448783
-0.240655,0.343110,2.648776
-0.559601,0.097659,2.354618
-0.166326,0.226366,2.713626
-0.487586,-0.106083,2.713626
-0.094982,0.427148,2.298773
-0.459373,-0.174194,2.277684
-0.073530,0.500579,2.530620
-0.399570,0.123398,2.564931
-0.378018,0.066797,2.523453
-0.434416,0.000860,2.463038
-0.311140,-0.008411,2.544709
-0.490867,-0.472812,2.286640
-0.333387,-0.488009,2.583871
-0.534337,-0.838411,2.129830
-0.352716,-0.877836,2.693729
-0.495507,-0.884595,2.077524
-0.324840,-0.952152,2.711534
-0.368492,0.629269,2.570013
-0.410823,0.457851,2.553444
-0.524299,0.333339,2.431776
-0.243003,0.343879,2.644878
-0.556475,0.098884,2.337018
-0.179382,0.253720,2.738191
-0.482267,-0.103888,2.738191
-0.094323,0.460886,2.286980
-0.452067,-0.173156,2.267457
-0.074156,0.531229,2.568314
-0.401488,0.124580,2.555128
-0.378028,0.067738,2.515564
-0.433238,0.001850,2.452752
-0.311307,-0.007922,2.539218
-0.490896,-0.472306,2.279156
-0.333709,-0.487923,2.580870
-0.531699,-0.838413,2.133725
-0.354618,-0.878277,2.696851
-0.486875,-0.882781,2.084562
-0.326335,-0.952517,2.715516
-0.367189,0.629862,2.560477
-0.412239,0.457628,2.542289
-0.521529,0.334242,2.415993
-0.244933,0.344183,2.641230
-0.552939,0.099892,2.320789
-0.192436,0.280678,2.760082
-0.476839,-0.101992,2.760082
-0.094077,0.491632,2.276224
-0.444722,-0.172461,2.258310
-0.078929,0.556760,2.605485
-0.403225,0.125504,2.545928
-0.378010,0.068521,2.508203
-0.432051,0.002688,2.443280
-0.311525,-0.007528,2.534171
-0.490667,-0.471873,2.272477
-0.333996,-0.487847,2.578113
-0.528740,-0.838530,2.139313
-0.356577,-0.878719,2.699526
-0.478475,-0.881271,2.092781
-0.327923,-0.952878,2.718851
-0.365828,0.630460,2.551616
-0.413438,0.458314,2.531977
-0.518276,0.334985,2.401142
-0.249455,0.347372,2.635809
-0.549104,0.100694,2.305876
-0.204946,0.306433,2.779758
-0.471186,-0.100352,2.779758
-0.093004,0.517428,2.266397
-0.437161,-0.172047,2.250138
-0.076879,0.581998,2.628413
-0.404861,0.126460,2.537316
-0.377988,0.069285,2.501360
-0.430714,0.003487,2.434242
-0.311824,-0.007172,2.529566
-0.490156,-0.471552,2.266554
-0.334249,-0.488042,2.575526
-0.525554,-0.838746,2.146256
-0.358552,-0.879139,2.701794
-0.470273,-0.879996,2.102151
-0.328785,-0.952122,2.719536
-0.364286,0.630714,2.543247
-0.414134,0.457631,2.522071
-0.514718,0.335624,2.387380
-0.253935,0.350652,2.630702
-0.545036,0.101277,2.292218
-0.213713,0.325742,2.794974
-0.465378,-0.098989,2.794974
-0.092705,0.540942,2.257436
-0.429612,-0.171939,2.242840
-0.075372,0.604834,2.648639
-0.406380,0.127327,2.529370
-0.377960,0.069981,2.495108
-0.429406,0.004196,2.426001
-0.312193,-0.006865,2.525373
-0.489371,-0.471422,2.261276
-0.334429,-0.488169,2.573096
-0.522236,-0.839118,2.154213
-0.360526,-0.879544,2.703691
-0.462320,-0.879040,2.112475
-0.329544,-0.951227,2.719525
-0.362637,0.631030,2.535346
-0.414550,0.458068,2.512774
-0.510921,0.336125,2.374628
-0.258118,0.353556,2.625788
-0.540910,0.101687,2.279819
-0.221623,0.343055,2.808501
-0.459471,-0.097846,2.808501
-0.092945,0.562138,2.249317
-0.422130,-0.172043,2.236438
-0.074254,0.625428,2.666722
-0.407798,0.128133,2.521808
-0.377920,0.070581,2.489158
-0.428047,0.004780,2.418159
-0.312674,-0.006651,2.521489
-0.488183,-0.471353,2.256802
-0.334561,-0.488404,2.570832
-0.518793,-0.839625,2.162708
-0.362498,-0.879925,2.705247
-0.454706,-0.878374,2.123105
-0.330240,-0.950194,2.718858
-0.360926,0.631327,2.527975
-0.414807,0.458489,2.504264
-0.506907,0.336462,2.362824
-0.262153,0.356360,2.621160
-0.536619,0.101930,2.268491
-0.228820,0.358672,2.820631
-0.453713,-0.096960,2.820631
-0.093954,0.581144,2.242047
-0.414784,-0.172362,2.230858
-0.073865,0.643837,2.682820
-0.409119,0.128908,2.514729
-0.377875,0.071143,2.483634
-0.426649,0.005276,2.410699
-0.313209,-0.006494,2.517959
-0.486511,-0.471146,2.253108
-0.334628,-0.488604,2.568688
-0.515335,-0.840231,2.171515
-0.364465,-0.880295,2.706497
-0.448636,-0.877722,2.130526
-0.330869,-0.949073,2.717713
-0.359136,0.631586,2.521034
-0.414900,0.458886,2.496406
-0.502815,0.336658,2.352000
-0.266086,0.359235,2.616552
-0.532345,0.102009,2.258228
-0.235341,0.372840,2.831370
-0.448135,-0.096306,2.831370
-0.095712,0.598222,2.235581
-0.407667,-0.172870,2.226032
-0.074273,0.660202,2.696820
-0.410332,0.129619,2.508144
-0.377827,0.071645,2.478513
-0.425289,0.005682,2.403809
-0.313806,-0.006400,2.514739
-0.484731,-0.471208,2.249334
-0.334622,-0.488799,2.566635
-0.511928,-0.840893,2.180386
-0.366390,-0.880653,2.707462
-0.442999,-0.877201,2.137786
-0.331425,-0.947876,2.716064
-0.357164,0.631772,2.514242
-0.414671,0.459171,2.488873
-0.498570,0.336626,2.341894
-0.269309,0.361995,2.612063
-0.528116,0.101808,2.248764
-0.240939,0.387848,2.838143
-0.442932,-0.095987,2.838143
-0.097325,0.613843,2.229589
-0.400897,-0.173623,2.221774
-0.074760,0.674844,2.706646
-0.411392,0.130258,2.501908
-0.377739,0.072078,2.473618
-0.423960,0.005982,2.397352
-0.314403,-0.006375,2.511736
-0.482700,-0.471276,2.246120
-0.334506,-0.489178,2.564587
-0.508589,-0.841670,2.188989
-0.368275,-0.881007,2.708174
-0.437834,-0.876832,2.144618
-0.332755,-0.947460,2.715903
-0.355129,0.631881,2.507692
-0.414231,0.459390,2.481729
-0.494389,0.336464,2.332604
-0.272261,0.364790,2.607620
-0.524167,0.101476,2.240132
-0.245672,0.401882,2.842946
-0.438137,-0.095844,2.842946
-0.099176,0.627705,2.224035
-0.394666,-0.174439,2.217979
-0.075497,0.687524,2.713725
-0.412329,0.130811,2.496137
-0.377629,0.072431,2.469079
-0.422690,0.006199,2.391475
-0.315008,-0.006402,2.508956
-0.480584,-0.471616,2.243078
-0.334329,-0.489790,2.562535
-0.505378,-0.842437,2.197337
-0.370114,-0.881346,2.708655
-0.433081,-0.876556,2.151147
-0.334210,-0.947110,2.715698
-0.353096,0.631867,2.501319
-0.413653,0.459484,2.474805
-0.490427,0.336192,2.324037
-0.275041,0.367364,2.603026
-0.520738,0.101038,2.232237
-0.248613,0.415662,2.843877
-0.434029,-0.095876,2.843877
-0.098530,0.636795,2.218732
-0.389294,-0.175226,2.214326
-0.073398,0.695305,2.726454
-0.413191,0.131208,2.490626
-0.377520,0.072625,2.464712
-0.421495,0.006318,2.386085
-0.315692,-0.006541,2.506269
-0.478426,-0.471919,2.240306
-0.333916,-0.489968,2.559913
-0.502331,-0.843193,2.205343
-0.371870,-0.881391,2.708719
-0.428733,-0.876361,2.157336
-0.335611,-0.946562,2.715117
-0.350885,0.630685,2.494128
-0.412566,0.456823,2.466727
-0.486788,0.335855,2.316143
-0.277510,0.370124,2.598375
-0.517859,0.100584,2.225093
-0.250656,0.428352,2.842946
-0.430422,-0.095953,2.842946
-0.097842,0.643588,2.213924
-0.384512,-0.175952,2.211027
-0.071541,0.701069,2.727771
-0.413953,0.131426,2.485452
-0.377403,0.072737,2.460645
-0.420376,0.006348,2.381236
-0.316384,-0.006729,2.503712
-0.476286,-0.472227,2.237827
-0.333454,-0.490094,2.557225
-0.499468,-0.843935,2.212963
-0.373563,-0.881353,2.708534
-0.424455,-0.876489,2.164660
-0.337084,-0.946085,2.714607
-0.348830,0.629914,2.486989
-0.411735,0.456154,2.459082
-0.483586,0.335442,2.308856
-0.279680,0.373162,2.592339
-0.515393,0.100072,2.218634
-0.253087,0.438812,2.840862
-0.427246,-0.096107,2.840862
-0.099400,0.645056,2.209559
-0.380245,-0.176652,2.208039
-0.078222,0.692458,2.727841
-0.414548,0.131593,2.480544
-0.377205,0.072762,2.456665
-0.419312,0.006298,2.376718
-0.316835,-0.006817,2.501293
-0.474241,-0.472529,2.235585
-0.332987,-0.490417,2.554525
-0.496805,-0.844644,2.220157
-0.375197,-0.881437,2.708270
-0.420728,-0.876649,2.171319
-0.338571,-0.945710,2.714069
-0.346892,0.628981,2.480031
-0.410895,0.455502,2.451854
-0.480829,0.335012,2.302161
-0.281656,0.376425,2.585043
-0.513381,0.099512,2.212816
-0.255298,0.446978,2.838228
-0.424474,-0.096236,2.838228
-0.102807,0.641941,2.205574
-0.376573,-0.177391,2.205073
-0.081516,0.683248,2.711051
-0.415137,0.131683,2.475639
-0.377111,0.072667,2.452482
-0.418509,0.006125,2.372237
-0.317356,-0.006959,2.498781
-0.472365,-0.472804,2.233577
-0.332484,-0.490786,2.551795
-0.494353,-0.845310,2.226897
-0.376762,-0.881519,2.707866
-0.417475,-0.876830,2.177402
-0.340048,-0.945387,2.713497
-0.345356,0.628162,2.472586
-0.410152,0.454873,2.444549
-0.478470,0.334596,2.296039
-0.283405,0.379509,2.577838
-0.511868,0.098814,2.207613
-0.254322,0.454031,2.831260
-0.422379,-0.096623,2.831260
-0.105699,0.636388,2.201847
-0.373630,-0.178302,2.202154
-0.083786,0.678423,2.697798
-0.415638,0.131753,2.470824
-0.376996,0.072547,2.448294
-0.417790,0.005907,2.368032
-0.317790,-0.007051,2.496232
-0.470767,-0.473011,2.231745
-0.331963,-0.491212,2.548960
-0.492163,-0.845850,2.233021
-0.378261,-0.881597,2.707317
-0.414640,-0.876951,2.182896
-0.341395,-0.945093,2.712845
-0.343973,0.627145,2.464926
-0.409562,0.454218,2.437209
-0.476550,0.334193,2.290446
-0.284623,0.382034,2.571490
-0.511130,0.097897,2.203094
-0.248170,0.460370,2.817308
-0.421041,-0.097393,2.817308
-0.108838,0.629867,2.198292
-0.371246,-0.178802,2.199400
-0.087916,0.666133,2.659761
-0.416097,0.131835,2.466099
-0.376924,0.072448,2.444061
-0.417193,0.005667,2.364096
-0.318175,-0.007120,2.493542
-0.469421,-0.473131,2.230082
-0.331433,-0.491712,2.545942
-0.490180,-0.846317,2.238660
-0.379693,-0.881621,2.706473
-0.412176,-0.877056,2.187904
-0.342640,-0.944771,2.712060
-0.342753,0.625962,2.457039
-0.409117,0.453545,2.429967
-0.475126,0.333764,2.285318
-0.284362,0.384331,2.566160
-0.511563,0.096709,2.199548
-0.227425,0.474172,2.785558
-0.420274,-0.098284,2.785558
-0.117299,0.618957,2.194993
-0.369678,-0.179307,2.196603
-0.093552,0.652736,2.616000
-0.416502,0.132124,2.461099
-0.377009,0.072666,2.439400
-0.416994,0.005553,2.360264
-0.318329,-0.006892,2.489831
-0.468272,-0.472985,2.228634
-0.330934,-0.492233,2.542526
-0.488426,-0.846676,2.243754
-0.381040,-0.881583,2.705438
-0.410081,-0.877101,2.192371
-0.343859,-0.944441,2.711214
-0.342179,0.625123,2.448492
-0.408831,0.452917,2.422753
-0.474377,0.333271,2.280635
-0.282671,0.386681,2.558983
-0.512974,0.095338,2.196963
-0.202190,0.489077,2.740659
-0.420600,-0.099325,2.740659
-0.122318,0.612130,2.191809
-0.369801,-0.179696,2.193206
-0.102599,0.640166,2.554795
-0.416803,0.132620,2.455855
-0.377267,0.073129,2.434373
-0.417146,0.005499,2.356529
-0.318363,-0.006380,2.485193
-0.467317,-0.472610,2.227418
-0.330481,-0.492757,2.538738
-0.486853,-0.846965,2.248415
-0.382300,-0.881511,2.704285
-0.408394,-0.877127,2.196405
-0.345027,-0.944118,2.710311
-0.342708,0.624725,2.438641
-0.408628,0.452480,2.415466
-0.474090,0.332748,2.276432
-0.279382,0.389877,2.547926
-0.516209,0.093951,2.195994
-0.174139,0.506244,2.678116
-0.423923,-0.100273,2.678116
-0.130722,0.608012,2.188782
-0.371445,-0.179918,2.189764
-0.119501,0.633042,2.467582
-0.416916,0.133491,2.450199
-0.377679,0.074015,2.428830
-0.417591,0.005583,2.352892
-0.318285,-0.005210,2.479154
-0.466544,-0.472078,2.226423
-0.330135,-0.493112,2.534359
-0.485444,-0.847203,2.252683
-0.383405,-0.881185,2.702747
-0.407231,-0.877145,2.200078
-0.346077,-0.943710,2.709394
-0.344652,0.624981,2.427727
-0.408049,0.452417,2.407789
-0.475215,0.332130,2.272872
-0.274904,0.393113,2.532357
-0.520354,0.092630,2.196173
-0.148448,0.522770,2.606516
-0.428816,-0.101123,2.606516
-0.143375,0.605885,2.185931
-0.376019,-0.180364,2.185552
-0.132965,0.628473,2.402588
-0.416824,0.134910,2.443944
-0.378408,0.075504,2.422587
-0.418895,0.006090,2.349131
-0.318432,-0.003305,2.471380
-0.466063,-0.471245,2.225731
-0.329856,-0.493312,2.529537
-0.484185,-0.847395,2.256591
-0.384334,-0.880734,2.701021
-0.406807,-0.877168,2.203413
-0.346886,-0.943201,2.708293
-0.345714,0.625102,2.419153
-0.406995,0.452658,2.399607
-0.477649,0.331796,2.270110
-0.269556,0.397287,2.511737
-0.525636,0.091361,2.197975
-0.126834,0.539216,2.523697
-0.435055,-0.101661,2.523697
-0.154320,0.607903,2.183371
-0.384474,-0.179772,2.181398
-0.156152,0.625987,2.304884
-0.416043,0.138273,2.435953
-0.379233,0.079439,2.414423
-0.420882,0.007790,2.345123
-0.318212,0.001483,2.460217
-0.465821,-0.470304,2.225314
-0.329628,-0.492961,2.524118
-0.483066,-0.847540,2.260164
-0.384986,-0.880010,2.698966
-0.407304,-0.877143,2.206395
-0.347470,-0.942548,2.707044
-0.346517,0.627282,2.409517
-0.403151,0.458411,2.387321
-0.481921,0.332776,2.268754
-0.263111,0.402268,2.485494
-0.532094,0.090267,2.201874
-0.109400,0.554385,2.437152
-0.443093,-0.101782,2.437152
-0.178334,0.611603,2.181404
-0.394821,-0.178991,2.177407
-0.179663,0.623928,2.226537
-0.414509,0.143544,2.426456
-0.380095,0.084105,2.405798
-0.423466,0.010469,2.341068
-0.318004,0.006852,2.448160
-0.465857,-0.469164,2.225245
-0.329469,-0.492417,2.518336
-0.482070,-0.847638,2.263430
-0.385165,-0.878851,2.696517
-0.408872,-0.877123,2.209079
-0.347821,-0.941762,2.705706
-0.348022,0.629969,2.399684
-0.399416,0.465001,2.374614
-0.487681,0.334909,2.268803
-0.257449,0.408039,2.454934
-0.539162,0.089806,2.207141
-0.099020,0.567664,2.349850
-0.452578,-0.101600,2.349850
-0.200243,0.613839,2.180070
-0.408764,-0.178123,2.173707
-0.207733,0.623087,2.132459
-0.412825,0.150141,2.415871
-0.381360,0.090176,2.396116
-0.426919,0.014465,2.336839
-0.318234,0.013644,2.434230
-0.466169,-0.467849,2.225535
-0.329423,-0.491202,2.511760
-0.481190,-0.847651,2.266417
-0.384419,-0.876904,2.693255
-0.411550,-0.876886,2.211436
-0.348918,-0.937161,2.696301
-0.350609,0.634208,2.389004
-0.396600,0.474218,2.359969
-0.490235,0.351535,2.266453
-0.252838,0.413934,2.420480
-0.543650,0.101341,2.211744
-0.093675,0.578422,2.266225
-0.462626,-0.096564,2.266225
-0.221586,0.615255,2.178971
-0.424462,-0.172681,2.171246
-0.236943,0.622404,2.041236
-0.412132,0.158159,2.404281
-0.383891,0.097487,2.385622
-0.431912,0.022074,2.332510
-0.321858,0.023025,2.417331
-0.466831,-0.466100,2.226257
-0.329546,-0.488431,2.503294
-0.480378,-0.847606,2.269143
-0.382432,-0.873124,2.688162
-0.414470,-0.876577,2.213504
-0.349321,-0.929976,2.683537
-0.353740,0.639677,2.377934
-0.393960,0.485302,2.344905
-0.493464,0.368613,2.264790
-0.248503,0.422198,2.379654
-0.546584,0.110011,2.213614
-0.095583,0.588750,2.179883
-0.473941,-0.089013,2.179883
-0.244870,0.616599,2.178529
-0.441547,-0.164931,2.169559
-0.267068,0.621821,1.955423
-0.412190,0.169579,2.391094
-0.388052,0.108556,2.373583
-0.438440,0.033075,2.327692
-0.326580,0.034895,2.399847
-0.467784,-0.463071,2.227775
-0.329812,-0.483658,2.493652
-0.479563,-0.847541,2.271626
-0.378929,-0.866932,2.681691
-0.417769,-0.876227,2.215378
-0.349461,-0.919961,2.669156
-0.357907,0.646746,2.365595
-0.392213,0.498599,2.328027
-0.496495,0.380416,2.262837
-0.244241,0.430571,2.337315
-0.549670,0.119659,2.215122
-0.103916,0.596608,2.098331
-0.486000,-0.080459,2.098331
-0.269387,0.618086,2.178529
-0.459378,-0.156420,2.168629
-0.296723,0.621349,1.876640
-0.412608,0.182160,2.377363
-0.392532,0.120492,2.361398
-0.445312,0.045003,2.322883
-0.331649,0.047630,2.382386
-0.468857,-0.459555,2.229661
-0.330126,-0.477838,2.483187
-0.478665,-0.847407,2.273918
-0.374218,-0.859284,2.674419
-0.420653,-0.875926,2.217089
-0.348887,-0.908851,2.654300
-0.362743,0.654038,2.353020
-0.391389,0.511319,2.311422
-0.499928,0.391880,2.260649
-0.244687,0.436191,2.300343
-0.554500,0.128564,2.218311
-0.113758,0.600785,2.029950
-0.499324,-0.073153,2.029950
-0.293016,0.618133,2.179720
-0.478554,-0.147716,2.169162
-0.328465,0.620435,1.802376
-0.413629,0.193837,2.364010
-0.397322,0.131490,2.349710
-0.451994,0.056253,2.318489
-0.337665,0.059764,2.365128
-0.469766,-0.456223,2.231759
-0.330569,-0.472017,2.472167
-0.477668,-0.847210,2.276040
-0.368258,-0.851180,2.666590
-0.423229,-0.875663,2.218637
-0.347247,-0.897819,2.639342
-0.369156,0.660290,2.340235
-0.392744,0.521335,2.295546
-0.504176,0.401739,2.258343
-0.249756,0.443665,2.267672
-0.559851,0.140109,2.225575
-0.126672,0.602456,1.968155
-0.512385,-0.067256,1.968155
-0.318929,0.616993,2.182919
-0.495915,-0.141881,2.170072
-0.359883,0.621534,1.735177
-0.415431,0.203579,2.351421
-0.402332,0.140717,2.338772
-0.458115,0.065874,2.314576
-0.344131,0.070884,2.348638
-0.470565,-0.453543,2.233738
-0.331030,-0.466517,2.461159
-0.476444,-0.846946,2.277981
-0.361277,-0.843124,2.658473
-0.425206,-0.875479,2.219994
-0.344319,-0.887404,2.624523
-0.375073,0.664722,2.328206
-0.393717,0.528332,2.281215
-0.507686,0.409496,2.256257
-0.252610,0.444500,2.237359
-0.563425,0.146674,2.229771
-0.139904,0.600951,1.915893
-0.524291,-0.063733,1.915893
-0.340840,0.615675,2.185323
-0.512545,-0.137715,2.171494
-0.387517,0.620034,1.676836
-0.417110,0.210887,2.340038
-0.406886,0.147657,2.328963
-0.463438,0.072539,2.311719
-0.350124,0.078094,2.332927
-0.471256,-0.451343,2.235577
-0.331574,-0.461717,2.450046
-0.475017,-0.846585,2.279693
-0.353489,-0.835549,2.650179
-0.427018,-0.875286,2.221164
-0.340804,-0.877941,2.610225
-0.382320,0.668307,2.317064
-0.396338,0.533846,2.268538
-0.512062,0.416490,2.254555
-0.255581,0.444479,2.210069
-0.567701,0.152612,2.234605
-0.159281,0.597591,1.865378
-0.536008,-0.061294,1.865378
-0.361133,0.614292,2.187960
-0.529085,-0.134844,2.173845
-0.412727,0.618116,1.625247
-0.419011,0.216724,2.329529
-0.411286,0.153132,2.319892
-0.468451,0.077693,2.309066
-0.355529,0.083724,2.318349
-0.471718,-0.449564,2.237135
-0.333785,-0.458141,2.437210
-0.473123,-0.846149,2.281160
-0.345561,-0.828447,2.641687
-0.428527,-0.875122,2.222193
-0.337098,-0.869192,2.596183
-0.390442,0.670772,2.306347
-0.399357,0.537840,2.256622
-0.516346,0.422522,2.252933
-0.259116,0.443369,2.185270
-0.571737,0.157660,2.239196
-0.181054,0.591787,1.821440
-0.547565,-0.060270,1.821440
-0.380635,0.612455,2.190956
-0.545518,-0.133576,2.177080
-0.435992,0.616161,1.579338
-0.420911,0.220863,2.319310
-0.415378,0.157008,2.311116
-0.473008,0.081691,2.306688
-0.360341,0.086820,2.303394
-0.472039,-0.447790,2.238604
-0.337854,-0.457167,2.422544
-0.470913,-0.845692,2.282354
-0.337472,-0.822214,2.633578
-0.429873,-0.874983,2.223063
-0.333146,-0.861599,2.583156
-0.398688,0.672283,2.296242
-0.402783,0.540298,2.245482
-0.520589,0.427668,2.251414
-0.263051,0.441270,2.162677
-0.575587,0.161907,2.243650
-0.202747,0.585006,1.783955
-0.558898,-0.060756,1.783955
-0.398946,0.610318,2.194518
-0.561230,-0.133852,2.180874
-0.457171,0.614045,1.538769
-0.422962,0.223492,2.309427
-0.419432,0.159432,2.302648
-0.477514,0.084492,2.304524
-0.364867,0.088314,2.289188
-0.472321,-0.446276,2.239778
-0.341899,-0.456436,2.408484
-0.468371,-0.845177,2.283297
-0.328973,-0.816178,2.625413
-0.431072,-0.874851,2.223789
-0.328809,-0.854443,2.570601
-0.407112,0.673163,2.286659
-0.406566,0.541701,2.235156
-0.524867,0.432143,2.249976
-0.266279,0.441353,2.143541
-0.579302,0.165594,2.247970
-0.224388,0.577668,1.752199
-0.569625,-0.062122,1.752199
-0.416274,0.607777,2.198491
-0.575774,-0.134928,2.184953
-0.476660,0.611684,1.503009
-0.425054,0.225337,2.300128
-0.423278,0.161151,2.294708
-0.481764,0.086569,2.302511
-0.369007,0.089072,2.276017
-0.472416,-0.444770,2.241121
-0.344677,-0.455303,2.397635
-0.465476,-0.844599,2.283942
-0.320184,-0.810296,2.617229
-0.432059,-0.874720,2.224287
-0.323799,-0.847602,2.558286
-0.415232,0.673076,2.277263
-0.409993,0.541382,2.224100
-0.528699,0.435829,2.248084
-0.269356,0.441388,2.126497
-0.582287,0.168983,2.250553
-0.245988,0.569187,1.726180
-0.579259,-0.062618,1.726180
-0.432803,0.604775,2.201937
-0.589227,-0.136385,2.189558
-0.494825,0.609026,1.471748
-0.427206,0.226384,2.291281
-0.426961,0.162177,2.287273
-0.485822,0.087989,2.300691
-0.372945,0.089172,2.263938
-0.472532,-0.443445,2.242239
-0.347940,-0.453974,2.385244
-0.462111,-0.843889,2.284205
-0.311131,-0.804064,2.608744
-0.432832,-0.874603,2.224695
-0.317880,-0.840673,2.545897
-0.423214,0.671992,2.268403
-0.414581,0.538703,2.214802
-0.533064,0.438310,2.246625
-0.272472,0.441335,2.111288
-0.585328,0.171601,2.252947
-0.266885,0.559996,1.705268
-0.588495,-0.064057,1.705268
-0.448522,0.601309,2.205786
-0.601698,-0.138656,2.194420
-0.511754,0.606157,1.444808
-0.429431,0.226483,2.282929
-0.430513,0.162447,2.280308
-0.489785,0.088488,2.299019
-0.376591,0.088582,2.252797
-0.471960,-0.442361,2.243583
-0.350421,-0.452729,2.375388
-0.458479,-0.843161,2.284176
-0.301868,-0.797947,2.600360
-0.433493,-0.874480,2.224960
-0.311868,-0.833993,2.534119
-0.429289,0.669562,2.258907
-0.419146,0.535184,2.206264
-0.537351,0.440160,2.245184
-0.275454,0.441027,2.097556
-0.588205,0.173771,2.255029
-0.286499,0.550246,1.688318
-0.596946,-0.065730,1.688318
-0.463134,0.597403,2.209539
-0.613021,-0.141154,2.199190
-0.526999,0.602751,1.422722
-0.431693,0.225585,2.274925
-0.433937,0.161830,2.273663
-0.493632,0.088052,2.297350
-0.379942,0.087271,2.242501
-0.471192,-0.441440,2.244891
-0.353436,-0.451608,2.364207
-0.455631,-0.842618,2.284268
-0.292706,-0.792021,2.591882
-0.434016,-0.874372,2.225070
-0.305834,-0.827657,2.522692
-0.435253,0.665762,2.250024
-0.424750,0.529101,2.199442
-0.542182,0.440645,2.244209
-0.280043,0.433376,2.083788
-0.591138,0.174991,2.256960
-0.304093,0.538448,1.674824
-0.604724,-0.068153,1.674824
-0.476273,0.592611,2.213386
-0.622955,-0.143572,2.203659
-0.540459,0.598485,1.404946
-0.434381,0.222850,2.267411
-0.437576,0.159611,2.267385
-0.497679,0.086175,2.295749
-0.383303,0.083523,2.232705
-0.470723,-0.440573,2.245940
-0.356288,-0.450497,2.353189
-0.451790,-0.841965,2.283814
-0.282272,-0.785354,2.582916
-0.434452,-0.874265,2.224914
-0.299362,-0.820947,2.511676
-0.439981,0.662394,2.240692
-0.427532,0.524046,2.190817
-0.545539,0.441326,2.242150
-0.284559,0.425094,2.071741
-0.593359,0.176250,2.258084
-0.319827,0.525641,1.664654
-0.611363,-0.070016,1.664654
-0.487754,0.586842,2.216396
-0.631578,-0.145678,2.207399
-0.551803,0.593203,1.390892
-0.436788,0.219416,2.260107
-0.440981,0.156707,2.261490
-0.501441,0.083863,2.294299
-0.386556,0.079202,2.223782
-0.469737,-0.439971,2.246864
-0.358573,-0.449481,2.344028
-0.447703,-0.841520,2.283136
-0.272678,-0.779288,2.574059
-0.434559,-0.874340,2.224485
-0.293081,-0.814943,2.501007
-0.444126,0.658901,2.231876
-0.429954,0.518833,2.182878
-0.548646,0.441595,2.240056
-0.288740,0.416424,2.061476
-0.595326,0.177086,2.258739
-0.333173,0.510989,1.657732
-0.617214,-0.071857,1.657732
-0.496848,0.578470,2.218987
-0.639132,-0.147587,2.210472
-0.560139,0.585469,1.380900
-0.439014,0.215581,2.253260
-0.444134,0.153361,2.256005
-0.504938,0.081193,2.292992
-0.389640,0.074450,2.215624
-0.468539,-0.439542,2.247504
-0.360724,-0.448501,2.335123
-0.443578,-0.841140,2.282311
-0.263571,-0.773636,2.564890
-0.434727,-0.874381,2.224227
-0.286945,-0.809402,2.490329
-0.447868,0.654878,2.223428
-0.432739,0.513245,2.176201
-0.551870,0.441333,2.238222
-0.292762,0.407334,2.052686
-0.597235,0.177434,2.259166
-0.343689,0.494378,1.653688
-0.622372,-0.073926,1.653688
-0.503008,0.566695,2.221281
-0.645798,-0.149539,2.213177
-0.564181,0.573522,1.376243
-0.439736,0.210824,2.245239
-0.445322,0.148924,2.248899
-0.506162,0.077156,2.289646
-0.390151,0.068917,2.205722
-0.466402,-0.439324,2.247385
-0.362760,-0.447606,2.326537
-0.439436,-0.840863,2.281369
-0.254851,-0.769029,2.554580
-0.434553,-0.874516,2.223505
-0.279833,-0.806702,2.482566
-0.451060,0.649929,2.215052
-0.434689,0.506051,2.169843
-0.554683,0.440036,2.236186
-0.296527,0.397850,2.045266
-0.598794,0.176772,2.258926
-0.348379,0.473647,1.653465
-0.626879,-0.076058,1.653465
-0.504548,0.548867,2.223011
-0.651580,-0.151535,2.215330
-0.561909,0.555181,1.377789
-0.440910,0.206275,2.238813
-0.447346,0.145131,2.243878
-0.508549,0.074668,2.288304
-0.392015,0.063900,2.198629
-0.463655,-0.439161,2.246570
-0.364569,-0.446649,2.317863
-0.435377,-0.840631,2.280336
-0.246439,-0.766047,2.540493
-0.434280,-0.874721,2.222699
-0.273773,-0.804139,2.468186
-0.453854,0.643326,2.206504
-0.436459,0.494156,2.164159
-0.557532,0.436056,2.233962
-0.299625,0.386399,2.039213
-0.594974,0.177622,2.260382
-0.341355,0.444971,1.660185
-0.629798,-0.076733,1.660185
-0.498172,0.520476,2.224255
-0.655020,-0.151802,2.216455
-0.553443,0.528041,1.385457
-0.441489,0.200715,2.232410
-0.448245,0.140200,2.238373
-0.509761,0.070461,2.286050
-0.391913,0.057793,2.190951
-0.459532,-0.437922,2.243776
-0.365879,-0.445868,2.308952
-0.431402,-0.840429,2.279188
-0.238031,-0.765960,2.521082
-0.433869,-0.874939,2.221707
-0.267472,-0.804447,2.448610
-0.456083,0.639889,2.198205
-0.436202,0.488939,2.157668
-0.558973,0.435096,2.231191
-0.301519,0.381132,2.032930
-0.594933,0.177792,2.260796
-0.323487,0.410332,1.676863
-0.632758,-0.078376,1.676863
-0.480099,0.480467,2.224241
-0.658223,-0.153718,2.215580
-0.537095,0.490291,1.399424
-0.440974,0.196372,2.225604
-0.448436,0.135842,2.232781
-0.510437,0.066987,2.283514
-0.391782,0.052976,2.183933
-0.455379,-0.436361,2.240459
-0.366548,-0.444609,2.299775
-0.427466,-0.840089,2.277878
-0.229560,-0.767390,2.494382
-0.433073,-0.875072,2.220350
-0.260180,-0.806435,2.421509
-0.457327,0.636342,2.189792
-0.435131,0.483782,2.151472
-0.559889,0.433879,2.228261
-0.302945,0.375813,2.027383
-0.595053,0.177799,2.261124
-0.305208,0.374179,1.694664
-0.634536,-0.079901,1.694664
-0.451271,0.429121,2.221617
-0.658789,-0.155745,2.210243
-0.505043,0.436436,1.422369
-0.440235,0.192199,2.219175
-0.448355,0.131826,2.227389
-0.510848,0.063925,2.280832
-0.391723,0.048874,2.177488
-0.453338,-0.435841,2.238768
-0.362918,-0.444795,2.277843
-0.423570,-0.839992,2.276526
-0.225851,-0.771920,2.460470
-0.431190,-0.876907,2.222749
-0.250659,-0.808891,2.397135
-0.457313,0.633182,2.180732
-0.433574,0.478952,2.145628
-0.560605,0.432380,2.225597
-0.303690,0.370423,2.022705
-0.594751,0.176552,2.260327
-0.283579,0.334984,1.716982
-0.634916,-0.081270,1.716982
-0.416949,0.368986,2.215716
-0.657435,-0.157585,2.201950
-0.461395,0.371228,1.454004
-0.439251,0.188196,2.212961
-0.447942,0.127985,2.222049
-0.510892,0.060810,2.277429
-0.391478,0.045060,2.171578
-0.451367,-0.435699,2.237050
-0.357586,-0.444424,2.252880
-0.419609,-0.839955,2.275095
-0.223699,-0.776639,2.418892
-0.430061,-0.877951,2.223509
-0.241100,-0.812563,2.363192
-0.456499,0.630356,2.171603
-0.431617,0.474497,2.140102
-0.560987,0.430839,2.222800
-0.303897,0.365395,2.018873
-0.594342,0.174841,2.258598
-0.261719,0.298621,1.747613
-0.633131,-0.082341,1.747613
-0.364884,0.299479,2.204673
-0.652835,-0.159119,2.187373
-0.403117,0.293563,1.496083
-0.437769,0.184311,2.206413
-0.446864,0.124213,2.216127
-0.510135,0.057445,2.272397
-0.390742,0.041550,2.165774
-0.449467,-0.435737,2.235282
-0.350140,-0.442167,2.223553
-0.415640,-0.839935,2.273602
-0.220170,-0.776904,2.360097
-0.428846,-0.879010,2.224249
-0.237594,-0.812905,2.303726
-0.454514,0.627800,2.161849
-0.429250,0.470374,2.134782
-0.561263,0.428100,2.219200
-0.303515,0.360754,2.015864
-0.593862,0.171292,2.253682
-0.241161,0.264601,1.779493
-0.629204,-0.083321,1.779493
-0.314757,0.230631,2.189067
-0.643912,-0.159986,2.166043
-0.344940,0.213729,1.543037
-0.435590,0.180412,2.199242
-0.444895,0.120357,2.209335
-0.508458,0.053511,2.265057
-0.388950,0.038161,2.159697
-0.447601,-0.435933,2.233447
-0.342243,-0.439355,2.194188
-0.411754,-0.839951,2.272064
-0.216466,-0.781052,2.314032
-0.427598,-0.880087,2.224985
-0.233268,-0.817155,2.257377
-0.451162,0.625559,2.151255
-0.426510,0.466543,2.129552
-0.561231,0.425011,2.215055
-0.302412,0.356560,2.013698
-0.593041,0.167102,2.246228
-0.222696,0.232203,1.812276
-0.622689,-0.084439,1.812276
-0.266440,0.160070,2.167970
-0.632224,-0.160838,2.140479
-0.284980,0.127552,1.594736
-0.432335,0.176424,2.191086
-0.441477,0.116323,2.201172
-0.505011,0.048950,2.254826
-0.385568,0.034891,2.153014
-0.445670,-0.436262,2.231448
-0.331823,-0.433400,2.161106
-0.408018,-0.839991,2.270524
-0.213272,-0.784621,2.262387
-0.426346,-0.881166,2.225712
-0.229374,-0.821663,2.204452
-0.446768,0.623542,2.140150
-0.423486,0.462998,2.124234
-0.560489,0.420771,2.208723
-0.300843,0.353313,2.012027
-0.591297,0.161960,2.234360
-0.205375,0.201076,1.844040
-0.612679,-0.085475,1.844040
-0.219623,0.087535,2.140741
-0.616196,-0.161642,2.108591
-0.227470,0.040984,1.650606
-0.427838,0.172335,2.181745
-0.436401,0.112100,2.191467
-0.498934,0.043837,2.240966
-0.380672,0.031848,2.145758
-0.443586,-0.436771,2.229143
-0.321766,-0.427611,2.130318
-0.404394,-0.839944,2.268906
-0.209404,-0.787580,2.204754
-0.425073,-0.882152,2.226412
-0.224340,-0.825980,2.144330
-0.441147,0.621690,2.128250
-0.419992,0.459668,2.118607
-0.559249,0.415960,2.200893
-0.298199,0.350273,2.011053
-0.588079,0.155753,2.216670
-0.189556,0.171152,1.873587
-0.600610,-0.086526,1.873587
-0.177725,0.020053,2.110001
-0.596993,-0.162651,2.072800
-0.175514,-0.040611,1.708787
-0.422425,0.168223,2.171333
-0.430236,0.107827,2.180474
-0.491952,0.038516,2.225111
-0.374435,0.028825,2.137759
-0.441190,-0.437566,2.226280
-0.311875,-0.422420,2.101341
-0.400937,-0.839889,2.267289
-0.205126,-0.789951,2.144862
-0.423796,-0.883112,2.227109
-0.218555,-0.829682,2.081254
-0.434046,0.619893,2.115206
-0.416002,0.456456,2.112278
-0.556768,0.408978,2.188956
-0.294687,0.347338,2.010374
-0.583931,0.149087,2.195818
-0.175369,0.143027,1.900594
-0.585921,-0.087827,1.900594
-0.141045,-0.042215,2.075190
-0.574507,-0.163587,2.033385
-0.129781,-0.114423,1.766507
-0.415633,0.163721,2.158953
-0.422271,0.103033,2.166972
-0.482926,0.032246,2.205099
-0.366053,0.025507,2.128046
-0.438483,-0.438769,2.222626
-0.302111,-0.418091,2.073463
-0.397623,-0.839856,2.265681
-0.200040,-0.791718,2.082860
-0.422638,-0.884171,2.228009
-0.211197,-0.832364,2.015192
-0.425870,0.618087,2.101191
-0.411300,0.453226,2.105029
-0.553239,0.401248,2.174812
-0.289996,0.344356,2.009793
-0.576840,0.139015,2.166717
-0.162925,0.118247,1.924378
-0.568803,-0.090185,1.924378
-0.110032,-0.096064,2.037255
-0.550211,-0.165780,1.992397
-0.090563,-0.178540,1.822778
-0.407591,0.159006,2.144861
-0.412838,0.098027,2.151418
-0.472448,0.025653,2.182312
-0.356003,0.022141,2.116862
-0.435311,-0.440281,2.217765
-0.292032,-0.414070,2.045639
-0.394435,-0.839854,2.264062
-0.194277,-0.793165,2.022773
-0.421488,-0.885167,2.228795
-0.203061,-0.834670,1.951228
-0.416276,0.615974,2.085686
-0.405799,0.450010,2.096334
-0.548191,0.392280,2.156920
-0.284627,0.341775,2.008816
-0.568130,0.128117,2.133948
-0.152042,0.096548,1.945249
-0.549299,-0.093131,1.945249
-0.083719,-0.142202,1.996995
-0.524193,-0.168440,1.950315
-0.057358,-0.233689,1.874096
-0.397884,0.154000,2.128566
-0.401325,0.092669,2.133169
-0.459394,0.018464,2.155696
-0.343742,0.018752,2.103735
-0.431760,-0.441947,2.211420
-0.281911,-0.410370,2.017846
-0.391338,-0.839825,2.262372
-0.187998,-0.794062,1.964131
-0.420348,-0.886279,2.230276
-0.194233,-0.836247,1.888937
-0.405603,0.613735,2.069027
-0.399417,0.446580,2.085774
-0.541568,0.382769,2.135893
-0.278411,0.339486,2.007223
-0.558429,0.118786,2.099592
-0.142395,0.077393,1.963665
-0.529723,-0.096233,1.963665
-0.060943,-0.182515,1.957843
-0.498423,-0.171108,1.909432
-0.029413,-0.281382,1.919741
-0.387037,0.148998,2.110389
-0.388565,0.087424,2.112873
-0.445352,0.011618,2.127079
-0.329949,0.015575,2.088888
-0.427553,-0.443743,2.202851
-0.272039,-0.406732,1.989643
-0.388344,-0.839754,2.260606
-0.181916,-0.794915,1.909616
-0.419265,-0.887313,2.231638
-0.185400,-0.837638,1.831041
-0.393695,0.611532,2.050800
-0.392156,0.443045,2.073139
-0.533139,0.372705,2.111163
-0.270071,0.336957,2.004596
-0.545998,0.107087,2.059224
-0.133739,0.060371,1.979920
-0.506950,-0.101470,1.979920
-0.041068,-0.217557,1.915435
-0.472350,-0.174623,1.869081
-0.005447,-0.322498,1.959376
-0.374897,0.144110,2.089867
-0.374290,0.082410,2.089847
-0.429794,0.005038,2.095167
-0.314227,0.012502,2.071633
-0.422808,-0.446130,2.192239
-0.260035,-0.402502,1.956537
-0.385466,-0.839680,2.258802
-0.176450,-0.796305,1.860180
-0.418312,-0.888315,2.232698
-0.177571,-0.839834,1.779417
-0.377260,0.608582,2.025746
-0.381216,0.438958,2.053274
-0.519395,0.360744,2.075741
-0.258259,0.334501,1.998064
-0.530310,0.095286,2.011911
-0.125632,0.045033,1.993950
-0.481738,-0.108341,1.993950
-0.023182,-0.247744,1.870464
-0.444251,-0.179565,1.826210
0.015612,-0.357601,1.993564
-0.358586,0.138680,2.060836
-0.355493,0.076973,2.057393
-0.409684,-0.001733,2.052264
-0.293959,0.009248,2.046382
-0.415656,-0.449410,2.172090
-0.244889,-0.398199,1.915074
-0.382640,-0.839483,2.256718
-0.170859,-0.798069,1.812909
-0.417455,-0.889043,2.233279
-0.169684,-0.842313,1.730875
-0.359789,0.605750,1.999903
-0.369404,0.435057,2.031617
-0.504211,0.348961,2.038075
-0.245178,0.332336,1.990101
-0.514152,0.084386,1.965285
-0.118053,0.031263,2.006259
-0.458838,-0.114315,2.006259
-0.007191,-0.273746,1.829609
-0.418994,-0.184211,1.787663
0.035162,-0.389306,2.022819
-0.341862,0.133624,2.030553
-0.336249,0.072043,2.023291
-0.389480,-0.007855,2.008194
-0.273003,0.006383,2.019098
-0.406743,-0.450690,2.141216
-0.229660,-0.394320,1.874672
-0.379606,-0.837761,2.251093
-0.166032,-0.799825,1.770992
-0.412100,-0.886117,2.223708
-0.162812,-0.844638,1.688277
