0.007906,0.883375,2.528058
-0.030984,0.736714,2.659173
-0.202520,0.644388,2.653201
0.163635,0.657559,2.715909
-0.277560,0.368867,2.695162
0.213128,0.412769,2.864012
-0.279404,0.117734,2.864012
0.204374,0.171655,2.643177
-0.274877,0.031956,2.619219
0.213978,0.105854,2.673563
-0.021289,0.392433,2.679734
-0.019486,0.323538,2.687101
-0.099560,0.241836,2.685215
0.065337,0.239420,2.694057
-0.097122,-0.257468,2.601849
0.069677,-0.251974,2.677106
-0.094216,-0.610779,2.453639
0.015018,-0.600628,2.898231
-0.084725,-0.678186,2.382665
0.036117,-0.665323,2.864983
0.010079,0.880564,2.494436
-0.028311,0.734212,2.625492
-0.199094,0.641443,2.618744
0.166221,0.657467,2.682972
-0.273070,0.366181,2.659183
0.216114,0.415272,2.833655
-0.274788,0.115692,2.833655
0.206787,0.175164,2.602863
-0.269664,0.029896,2.576598
0.216747,0.110124,2.638309
-0.017450,0.390519,2.646508
-0.015468,0.321743,2.653940
-0.095261,0.239776,2.651925
0.069471,0.238020,2.661115
-0.093788,-0.259407,2.575515
0.077202,-0.253865,2.634756
-0.090400,-0.613643,2.457820
0.033533,-0.608221,2.819860
-0.084319,-0.682082,2.395517
0.056895,-0.674970,2.781997
0.012076,0.878041,2.464111
-0.025902,0.731955,2.594934
-0.195961,0.638832,2.587731
0.168593,0.657373,2.653183
-0.268985,0.363733,2.626914
0.218804,0.417172,2.805089
-0.270568,0.113898,2.805089
0.209121,0.177162,2.566796
-0.264923,0.028117,2.538492
0.219337,0.112646,2.606953
-0.013991,0.388799,2.616390
-0.011846,0.320129,2.623888
-0.091379,0.237918,2.621771
0.073189,0.236745,2.631274
-0.091198,-0.261212,2.554554
0.083946,-0.255570,2.596981
-0.087444,-0.616224,2.469213
0.050499,-0.614608,2.744937
-0.084764,-0.685585,2.414644
0.075816,-0.683053,2.701967
0.013910,0.875697,2.436654
-0.023750,0.729976,2.567375
-0.193084,0.636452,2.559684
0.170758,0.657309,2.626145
-0.265252,0.361531,2.597705
0.221320,0.419254,2.779418
-0.266765,0.112238,2.779418
0.211484,0.179556,2.534521
-0.260565,0.026603,2.504258
0.222008,0.116047,2.578021
-0.010826,0.387236,2.589095
-0.008527,0.318653,2.596630
-0.087826,0.236207,2.594445
0.076600,0.235608,2.604103
-0.089236,-0.262820,2.537902
0.090064,-0.257251,2.562762
-0.085296,-0.618368,2.485299
0.065219,-0.621152,2.678692
-0.085833,-0.688779,2.437697
0.091822,-0.691305,2.631528
0.015587,0.873549,2.411819
-0.021699,0.728213,2.542457
-0.190477,0.634358,2.534302
0.172787,0.657209,2.601647
-0.261843,0.359542,2.571265
0.223840,0.420820,2.755883
-0.263303,0.110718,2.755883
0.213702,0.181525,2.505445
-0.256643,0.025219,2.473584
0.224362,0.118511,2.551871
-0.007930,0.385816,2.564352
-0.005499,0.317306,2.571911
-0.084595,0.234658,2.569626
0.079698,0.234559,2.579504
-0.087718,-0.264274,2.525037
0.095594,-0.258836,2.531825
-0.083842,-0.619986,2.504323
0.077739,-0.626787,2.622204
-0.087297,-0.691632,2.462728
0.105229,-0.698466,2.571873
0.017264,0.871560,2.389207
-0.019562,0.726558,2.519695
-0.187998,0.632491,2.511230
0.174917,0.657139,2.579202
-0.258653,0.357724,2.547256
0.227056,0.423277,2.732744
-0.260091,0.109289,2.732744
0.216327,0.184248,2.479106
-0.253105,0.023873,2.445888
0.226691,0.121039,2.528172
-0.005151,0.384609,2.541576
-0.002616,0.316189,2.549117
-0.081554,0.233321,2.546795
0.082656,0.233743,2.556665
-0.085765,-0.265821,2.511759
0.100607,-0.260272,2.503629
-0.082746,-0.621323,2.523762
0.088512,-0.631575,2.573395
-0.089011,-0.694078,2.488383
0.116668,-0.704638,2.520747
0.018735,0.869830,2.368888
-0.017588,0.725139,2.499116
-0.185715,0.630956,2.490523
0.176924,0.657158,2.558852
-0.255696,0.356144,2.525665
0.230181,0.425590,2.711791
-0.257045,0.108065,2.711791
0.218748,0.186754,2.455307
-0.249880,0.022634,2.420841
0.228731,0.123161,2.506746
-0.002624,0.383525,2.521003
0.000003,0.315182,2.528533
-0.078800,0.232106,2.526163
0.085348,0.233014,2.536054
-0.083899,-0.267255,2.500662
0.105137,-0.261649,2.478156
-0.081965,-0.622552,2.542694
0.097933,-0.635768,2.530765
-0.090858,-0.696174,2.513600
0.126658,-0.709981,2.476526
0.020113,0.868354,2.350641
-0.015708,0.724045,2.480588
-0.183487,0.629776,2.472011
0.178872,0.657267,2.540306
-0.252782,0.354969,2.506334
0.233728,0.427937,2.691955
-0.254138,0.107229,2.691955
0.221656,0.189291,2.434211
-0.246757,0.022154,2.398619
0.230984,0.125615,2.486870
-0.000297,0.382603,2.502348
0.002407,0.314309,2.509856
-0.076274,0.231050,2.507434
0.087810,0.232377,2.517347
-0.082203,-0.268579,2.491138
0.109193,-0.263002,2.455361
-0.081261,-0.623662,2.560346
0.106290,-0.639485,2.493261
-0.092295,-0.697897,2.536483
0.135588,-0.714669,2.437603
0.021396,0.867177,2.334562
-0.013701,0.723357,2.463902
-0.181266,0.628891,2.455638
0.180821,0.657485,2.523462
-0.249928,0.354131,2.489306
0.237972,0.430259,2.673066
-0.251280,0.106741,2.673066
0.224235,0.191484,2.415833
-0.243801,0.022178,2.379303
0.232886,0.127723,2.468938
0.001913,0.381881,2.485425
0.004663,0.313605,2.492894
-0.073926,0.230178,2.490451
0.090103,0.231859,2.500324
-0.080693,-0.269719,2.481845
0.112748,-0.264390,2.435305
-0.080852,-0.624904,2.575789
0.113846,-0.642843,2.459597
-0.093813,-0.699751,2.557485
0.143695,-0.718858,2.402779
0.022660,0.866314,2.320617
-0.011657,0.723030,2.449060
-0.179002,0.628462,2.441335
0.182875,0.657809,2.508071
-0.247010,0.353634,2.474447
0.242244,0.432662,2.655513
-0.248503,0.106611,2.655513
0.227057,0.193723,2.400343
-0.240990,0.022684,2.363006
0.234895,0.129765,2.452767
0.004030,0.381393,2.470159
0.006804,0.313108,2.477553
-0.071710,0.229528,2.475107
0.092248,0.231479,2.484874
-0.079440,-0.270685,2.473439
0.115784,-0.265784,2.418065
-0.080776,-0.625985,2.589540
0.120596,-0.645843,2.429256
-0.095073,-0.701438,2.576484
0.150786,-0.722644,2.371513
0.023991,0.865744,2.308712
-0.009471,0.723054,2.435913
-0.176575,0.628390,2.428942
0.184978,0.658179,2.494017
-0.244010,0.353422,2.461777
0.246745,0.435083,2.638851
-0.245466,0.106649,2.638851
0.230193,0.195903,2.387315
-0.238296,0.023458,2.349689
0.237000,0.131662,2.438307
0.006082,0.381080,2.456422
0.008847,0.312753,2.463700
-0.069603,0.229061,2.461307
0.094255,0.231190,2.470840
-0.078342,-0.271450,2.465324
0.118318,-0.267151,2.403580
-0.080894,-0.626826,2.601766
0.126419,-0.648430,2.402637
-0.096302,-0.702797,2.593111
0.156641,-0.726002,2.344211
0.025366,0.865453,2.298393
-0.007080,0.723360,2.424214
-0.174021,0.628708,2.418440
0.187136,0.658613,2.481293
-0.240900,0.353507,2.451196
0.251466,0.437393,2.623186
-0.242370,0.107080,2.623186
0.233386,0.197984,2.377239
-0.235512,0.024941,2.339901
0.239024,0.133413,2.425297
0.008124,0.380962,2.444104
0.010843,0.312571,2.451243
-0.067560,0.228786,2.448962
0.096167,0.231021,2.458140
-0.077411,-0.272082,2.457966
0.120426,-0.268458,2.391732
-0.081164,-0.627472,2.612190
0.131239,-0.650581,2.380150
-0.097203,-0.703901,2.607026
0.161169,-0.728890,2.321213
0.026844,0.865402,2.289658
-0.004521,0.723901,2.413929
-0.171328,0.629336,2.409695
0.189355,0.659064,2.469682
-0.237688,0.353899,2.442550
0.256425,0.439679,2.608497
-0.239312,0.107828,2.608497
0.236562,0.199953,2.369875
-0.232801,0.026777,2.333126
0.241428,0.135003,2.413745
0.010138,0.380995,2.433109
0.012781,0.312523,2.440087
-0.065587,0.228688,2.438003
0.097971,0.230933,2.446652
-0.076625,-0.272604,2.451253
0.122151,-0.269715,2.382332
-0.081237,-0.628133,2.620564
0.135011,-0.652273,2.361966
-0.098266,-0.704995,2.618481
0.164310,-0.731288,2.302814
0.028534,0.865379,2.281947
-0.001809,0.724613,2.404792
-0.168531,0.630155,2.402406
0.191694,0.659571,2.459125
-0.234377,0.354489,2.435716
0.261482,0.441831,2.594729
-0.236280,0.108754,2.594729
0.240059,0.201794,2.364960
-0.230092,0.028868,2.329033
0.243856,0.136407,2.403519
0.012161,0.381163,2.423311
0.014701,0.312602,2.430125
-0.063640,0.228742,2.428310
0.099708,0.230925,2.436298
-0.075999,-0.272975,2.445162
0.123551,-0.270909,2.375182
-0.081373,-0.628687,2.627965
0.137695,-0.653545,2.348214
-0.099371,-0.705935,2.628654
0.166115,-0.733175,2.289021
0.030251,0.865546,2.275549
0.000926,0.725468,2.396823
-0.165689,0.631185,2.396506
0.194044,0.660108,2.449541
-0.230948,0.355245,2.430513
0.266426,0.443931,2.582009
-0.233128,0.109804,2.582009
0.243796,0.203618,2.361839
-0.227328,0.031126,2.327038
0.246123,0.137731,2.394269
0.014147,0.381459,2.414634
0.016572,0.312801,2.421273
-0.061745,0.228949,2.419809
0.101365,0.230992,2.426974
-0.075497,-0.273274,2.439705
0.124678,-0.272060,2.370163
-0.081741,-0.629099,2.634366
0.139353,-0.654389,2.338733
-0.101056,-0.706592,2.636840
0.166674,-0.734577,2.279759
0.031933,0.865805,2.270109
0.003755,0.726519,2.389931
-0.162830,0.632379,2.391789
0.196361,0.660638,2.440845
-0.227448,0.356126,2.426736
0.271224,0.445926,2.570301
-0.230049,0.110942,2.570301
0.247643,0.205370,2.360399
-0.224593,0.033447,2.326749
0.248391,0.138966,2.386064
0.016109,0.381874,2.406991
0.018400,0.313107,2.413445
-0.059896,0.229294,2.412410
0.102939,0.231127,2.418594
-0.075099,-0.273554,2.434840
0.125576,-0.273160,2.367155
-0.083099,-0.629735,2.638399
0.140046,-0.654883,2.333231
-0.103917,-0.707451,2.640536
0.166139,-0.735550,2.274691
0.033592,0.866143,2.265526
0.006585,0.727671,2.383944
-0.159992,0.633746,2.388128
0.198568,0.661136,2.432929
-0.223941,0.357158,2.424172
0.275906,0.447892,2.559518
-0.227061,0.112204,2.559518
0.251521,0.207140,2.360283
-0.221934,0.035857,2.328017
0.251152,0.140336,2.379197
0.018007,0.382371,2.400253
0.020153,0.313490,2.406524
-0.058115,0.229766,2.406027
0.104405,0.231303,2.411042
-0.074826,-0.273770,2.430581
0.126249,-0.274161,2.365917
-0.084855,-0.630260,2.640800
0.139875,-0.655034,2.331324
-0.107559,-0.708236,2.640938
0.164667,-0.736115,2.273355
0.035188,0.866548,2.261775
0.009417,0.728970,2.378901
-0.157196,0.635230,2.385280
0.200701,0.661631,2.425772
-0.220488,0.358318,2.422522
0.280388,0.449835,2.549649
-0.224240,0.113572,2.549649
0.254948,0.208924,2.361104
-0.219413,0.038245,2.330533
0.253673,0.141746,2.373053
0.019840,0.382956,2.394369
0.021829,0.313948,2.400437
-0.056421,0.230339,2.400514
0.105775,0.231527,2.404257
-0.074674,-0.273921,2.426903
0.126726,-0.275046,2.366266
-0.087173,-0.630891,2.640953
0.138935,-0.654931,2.332561
-0.112090,-0.708977,2.635504
0.162437,-0.736320,2.275176
0.036694,0.867055,2.258681
0.012233,0.730340,2.374551
-0.154486,0.636788,2.383131
0.202764,0.662129,2.419328
-0.217203,0.359521,2.421317
0.284605,0.451683,2.540661
-0.221607,0.114982,2.540661
0.258199,0.210657,2.362744
-0.217064,0.040617,2.334068
0.256156,0.143140,2.367800
0.021588,0.383590,2.389194
0.023410,0.314453,2.395066
-0.054839,0.230971,2.395700
0.107048,0.231793,2.398191
-0.074637,-0.274024,2.423789
0.127010,-0.275817,2.367979
-0.090046,-0.631651,2.637532
0.137436,-0.654585,2.336263
-0.117145,-0.709883,2.624775
0.159638,-0.736221,2.279549
0.038111,0.867578,2.256160
0.014896,0.731720,2.370841
-0.151927,0.638330,2.381529
0.204742,0.662631,2.413555
-0.214177,0.360693,2.420575
0.288433,0.453381,2.532502
-0.219258,0.116332,2.532502
0.260601,0.212374,2.364847
-0.214958,0.043080,2.338193
0.258468,0.144692,2.363047
0.023226,0.384263,2.384683
0.024888,0.315001,2.390368
-0.053375,0.231651,2.391565
0.108227,0.232102,2.392787
-0.074704,-0.274078,2.421213
0.127133,-0.276481,2.370855
-0.093094,-0.632417,2.632510
0.135452,-0.654117,2.342093
-0.122081,-0.710777,2.612391
0.156434,-0.735870,2.285950
0.039442,0.868140,2.254186
0.017429,0.733137,2.367745
-0.149611,0.639812,2.380274
0.206591,0.663135,2.408372
-0.211441,0.361854,2.420125
0.291848,0.454946,2.525139
-0.217169,0.117666,2.525139
0.262788,0.214019,2.367420
-0.213078,0.045480,2.342850
0.260542,0.146085,2.358671
0.024761,0.384977,2.380783
0.026266,0.315587,2.386282
-0.052027,0.232359,2.388009
0.109321,0.232458,2.387997
-0.074864,-0.274089,2.419143
0.127126,-0.277010,2.374662
-0.096213,-0.633170,2.626369
0.133146,-0.653506,2.349438
-0.126823,-0.711639,2.599147
0.152977,-0.735328,2.293811
0.040696,0.868740,2.252658
0.019785,0.734547,2.365128
-0.147497,0.641257,2.379216
0.208326,0.663647,2.403752
-0.208984,0.363018,2.419957
0.294835,0.456357,2.518532
-0.215356,0.118995,2.518532
0.264815,0.215633,2.370267
-0.211447,0.047756,2.347848
0.262669,0.147664,2.355091
0.026148,0.385696,2.377353
0.027500,0.316180,2.382660
-0.050835,0.233072,2.384850
0.110291,0.232839,2.383715
-0.075100,-0.274087,2.417558
0.127027,-0.277425,2.379277
-0.099312,-0.633930,2.619552
0.130615,-0.652788,2.357901
-0.131301,-0.712454,2.585597
0.149389,-0.734639,2.302690
0.041870,0.869379,2.251545
0.021910,0.735911,2.362904
-0.145605,0.642647,2.378408
0.209914,0.664141,2.399636
-0.206836,0.364128,2.419962
0.297473,0.457629,2.512583
-0.213862,0.120248,2.512583
0.266566,0.217448,2.373150
-0.210161,0.050121,2.352698
0.264071,0.149426,2.351147
0.027384,0.386406,2.374360
0.028594,0.316767,2.379478
-0.049793,0.233776,2.382071
0.111148,0.233237,2.379921
-0.075411,-0.274066,2.416424
0.126807,-0.277811,2.384623
-0.102333,-0.634661,2.612285
0.127967,-0.652000,2.367053
-0.135466,-0.713230,2.572139
0.145776,-0.733846,2.312256
0.042934,0.870016,2.250765
0.023756,0.737236,2.361045
-0.143954,0.643973,2.377829
0.211297,0.664607,2.395961
-0.204967,0.365237,2.420141
0.299794,0.458769,2.507198
-0.212658,0.121482,2.507198
0.268024,0.219534,2.375916
-0.209157,0.052267,2.357108
0.264670,0.152335,2.346692
0.028448,0.387082,2.371739
0.029531,0.317318,2.376651
-0.048905,0.234430,2.379575
0.111876,0.233634,2.376542
-0.075794,-0.274023,2.415699
0.126494,-0.278140,2.390467
-0.105228,-0.635316,2.604686
0.125262,-0.651203,2.376662
-0.139295,-0.713955,2.558957
0.142213,-0.732994,2.322165
0.043885,0.870683,2.250317
0.025324,0.738492,2.359473
-0.142524,0.645248,2.377440
0.212497,0.665038,2.392704
-0.203408,0.366297,2.420476
0.301846,0.459878,2.502399
-0.211683,0.122624,2.502399
0.268424,0.224177,2.378448
-0.208395,0.054160,2.360938
0.264796,0.155885,2.341930
0.029344,0.387715,2.369452
0.030322,0.317828,2.374154
-0.048148,0.235049,2.377378
0.112471,0.234020,2.373536
-0.076231,-0.273951,2.415345
0.126106,-0.278399,2.396586
-0.107979,-0.635894,2.597006
0.122580,-0.650368,2.386389
-0.142810,-0.714590,2.546333
0.138760,-0.732106,2.332129
0.044697,0.871346,2.250148
0.026702,0.739731,2.358260
-0.141323,0.646463,2.377218
0.213505,0.665446,2.389835
-0.202123,0.367336,2.420969
0.303254,0.461980,2.499457
-0.210909,0.123707,2.499457
0.268105,0.231492,2.380702
-0.207735,0.055835,2.364214
0.264362,0.160995,2.336541
0.030091,0.388328,2.367512
0.030974,0.318313,2.371973
-0.047516,0.235643,2.375459
0.112921,0.234403,2.370866
-0.076728,-0.273856,2.415336
0.125671,-0.278585,2.402810
-0.110559,-0.636429,2.589425
0.119957,-0.649533,2.396002
-0.145993,-0.715163,2.534345
0.135459,-0.731205,2.341950
0.045349,0.872012,2.250248
0.027817,0.740961,2.357387
-0.140349,0.647612,2.377166
0.214328,0.665837,2.387388
-0.201123,0.368301,2.421587
0.304109,0.463514,2.496614
-0.210301,0.124683,2.496614
0.266039,0.244402,2.382611
-0.207236,0.057361,2.367100
0.262730,0.169366,2.329132
0.030684,0.388917,2.365908
0.031495,0.318771,2.370098
-0.047000,0.236208,2.373805
0.113248,0.234784,2.368528
-0.077285,-0.273764,2.415669
0.125189,-0.278732,2.409004
-0.112975,-0.636918,2.582024
0.117368,-0.648796,2.405567
-0.148857,-0.715673,2.523062
0.132339,-0.730310,2.351492
0.045871,0.872682,2.250615
0.028698,0.742169,2.356834
-0.139593,0.648698,2.377249
0.214906,0.666152,2.385356
-0.200407,0.369214,2.422290
0.304856,0.467635,2.496916
-0.209884,0.125592,2.496916
0.261727,0.267585,2.384351
-0.206887,0.058788,2.369705
0.259569,0.183758,2.319577
0.031125,0.389463,2.364621
0.031887,0.319182,2.368500
-0.046593,0.236727,2.372387
0.113453,0.235143,2.366493
-0.077904,-0.273636,2.416316
0.124645,-0.278867,2.415014
-0.115225,-0.637375,2.574881
0.114895,-0.648092,2.414786
-0.151413,-0.716136,2.512553
0.129415,-0.729437,2.360634
0.046234,0.873333,2.251216
0.029379,0.743355,2.356607
-0.139030,0.649686,2.377407
0.215222,0.666297,2.383636
-0.199952,0.370047,2.423055
0.302534,0.466909,2.491753
-0.209649,0.126420,2.491753
0.254923,0.303753,2.385914
-0.206730,0.060108,2.372049
0.254620,0.206234,2.305200
0.031415,0.389908,2.363631
0.032150,0.319482,2.367141
-0.046288,0.237138,2.371138
0.113537,0.235425,2.364720
-0.078624,-0.273569,2.417333
0.124003,-0.279102,2.420712
-0.117292,-0.637791,2.568071
0.112563,-0.647443,2.423513
-0.153699,-0.716567,2.502852
0.126675,-0.728608,2.369257
0.046409,0.873972,2.252057
0.029850,0.744500,2.356679
-0.138640,0.650588,2.377632
0.215158,0.666139,2.382054
-0.199765,0.370838,2.423833
0.300594,0.466210,2.487981
-0.209673,0.127213,2.487981
0.247395,0.345075,2.387306
-0.206785,0.061397,2.374118
0.248846,0.233265,2.291402
0.031542,0.390252,2.362943
0.032271,0.319683,2.366030
-0.046088,0.237476,2.370073
0.113469,0.235642,2.363226
-0.079438,-0.273521,2.418652
0.123303,-0.279314,2.426069
-0.119195,-0.638162,2.561640
0.110360,-0.646835,2.431778
-0.155739,-0.716958,2.493918
0.124135,-0.727808,2.377371
0.046369,0.874597,2.253177
0.030021,0.745612,2.357089
-0.138439,0.651403,2.377934
0.214661,0.666326,2.380858
-0.199844,0.371577,2.424554
0.299506,0.466424,2.484701
-0.209932,0.127956,2.484701
0.240141,0.385504,2.388526
-0.207075,0.062610,2.375922
0.242855,0.261630,2.278138
0.031530,0.390537,2.362554
0.032284,0.319832,2.365150
-0.045965,0.237767,2.369182
0.113297,0.235834,2.361989
-0.080366,-0.273457,2.420215
0.122567,-0.279500,2.431107
-0.120939,-0.638438,2.555580
0.108304,-0.646271,2.439528
-0.157566,-0.717291,2.485751
0.121799,-0.727047,2.384958
0.046159,0.875220,2.254545
0.029918,0.746680,2.357789
-0.138391,0.652155,2.378306
0.213687,0.665131,2.378830
-0.200153,0.372295,2.425160
0.298650,0.466079,2.481632
-0.210509,0.128693,2.481632
0.233100,0.424928,2.389507
-0.207618,0.063747,2.377414
0.231293,0.339043,2.264025
0.031368,0.390726,2.362419
0.032153,0.319892,2.364463
-0.045959,0.237991,2.368428
0.112994,0.235955,2.360959
-0.081369,-0.273374,2.421949
0.121818,-0.279665,2.435833
-0.122524,-0.638605,2.549873
0.106373,-0.645775,2.446828
-0.159201,-0.717575,2.478299
0.119655,-0.726331,2.392015
0.045811,0.875803,2.256115
0.029580,0.747686,2.358758
-0.138481,0.652845,2.378726
0.212516,0.663743,2.376927
-0.200725,0.372995,2.425569
0.298161,0.465774,2.478656
-0.211373,0.129410,2.478656
0.226901,0.460546,2.390228
-0.208426,0.064841,2.378582
0.221311,0.406587,2.252394
0.031062,0.390840,2.362546
0.031904,0.319891,2.363960
-0.046049,0.238169,2.367796
0.112581,0.236035,2.360138
-0.082435,-0.273267,2.423788
0.121046,-0.279793,2.440219
-0.123964,-0.638734,2.544551
0.104566,-0.645320,2.453632
-0.160663,-0.717830,2.471532
0.117693,-0.725658,2.398564
0.045364,0.876349,2.257826
0.029084,0.748622,2.359926
-0.138697,0.653480,2.379195
0.211152,0.662119,2.375255
-0.201516,0.373658,2.425873
0.298065,0.465622,2.475892
-0.212534,0.130121,2.475892
0.220535,0.499189,2.390599
-0.209500,0.065875,2.379307
0.212286,0.472243,2.242749
0.030628,0.390888,2.362919
0.031548,0.319838,2.363618
-0.046234,0.238305,2.367269
0.112064,0.236076,2.359507
-0.083543,-0.273116,2.425677
0.120285,-0.279897,2.444306
-0.125275,-0.638821,2.539597
0.102903,-0.644891,2.459870
-0.161970,-0.718051,2.465389
0.115906,-0.725032,2.404619
0.044835,0.876858,2.259650
0.028459,0.749488,2.361264
-0.139025,0.654066,2.379699
0.209733,0.660291,2.373916
-0.202504,0.374297,2.426069
0.298148,0.465365,2.473145
-0.213930,0.130840,2.473145
0.214883,0.533668,2.390611
-0.210941,0.066900,2.379427
0.204181,0.530516,2.234856
0.030072,0.390883,2.363522
0.031097,0.319748,2.363419
-0.046521,0.238411,2.366840
0.111460,0.236085,2.359046
-0.084669,-0.272965,2.427592
0.119539,-0.279969,2.448085
-0.126466,-0.638888,2.534980
0.101346,-0.644509,2.465652
-0.163135,-0.718246,2.459805
0.114283,-0.724448,2.410194
0.044241,0.877329,2.261589
0.027717,0.750278,2.362762
-0.139458,0.654611,2.380239
0.208063,0.659122,2.373069
-0.203692,0.374981,2.426153
0.298117,0.465233,2.470345
-0.215530,0.131660,2.470345
0.209902,0.564302,2.390212
-0.212614,0.067884,2.378991
0.196878,0.581934,2.228387
0.029406,0.390827,2.364344
0.030572,0.319627,2.363348
-0.046865,0.238497,2.366492
0.110773,0.236082,2.358740
-0.085804,-0.272822,2.429514
0.118804,-0.280012,2.451580
-0.127543,-0.638951,2.530722
0.099906,-0.644170,2.470917
-0.164177,-0.718421,2.454737
0.112812,-0.723908,2.415319
0.043618,0.877770,2.263618
0.026908,0.750974,2.364352
-0.139979,0.655118,2.380807
0.206307,0.657988,2.372411
-0.205000,0.375647,2.426165
0.298183,0.464963,2.466898
-0.217443,0.132566,2.466898
0.205465,0.591751,2.389297
-0.214625,0.068851,2.377674
0.191024,0.621996,2.222601
0.028658,0.390731,2.365353
0.029983,0.319486,2.363388
-0.047263,0.238569,2.366221
0.110011,0.236077,2.358575
-0.086935,-0.272677,2.431401
0.118088,-0.280031,2.454789
-0.128518,-0.638991,2.526780
0.098576,-0.643859,2.475706
-0.165107,-0.718576,2.450137
0.111481,-0.723411,2.420010
0.042958,0.878198,2.265769
0.026055,0.751588,2.366047
-0.140569,0.655587,2.381396
0.204481,0.656916,2.371960
-0.206459,0.376369,2.426054
0.298311,0.464698,2.463385
-0.219475,0.133600,2.463385
0.201661,0.616092,2.387985
-0.216810,0.069798,2.375527
0.185855,0.657688,2.217513
0.027840,0.390598,2.366536
0.029344,0.319328,2.363523
-0.047706,0.238632,2.366015
0.109191,0.236071,2.358527
-0.088052,-0.272537,2.433247
0.117360,-0.280024,2.457729
-0.129398,-0.639012,2.523145
0.097355,-0.643577,2.480074
-0.165929,-0.718706,2.445950
0.110276,-0.722954,2.424297
0.042296,0.878615,2.267974
0.025164,0.752139,2.367799
-0.141220,0.656028,2.381999
0.202697,0.655741,2.371689
-0.208010,0.377097,2.425865
0.298846,0.464484,2.459448
-0.221561,0.134674,2.459448
0.198318,0.637807,2.386443
-0.219072,0.070737,2.372983
0.181253,0.689598,2.213003
0.026954,0.390439,2.367860
0.028652,0.319163,2.363732
-0.048212,0.238688,2.365865
0.108317,0.236060,2.358577
-0.089149,-0.272383,2.435022
0.116653,-0.280002,2.460417
-0.130197,-0.639011,2.519788
0.096236,-0.643319,2.484041
-0.166664,-0.718820,2.442150
0.109183,-0.722541,2.428242
0.041627,0.879024,2.270227
0.024255,0.752629,2.369603
-0.141914,0.656435,2.382607
0.200928,0.654537,2.371567
-0.209616,0.377807,2.425621
0.301320,0.469174,2.446938
-0.223669,0.135757,2.446938
0.194525,0.660697,2.384730
-0.221340,0.071626,2.370196
0.176637,0.720284,2.209205
0.026018,0.390251,2.369316
0.027921,0.318985,2.364008
-0.048762,0.238731,2.365767
0.107401,0.236039,2.358711
-0.090236,-0.272218,2.436736
0.115970,-0.279965,2.462867
-0.130916,-0.638994,2.516707
0.095214,-0.643085,2.487648
-0.167320,-0.718916,2.438700
0.108195,-0.722164,2.431836
0.040987,0.879421,2.272496
0.023333,0.753062,2.371428
-0.142636,0.656810,2.383213
0.199145,0.653427,2.371575
-0.211308,0.378166,2.425257
0.303856,0.474229,2.433927
-0.225775,0.136403,2.433927
0.190736,0.680511,2.382757
-0.223583,0.072451,2.367212
0.172821,0.746663,2.205650
0.025043,0.390038,2.370882
0.027160,0.318797,2.364343
-0.049342,0.238765,2.365717
0.106444,0.236018,2.358916
-0.091302,-0.272055,2.438391
0.115311,-0.279922,2.465106
-0.131565,-0.638968,2.513878
0.094280,-0.642875,2.490925
-0.167906,-0.718998,2.435572
0.107299,-0.721820,2.435116
0.040354,0.879826,2.274856
0.022453,0.753436,2.373234
-0.143365,0.657166,2.383789
0.197315,0.652467,2.371659
-0.212979,0.378385,2.424867
0.306133,0.479928,2.420030
-0.227569,0.136881,2.420030
0.187437,0.699203,2.381089
-0.225476,0.073078,2.364838
0.169252,0.771052,2.202559
0.024004,0.389783,2.372597
0.026363,0.318600,2.364677
-0.049952,0.238799,2.365685
0.105407,0.236006,2.359119
-0.092357,-0.271895,2.439973
0.114651,-0.279853,2.467122
-0.132146,-0.638932,2.511284
0.093407,-0.642688,2.493925
-0.168428,-0.719066,2.432737
0.106487,-0.721510,2.438087
0.039736,0.880219,2.277188
0.021582,0.753758,2.375010
-0.144113,0.657496,2.384353
0.195602,0.651241,2.371719
-0.214639,0.378514,2.424464
0.308984,0.486667,2.405043
-0.229256,0.137261,2.405043
0.184464,0.715874,2.379528
-0.227222,0.073586,2.362700
0.166034,0.793007,2.199775
0.022939,0.389501,2.374357
0.025529,0.318390,2.365033
-0.050626,0.238818,2.365684
0.104335,0.235969,2.359337
-0.093380,-0.271738,2.441489
0.114003,-0.279776,2.468951
-0.132667,-0.638889,2.508912
0.092612,-0.642517,2.496642
-0.168881,-0.719121,2.430165
0.105752,-0.721226,2.440800
0.039134,0.880613,2.279448
0.020777,0.754046,2.376717
-0.144873,0.657802,2.384902
0.193936,0.650136,2.371795
-0.216274,0.378573,2.424047
0.311729,0.493301,2.390247
-0.230830,0.137560,2.390247
0.181793,0.730799,2.378169
-0.228832,0.074023,2.360878
0.163126,0.812822,2.197262
0.021872,0.389209,2.376138
0.024677,0.318180,2.365398
-0.051336,0.238834,2.365707
0.103233,0.235932,2.359564
-0.094379,-0.271583,2.442934
0.113366,-0.279690,2.470606
-0.133136,-0.638841,2.506742
0.091889,-0.642360,2.499101
-0.169272,-0.719161,2.427838
0.105085,-0.720968,2.443263
0.038551,0.880996,2.281642
0.020030,0.754281,2.378320
-0.145629,0.658079,2.385424
0.192301,0.649101,2.371871
-0.217887,0.378568,2.423625
0.314414,0.499749,2.375939
-0.232296,0.137796,2.375939
0.179393,0.744174,2.377020
-0.230311,0.074458,2.359368
0.160486,0.830744,2.195039
0.020812,0.388902,2.377907
0.023812,0.317962,2.365765
-0.052073,0.238843,2.365750
0.102109,0.235890,2.359796
-0.095339,-0.271433,2.444307
0.112747,-0.279605,2.472101
-0.133554,-0.638781,2.504763
0.091229,-0.642216,2.501330
-0.169591,-0.719172,2.425748
0.104483,-0.720734,2.445498
0.037988,0.881365,2.283765
0.019315,0.754474,2.379840
-0.146377,0.658328,2.385917
0.190692,0.648128,2.371954
-0.219470,0.378501,2.423210
0.316968,0.505965,2.362196
-0.233702,0.137965,2.362196
0.177208,0.756164,2.375995
-0.231689,0.074860,2.358040
0.158087,0.846903,2.193132
0.019763,0.388577,2.379654
0.022938,0.317734,2.366130
-0.052826,0.238844,2.365810
0.100971,0.235838,2.360029
-0.096265,-0.271285,2.445602
0.112143,-0.279515,2.473450
-0.133929,-0.638718,2.502955
0.090628,-0.642084,2.503352
-0.169852,-0.719168,2.423871
0.103935,-0.720522,2.447525
0.037453,0.881715,2.285801
0.018639,0.754623,2.381272
-0.147124,0.658559,2.386389
0.189135,0.647218,2.372015
-0.221028,0.378375,2.422835
0.319378,0.511917,2.348963
-0.235079,0.138066,2.348963
0.175235,0.766872,2.375126
-0.233040,0.075124,2.356963
0.155914,0.861373,2.191560
0.018738,0.388244,2.381360
0.022063,0.317503,2.366485
-0.053591,0.238840,2.365880
0.099828,0.235783,2.360250
-0.097151,-0.271143,2.446826
0.111555,-0.279422,2.474661
-0.134265,-0.638658,2.501298
0.090080,-0.641965,2.505188
-0.170056,-0.719151,2.422191
0.103439,-0.720329,2.449365
0.036947,0.882056,2.287737
0.017992,0.754741,2.382610
-0.147848,0.658750,2.386812
0.187668,0.646094,2.372039
-0.222568,0.378199,2.422482
0.321952,0.518303,2.335659
-0.236439,0.138104,2.335659
0.173409,0.776362,2.374389
-0.234380,0.075288,2.356070
0.153960,0.874193,2.190329
0.017720,0.387896,2.383004
0.021171,0.317260,2.366822
-0.054406,0.238817,2.365947
0.098677,0.235695,2.360447
-0.097999,-0.271014,2.447977
0.110981,-0.279330,2.475741
-0.134567,-0.638602,2.499786
0.089579,-0.641865,2.506860
-0.170205,-0.719121,2.420694
0.102991,-0.720154,2.451040
0.036470,0.882378,2.289567
0.017377,0.754826,2.383857
-0.148561,0.658923,2.387205
0.186267,0.644931,2.372045
-0.224101,0.377958,2.422150
0.324432,0.524581,2.322863
-0.237787,0.138069,2.322863
0.171738,0.784689,2.373759
-0.235707,0.075367,2.355336
0.152217,0.885420,2.189412
0.016723,0.387543,2.384588
0.020274,0.317010,2.367141
-0.055253,0.238782,2.366012
0.097528,0.235586,2.360623
-0.098807,-0.270891,2.449058
0.110421,-0.279237,2.476699
-0.134835,-0.638548,2.498410
0.089121,-0.641774,2.508376
-0.170305,-0.719079,2.419369
0.102585,-0.719995,2.452562
0.036021,0.882679,2.291274
0.016795,0.754887,2.385017
-0.149265,0.659075,2.387569
0.184936,0.644027,2.372032
-0.225590,0.377704,2.421840
0.326605,0.530017,2.311192
-0.239129,0.138002,2.311192
0.170314,0.791844,2.373226
-0.237011,0.075371,2.354738
0.150683,0.895094,2.188793
0.015763,0.387191,2.386103
0.019388,0.316760,2.367440
-0.056100,0.238741,2.366072
0.096393,0.235472,2.360783
-0.099580,-0.270767,2.450063
0.109872,-0.279135,2.477542
-0.135074,-0.638492,2.497154
0.088702,-0.641693,2.509751
-0.170360,-0.719025,2.418205
0.102218,-0.719851,2.453946
0.035601,0.882957,2.292865
0.016240,0.754925,2.386096
-0.149957,0.659206,2.387903
0.183680,0.643046,2.371994
-0.227045,0.377414,2.421551
0.328724,0.535480,2.299877
-0.240486,0.137886,2.299877
0.169013,0.797944,2.372773
-0.238302,0.075277,2.354267
0.149359,0.903282,2.188442
0.014836,0.386838,2.387545
0.018512,0.316508,2.367714
-0.056958,0.238687,2.366121
0.095287,0.235345,2.360918
-0.100312,-0.270644,2.450998
0.109335,-0.279027,2.478274
-0.135286,-0.638437,2.496008
0.088316,-0.641619,2.510991
-0.170376,-0.718959,2.417189
0.101886,-0.719719,2.455203
0.035211,0.883210,2.294319
0.015721,0.754946,2.387084
-0.150633,0.659321,2.388208
0.182502,0.642102,2.371934
-0.228430,0.377181,2.421270
0.330691,0.540644,2.289186
-0.241828,0.137810,2.289186
0.167869,0.803023,2.372388
-0.239562,0.075141,2.353891
0.148221,0.910073,2.188314
0.013958,0.386497,2.388898
0.017661,0.316261,2.367958
-0.057810,0.238627,2.366157
0.094221,0.235214,2.361022
-0.101006,-0.270525,2.451868
0.108812,-0.278915,2.478909
-0.135474,-0.638381,2.494965
0.087960,-0.641554,2.512107
-0.170353,-0.718885,2.416310
0.101589,-0.719600,2.456343
0.034852,0.883433,2.295641
0.015231,0.754951,2.387996
-0.151295,0.659420,2.388483
0.181370,0.641261,2.371859
-0.229769,0.376968,2.420990
0.332462,0.545318,2.279388
-0.243147,0.137748,2.279388
0.166889,0.807141,2.372060
-0.240781,0.074991,2.353563
0.147278,0.915517,2.188367
0.013127,0.386161,2.390167
0.016837,0.316017,2.368172
-0.058638,0.238562,2.366174
0.093190,0.235082,2.361100
-0.101657,-0.270410,2.452672
0.108303,-0.278802,2.479455
-0.135640,-0.638326,2.494015
0.087633,-0.641496,2.513109
-0.170296,-0.718800,2.415562
0.101322,-0.719491,2.457377
0.034524,0.883630,2.296836
0.014780,0.754938,2.388822
-0.151925,0.659496,2.388718
0.180287,0.640486,2.371763
-0.231049,0.376767,2.420712
0.334078,0.549576,2.270383
-0.244432,0.137690,2.270383
0.166077,0.810314,2.371777
-0.241953,0.074823,2.353256
0.146512,0.919696,2.188596
0.012350,0.385831,2.391343
0.016046,0.315771,2.368353
-0.059434,0.238490,2.366173
0.092196,0.234950,2.361153
-0.102267,-0.270299,2.453412
0.107807,-0.278686,2.479920
-0.135786,-0.638269,2.493149
0.087331,-0.641443,2.514007
-0.170207,-0.718707,2.414932
0.101086,-0.719393,2.458313
0.034223,0.883811,2.297922
0.014358,0.754919,2.389574
-0.152533,0.659558,2.388923
0.179255,0.639769,2.371657
-0.232303,0.376504,2.420417
0.335537,0.553469,2.262100
-0.245670,0.137576,2.262100
0.165406,0.812631,2.371487
-0.243053,0.074594,2.352926
0.145916,0.922692,2.188971
0.011619,0.385509,2.392437
0.015283,0.315526,2.368506
-0.060204,0.238414,2.366155
0.091239,0.234819,2.361181
-0.102836,-0.270194,2.454092
0.107329,-0.278577,2.480315
-0.135915,-0.638215,2.492363
0.087053,-0.641400,2.514805
-0.170085,-0.718613,2.414412
0.100876,-0.719307,2.459156
0.033948,0.883975,2.298902
0.013965,0.754895,2.390258
-0.153109,0.659594,2.389086
0.178271,0.639109,2.371543
-0.233517,0.376201,2.420104
0.336848,0.557009,2.254510
-0.246834,0.137432,2.254510
0.164867,0.814141,2.371170
-0.244098,0.074313,2.352586
0.145457,0.924619,2.189475
0.010929,0.385195,2.393455
0.014547,0.315280,2.368632
-0.060942,0.238331,2.366124
0.090315,0.234686,2.361186
-0.103368,-0.270094,2.454720
0.106868,-0.278465,2.480640
-0.136027,-0.638159,2.491647
0.086796,-0.641361,2.515514
-0.169929,-0.718505,2.414000
0.100692,-0.719231,2.459915
0.033704,0.884122,2.299779
0.013608,0.754865,2.390869
-0.153654,0.659614,2.389215
0.177349,0.638373,2.371371
-0.234695,0.375869,2.419775
0.338137,0.560315,2.247448
-0.247917,0.137274,2.247448
0.164528,0.814750,2.370819
-0.245074,0.073996,2.352232
0.145124,0.925567,2.190103
0.010287,0.384891,2.394390
0.013835,0.315031,2.368728
-0.061663,0.238242,2.366077
0.089424,0.234543,2.361162
-0.103859,-0.269998,2.455292
0.106421,-0.278353,2.480904
-0.136123,-0.638102,2.490997
0.086562,-0.641325,2.516136
-0.169725,-0.718382,2.413705
0.100531,-0.719165,2.460599
0.033482,0.884254,2.300569
0.013276,0.754828,2.391416
-0.154177,0.659625,2.389315
0.176478,0.637692,2.371144
-0.235811,0.375504,2.419421
0.339329,0.563016,2.241349
-0.248906,0.137096,2.241349
0.164103,0.811419,2.370412
-0.245953,0.073677,2.351799
0.147303,0.913393,2.193039
0.009694,0.384603,2.395245
0.013151,0.314789,2.368799
-0.062359,0.238153,2.366019
0.088567,0.234402,2.361114
-0.104314,-0.269904,2.455816
0.105992,-0.278240,2.481109
-0.136205,-0.638044,2.490408
0.086348,-0.641294,2.516679
-0.169500,-0.718253,2.413502
0.100393,-0.719106,2.461212
0.033274,0.884368,2.301280
0.012963,0.754782,2.391905
-0.154680,0.659625,2.389388
0.175639,0.636850,2.370736
-0.236854,0.375115,2.419043
0.340280,0.563159,2.237291
-0.249787,0.136898,2.237291
0.165288,0.805201,2.369946
-0.246738,0.073371,2.351292
0.149649,0.899868,2.196090
0.009147,0.384328,2.396026
0.012490,0.314544,2.368844
-0.063039,0.238053,2.365946
0.087747,0.234248,2.361042
-0.104738,-0.269813,2.456296
0.105578,-0.278126,2.481258
-0.136273,-0.637985,2.489872
0.086153,-0.641265,2.517148
-0.169260,-0.718125,2.413384
0.100274,-0.719055,2.461759
0.033063,0.884459,2.301907
0.012656,0.754720,2.392329
-0.155166,0.659608,2.389429
0.174874,0.636102,2.370111
-0.237834,0.374718,2.418658
0.338247,0.556655,2.241307
-0.250582,0.136688,2.241307
0.166655,0.798235,2.369425
-0.247447,0.073071,2.350718
0.151458,0.888066,2.198688
0.008651,0.384070,2.396734
0.011857,0.314303,2.368868
-0.063694,0.237950,2.365864
0.086970,0.234091,2.360952
-0.105131,-0.269728,2.456736
0.105180,-0.278010,2.481356
-0.136331,-0.637928,2.489388
0.085972,-0.641237,2.517547
-0.169009,-0.718002,2.413325
0.100175,-0.719011,2.462244
0.032833,0.884524,2.302435
0.012349,0.754650,2.392693
-0.155634,0.659578,2.389443
0.174161,0.635299,2.369339
-0.238754,0.374307,2.418259
0.336916,0.550017,2.246173
-0.251290,0.136461,2.246173
0.168014,0.790799,2.368853
-0.248074,0.072726,2.350000
0.152586,0.880110,2.200436
0.008191,0.383824,2.397380
0.011244,0.314059,2.368873
-0.064329,0.237837,2.365775
0.086227,0.233924,2.360847
-0.105493,-0.269647,2.457140
0.104807,-0.277910,2.481421
-0.136379,-0.637870,2.488948
0.085807,-0.641212,2.517883
-0.168745,-0.717877,2.413332
0.100095,-0.718977,2.462651
0.032575,0.884546,2.302831
0.012034,0.754571,2.392986
-0.156081,0.659540,2.389430
0.173462,0.634341,2.368315
-0.239577,0.373879,2.417845
0.333140,0.540939,2.256013
-0.251891,0.136202,2.256013
0.168913,0.783560,2.368197
-0.248390,0.071668,2.348729
0.153390,0.872456,2.201774
0.007768,0.383590,2.397965
0.010655,0.313811,2.368859
-0.064939,0.237717,2.365679
0.085522,0.233747,2.360729
-0.105828,-0.269571,2.457510
0.104451,-0.277813,2.481448
-0.136416,-0.637811,2.488550
0.085655,-0.641192,2.518171
-0.168474,-0.717750,2.413393
0.100028,-0.718949,2.463013
0.032270,0.884495,2.303051
0.011716,0.754480,2.393209
-0.156520,0.659485,2.389386
0.172874,0.633507,2.367621
-0.240320,0.373441,2.417425
0.324479,0.528468,2.272434
-0.252377,0.135920,2.272434
0.169479,0.767604,2.367498
-0.248541,0.070472,2.347387
0.153857,0.860051,2.201940
0.007366,0.383358,2.398495
0.010096,0.313553,2.368828
-0.065515,0.237571,2.365582
0.084867,0.233550,2.360598
-0.106132,-0.269504,2.457851
0.104113,-0.277725,2.481443
-0.136450,-0.637758,2.488189
0.085516,-0.641173,2.518409
-0.168192,-0.717628,2.413496
0.099977,-0.718927,2.463327
0.031902,0.884314,2.303010
0.011380,0.754355,2.393325
-0.156946,0.659417,2.389317
0.172344,0.632898,2.367143
-0.240982,0.373008,2.417010
0.315823,0.516246,2.286259
-0.252698,0.135625,2.286259
0.169738,0.746262,2.366836
-0.248549,0.069188,2.346070
0.154045,0.844534,2.201652
0.006987,0.383129,2.398968
0.009568,0.313289,2.368779
-0.066054,0.237411,2.365483
0.084255,0.233347,2.360458
-0.106410,-0.269443,2.458164
0.103800,-0.277659,2.481419
-0.136478,-0.637705,2.487864
0.085388,-0.641158,2.518601
-0.167904,-0.717504,2.413644
0.099940,-0.718911,2.463596
0.031480,0.883912,2.302610
0.011037,0.754207,2.393347
-0.157357,0.659336,2.389224
0.171875,0.632372,2.366750
-0.241570,0.372567,2.416598
0.306437,0.503754,2.296984
-0.252925,0.135309,2.296984
0.170377,0.715398,2.366174
-0.248421,0.067813,2.344753
0.154311,0.823373,2.198784
0.006628,0.382909,2.399389
0.009069,0.313028,2.368718
-0.066563,0.237247,2.365385
0.083682,0.233143,2.360311
-0.106666,-0.269387,2.458454
0.103504,-0.277600,2.481371
-0.136496,-0.637654,2.487573
0.085267,-0.641154,2.518763
-0.167611,-0.717382,2.413833
0.099916,-0.718900,2.463824
0.031082,0.883237,2.301825
0.010700,0.754053,2.393296
-0.157748,0.659245,2.389097
0.171463,0.631935,2.366445
-0.242086,0.372130,2.416196
0.297078,0.491653,2.304949
-0.253138,0.135003,2.304949
0.170735,0.661194,2.365632
-0.248262,0.066424,2.343590
0.154241,0.788264,2.190247
0.006289,0.382702,2.399758
0.008606,0.312781,2.368647
-0.067032,0.237090,2.365287
0.083154,0.232951,2.360162
-0.106897,-0.269334,2.458720
0.103232,-0.277515,2.481292
-0.136508,-0.637603,2.487312
0.085154,-0.641152,2.518879
-0.167316,-0.717258,2.414055
0.099903,-0.718893,2.464013
0.030795,0.882170,2.300439
0.010358,0.753858,2.393057
-0.158114,0.659139,2.388920
0.171102,0.631583,2.366185
-0.242521,0.371750,2.415822
0.287177,0.477728,2.313286
-0.253304,0.134741,2.313286
0.177447,0.602085,2.365155
-0.248059,0.065133,2.342543
0.166813,0.696920,2.184125
0.005978,0.382513,2.400075
0.008186,0.312555,2.368572
-0.067452,0.236949,2.365192
0.082685,0.232787,2.360037
-0.107105,-0.269287,2.458970
0.102981,-0.277434,2.481200
-0.136515,-0.637553,2.487078
0.085055,-0.641145,2.518952
-0.167022,-0.717143,2.414293
0.099901,-0.718889,2.464166
0.030645,0.880724,2.298518
0.010013,0.753617,2.392632
-0.158458,0.659011,2.388683
0.170805,0.631317,2.365976
-0.242889,0.371402,2.415464
0.279416,0.468213,2.327721
-0.253274,0.134479,2.327721
0.185233,0.531821,2.364719
-0.247844,0.064243,2.341599
0.174161,0.624629,2.186528
0.005692,0.382339,2.400341
0.007809,0.312354,2.368500
-0.067832,0.236820,2.365103
0.082272,0.232648,2.359936
-0.107294,-0.269244,2.459203
0.102752,-0.277351,2.481098
-0.136511,-0.637509,2.486876
0.084964,-0.641138,2.518991
-0.166730,-0.717036,2.414547
0.099909,-0.718888,2.464289
0.030761,0.878897,2.295969
0.009639,0.753270,2.391851
-0.158778,0.658851,2.388369
0.170573,0.631127,2.365802
-0.243191,0.371068,2.415114
0.272303,0.459740,2.342128
-0.253240,0.134228,2.342128
0.194399,0.464984,2.364376
-0.247521,0.063101,2.340745
0.182906,0.552939,2.195022
0.005427,0.382179,2.400540
0.007469,0.312173,2.368430
-0.068171,0.236706,2.365026
0.081904,0.232526,2.359849
-0.107465,-0.269204,2.459422
0.102549,-0.277267,2.480996
-0.136501,-0.637466,2.486698
0.084884,-0.641124,2.518998
-0.166434,-0.716931,2.414821
0.099925,-0.718890,2.464384
0.031171,0.876603,2.292671
0.009300,0.752798,2.390663
-0.159068,0.658672,2.387984
0.170419,0.631033,2.365645
-0.243428,0.370751,2.414774
0.265891,0.452126,2.356122
-0.253070,0.133980,2.356122
0.202605,0.405976,2.364065
-0.247247,0.062304,2.339991
0.191041,0.486306,2.204194
0.005187,0.382033,2.400663
0.007166,0.312010,2.368365
-0.068475,0.236605,2.364960
0.081573,0.232418,2.359773
-0.107618,-0.269165,2.459630
0.102370,-0.277189,2.480907
-0.136484,-0.637426,2.486543
0.084814,-0.641108,2.518982
-0.166138,-0.716836,2.415112
0.099951,-0.718892,2.464441
0.031807,0.873932,2.288724
0.009032,0.752173,2.389046
-0.159321,0.658457,2.387509
0.170389,0.631051,2.365499
-0.243604,0.370452,2.414443
0.260176,0.445347,2.369407
-0.252838,0.133745,2.369407
0.210305,0.354905,2.363791
-0.246950,0.061562,2.339335
0.198917,0.426115,2.214043
0.004990,0.381903,2.400699
0.006901,0.311867,2.368306
-0.068745,0.236516,2.364905
0.081283,0.232320,2.359709
-0.107749,-0.269125,2.459827
0.102214,-0.277119,2.480833
-0.136462,-0.637388,2.486409
0.084753,-0.641088,2.518942
-0.165844,-0.716746,2.415439
0.099984,-0.718896,2.464474
0.032673,0.870961,2.284267
0.008862,0.751441,2.387084
-0.159511,0.658199,2.386888
0.170518,0.631215,2.365335
-0.243717,0.370165,2.414119
0.255097,0.439349,2.381845
-0.252545,0.133516,2.381845
0.217360,0.310340,2.363558
-0.246650,0.060907,2.338806
0.206357,0.371664,2.223822
0.004845,0.381795,2.400647
0.006670,0.311740,2.368253
-0.068984,0.236434,2.364858
0.081050,0.232233,2.359672
-0.107862,-0.269085,2.460013
0.102077,-0.277055,2.480774
-0.136435,-0.637352,2.486294
0.084701,-0.641066,2.518882
-0.165553,-0.716669,2.415821
0.100025,-0.718901,2.464479
0.033795,0.867612,2.279286
0.008776,0.750644,2.384837
-0.159641,0.657899,2.386147
0.170805,0.631449,2.365154
-0.243763,0.369892,2.413805
0.250773,0.434146,2.393422
-0.252196,0.133299,2.393422
0.223610,0.271691,2.363367
-0.246318,0.060312,2.338364
0.213044,0.323068,2.233085
0.004756,0.381704,2.400500
0.006475,0.311626,2.368200
-0.069193,0.236356,2.364820
0.080891,0.232158,2.359670
-0.107953,-0.269044,2.460188
0.101957,-0.276996,2.480729
-0.136404,-0.637315,2.486193
0.084665,-0.641027,2.518804
-0.165270,-0.716596,2.416208
0.100073,-0.718906,2.464462
0.035180,0.864020,2.273713
0.008944,0.749632,2.382017
-0.159693,0.657561,2.385264
0.171309,0.631753,2.364906
-0.243743,0.369633,2.413509
0.247113,0.429760,2.404067
-0.251794,0.133093,2.404067
0.229214,0.238042,2.363230
-0.245928,0.059814,2.338081
0.219088,0.279893,2.241774
0.004743,0.381638,2.400249
0.006325,0.311528,2.368148
-0.069360,0.236284,2.364809
0.080803,0.232097,2.359700
-0.108014,-0.268985,2.460338
0.101855,-0.276940,2.480693
-0.136369,-0.637278,2.486105
0.084641,-0.640990,2.518728
-0.164996,-0.716526,2.416602
0.100129,-0.718911,2.464427
0.036890,0.859835,2.267345
0.009376,0.748417,2.378793
-0.159617,0.657188,2.384197
0.172051,0.632118,2.364571
-0.243649,0.369393,2.413233
0.244015,0.425994,2.413846
-0.251339,0.132904,2.413846
0.234244,0.208406,2.363150
-0.245492,0.059426,2.337940
0.224507,0.241394,2.249811
0.004827,0.381589,2.399900
0.006234,0.311448,2.368102
-0.069478,0.236217,2.364827
0.080819,0.232049,2.359796
-0.108058,-0.268921,2.460469
0.101775,-0.276882,2.480669
-0.136337,-0.637245,2.486022
0.084628,-0.640951,2.518638
-0.164730,-0.716460,2.417003
0.100190,-0.718916,2.464378
0.038802,0.855460,2.260519
0.010031,0.747110,2.375267
-0.159411,0.656787,2.382945
0.173128,0.632656,2.364110
-0.243483,0.369170,2.412973
0.241439,0.422771,2.422786
-0.250825,0.132731,2.422786
0.238794,0.182228,2.363120
-0.245012,0.059127,2.337912
0.229340,0.207029,2.257161
0.005008,0.381569,2.399446
0.006206,0.311391,2.368060
-0.069550,0.236161,2.364872
0.080927,0.232021,2.359946
-0.108085,-0.268853,2.460572
0.101723,-0.276816,2.480661
-0.136302,-0.637216,2.485948
0.084624,-0.640911,2.518538
-0.164473,-0.716402,2.417409
0.100256,-0.718921,2.464316
0.041263,0.850203,2.252019
0.011022,0.745443,2.371076
-0.159057,0.656365,2.381498
0.174597,0.633336,2.363427
-0.243205,0.368976,2.412740
0.239323,0.419984,2.430766
-0.250166,0.132586,2.430766
0.243006,0.159140,2.363215
-0.244525,0.058795,2.337947
0.233724,0.176075,2.264144
0.005292,0.381569,2.398871
0.006240,0.311354,2.368020
-0.069576,0.236117,2.364949
0.081127,0.232007,2.360142
-0.108087,-0.268717,2.460542
0.101699,-0.276743,2.480672
-0.136264,-0.637189,2.485879
0.084628,-0.640868,2.518430
-0.164223,-0.716351,2.417821
0.100327,-0.718926,2.464241
0.043842,0.844833,2.243269
0.012179,0.743684,2.366629
-0.158527,0.655909,2.379799
0.176317,0.634105,2.362562
-0.242805,0.368826,2.412524
0.237658,0.417684,2.437990
-0.249417,0.132488,2.437990
0.246924,0.139210,2.363452
-0.243963,0.058627,2.338147
0.237694,0.148291,2.270697
0.005701,0.381590,2.398176
0.006364,0.311343,2.367985
-0.069518,0.236089,2.365083
0.081450,0.232012,2.360400
-0.108075,-0.268561,2.460392
0.101708,-0.276661,2.480707
-0.136227,-0.637166,2.485806
0.084629,-0.640842,2.518368
-0.163984,-0.716312,2.418207
0.100403,-0.718930,2.464160
0.046539,0.839353,2.234335
0.013661,0.741479,2.361331
-0.157911,0.655421,2.377963
0.178300,0.634929,2.361447
-0.242329,0.368695,2.412327
0.236397,0.415831,2.444524
-0.248616,0.132406,2.444524
0.250539,0.122441,2.363751
-0.243378,0.058521,2.338433
0.241289,0.123358,2.276808
0.006228,0.381623,2.397324
0.006549,0.311349,2.367944
-0.069418,0.236069,2.365241
0.081847,0.232025,2.360682
-0.108046,-0.268332,2.460030
0.101739,-0.276571,2.480760
-0.136186,-0.637137,2.485722
0.084635,-0.640819,2.518307
-0.163763,-0.716271,2.418558
0.100481,-0.718934,2.464072
0.049268,0.833851,2.225236
0.015360,0.738958,2.355443
-0.157212,0.654901,2.375973
0.180465,0.635787,2.360073
-0.241790,0.368587,2.412144
0.235544,0.414437,2.450340
-0.247784,0.132347,2.450340
0.253799,0.108895,2.364089
-0.242781,0.058486,2.338791
0.244516,0.101031,2.282399
0.006895,0.381661,2.396296
0.006818,0.311376,2.367890
-0.069262,0.236059,2.365430
0.082350,0.232053,2.360995
-0.108025,-0.268059,2.459443
0.101790,-0.276476,2.480825
-0.136149,-0.637105,2.485625
0.084647,-0.640797,2.518245
-0.163556,-0.716233,2.418861
0.100561,-0.718936,2.463984
0.051832,0.828606,2.216522
0.017094,0.736485,2.349455
-0.156424,0.654356,2.373774
0.182746,0.636687,2.358376
-0.241191,0.368515,2.411968
0.235111,0.413560,2.455449
-0.246939,0.132323,2.455449
0.256718,0.098682,2.364442
-0.242176,0.058540,2.339205
0.247432,0.081168,2.287770
0.007654,0.381718,2.395128
0.007145,0.311424,2.367821
-0.069063,0.236062,2.365640
0.082910,0.232097,2.361315
-0.108019,-0.267639,2.458477
0.101857,-0.276376,2.480902
-0.136114,-0.637061,2.485506
0.084667,-0.640772,2.518179
-0.163367,-0.716189,2.419110
0.100643,-0.718937,2.463892
0.054205,0.823645,2.208195
0.018846,0.734126,2.343348
-0.155532,0.653835,2.371207
0.185094,0.637638,2.356418
-0.240559,0.368499,2.411780
0.235017,0.413160,2.459811
-0.246117,0.132352,2.459811
0.259133,0.091326,2.364764
-0.241577,0.058662,2.339598
0.249993,0.063576,2.292913
0.008495,0.381804,2.393798
0.007524,0.311497,2.367729
-0.068831,0.236079,2.365860
0.083513,0.232163,2.361626
-0.108029,-0.267171,2.457332
0.101937,-0.276267,2.480985
-0.136087,-0.636992,2.485339
0.084699,-0.640741,2.518107
-0.163185,-0.716137,2.419307
0.100728,-0.718939,2.463795
0.056350,0.818995,2.200157
0.020205,0.732205,2.337344
-0.154602,0.653324,2.368256
0.187448,0.638626,2.354107
-0.239910,0.368527,2.411566
0.235243,0.413245,2.463350
-0.245329,0.132417,2.463350
0.260898,0.085278,2.365044
-0.241026,0.058785,2.339916
0.252149,0.047629,2.297577
0.009329,0.381941,2.392261
0.007898,0.311594,2.367586
-0.068619,0.236114,2.366037
0.084089,0.232242,2.361881
-0.108051,-0.266684,2.456059
0.102023,-0.276157,2.481071
-0.136104,-0.636900,2.484954
0.084737,-0.640710,2.518032
-0.162986,-0.716064,2.419287
0.100815,-0.718940,2.463697
0.057363,0.814415,2.190331
0.020647,0.729791,2.328637
-0.154590,0.652668,2.363196
0.188447,0.640086,2.348445
-0.239496,0.368381,2.410894
0.235490,0.414212,2.464560
-0.244754,0.132340,2.464560
0.261653,0.083891,2.364993
-0.240640,0.058788,2.340061
0.253827,0.034466,2.301672
0.009708,0.382173,2.388930
0.008095,0.311785,2.366739
-0.068520,0.236194,2.365893
0.084437,0.232366,2.361741
-0.108163,-0.266247,2.454697
0.102071,-0.276014,2.481069
-0.136196,-0.636804,2.483429
0.084781,-0.640679,2.517947
-0.162704,-0.715843,2.417467
0.100900,-0.718940,2.463598
0.056727,0.809970,2.179369
0.019760,0.726025,2.317164
-0.156190,0.651502,2.355791
0.188615,0.641610,2.341530
-0.239526,0.367940,2.408978
0.234922,0.416029,2.462406
-0.244387,0.132083,2.462406
0.261457,0.084509,2.364512
-0.240470,0.058800,2.339937
0.255126,0.023208,2.305372
0.009400,0.382216,2.383349
0.007833,0.312021,2.364495
-0.068852,0.236291,2.364629
0.084544,0.232545,2.360946
-0.108447,-0.265774,2.452990
0.101960,-0.275770,2.480757
-0.136290,-0.636689,2.481650
0.084822,-0.640652,2.517862
-0.162374,-0.715575,2.415513
0.100986,-0.718940,2.463499
0.055285,0.805767,2.168192
0.018317,0.722332,2.305353
-0.158323,0.649996,2.347428
0.187947,0.643165,2.333471
-0.239851,0.367318,2.406492
0.234222,0.418155,2.458863
-0.244373,0.131641,2.458863
0.260033,0.087467,2.363457
-0.240607,0.058763,2.339354
0.255728,0.014080,2.308297
0.008664,0.382183,2.376787
0.007276,0.312246,2.361555
-0.069416,0.236358,2.362888
0.084373,0.232770,2.359504
-0.109012,-0.265235,2.450715
0.101666,-0.275408,2.480069
-0.136384,-0.636583,2.479646
0.084855,-0.640629,2.517727
-0.162048,-0.715305,2.413389
0.101074,-0.718939,2.463394
0.051006,0.801612,2.154508
0.015956,0.718598,2.291447
-0.162833,0.647803,2.336013
0.185005,0.644761,2.322327
-0.241799,0.367150,2.400389
0.232074,0.420785,2.450810
-0.245672,0.131527,2.450810
0.256979,0.092254,2.360377
-0.241712,0.058067,2.337380
0.255563,0.006819,2.310160
0.006661,0.382143,2.366951
0.005581,0.312576,2.355942
-0.071248,0.236380,2.358566
0.083200,0.233180,2.355987
-0.110027,-0.264649,2.447323
0.100376,-0.274865,2.476981
-0.136474,-0.636463,2.477440
0.084855,-0.640603,2.517360
-0.161735,-0.715041,2.411149
0.101163,-0.718942,2.463280
0.045015,0.798474,2.140456
0.011609,0.714769,2.276054
-0.168059,0.645392,2.323889
0.181119,0.645918,2.310271
-0.245153,0.368971,2.391143
0.229486,0.423550,2.441210
-0.247437,0.132817,2.441210
0.253046,0.098228,2.356523
-0.243138,0.058371,2.334918
0.254743,0.001360,2.311508
0.003445,0.382072,2.355616
0.002911,0.312942,2.349006
-0.074010,0.236429,2.352884
0.081296,0.233637,2.351539
-0.111379,-0.264099,2.443202
0.098598,-0.274539,2.472599
-0.136582,-0.636316,2.475061
0.084791,-0.640616,2.516771
-0.161429,-0.714780,2.408810
0.101254,-0.718947,2.463156
0.037686,0.795816,2.126319
0.005992,0.710793,2.260057
-0.174189,0.642879,2.310947
0.176340,0.646750,2.297430
-0.249309,0.368739,2.381793
0.226281,0.426148,2.429856
-0.249580,0.132697,2.429856
0.248388,0.104823,2.352069
-0.245189,0.057302,2.331454
0.253347,-0.002600,2.312155
-0.000727,0.381577,2.343050
-0.000600,0.312958,2.340800
-0.077368,0.236207,2.346367
0.078459,0.233746,2.345410
-0.113064,-0.263595,2.438305
0.095530,-0.274885,2.464723
-0.136728,-0.636153,2.472547
0.084636,-0.640611,2.515629
-0.161131,-0.714520,2.406438
0.101349,-0.718951,2.462967
0.029059,0.793650,2.111924
-0.000201,0.707150,2.244013
-0.182169,0.639562,2.296614
0.170213,0.647097,2.283249
-0.253850,0.368290,2.371723
0.221761,0.427450,2.415956
-0.252966,0.132283,2.415956
0.242961,0.110716,2.345183
-0.248145,0.055735,2.326284
0.251451,-0.005858,2.311868
-0.005667,0.380866,2.329400
-0.004912,0.312731,2.331266
-0.081705,0.235562,2.338355
0.074927,0.233678,2.337980
-0.114945,-0.263228,2.432792
0.091134,-0.275601,2.453022
-0.136915,-0.635956,2.469895
0.084005,-0.640337,2.513227
-0.160827,-0.714256,2.404060
0.101364,-0.718918,2.462232
0.019432,0.791929,2.097481
-0.007314,0.703446,2.227506
-0.190474,0.636122,2.281639
0.162895,0.647140,2.268003
-0.259156,0.367589,2.359980
0.217053,0.428562,2.401718
-0.256894,0.131672,2.401718
0.235603,0.118188,2.337380
-0.251690,0.053839,2.319911
0.248039,-0.006840,2.308637
-0.011801,0.379899,2.314341
-0.010452,0.312295,2.320082
-0.087243,0.234755,2.328536
0.070056,0.233539,2.328886
-0.117040,-0.263196,2.426716
0.085319,-0.276271,2.435460
-0.137130,-0.635736,2.467149
0.082402,-0.640010,2.508306
-0.160529,-0.713995,2.401681
0.100180,-0.718423,2.458885
0.008474,0.790551,2.082756
-0.015021,0.699829,2.210774
-0.199409,0.632342,2.265851
0.154872,0.646669,2.252218
-0.265343,0.365211,2.346886
0.211929,0.429619,2.386977
-0.261827,0.129485,2.386977
0.227942,0.125917,2.327826
-0.256496,0.050093,2.310887
0.240844,-0.000216,2.297386
-0.018694,0.378665,2.298324
-0.016839,0.311580,2.307590
-0.093765,0.233606,2.317070
0.064366,0.233194,2.318557
-0.119474,-0.263432,2.420094
0.077591,-0.276447,2.412460
-0.137375,-0.635509,2.464311
0.078092,-0.639677,2.497745
-0.160247,-0.713740,2.399320
0.096490,-0.717866,2.451093
