-0.160813,0.432810,2.911287
-0.150392,0.232484,2.903775
-0.318714,0.121581,2.910125
0.010517,0.123072,2.897928
-0.380929,-0.139468,2.920893
0.104175,-0.137933,2.893847
-0.381715,-0.350022,2.893847
0.120133,-0.349904,2.799984
-0.372039,-0.419291,2.764030
0.111883,-0.429958,2.704794
-0.136768,-0.116146,2.879244
-0.135083,-0.172324,2.819947
-0.208069,-0.251495,2.798808
-0.056860,-0.237697,2.805695
-0.200685,-0.726684,2.814098
-0.034225,-0.657650,2.624786
-0.145031,-1.087762,2.961354
-0.028407,-0.983493,2.333418
-0.162946,-1.154010,2.924062
-0.029911,-1.014166,2.216872
-0.157039,0.436194,2.885185
-0.147421,0.235812,2.878570
-0.315434,0.124508,2.885497
0.013448,0.125481,2.872384
-0.377897,-0.137214,2.899126
0.109115,-0.132113,2.862995
-0.380050,-0.348582,2.862995
0.125932,-0.334391,2.781559
-0.370935,-0.416228,2.747833
0.117186,-0.411776,2.654536
-0.134611,-0.113029,2.853866
-0.133300,-0.169145,2.794574
-0.206314,-0.247919,2.773658
-0.055491,-0.234678,2.780032
-0.203420,-0.715290,2.765833
-0.034617,-0.654662,2.609536
-0.146460,-1.079318,2.920647
-0.028668,-0.986013,2.325418
-0.165199,-1.146985,2.891652
-0.030514,-1.017082,2.211084
-0.153290,0.439395,2.859839
-0.144567,0.238970,2.854703
-0.312177,0.127373,2.862410
0.016510,0.127867,2.848414
-0.374673,-0.134744,2.877230
0.114660,-0.125523,2.833378
-0.378157,-0.347163,2.833378
0.132265,-0.313341,2.763507
-0.369717,-0.413088,2.732321
0.122918,-0.387102,2.601300
-0.132465,-0.110022,2.829983
-0.131498,-0.166090,2.770731
-0.204575,-0.244534,2.750326
-0.054008,-0.231803,2.755619
-0.205785,-0.704511,2.720536
-0.034864,-0.651976,2.595738
-0.149292,-1.067364,2.868804
-0.028875,-0.989417,2.321838
-0.166386,-1.128585,2.828207
-0.031038,-1.020906,2.210080
-0.149721,0.442649,2.836042
-0.141740,0.242161,2.831703
-0.309005,0.130204,2.840485
0.019690,0.130166,2.826217
-0.371564,-0.132350,2.856606
0.121697,-0.117913,2.803902
-0.375956,-0.345497,2.803902
0.138853,-0.286811,2.745354
-0.368218,-0.409786,2.716940
0.127876,-0.353241,2.545584
-0.130352,-0.106960,2.807513
-0.129658,-0.163025,2.748368
-0.202799,-0.241168,2.728242
-0.052467,-0.229058,2.733107
-0.207576,-0.694076,2.677860
-0.034927,-0.649581,2.583257
-0.151585,-1.052788,2.810531
-0.029122,-0.993430,2.322069
-0.166459,-1.107280,2.757854
-0.031476,-1.025246,2.213090
-0.146164,0.446004,2.811472
-0.138836,0.245320,2.808659
-0.305899,0.133206,2.817347
0.023062,0.132785,2.803947
-0.368483,-0.129590,2.835219
0.134506,-0.104311,2.771143
-0.373413,-0.343143,2.771143
0.144506,-0.241402,2.725195
-0.365895,-0.405837,2.698297
0.129866,-0.285614,2.469404
-0.128133,-0.103823,2.784616
-0.127604,-0.159835,2.725511
-0.200918,-0.237716,2.705721
-0.050540,-0.226276,2.709928
-0.208725,-0.682793,2.635629
-0.034882,-0.647443,2.571946
-0.154811,-1.046247,2.761584
-0.029315,-0.997839,2.325417
-0.168090,-1.098358,2.702109
-0.031691,-1.029934,2.219287
-0.142596,0.449275,2.787249
-0.135991,0.248404,2.785820
-0.302957,0.136171,2.794061
0.025874,0.135388,2.780334
-0.365701,-0.126777,2.812839
0.145589,-0.089925,2.731444
-0.371045,-0.340954,2.731444
0.153869,-0.170447,2.704490
-0.363657,-0.402097,2.679343
0.134924,-0.182957,2.393760
-0.125910,-0.100912,2.762144
-0.125644,-0.156937,2.703121
-0.199070,-0.234422,2.683190
-0.048763,-0.223781,2.687879
-0.209666,-0.672679,2.596638
-0.034795,-0.645525,2.561593
-0.158553,-1.039793,2.704302
-0.029405,-1.002570,2.331593
-0.170371,-1.089767,2.636895
-0.031962,-1.034935,2.228323
-0.140313,0.452051,2.760718
-0.134108,0.251227,2.762587
-0.300806,0.139225,2.771115
0.028426,0.138409,2.757487
-0.363624,-0.123690,2.789403
0.158492,-0.063070,2.679279
-0.368955,-0.338411,2.679279
0.150389,-0.073303,2.682288
-0.361729,-0.398483,2.657030
0.126374,-0.056441,2.327294
-0.124269,-0.097626,2.738724
-0.124153,-0.153463,2.679631
-0.197536,-0.230791,2.660110
-0.047408,-0.220662,2.663822
-0.210232,-0.662825,2.559502
-0.034686,-0.643737,2.551881
-0.162093,-1.034107,2.652712
-0.028847,-1.003937,2.347153
-0.172520,-1.082295,2.578876
-0.031439,-1.036198,2.247821
-0.138353,0.454567,2.736461
-0.132490,0.253810,2.740959
-0.299196,0.141867,2.749518
0.030789,0.141484,2.734830
-0.362025,-0.120705,2.767046
0.171169,-0.038083,2.631922
-0.367169,-0.335891,2.631922
0.147208,0.013015,2.660890
-0.360231,-0.395019,2.636007
0.116245,0.059638,2.276736
-0.122809,-0.094473,2.716760
-0.122921,-0.150108,2.657621
-0.196361,-0.227278,2.638226
-0.046240,-0.217728,2.641360
-0.210805,-0.653906,2.526124
-0.034582,-0.642103,2.542965
-0.165204,-1.029044,2.605411
-0.028217,-1.004915,2.363488
-0.174496,-1.075709,2.526039
-0.031094,-1.037043,2.267652
-0.136533,0.456833,2.713729
-0.131334,0.256238,2.720075
-0.298011,0.144137,2.728647
0.033016,0.144443,2.712664
-0.360898,-0.117967,2.745585
0.184001,-0.012276,2.587629
-0.365861,-0.333600,2.587629
0.143840,0.089452,2.640304
-0.359177,-0.391840,2.615927
0.104617,0.164448,2.239336
-0.121661,-0.091417,2.695560
-0.121990,-0.146853,2.636389
-0.195604,-0.223853,2.616665
-0.045219,-0.215002,2.620058
-0.211449,-0.645927,2.496002
-0.034475,-0.640625,2.534647
-0.167878,-1.024660,2.562742
-0.027580,-1.005490,2.379227
-0.176130,-1.070026,2.478688
-0.030780,-1.037475,2.286386
-0.135233,0.459025,2.692028
-0.130497,0.258559,2.700552
-0.297031,0.146538,2.708869
0.034766,0.147390,2.690508
-0.360370,-0.115391,2.724028
0.194770,0.018097,2.541470
-0.365086,-0.331421,2.541470
0.137366,0.162302,2.619414
-0.358631,-0.388609,2.595087
0.092516,0.256840,2.211046
-0.120865,-0.088535,2.675381
-0.121500,-0.143769,2.616107
-0.195209,-0.220561,2.596308
-0.044759,-0.212409,2.599427
-0.212107,-0.638713,2.468912
-0.034420,-0.639251,2.526461
-0.170386,-1.020735,2.524120
-0.027198,-1.005602,2.393877
-0.177812,-1.064977,2.436080
-0.033267,-1.040274,2.314400
-0.134152,0.461069,2.672348
-0.130242,0.260861,2.681465
-0.296789,0.148900,2.690204
0.035961,0.150122,2.668968
-0.360270,-0.112935,2.703627
0.202540,0.053222,2.496686
-0.364941,-0.329136,2.496686
0.126096,0.232170,2.598957
-0.358708,-0.387149,2.573353
0.075846,0.343286,2.193026
-0.120519,-0.085610,2.655857
-0.121472,-0.140657,2.596527
-0.195196,-0.217349,2.577180
-0.044780,-0.209838,2.578851
-0.212773,-0.632167,2.444600
-0.034398,-0.638007,2.518455
-0.172638,-1.017164,2.489572
-0.026860,-1.005314,2.407269
-0.179359,-1.060426,2.398154
-0.035841,-1.042542,2.340942
-0.132862,0.463823,2.650760
-0.130256,0.264638,2.662014
-0.297498,0.151265,2.672761
0.036386,0.153136,2.648071
-0.360597,-0.110627,2.684262
0.207673,0.088188,2.455742
-0.365118,-0.326716,2.455742
0.114995,0.298033,2.578727
-0.359484,-0.385658,2.550835
0.065037,0.412140,2.173684
-0.120561,-0.082250,2.636880
-0.121921,-0.137315,2.577583
-0.195886,-0.213950,2.558676
-0.045128,-0.207205,2.559222
-0.213473,-0.626150,2.422754
-0.034467,-0.636890,2.510133
-0.174639,-1.013808,2.458719
-0.026560,-1.004854,2.419432
-0.180783,-1.056226,2.364405
-0.038425,-1.044458,2.365330
-0.131818,0.466421,2.631082
-0.130551,0.268051,2.644100
-0.298535,0.153569,2.656516
0.036122,0.156403,2.627946
-0.361489,-0.108300,2.665560
0.208886,0.125472,2.417665
-0.365793,-0.324225,2.417665
0.100989,0.361298,2.559134
-0.360507,-0.384463,2.529711
0.047977,0.482603,2.169381
-0.120890,-0.079000,2.619036
-0.122726,-0.134022,2.559692
-0.196849,-0.210690,2.541529
-0.045953,-0.204417,2.540110
-0.214148,-0.620741,2.403166
-0.034654,-0.635802,2.501402
-0.176400,-1.010757,2.431155
-0.026277,-1.004214,2.430012
-0.182057,-1.052417,2.334318
-0.041004,-1.045793,2.387287
-0.130915,0.469238,2.612536
-0.130995,0.271221,2.627702
-0.300056,0.155955,2.641428
0.035232,0.159668,2.608347
-0.362730,-0.105993,2.647890
0.208898,0.159804,2.383935
-0.366788,-0.321732,2.383935
0.087216,0.416486,2.540640
-0.361724,-0.382365,2.510523
0.036277,0.539424,2.159962
-0.121484,-0.075859,2.602138
-0.123892,-0.130778,2.542655
-0.198422,-0.207431,2.524719
-0.047014,-0.201700,2.522219
-0.214808,-0.615868,2.385506
-0.034933,-0.634447,2.491765
-0.177956,-1.007992,2.406463
-0.025999,-1.003489,2.439180
-0.183194,-1.048964,2.307397
-0.043811,-1.046341,2.405489
-0.130230,0.472094,2.595342
-0.131535,0.274196,2.612644
-0.301988,0.158230,2.627158
0.033671,0.163229,2.589261
-0.364233,-0.103805,2.631377
0.207230,0.192526,2.353629
-0.368202,-0.319155,2.353629
0.073242,0.466034,2.522827
-0.363495,-0.380966,2.490653
0.024661,0.590380,2.154357
-0.122206,-0.072880,2.586429
-0.125216,-0.127699,2.526810
-0.200091,-0.204388,2.509215
-0.048299,-0.199039,2.505489
-0.215438,-0.611453,2.369549
-0.035335,-0.632702,2.481442
-0.179346,-1.005487,2.384294
-0.025752,-1.002663,2.446832
-0.184204,-1.045824,2.283217
-0.046392,-1.046334,2.420445
-0.129822,0.475237,2.579494
-0.132311,0.277161,2.598217
-0.304235,0.160475,2.613851
0.031649,0.166824,2.571066
-0.366019,-0.101725,2.615810
0.204364,0.222973,2.326788
-0.370193,-0.316536,2.326788
0.059368,0.509939,2.505650
-0.365518,-0.379682,2.471777
0.013203,0.635518,2.152154
-0.123142,-0.069890,2.571498
-0.126776,-0.124633,2.511788
-0.201975,-0.201448,2.494685
-0.049800,-0.196283,2.489579
-0.216074,-0.607396,2.355145
-0.035818,-0.630799,2.471008
-0.180606,-1.003206,2.364318
-0.025845,-1.001202,2.453078
-0.185103,-1.042952,2.261379
-0.048288,-1.044586,2.430531
-0.129459,0.478468,2.565012
-0.133638,0.280261,2.583931
-0.307135,0.162675,2.600881
0.028879,0.170705,2.553087
-0.368298,-0.099502,2.600748
0.198218,0.253958,2.302687
-0.372626,-0.313763,2.302687
0.043735,0.549882,2.489115
-0.368254,-0.377963,2.452576
0.000922,0.675616,2.154711
-0.124599,-0.066737,2.556676
-0.128906,-0.121407,2.496876
-0.204385,-0.198473,2.480480
-0.051893,-0.193232,2.473603
-0.216739,-0.603635,2.342191
-0.036642,-0.628186,2.459205
-0.181752,-1.001130,2.346222
-0.025888,-1.000791,2.458506
-0.185928,-1.040337,2.241558
-0.050020,-1.044549,2.439337
-0.129223,0.481503,2.551871
-0.135031,0.283316,2.570595
-0.310203,0.164801,2.588749
0.025700,0.174625,2.535811
-0.370837,-0.097334,2.586609
0.192065,0.282003,2.281739
-0.375275,-0.310945,2.281739
0.028641,0.583969,2.473386
-0.370936,-0.375692,2.435328
-0.011128,0.709962,2.159581
-0.126181,-0.063640,2.542833
-0.131202,-0.118238,2.482946
-0.206912,-0.195605,2.467381
-0.054277,-0.190116,2.458410
-0.217425,-0.600137,2.330625
-0.037671,-0.625213,2.447250
-0.182794,-0.999232,2.329786
-0.026032,-1.000335,2.462848
-0.186730,-1.037970,2.223662
-0.051728,-1.044310,2.445675
-0.129217,0.484471,2.539459
-0.136731,0.286443,2.557648
-0.313537,0.166966,2.577009
0.021915,0.178739,2.518935
-0.373540,-0.095231,2.573397
0.185577,0.307554,2.263192
-0.378310,-0.307999,2.263192
0.014094,0.612935,2.458261
-0.373743,-0.373561,2.419133
-0.022925,0.739067,2.165943
-0.127958,-0.060454,2.529518
-0.133679,-0.114999,2.469585
-0.209515,-0.192799,2.455168
-0.056873,-0.186708,2.443482
-0.218171,-0.596859,2.320373
-0.038953,-0.621713,2.434873
-0.183736,-0.997468,2.314964
-0.026350,-0.999683,2.463841
-0.187521,-1.035814,2.207681
-0.053397,-1.043712,2.446072
-0.129292,0.487326,2.528082
-0.138620,0.289570,2.545306
-0.316959,0.168931,2.566045
0.017965,0.182864,2.503096
-0.376344,-0.093194,2.560992
0.179091,0.330664,2.247041
-0.381314,-0.305262,2.247041
0.000107,0.637099,2.444346
-0.376533,-0.371536,2.404174
-0.034426,0.763165,2.173674
-0.129889,-0.057304,2.516996
-0.136302,-0.111822,2.457056
-0.212224,-0.190084,2.443832
-0.059615,-0.183358,2.429491
-0.218956,-0.593827,2.311332
-0.040404,-0.618011,2.422749
-0.184588,-0.995826,2.301708
-0.026715,-0.998869,2.463463
-0.188321,-1.033843,2.193577
-0.054939,-1.042879,2.443944
-0.129443,0.490133,2.517615
-0.140687,0.292606,2.533781
-0.320325,0.170791,2.555922
0.014002,0.186847,2.488435
-0.379091,-0.091311,2.549608
0.172773,0.351335,2.232990
-0.384223,-0.302744,2.232990
-0.013013,0.656772,2.431662
-0.379252,-0.369671,2.390497
-0.045383,0.782559,2.182460
-0.131812,-0.054361,2.505421
-0.138865,-0.108887,2.445484
-0.214819,-0.187562,2.433254
-0.062263,-0.180239,2.416728
-0.219773,-0.591028,2.303427
-0.042056,-0.613969,2.410849
-0.185355,-0.994296,2.289938
-0.027200,-0.997735,2.461196
-0.189124,-1.032075,2.181258
-0.056426,-1.041870,2.438720
-0.129702,0.492846,2.508009
-0.142648,0.295547,2.523147
-0.323595,0.172524,2.546524
0.010171,0.190645,2.474997
-0.381737,-0.089595,2.539220
0.166573,0.369830,2.220801
-0.387005,-0.300417,2.220801
-0.025226,0.672071,2.420082
-0.381819,-0.367962,2.378115
-0.055712,0.797447,2.192340
-0.133778,-0.051552,2.494654
-0.141478,-0.106082,2.434693
-0.217448,-0.185164,2.423477
-0.065089,-0.177198,2.404659
-0.220622,-0.588478,2.296608
-0.043720,-0.609957,2.399475
-0.186036,-0.992878,2.279626
-0.027784,-0.996474,2.457671
-0.189923,-1.030457,2.170689
-0.057845,-1.040663,2.431420
-0.130540,0.495538,2.498693
-0.144701,0.298360,2.513093
-0.326703,0.174159,2.537485
0.006279,0.194461,2.462132
-0.384259,-0.088104,2.529525
0.160696,0.386441,2.210141
-0.389543,-0.298444,2.210141
-0.036617,0.682788,2.409530
-0.384172,-0.366432,2.366920
-0.065457,0.807828,2.203249
-0.135816,-0.048954,2.484405
-0.144133,-0.103517,2.424436
-0.220016,-0.182969,2.414310
-0.068002,-0.174362,2.393224
-0.221468,-0.586133,2.290682
-0.045424,-0.605932,2.388321
-0.186642,-0.991539,2.270691
-0.028420,-0.995113,2.453314
-0.190731,-1.029012,2.161779
-0.059190,-1.039397,2.422835
-0.131504,0.497928,2.490142
-0.146725,0.300961,2.503742
-0.329644,0.175646,2.529219
0.002542,0.198025,2.450329
-0.386627,-0.086808,2.520643
0.154927,0.401207,2.201158
-0.391870,-0.296721,2.201158
-0.046989,0.689547,2.399960
-0.386331,-0.365051,2.356836
-0.074482,0.814316,2.214803
-0.137856,-0.046514,2.474831
-0.146779,-0.101098,2.414854
-0.222548,-0.180917,2.405833
-0.070971,-0.171631,2.382376
-0.222341,-0.584014,2.285681
-0.047081,-0.601994,2.377771
-0.187149,-0.990292,2.263083
-0.029090,-0.993651,2.448250
-0.191523,-1.027692,2.154455
-0.060457,-1.038004,2.413233
-0.132309,0.500180,2.482424
-0.148763,0.303374,2.495094
-0.332423,0.177008,2.521595
-0.000990,0.201324,2.439352
-0.388780,-0.085681,2.512480
0.149390,0.414247,2.193691
-0.393693,-0.295307,2.193691
-0.056198,0.692664,2.391172
-0.388183,-0.363961,2.347707
-0.082687,0.817274,2.226712
-0.139903,-0.044258,2.465918
-0.149417,-0.098863,2.405933
-0.225020,-0.179036,2.398008
-0.073988,-0.169086,2.372183
-0.223215,-0.582087,2.281430
-0.048644,-0.598246,2.367887
-0.187512,-0.989101,2.256706
-0.029798,-0.992158,2.442673
-0.192235,-1.026489,2.148599
-0.061683,-1.036570,2.402984
-0.133724,0.502340,2.475098
-0.150861,0.305630,2.486951
-0.334989,0.178243,2.514505
-0.004173,0.204382,2.429220
-0.390667,-0.084675,2.504984
0.144227,0.425707,2.187580
-0.395197,-0.293987,2.187580
-0.064158,0.692326,2.383211
-0.389814,-0.362991,2.339471
-0.090011,0.816962,2.238815
-0.141931,-0.042191,2.457593
-0.151992,-0.096833,2.397618
-0.227445,-0.177336,2.390677
-0.076877,-0.166775,2.362790
-0.224065,-0.580351,2.277868
-0.050031,-0.594725,2.358655
-0.187778,-0.987971,2.251534
-0.030553,-0.990674,2.436773
-0.192908,-1.025434,2.144179
-0.062862,-1.035143,2.392398
-0.135226,0.504342,2.468410
-0.152772,0.307694,2.479524
-0.337379,0.179357,2.507948
-0.007059,0.207131,2.419963
-0.392346,-0.083791,2.498027
0.139387,0.435455,2.182825
-0.396548,-0.292808,2.182825
-0.070685,0.688989,2.376014
-0.391257,-0.362141,2.332014
-0.096320,0.813822,2.250793
-0.143827,-0.040291,2.449898
-0.154400,-0.094961,2.389918
-0.229739,-0.175777,2.383916
-0.079560,-0.164633,2.354005
-0.224831,-0.578805,2.274871
-0.051229,-0.591507,2.350118
-0.187967,-0.986911,2.247516
-0.031337,-0.989263,2.430648
-0.193566,-1.024470,2.141104
-0.063986,-1.033695,2.381633
-0.136809,0.506203,2.462296
-0.154523,0.309580,2.472722
-0.339584,0.180388,2.501858
-0.009629,0.209612,2.411535
-0.393851,-0.082998,2.491613
0.134891,0.443622,2.179356
-0.397751,-0.291752,2.179356
-0.075910,0.683279,2.369485
-0.392546,-0.361380,2.325259
-0.101696,0.808379,2.262460
-0.145588,-0.038555,2.442807
-0.156629,-0.093251,2.382826
-0.231889,-0.174371,2.377702
-0.082012,-0.162669,2.345895
-0.225539,-0.577420,2.272440
-0.052287,-0.588526,2.342249
-0.188069,-0.985902,2.244523
-0.032115,-0.987882,2.424387
-0.194163,-1.023614,2.139202
-0.064998,-1.032251,2.370854
-0.138417,0.507935,2.456707
-0.156109,0.311306,2.466472
-0.341607,0.181327,2.496261
-0.011898,0.211864,2.403849
-0.395197,-0.082309,2.485723
0.130815,0.450341,2.177073
-0.398825,-0.290815,2.177073
-0.079867,0.675829,2.363536
-0.393700,-0.360692,2.319121
-0.106146,0.801157,2.273672
-0.147188,-0.036909,2.436301
-0.158653,-0.091613,2.376329
-0.233852,-0.173084,2.372083
-0.084247,-0.160770,2.338290
-0.226190,-0.576185,2.270532
-0.053215,-0.585781,2.335021
-0.188091,-0.984937,2.242492
-0.032865,-0.986540,2.418057
-0.194721,-1.022812,2.138377
-0.065905,-1.030702,2.360163
-0.140014,0.509518,2.451583
-0.157512,0.312901,2.460731
-0.343453,0.182165,2.491125
-0.013902,0.213902,2.396863
-0.396382,-0.081692,2.480294
0.127289,0.455537,2.175952
-0.399741,-0.289988,2.175952
-0.082545,0.667428,2.358049
-0.394709,-0.360049,2.313525
-0.109628,0.792836,2.283938
-0.148596,-0.035379,2.430300
-0.160447,-0.090094,2.370347
-0.235598,-0.171899,2.366933
-0.086209,-0.159036,2.331287
-0.226775,-0.575071,2.269061
-0.053968,-0.583280,2.328434
-0.188046,-0.983996,2.241311
-0.033625,-0.985263,2.411738
-0.195240,-1.022048,2.138486
-0.066762,-1.029176,2.349703
-0.141565,0.510971,2.446901
-0.158776,0.314351,2.455440
-0.345117,0.182890,2.486373
-0.015671,0.215750,2.390502
-0.397409,-0.081125,2.475307
0.124330,0.459330,2.175878
-0.400533,-0.289212,2.175878
-0.084095,0.657913,2.353015
-0.395590,-0.359451,2.308436
-0.112257,0.783350,2.293513
-0.149850,-0.033978,2.424791
-0.162046,-0.088708,2.364868
-0.237164,-0.170823,2.362213
-0.087936,-0.157463,2.324904
-0.227276,-0.574086,2.268006
-0.054580,-0.580992,2.322432
-0.187918,-0.983099,2.240877
-0.034335,-0.984040,2.405573
-0.195685,-1.021349,2.139391
-0.067503,-1.027694,2.339662
-0.142946,0.512319,2.442596
-0.159897,0.315655,2.450590
-0.346592,0.183538,2.481984
-0.017234,0.217430,2.384720
-0.398297,-0.080602,2.470722
0.122003,0.461747,2.176707
-0.401229,-0.288502,2.176707
-0.084507,0.647768,2.348433
-0.396344,-0.358895,2.303809
-0.114011,0.773134,2.302238
-0.150955,-0.032703,2.419744
-0.163462,-0.087445,2.359858
-0.238554,-0.169847,2.357895
-0.089460,-0.156034,2.319092
-0.227683,-0.573232,2.267320
-0.055078,-0.578901,2.316966
-0.187722,-0.982253,2.241140
-0.034984,-0.982874,2.399593
-0.196070,-1.020702,2.141013
-0.068121,-1.026258,2.330075
-0.144199,0.513542,2.438657
-0.160885,0.316831,2.446163
-0.347905,0.184119,2.477957
-0.018612,0.218968,2.379455
-0.399024,-0.080105,2.466465
0.120267,0.462983,2.178268
-0.401824,-0.287847,2.178268
-0.084009,0.637095,2.344253
-0.396954,-0.358377,2.299590
-0.115041,0.762280,2.310221
-0.151877,-0.031542,2.415100
-0.164659,-0.086294,2.355248
-0.239746,-0.168959,2.353888
-0.090707,-0.154725,2.313783
-0.228011,-0.572475,2.266930
-0.055472,-0.576979,2.311976
-0.187473,-0.981433,2.241979
-0.035543,-0.981750,2.393832
-0.196408,-1.020112,2.143221
-0.068601,-1.024881,2.320987
-0.145308,0.514627,2.435014
-0.161732,0.317906,2.442075
-0.348518,0.184872,2.473800
-0.019813,0.220371,2.374669
-0.399602,-0.079640,2.462525
0.119142,0.463116,2.180484
-0.402281,-0.287237,2.180484
-0.082674,0.626181,2.340410
-0.397432,-0.357893,2.295758
-0.115383,0.751044,2.317464
-0.152659,-0.030504,2.410839
-0.165676,-0.085272,2.351019
-0.240749,-0.168158,2.350195
-0.091792,-0.153543,2.308965
-0.228246,-0.571818,2.266791
-0.055773,-0.575209,2.307433
-0.187144,-0.980659,2.243221
-0.036049,-0.980665,2.388275
-0.196602,-1.019582,2.145777
-0.068942,-1.023571,2.312358
-0.146322,0.515605,2.431699
-0.162465,0.318880,2.438319
-0.348889,0.185615,2.469893
-0.020786,0.221663,2.370291
-0.400021,-0.079200,2.458862
0.118682,0.462343,2.183158
-0.402612,-0.286668,2.183158
-0.080506,0.615303,2.336882
-0.397747,-0.357411,2.292255
-0.115038,0.739689,2.323939
-0.153326,-0.029562,2.406950
-0.166552,-0.084349,2.347160
-0.241594,-0.167426,2.346827
-0.092739,-0.152473,2.304587
-0.228403,-0.571254,2.266865
-0.055976,-0.573590,2.303297
-0.186783,-0.979926,2.244853
-0.036527,-0.979638,2.382939
-0.196754,-1.019073,2.148679
-0.069223,-1.022318,2.304210
-0.147252,0.516483,2.428670
-0.163089,0.319767,2.434872
-0.349218,0.186200,2.466287
-0.021562,0.222830,2.366303
-0.400273,-0.078796,2.455448
0.118770,0.460692,2.186275
-0.402789,-0.286141,2.186275
-0.077675,0.604724,2.333628
-0.397773,-0.357177,2.288892
-0.114107,0.728440,2.329721
-0.153881,-0.028705,2.403403
-0.167288,-0.083511,2.343641
-0.242303,-0.166768,2.343759
-0.093531,-0.151506,2.300601
-0.228475,-0.570762,2.267112
-0.056068,-0.572092,2.299523
-0.186409,-0.979222,2.246804
-0.036940,-0.978649,2.377828
-0.196876,-1.018603,2.151853
-0.069409,-1.021133,2.296542
-0.148105,0.517269,2.425887
-0.163567,0.320559,2.431668
-0.349315,0.186760,2.462863
-0.022119,0.223890,2.362685
-0.400337,-0.078421,2.452255
0.119468,0.458184,2.189677
-0.402727,-0.285629,2.189677
-0.074168,0.594261,2.330575
-0.397628,-0.356771,2.285899
-0.112605,0.717199,2.334775
-0.154315,-0.027932,2.400152
-0.167875,-0.082760,2.340418
-0.242862,-0.166173,2.340949
-0.094174,-0.150637,2.296973
-0.228438,-0.570366,2.267497
-0.056067,-0.570723,2.296093
-0.186034,-0.978580,2.249034
-0.037296,-0.977722,2.372950
-0.196977,-1.018162,2.155240
-0.069506,-1.020017,2.289339
-0.148879,0.517965,2.423308
-0.163873,0.321250,2.428658
-0.349250,0.187258,2.459629
-0.022372,0.224828,2.359399
-0.400144,-0.078040,2.449219
0.120788,0.454964,2.193269
-0.402457,-0.285124,2.193269
-0.070094,0.583893,2.327738
-0.397313,-0.356379,2.283177
-0.110596,0.705955,2.339149
-0.154621,-0.027233,2.397167
-0.168307,-0.082084,2.337464
-0.243282,-0.165639,2.338377
-0.094645,-0.149860,2.293669
-0.228318,-0.570023,2.267988
-0.055976,-0.569467,2.292980
-0.185641,-0.977958,2.251451
-0.037603,-0.976846,2.368321
-0.197031,-1.017746,2.158747
-0.069532,-1.018972,2.282609
-0.149476,0.518598,2.420932
-0.163980,0.321823,2.425829
-0.348963,0.187706,2.456551
-0.022278,0.225643,2.356431
-0.399702,-0.077656,2.446328
0.122799,0.451045,2.197021
-0.401924,-0.284605,2.197021
-0.067092,0.575531,2.325053
-0.396756,-0.356239,2.280544
-0.108061,0.694773,2.342858
-0.154748,-0.026612,2.394403
-0.168526,-0.081484,2.334734
-0.243498,-0.165167,2.335995
-0.094888,-0.149174,2.290647
-0.228097,-0.569726,2.268562
-0.055778,-0.568322,2.290160
-0.185265,-0.977359,2.254004
-0.037827,-0.976029,2.363968
-0.197076,-1.017356,2.162322
-0.069459,-1.017994,2.276358
-0.149919,0.519153,2.418691
-0.163865,0.322293,2.423153
-0.348499,0.188104,2.453653
-0.021869,0.226346,2.353771
-0.398993,-0.077304,2.443552
0.125362,0.446624,2.200890
-0.401189,-0.284134,2.200890
-0.062092,0.566103,2.322548
-0.395969,-0.356187,2.278075
-0.105084,0.684033,2.345917
-0.154696,-0.026066,2.391854
-0.168537,-0.080961,2.332227
-0.243509,-0.164753,2.333795
-0.094913,-0.148584,2.287919
-0.227812,-0.569476,2.269204
-0.055481,-0.567274,2.287612
-0.184870,-0.976784,2.256652
-0.037982,-0.975260,2.359885
-0.197079,-1.016985,2.165917
-0.069310,-1.017086,2.270569
-0.150209,0.519629,2.416582
-0.163488,0.322664,2.420588
-0.347446,0.188523,2.450634
-0.020915,0.226964,2.351485
-0.398010,-0.076943,2.440848
0.128629,0.441745,2.204734
-0.400023,-0.283648,2.204734
-0.056431,0.556788,2.320135
-0.394952,-0.356201,2.275779
-0.101581,0.673390,2.348455
-0.154392,-0.025601,2.389497
-0.168200,-0.080534,2.329911
-0.243117,-0.164405,2.331705
-0.094564,-0.148109,2.285514
-0.227458,-0.569253,2.269880
-0.055022,-0.566300,2.285334
-0.184487,-0.976228,2.259279
-0.038090,-0.974525,2.356078
-0.197024,-1.016639,2.169405
-0.069082,-1.016251,2.265224
-0.150367,0.520030,2.414595
-0.162886,0.322937,2.418139
-0.346080,0.188923,2.447683
-0.019646,0.227464,2.349509
-0.396739,-0.076573,2.438198
0.132722,0.436008,2.208667
-0.398651,-0.283193,2.208667
-0.049825,0.547582,2.317896
-0.393673,-0.356281,2.273637
-0.097387,0.662850,2.350472
-0.153901,-0.025212,2.387321
-0.167629,-0.080190,2.327785
-0.242500,-0.164110,2.329766
-0.093977,-0.147727,2.283379
-0.227040,-0.569067,2.270561
-0.054426,-0.565410,2.283314
-0.184128,-0.975705,2.261855
-0.038167,-0.973835,2.352526
-0.196960,-1.016313,2.172762
-0.068818,-1.015474,2.260292
-0.150355,0.520368,2.412694
-0.162015,0.323097,2.415767
-0.344411,0.189269,2.444781
-0.017970,0.227810,2.347801
-0.395168,-0.076221,2.435586
0.137313,0.429948,2.212566
-0.397097,-0.282787,2.212566
-0.042808,0.538658,2.315801
-0.392176,-0.356431,2.271618
-0.092775,0.652527,2.352200
-0.153191,-0.024912,2.385299
-0.166795,-0.079942,2.325818
-0.241633,-0.163878,2.327922
-0.093095,-0.147467,2.281510
-0.226568,-0.568878,2.271185
-0.053672,-0.564593,2.281532
-0.183791,-0.975178,2.264320
-0.038218,-0.973182,2.349220
-0.196885,-1.016008,2.175942
-0.068530,-1.014764,2.255757
-0.150138,0.520618,2.410868
-0.160911,0.323141,2.413490
-0.342438,0.189596,2.441866
-0.015792,0.227962,2.346330
-0.393388,-0.075850,2.433053
0.142196,0.423879,2.216325
-0.395318,-0.282373,2.216325
-0.035785,0.530203,2.313829
-0.390410,-0.356601,2.269707
-0.088001,0.642587,2.353524
-0.152294,-0.024689,2.383430
-0.165718,-0.079778,2.324008
-0.240556,-0.163700,2.326190
-0.091915,-0.147325,2.279885
-0.226063,-0.568709,2.271748
-0.052819,-0.563849,2.279970
-0.183477,-0.974680,2.266625
-0.038233,-0.972567,2.346140
-0.196795,-1.015721,2.178897
-0.068200,-1.014117,2.251577
-0.149603,0.520750,2.409029
-0.159634,0.323098,2.411325
-0.340274,0.189905,2.439026
-0.013275,0.227979,2.345088
-0.391369,-0.075468,2.430568
0.147692,0.417331,2.219996
-0.393316,-0.281956,2.219996
-0.028332,0.521953,2.311942
-0.388439,-0.356788,2.267883
-0.082819,0.632831,2.354332
-0.151229,-0.024543,2.381706
-0.164433,-0.079697,2.322347
-0.239276,-0.163591,2.324539
-0.090492,-0.147284,2.278499
-0.225506,-0.568567,2.272209
-0.051843,-0.563189,2.278607
-0.183175,-0.974213,2.268756
-0.038231,-0.971996,2.343279
-0.196688,-1.015451,2.181622
-0.067856,-1.013519,2.247736
-0.148739,0.520755,2.407147
-0.158099,0.322909,2.409225
-0.337534,0.190107,2.435951
-0.010345,0.227869,2.344059
-0.389141,-0.075075,2.428112
0.153455,0.410798,2.223450
-0.391085,-0.281530,2.223450
-0.020857,0.514119,2.310106
-0.386263,-0.356438,2.266385
-0.077467,0.623428,2.354755
-0.149913,-0.024517,2.380087
-0.162812,-0.079746,2.320789
-0.237654,-0.163580,2.322916
-0.088715,-0.147394,2.277325
-0.224897,-0.568461,2.272575
-0.050730,-0.562601,2.277422
-0.182909,-0.973794,2.270653
-0.038218,-0.971461,2.340630
-0.196581,-1.015211,2.184058
-0.067497,-1.012981,2.244212
-0.147681,0.520657,2.405253
-0.156391,0.322604,2.407191
-0.334430,0.190241,2.432767
-0.007024,0.227658,2.343251
-0.386698,-0.074655,2.425670
0.159579,0.404123,2.226646
-0.388727,-0.281101,2.226646
-0.013196,0.506557,2.308358
-0.383959,-0.356010,2.265009
-0.071841,0.614269,2.354793
-0.148415,-0.024580,2.378556
-0.160935,-0.079889,2.319314
-0.235777,-0.163649,2.321307
-0.086639,-0.147609,2.276319
-0.224197,-0.568383,2.272808
-0.049510,-0.562075,2.276399
-0.182733,-0.973436,2.272204
-0.038189,-0.970957,2.338172
-0.196554,-1.015010,2.186075
-0.067118,-1.012485,2.240973
-0.146460,0.520485,2.403372
-0.154449,0.322185,2.405162
-0.331181,0.190360,2.429644
-0.003336,0.227333,2.342587
-0.384155,-0.074228,2.423277
0.165902,0.397492,2.229518
-0.386253,-0.280668,2.229518
-0.005478,0.499227,2.306672
-0.381546,-0.355500,2.263738
-0.066000,0.605321,2.354671
-0.146774,-0.024703,2.377111
-0.158903,-0.080093,2.317932
-0.233768,-0.163750,2.319752
-0.084393,-0.147918,2.275461
-0.223416,-0.568308,2.272863
-0.048205,-0.561611,2.275514
-0.182563,-0.973097,2.273604
-0.038150,-0.970482,2.335899
-0.196519,-1.014815,2.187895
-0.066739,-1.012031,2.238008
-0.144834,0.520198,2.401340
-0.152039,0.321651,2.402963
-0.327495,0.190503,2.426287
0.000899,0.226844,2.341997
-0.381486,-0.073749,2.420841
0.172596,0.390748,2.231879
-0.383664,-0.280204,2.231879
0.001940,0.492569,2.305006
-0.379025,-0.354916,2.262531
-0.060233,0.596965,2.354138
-0.144947,-0.024871,2.375671
-0.156666,-0.080346,2.316558
-0.231591,-0.163862,2.318151
-0.081976,-0.148309,2.274698
-0.222431,-0.568203,2.272469
-0.046843,-0.561204,2.274749
-0.182469,-0.972754,2.274457
-0.038100,-0.970036,2.333796
-0.196517,-1.014640,2.189103
-0.066345,-1.011611,2.235290
-0.142977,0.519846,2.399185
-0.149415,0.321060,2.400715
-0.323747,0.190645,2.422931
0.005344,0.226285,2.341475
-0.378734,-0.073247,2.418401
0.179404,0.383989,2.233785
-0.380996,-0.279719,2.233785
0.009411,0.486422,2.303347
-0.376442,-0.354272,2.261371
-0.054332,0.589062,2.353034
-0.142998,-0.025070,2.374257
-0.154305,-0.080627,2.315213
-0.229324,-0.163991,2.316525
-0.079435,-0.148757,2.274028
-0.221228,-0.568051,2.271523
-0.045420,-0.560843,2.274098
-0.182426,-0.972386,2.274939
-0.038039,-0.969611,2.331852
-0.196533,-1.014442,2.189911
-0.065942,-1.011221,2.232800
-0.140666,0.519415,2.396439
-0.146584,0.320440,2.398213
-0.319809,0.190819,2.419315
0.009994,0.225581,2.340840
-0.375901,-0.072716,2.415769
0.186560,0.376508,2.234560
-0.378306,-0.279266,2.234560
0.018121,0.480094,2.301676
-0.373821,-0.353564,2.260218
-0.047590,0.580977,2.349401
-0.140864,-0.025314,2.372712
-0.151730,-0.080965,2.313733
-0.226827,-0.164153,2.314630
-0.076703,-0.149293,2.273355
-0.219717,-0.567778,2.269252
-0.043942,-0.560540,2.273540
-0.182502,-0.971767,2.272348
-0.037973,-0.969213,2.330056
-0.196538,-1.014103,2.187420
-0.065537,-1.010862,2.230522
-0.138438,0.518968,2.393380
-0.143651,0.319749,2.395453
-0.315768,0.191003,2.415445
0.014664,0.224722,2.340068
-0.373033,-0.072168,2.412942
0.194269,0.367722,2.234190
-0.375633,-0.278838,2.234190
0.028033,0.472642,2.299960
-0.371229,-0.352844,2.259097
-0.039884,0.572104,2.343383
-0.138643,-0.025597,2.371063
-0.149058,-0.081346,2.312152
-0.224239,-0.164310,2.312611
-0.073882,-0.149917,2.272634
-0.218008,-0.567397,2.266189
-0.042434,-0.560301,2.273055
-0.182662,-0.970979,2.268245
-0.037903,-0.968842,2.328398
-0.196562,-1.013628,2.183285
-0.065133,-1.010535,2.228439
-0.136282,0.518419,2.389976
-0.140682,0.318979,2.392354
-0.311702,0.191262,2.411342
0.019240,0.223831,2.339229
-0.370150,-0.071618,2.409955
0.201762,0.358497,2.232753
-0.372937,-0.278406,2.232753
0.037853,0.464974,2.298112
-0.368649,-0.352104,2.257941
-0.032009,0.563101,2.335654
-0.136365,-0.025887,2.369283
-0.146305,-0.081740,2.310444
-0.221532,-0.164443,2.310388
-0.071012,-0.150575,2.271880
-0.216095,-0.566857,2.262166
-0.040896,-0.560094,2.272614
-0.182947,-0.969822,2.261476
-0.037825,-0.968485,2.326858
-0.196607,-1.012834,2.176247
-0.064713,-1.010227,2.226527
-0.134142,0.517615,2.385149
-0.137600,0.318025,2.388404
-0.307433,0.191539,2.406044
0.023609,0.222863,2.337885
-0.367219,-0.071047,2.406371
0.210620,0.341921,2.227740
-0.370187,-0.277946,2.227740
0.048787,0.452882,2.295754
-0.366088,-0.351332,2.256459
-0.018507,0.542791,2.309108
-0.133957,-0.026284,2.366948
-0.143395,-0.082243,2.308197
-0.218626,-0.164651,2.307530
-0.068092,-0.151307,2.270773
-0.213901,-0.566247,2.256418
-0.039351,-0.559926,2.272111
-0.183469,-0.967504,2.247407
-0.037741,-0.968138,2.325415
-0.196684,-1.010798,2.161009
-0.064280,-1.009934,2.224765
-0.132284,0.516488,2.378164
-0.134531,0.316931,2.382693
-0.303167,0.191832,2.399092
0.027724,0.221743,2.335682
-0.364330,-0.070502,2.401834
0.217949,0.320483,2.218464
-0.367408,-0.277564,2.218464
0.058247,0.434450,2.292808
-0.363492,-0.350461,2.254381
-0.007765,0.513757,2.266265
-0.131405,-0.026647,2.363348
-0.140318,-0.082692,2.304749
-0.215541,-0.164760,2.303368
-0.065047,-0.151953,2.268747
-0.211439,-0.565404,2.248687
-0.037806,-0.559684,2.271293
-0.184223,-0.964088,2.228040
-0.037632,-0.967723,2.324047
-0.196924,-1.007433,2.139994
-0.063800,-1.009570,2.223145
-0.130560,0.515355,2.370511
-0.131497,0.315795,2.376033
-0.299063,0.192201,2.391344
0.031472,0.220702,2.333213
-0.361465,-0.069985,2.396571
0.223711,0.297625,2.208186
-0.364651,-0.277209,2.208186
0.068230,0.409849,2.289253
-0.360990,-0.349641,2.252013
0.006234,0.477565,2.217404
-0.128852,-0.027008,2.359006
-0.137220,-0.083136,2.300605
-0.212417,-0.164811,2.298401
-0.062028,-0.152564,2.266267
-0.208930,-0.564363,2.239420
-0.036237,-0.559478,2.270295
-0.184926,-0.960545,2.207344
-0.037495,-0.967298,2.322711
-0.197008,-1.004011,2.117681
-0.063255,-1.009171,2.221597
-0.129115,0.514163,2.361547
-0.128621,0.314580,2.367941
-0.295351,0.192600,2.382734
0.034885,0.219249,2.329582
-0.358656,-0.069475,2.390356
0.227722,0.270201,2.196522
-0.362012,-0.276893,2.196522
0.078478,0.380660,2.285017
-0.358538,-0.348834,2.249131
0.018501,0.437475,2.164636
-0.126361,-0.027520,2.353466
-0.134228,-0.083758,2.295345
-0.209435,-0.164994,2.292181
-0.059108,-0.153324,2.263005
-0.206500,-0.563318,2.227717
-0.034660,-0.559441,2.269001
-0.185563,-0.957003,2.184478
-0.037357,-0.966919,2.321430
-0.197066,-1.000660,2.093232
-0.062724,-1.008786,2.220139
-0.128086,0.512749,2.350892
-0.126054,0.313186,2.358161
-0.292062,0.192892,2.372703
0.037445,0.216132,2.322806
-0.356024,-0.069075,2.383116
0.231119,0.242305,2.183696
-0.359532,-0.276663,2.183696
0.086507,0.348330,2.279780
-0.356127,-0.348101,2.245062
0.029840,0.393129,2.107754
-0.123932,-0.028676,2.346201
-0.131391,-0.085147,2.288398
-0.206569,-0.165699,2.284820
-0.056362,-0.154789,2.258037
-0.204343,-0.562707,2.213244
-0.033056,-0.559749,2.267228
-0.186095,-0.954105,2.160672
-0.037225,-0.966614,2.320231
-0.197196,-0.998099,2.068125
-0.062265,-1.008490,2.218814
-0.127371,0.511232,2.338796
-0.123753,0.311635,2.346181
-0.289339,0.193098,2.360992
0.039378,0.212980,2.315361
-0.353780,-0.068844,2.374618
0.231725,0.212265,2.166245
-0.357280,-0.276608,2.166245
0.092462,0.312629,2.273414
-0.353906,-0.347361,2.240277
0.040587,0.345403,2.050195
-0.121746,-0.030239,2.337407
-0.128716,-0.087029,2.280024
-0.203792,-0.166859,2.275979
-0.053820,-0.156578,2.251984
-0.202437,-0.562543,2.196894
-0.031458,-0.560514,2.264840
-0.186569,-0.951633,2.136018
-0.037081,-0.966373,2.319103
-0.197078,-0.996013,2.042263
-0.061753,-1.008206,2.217561
-0.127475,0.509419,2.323712
-0.121973,0.309892,2.332296
-0.287310,0.193225,2.348010
0.040915,0.210936,2.306453
-0.351878,-0.068813,2.364345
0.231626,0.183393,2.149361
-0.355411,-0.276701,2.149361
0.097027,0.269857,2.265020
-0.352072,-0.347349,2.232666
0.050127,0.292645,1.990962
-0.119723,-0.031968,2.326764
-0.126220,-0.089083,2.269874
-0.201159,-0.168249,2.265581
-0.051381,-0.158655,2.243824
-0.200863,-0.562435,2.178174
-0.029876,-0.561655,2.261753
-0.186778,-0.949743,2.113380
-0.036918,-0.966127,2.317960
-0.196772,-0.994550,2.018962
-0.061233,-1.007900,2.216341
-0.128349,0.507470,2.306838
-0.120800,0.308106,2.316346
-0.286119,0.193189,2.332371
0.042168,0.208607,2.295434
-0.350476,-0.068861,2.351975
0.229644,0.152890,2.131419
-0.353993,-0.276958,2.131419
0.099644,0.218171,2.254974
-0.350664,-0.347407,2.223635
0.058136,0.237427,1.933674
-0.118176,-0.033844,2.313793
-0.124122,-0.091292,2.257406
-0.198982,-0.169888,2.252821
-0.049205,-0.161023,2.233341
-0.199639,-0.562603,2.158176
-0.028354,-0.563131,2.257300
-0.186874,-0.948114,2.090364
-0.036746,-0.965865,2.316662
-0.196258,-0.993342,1.995325
-0.060663,-1.007550,2.215029
-0.129738,0.505583,2.288454
-0.120397,0.306457,2.297635
-0.285838,0.193231,2.315275
0.042979,0.206026,2.282372
-0.349676,-0.068914,2.337753
0.226998,0.126091,2.115493
-0.353209,-0.277168,2.115493
0.099358,0.170548,2.242603
-0.349639,-0.347317,2.212078
0.064309,0.182138,1.880464
-0.117168,-0.035651,2.298325
-0.122551,-0.093476,2.242524
-0.197347,-0.171578,2.237770
-0.047459,-0.163557,2.220360
-0.198946,-0.562784,2.136755
-0.027016,-0.565013,2.251105
-0.187103,-0.946440,2.065839
-0.036547,-0.965513,2.315325
-0.195862,-0.992094,1.970160
-0.060050,-1.007091,2.213709
-0.132187,0.503822,2.267953
-0.121049,0.305038,2.277352
-0.286535,0.193484,2.296357
0.042909,0.203754,2.266836
-0.349765,-0.068806,2.320263
0.223340,0.102245,2.101457
-0.353032,-0.277405,2.101457
0.098873,0.127858,2.227953
-0.349341,-0.347282,2.198565
0.069295,0.128423,1.832166
-0.117135,-0.037273,2.280397
-0.121985,-0.095428,2.225084
-0.196666,-0.173067,2.220411
-0.046723,-0.165922,2.204201
-0.198550,-0.562732,2.113932
-0.026202,-0.567007,2.241184
-0.187650,-0.945119,2.044325
-0.036353,-0.964890,2.313543
-0.195935,-0.991172,1.948426
-0.059390,-1.006326,2.212037
-0.135446,0.502468,2.246039
-0.122793,0.303949,2.255347
-0.288352,0.194242,2.275449
0.041551,0.201997,2.248377
-0.350530,-0.068421,2.301000
0.218459,0.080389,2.088760
-0.353704,-0.277272,2.088760
0.097655,0.080799,2.210695
-0.349803,-0.347121,2.182256
0.073235,0.077934,1.789638
-0.117983,-0.038544,2.260014
-0.122327,-0.096981,2.205100
-0.196844,-0.174218,2.200220
-0.046863,-0.167802,2.185478
-0.198731,-0.562492,2.090465
-0.025780,-0.568846,2.228518
-0.188356,-0.943922,2.024008
-0.036139,-0.963995,2.310653
-0.196233,-0.990338,1.927954
-0.058637,-1.005243,2.209427
-0.140950,0.502412,2.218694
-0.126465,0.304307,2.227842
-0.292500,0.195714,2.248696
0.037767,0.201153,2.223751
-0.353344,-0.067108,2.274840
0.210259,0.059395,2.074926
-0.356308,-0.275870,2.074926
0.097857,0.037784,2.184835
-0.352250,-0.344569,2.156997
0.075932,0.023825,1.750741
-0.120893,-0.038897,2.232770
-0.124770,-0.097650,2.178052
-0.199074,-0.174536,2.172808
-0.049206,-0.168658,2.159408
-0.199667,-0.562201,2.065862
-0.025802,-0.568816,2.202335
-0.189229,-0.942856,2.003674
-0.035657,-0.961664,2.303882
-0.196716,-0.989496,1.907553
-0.057407,-1.002719,2.203320
-0.146766,0.502855,2.191600
-0.130631,0.305093,2.200568
-0.297104,0.197464,2.222091
0.033227,0.200901,2.198700
-0.356783,-0.065251,2.247925
0.202282,0.040501,2.061025
-0.359418,-0.273576,2.061025
0.097433,-0.002241,2.156852
-0.355329,-0.341537,2.129177
0.078131,-0.026711,1.716860
-0.124186,-0.038946,2.205413
-0.127624,-0.098008,2.150812
-0.201665,-0.174571,2.145291
-0.051978,-0.169102,2.132877
-0.201052,-0.562064,2.041822
-0.026989,-0.567575,2.169014
-0.190036,-0.942037,1.985345
-0.034544,-0.958137,2.294196
-0.197172,-0.988742,1.889259
-0.055455,-0.999083,2.194717
-0.152864,0.503639,2.164801
-0.135629,0.306326,2.172318
-0.302502,0.199693,2.195090
0.027650,0.201172,2.172110
-0.361109,-0.062849,2.219523
0.191349,0.022063,2.046644
-0.363384,-0.270201,2.046644
0.096442,-0.040536,2.125628
-0.359166,-0.337766,2.095983
0.079611,-0.074087,1.687355
-0.128218,-0.038567,2.176931
-0.131299,-0.097930,2.122421
-0.205073,-0.174208,2.116614
-0.055560,-0.169077,2.105100
-0.202900,-0.561740,2.018509
-0.028904,-0.565557,2.130557
-0.190476,-0.941222,1.968938
-0.033325,-0.953911,2.280314
-0.197319,-0.987994,1.872934
-0.053346,-0.994676,2.182384
-0.159791,0.504767,2.137029
-0.141036,0.308020,2.144088
-0.308582,0.202213,2.167058
0.021420,0.201789,2.144980
-0.366162,-0.059984,2.190001
0.179927,0.005313,2.032909
-0.367768,-0.266131,2.032909
0.095260,-0.075164,2.092436
-0.363308,-0.333730,2.061658
0.080605,-0.116736,1.662127
-0.132734,-0.037899,2.147922
-0.135423,-0.097548,2.093380
-0.208967,-0.173523,2.086955
-0.059559,-0.168686,2.076738
-0.205109,-0.561361,1.996235
-0.031583,-0.563940,2.089639
-0.190528,-0.940420,1.953930
-0.032309,-0.949708,2.262458
-0.197082,-0.987220,1.858023
-0.051236,-0.989992,2.165651
-0.166574,0.506215,2.109979
-0.147010,0.310047,2.115829
-0.314989,0.204856,2.139882
0.014757,0.202786,2.117683
-0.371708,-0.056838,2.160293
0.167927,-0.009823,2.019212
-0.372835,-0.261643,2.019212
0.093652,-0.107150,2.056831
-0.368401,-0.329003,2.023917
0.080994,-0.156218,1.640724
-0.137675,-0.036799,2.118751
-0.140047,-0.096688,2.064144
-0.213323,-0.172488,2.057276
-0.064067,-0.167758,2.047859
-0.207579,-0.561038,1.974971
-0.034741,-0.561189,2.044633
-0.190348,-0.939650,1.940533
-0.030374,-0.944360,2.240197
-0.196687,-0.986394,1.844720
-0.048205,-0.984077,2.144528
-0.173491,0.507841,2.083233
-0.153015,0.312290,2.088683
-0.321504,0.207794,2.111086
0.007814,0.204034,2.090313
-0.377863,-0.053419,2.129861
0.155519,-0.023475,2.005557
-0.378267,-0.256428,2.005557
0.091675,-0.136813,2.021339
-0.373636,-0.323767,1.986523
0.080788,-0.193108,1.623081
-0.142885,-0.035636,2.090161
-0.144834,-0.095741,2.035375
-0.217818,-0.171331,2.027839
-0.068781,-0.166611,2.019509
-0.210358,-0.560691,1.954567
-0.038065,-0.558365,1.999579
-0.189938,-0.938834,1.928579
-0.029129,-0.939718,2.209771
-0.196003,-0.985479,1.832797
-0.045509,-0.978765,2.115350
-0.180652,0.510387,2.054263
-0.160014,0.315256,2.058302
-0.328674,0.210969,2.079718
0.000018,0.205809,2.060242
-0.386022,-0.048574,2.094933
0.141883,-0.035968,1.989749
-0.385348,-0.248938,1.989749
0.089161,-0.165123,1.979770
-0.380094,-0.316067,1.941885
0.080238,-0.227039,1.609880
-0.149085,-0.033901,2.057958
-0.150617,-0.094207,2.002929
-0.223339,-0.169607,1.994181
-0.074448,-0.164724,1.987962
-0.213485,-0.560563,1.933950
-0.042936,-0.552962,1.945721
-0.189261,-0.937986,1.917161
-0.021133,-0.928425,2.176755
-0.195073,-0.984426,1.821431
-0.035923,-0.966602,2.083129
-0.187455,0.512864,2.027052
-0.166853,0.318095,2.029760
-0.335583,0.213911,2.050147
-0.007560,0.207608,2.031494
-0.393983,-0.043857,2.062065
0.129030,-0.046822,1.974872
-0.392565,-0.241206,1.974872
0.086605,-0.190629,1.939699
-0.386648,-0.308082,1.898871
0.079533,-0.258017,1.600012
-0.154929,-0.032187,2.027972
-0.156069,-0.092678,1.972733
-0.228529,-0.167956,1.962733
-0.079758,-0.162814,1.958631
-0.216555,-0.560491,1.914526
-0.047462,-0.547623,1.895855
-0.188574,-0.937169,1.906850
-0.011702,-0.915943,2.142565
-0.194151,-0.983393,1.811169
-0.024957,-0.953243,2.049647
-0.194072,0.515342,2.000143
-0.173587,0.320811,2.002188
-0.342358,0.216768,2.021561
-0.014876,0.209467,2.003677
-0.402205,-0.038984,2.030074
0.116613,-0.056237,1.959956
-0.400155,-0.233060,1.959956
0.084058,-0.213808,1.899729
-0.393413,-0.299625,1.856720
0.078630,-0.285925,1.593159
-0.160725,-0.030376,1.998958
-0.161492,-0.090986,1.943511
-0.233694,-0.166206,1.932249
-0.085053,-0.160739,1.930215
-0.219622,-0.560545,1.896147
-0.051918,-0.542107,1.847793
-0.187791,-0.936309,1.897451
-0.016133,-0.908574,2.073442
-0.193125,-0.982278,1.801813
-0.027651,-0.946227,1.981481
-0.200558,0.517694,1.973780
-0.180299,0.323460,1.975307
-0.348963,0.219360,1.993732
-0.022094,0.211309,1.976148
-0.410210,-0.034066,1.999349
0.104823,-0.064338,1.945368
-0.407683,-0.224855,1.945368
0.081559,-0.234664,1.861470
-0.400305,-0.291049,1.815776
0.077481,-0.310714,1.588955
-0.166381,-0.028642,1.970827
-0.166807,-0.089372,1.915190
-0.238763,-0.164583,1.902682
-0.090191,-0.158723,1.902769
-0.222741,-0.560580,1.878442
-0.056064,-0.536960,1.803225
-0.186975,-0.935477,1.888735
-0.036586,-0.878006,1.946511
-0.192099,-0.981177,1.793152
-0.046133,-0.914607,1.855716
-0.206686,0.519845,1.948155
-0.186661,0.326010,1.949502
-0.355310,0.221609,1.966704
-0.028930,0.213067,1.949611
-0.418131,-0.029095,1.969743
0.093628,-0.071139,1.930892
-0.415129,-0.216600,1.930892
0.079165,-0.253259,1.824335
-0.407048,-0.282613,1.776145
0.076176,-0.332523,1.586953
-0.171790,-0.026950,1.943895
-0.171890,-0.087786,1.888087
-0.243608,-0.163029,1.874404
-0.095126,-0.156746,1.876471
-0.225827,-0.560668,1.861634
-0.060028,-0.532070,1.761640
-0.184258,-0.933330,1.881157
-0.030394,-0.866667,1.871718
-0.189010,-0.978469,1.785719
-0.037840,-0.903372,1.781167
-0.212781,0.521892,1.922567
-0.192761,0.328466,1.924438
-0.361306,0.223531,1.940491
-0.035504,0.214819,1.923497
-0.425861,-0.024263,1.940929
0.083174,-0.076625,1.916394
-0.422204,-0.208649,1.916394
0.076915,-0.269667,1.788989
-0.413496,-0.274424,1.738338
0.074797,-0.351644,1.586291
-0.176949,-0.025318,1.917747
-0.176774,-0.086246,1.861763
-0.248222,-0.161572,1.847190
-0.099909,-0.154757,1.850692
-0.228893,-0.560677,1.845563
-0.063669,-0.527618,1.723355
-0.181122,-0.930755,1.874408
-0.025039,-0.857489,1.811467
-0.185521,-0.975261,1.779147
-0.030835,-0.894133,1.721534
-0.218564,0.523798,1.898181
-0.198570,0.330791,1.900021
-0.366976,0.225219,1.915646
-0.041617,0.216355,1.898085
-0.433145,-0.019722,1.913513
0.073324,-0.080982,1.901700
-0.429079,-0.200960,1.901700
0.074844,-0.284141,1.754969
-0.419680,-0.266505,1.702306
0.073357,-0.368133,1.586642
-0.181758,-0.023691,1.892692
-0.181370,-0.084711,1.836597
-0.252535,-0.160207,1.821545
-0.104418,-0.152790,1.825721
-0.231957,-0.560555,1.830183
-0.067017,-0.523544,1.688161
-0.177693,-0.927913,1.868203
-0.025159,-0.850472,1.745386
-0.181806,-0.971773,1.773129
-0.029700,-0.887669,1.655325
-0.224174,0.525424,1.870311
-0.204039,0.332933,1.872387
-0.372629,0.226584,1.887775
-0.047536,0.217629,1.869137
-0.440453,-0.015073,1.883517
0.063861,-0.083430,1.883262
-0.435837,-0.193096,1.883262
0.073083,-0.297024,1.718814
-0.425666,-0.258376,1.664245
0.072192,-0.382888,1.585195
-0.186461,-0.022126,1.864571
-0.185956,-0.083210,1.808393
-0.256970,-0.159010,1.792983
-0.108883,-0.150833,1.797646
-0.235636,-0.559687,1.812820
-0.070463,-0.519732,1.652024
-0.175632,-0.926035,1.861448
-0.025936,-0.844978,1.679900
-0.179562,-0.969532,1.766592
-0.029418,-0.882842,1.589551
-0.229188,0.526599,1.838750
-0.208981,0.334701,1.841370
-0.377811,0.227593,1.857067
-0.053075,0.218374,1.836455
-0.447044,-0.010710,1.852096
0.055202,-0.084623,1.860529
-0.442169,-0.185773,1.860529
0.071531,-0.308635,1.682104
-0.431266,-0.250841,1.626173
0.071167,-0.396286,1.582764
-0.190807,-0.020734,1.833236
-0.190303,-0.081841,1.777005
-0.261263,-0.157967,1.761377
-0.113101,-0.148971,1.766285
-0.239726,-0.558239,1.793582
-0.074101,-0.516119,1.614058
-0.176953,-0.924504,1.852030
-0.027575,-0.840680,1.614170
-0.180719,-0.967859,1.757624
-0.030250,-0.879304,1.523378
