-0.071958,0.421323,2.641135
-0.068602,0.229656,2.712677
-0.246748,0.150212,2.754541
0.098963,0.136902,2.704972
-0.303897,-0.121629,2.792304
0.196625,-0.089587,2.678124
-0.311365,-0.344936,2.678124
0.132325,-0.284872,2.707724
-0.300926,-0.402154,2.673884
0.114750,-0.338262,2.522382
-0.079381,-0.095606,2.723820
-0.088463,-0.150812,2.671764
-0.170725,-0.228895,2.665849
-0.013621,-0.226952,2.654531
-0.190415,-0.672949,2.578724
0.016243,-0.635842,2.568548
-0.150883,-1.039444,2.669620
0.019717,-1.003278,2.346220
-0.169729,-1.075572,2.582875
0.007806,-1.047035,2.250326
-0.069633,0.423083,2.626581
-0.067297,0.231529,2.698001
-0.245278,0.152950,2.739063
0.100008,0.137990,2.691097
-0.303585,-0.118347,2.776940
0.195189,-0.090072,2.664398
-0.311868,-0.341777,2.664398
0.131608,-0.285520,2.692786
-0.302038,-0.396976,2.659909
0.114456,-0.337811,2.508908
-0.078580,-0.093733,2.709495
-0.087759,-0.149043,2.657503
-0.170069,-0.226601,2.651141
-0.013158,-0.225534,2.640859
-0.193285,-0.666619,2.557428
0.016178,-0.634449,2.562207
-0.158181,-1.036413,2.633944
0.019031,-1.007053,2.352567
-0.176955,-1.070357,2.543615
0.007390,-1.051353,2.258184
-0.067739,0.424781,2.613246
-0.066384,0.233331,2.684477
-0.244283,0.155481,2.724450
0.100778,0.139046,2.678373
-0.303649,-0.115321,2.762445
0.193877,-0.090198,2.652046
-0.312600,-0.338840,2.652046
0.131081,-0.285657,2.678576
-0.303496,-0.392343,2.646401
0.114161,-0.337233,2.496156
-0.078080,-0.091967,2.696120
-0.087290,-0.147371,2.644159
-0.169642,-0.224435,2.637168
-0.012857,-0.224201,2.628173
-0.195926,-0.660813,2.538096
0.016115,-0.633194,2.556352
-0.164930,-1.033747,2.601338
0.018451,-1.010766,2.359563
-0.183498,-1.065839,2.507973
0.007147,-1.055453,2.266573
-0.066317,0.426430,2.600950
-0.065827,0.235052,2.671994
-0.243834,0.157784,2.710585
0.101284,0.140069,2.666752
-0.304138,-0.112467,2.748747
0.192675,-0.090060,2.641010
-0.313750,-0.335969,2.641010
0.130640,-0.285405,2.664789
-0.305200,-0.388078,2.633581
0.114036,-0.335156,2.485090
-0.077885,-0.090297,2.683576
-0.087058,-0.145779,2.631616
-0.169468,-0.222404,2.623869
-0.012722,-0.222921,2.616299
-0.198391,-0.655486,2.520558
0.016050,-0.632032,2.550897
-0.171067,-1.031383,2.571863
0.017976,-1.014260,2.366948
-0.189325,-1.061913,2.475917
0.007086,-1.059265,2.275248
-0.065392,0.428094,2.589592
-0.065893,0.236846,2.660112
-0.244025,0.159908,2.697289
0.101518,0.141124,2.656147
-0.305133,-0.109819,2.735529
0.191455,-0.089669,2.631181
-0.315291,-0.333318,2.631181
0.130241,-0.285011,2.651520
-0.307381,-0.384223,2.620936
0.113735,-0.334204,2.474888
-0.078073,-0.088582,2.671667
-0.087092,-0.144150,2.619735
-0.169533,-0.220413,2.611153
-0.012764,-0.221597,2.605173
-0.200670,-0.650618,2.504693
0.015960,-0.630986,2.545790
-0.176803,-1.029266,2.544956
0.017595,-1.017587,2.374497
-0.194641,-1.058425,2.446844
0.007194,-1.062663,2.283931
-0.065101,0.429834,2.579133
-0.066664,0.238710,2.648894
-0.244716,0.161861,2.684684
0.101357,0.142243,2.646428
-0.306850,-0.107409,2.722128
0.190006,-0.089144,2.622405
-0.317054,-0.331116,2.622405
0.129797,-0.284672,2.639091
-0.309688,-0.380729,2.609027
0.113346,-0.333313,2.465635
-0.078594,-0.086908,2.660484
-0.087349,-0.142576,2.608607
-0.169794,-0.218530,2.599097
-0.012941,-0.220295,2.594862
-0.202790,-0.646125,2.490294
0.015825,-0.630018,2.540953
-0.182101,-1.027333,2.520505
0.017257,-1.020651,2.381947
-0.199462,-1.055347,2.420549
0.007385,-1.065697,2.292394
-0.065342,0.431613,2.569563
-0.067871,0.240583,2.638519
-0.246024,0.163607,2.672589
0.100604,0.143455,2.637466
-0.309089,-0.105216,2.709150
0.187887,-0.088522,2.614645
-0.319369,-0.329089,2.614645
0.129385,-0.284506,2.626887
-0.312245,-0.377507,2.597699
0.113033,-0.332703,2.457237
-0.079450,-0.085272,2.649985
-0.087856,-0.141034,2.598156
-0.170295,-0.216696,2.587569
-0.013308,-0.218995,2.585270
-0.204756,-0.642029,2.477265
0.015578,-0.629140,2.536301
-0.186883,-1.025600,2.498485
0.016953,-1.020641,2.392078
-0.203755,-1.052574,2.396940
0.008005,-1.065090,2.303777
-0.066452,0.433531,2.560778
-0.069768,0.242538,2.628739
-0.247863,0.165145,2.661072
0.099296,0.144788,2.629303
-0.311788,-0.103225,2.696687
0.184945,-0.087664,2.607766
-0.321984,-0.327254,2.607766
0.128615,-0.284147,2.615196
-0.315144,-0.374548,2.586752
0.112496,-0.331981,2.449464
-0.080792,-0.083632,2.639977
-0.088722,-0.139494,2.588214
-0.171086,-0.214917,2.576562
-0.013991,-0.217639,2.576185
-0.206612,-0.638262,2.465451
0.015183,-0.628358,2.531761
-0.191180,-1.024027,2.478727
0.016663,-1.020184,2.401904
-0.207581,-1.050053,2.375777
0.008707,-1.063958,2.314733
-0.068452,0.435567,2.552706
-0.072682,0.244609,2.619373
-0.250673,0.166571,2.650027
0.097061,0.146337,2.621817
-0.315085,-0.101473,2.684644
0.181569,-0.086643,2.601878
-0.324926,-0.325630,2.601878
0.127641,-0.283581,2.603885
-0.318201,-0.371952,2.576489
0.110082,-0.328042,2.442471
-0.082751,-0.081942,2.630384
-0.090060,-0.137913,2.578715
-0.172252,-0.213170,2.566091
-0.015081,-0.216203,2.567522
-0.208382,-0.634776,2.454770
0.014577,-0.627636,2.527215
-0.195067,-1.022586,2.460951
0.016334,-1.019431,2.411082
-0.211033,-1.047745,2.356735
0.009353,-1.062505,2.324903
-0.071130,0.437649,2.545382
-0.076086,0.246678,2.610670
-0.254035,0.167920,2.639577
0.094180,0.148049,2.615069
-0.318980,-0.099737,2.673021
0.177745,-0.085366,2.596992
-0.328282,-0.324011,2.596992
0.126408,-0.282669,2.592932
-0.321765,-0.369551,2.566499
0.107994,-0.325014,2.436215
-0.085160,-0.080237,2.621314
-0.091762,-0.136306,2.569729
-0.173740,-0.211430,2.556152
-0.016526,-0.214701,2.559323
-0.210072,-0.631555,2.445150
0.013742,-0.626901,2.522539
-0.198579,-1.021273,2.444922
0.015940,-1.018359,2.419525
-0.214152,-1.045619,2.339540
0.009929,-1.060705,2.334221
-0.074498,0.439908,2.538853
-0.080263,0.248834,2.602430
-0.257906,0.169190,2.629721
0.090542,0.149877,2.608973
-0.323341,-0.098069,2.661957
0.173406,-0.083885,2.593015
-0.332136,-0.322411,2.593015
0.124653,-0.281128,2.582303
-0.325681,-0.367341,2.556825
0.105904,-0.321690,2.430671
-0.088087,-0.078515,2.612671
-0.093871,-0.134690,2.561181
-0.175553,-0.209731,2.546726
-0.018350,-0.213133,2.551524
-0.211703,-0.628577,2.436531
0.012669,-0.626143,2.517753
-0.201742,-1.020079,2.430440
0.015381,-1.017122,2.427180
-0.216975,-1.043684,2.323963
0.010298,-1.058756,2.342627
-0.078387,0.442229,2.532989
-0.084744,0.250995,2.594817
-0.262250,0.170421,2.620302
0.086484,0.151750,2.603569
-0.328180,-0.096395,2.651281
0.168424,-0.081704,2.590537
-0.336389,-0.320773,2.590537
0.122597,-0.278673,2.571936
-0.330174,-0.365390,2.546808
0.103756,-0.318272,2.425792
-0.091280,-0.076819,2.604598
-0.096162,-0.133105,2.553206
-0.177536,-0.208094,2.537891
-0.020323,-0.211572,2.544281
-0.213341,-0.625817,2.428860
0.011313,-0.625361,2.512847
-0.204600,-1.018993,2.417323
0.014442,-1.015529,2.433920
-0.219517,-1.041963,2.309867
0.010281,-1.056463,2.349995
-0.082871,0.444682,2.527796
-0.089515,0.253134,2.587802
-0.267033,0.171627,2.611396
0.081731,0.153814,2.598756
-0.333607,-0.094803,2.640708
0.162830,-0.078720,2.589384
-0.340882,-0.319234,2.589384
0.120030,-0.275113,2.561825
-0.334885,-0.363754,2.537080
0.101273,-0.313694,2.420720
-0.094871,-0.075107,2.596968
-0.098814,-0.131483,2.545643
-0.179867,-0.206443,2.529461
-0.022670,-0.209931,2.537404
-0.214975,-0.623272,2.422117
0.009713,-0.624644,2.507946
-0.207214,-1.018018,2.405437
0.013288,-1.013761,2.439990
-0.221797,-1.040448,2.297182
0.007587,-1.054380,2.360174
-0.087767,0.447153,2.523276
-0.094894,0.255305,2.581266
-0.272197,0.172748,2.602959
0.076538,0.155961,2.594512
-0.339254,-0.093377,2.630578
0.156855,-0.075249,2.588989
-0.345597,-0.317829,2.588989
0.117695,-0.269041,2.552059
-0.339703,-0.362264,2.527672
0.099000,-0.307307,2.414311
-0.098789,-0.073418,2.589793
-0.101708,-0.129886,2.538533
-0.182380,-0.204852,2.521525
-0.025223,-0.208293,2.530964
-0.216607,-0.620936,2.416262
0.007888,-0.623965,2.503068
-0.209622,-1.017159,2.394717
0.011952,-1.011783,2.445412
-0.223821,-1.039142,2.285870
0.003749,-1.051740,2.370030
-0.093135,0.449706,2.519423
-0.100371,0.257407,2.575266
-0.277484,0.173803,2.595106
0.071138,0.158111,2.590808
-0.345081,-0.091990,2.620891
0.150779,-0.071503,2.589192
-0.350753,-0.316359,2.589192
0.115728,-0.261794,2.542310
-0.344710,-0.361007,2.518305
0.097512,-0.299788,2.407702
-0.102881,-0.071776,2.583102
-0.104764,-0.128326,2.531893
-0.185002,-0.203336,2.514128
-0.027979,-0.206655,2.524925
-0.218241,-0.618821,2.411226
0.005896,-0.623298,2.498309
-0.211830,-1.016411,2.385123
0.011022,-1.011088,2.449996
-0.225577,-1.038037,2.275911
0.002701,-1.050636,2.376170
-0.098773,0.452173,2.516129
-0.106023,0.259448,2.569796
-0.282847,0.174776,2.587817
0.065488,0.160225,2.587528
-0.350982,-0.090765,2.611657
0.144712,-0.067898,2.589438
-0.356094,-0.314978,2.589438
0.113573,-0.252617,2.532756
-0.349900,-0.359960,2.509118
0.096693,-0.290126,2.399781
-0.107051,-0.070210,2.576893
-0.107903,-0.126829,2.525709
-0.187685,-0.201904,2.507228
-0.030809,-0.205053,2.519290
-0.219889,-0.616927,2.406927
0.003716,-0.622673,2.493679
-0.213853,-1.015763,2.376617
0.010118,-1.010463,2.454132
-0.227080,-1.037119,2.267262
0.001725,-1.049626,2.381718
-0.104635,0.454575,2.513279
-0.111751,0.261385,2.564844
-0.288248,0.175603,2.581029
0.059716,0.162257,2.584635
-0.356863,-0.089666,2.602868
0.139049,-0.064521,2.589469
-0.361492,-0.313646,2.589469
0.111699,-0.243536,2.523385
-0.355204,-0.359094,2.499997
0.096448,-0.280035,2.391289
-0.111248,-0.068751,2.571147
-0.111079,-0.125425,2.519964
-0.190393,-0.200584,2.500780
-0.033672,-0.203520,2.514064
-0.221530,-0.615246,2.403300
0.001482,-0.622103,2.489262
-0.215701,-1.015218,2.369168
0.009220,-1.009905,2.457867
-0.228336,-1.036390,2.259888
0.000802,-1.048705,2.386718
-0.110574,0.456902,2.510927
-0.117387,0.263197,2.560409
-0.293562,0.176301,2.574749
0.053961,0.164218,2.582145
-0.362622,-0.088699,2.594563
0.133608,-0.061455,2.589117
-0.366853,-0.312406,2.589117
0.110258,-0.233729,2.514370
-0.360549,-0.358413,2.490983
0.097025,-0.267733,2.381855
-0.115397,-0.067400,2.565862
-0.114230,-0.124109,2.514655
-0.193070,-0.199363,2.494776
-0.036526,-0.202055,2.509231
-0.223130,-0.613775,2.400275
-0.000774,-0.621586,2.485097
-0.217390,-1.014763,2.362702
0.008339,-1.009407,2.461234
-0.229367,-1.035827,2.253691
-0.000066,-1.047861,2.391211
-0.116472,0.459155,2.509067
-0.122907,0.264899,2.556442
-0.298722,0.176912,2.568977
0.048328,0.166061,2.580019
-0.368175,-0.087843,2.586764
0.128303,-0.058644,2.588122
-0.372020,-0.311255,2.588122
0.109550,-0.222135,2.505812
-0.365742,-0.357901,2.482219
0.097958,-0.254103,2.371417
-0.119477,-0.066156,2.560993
-0.117341,-0.122888,2.509740
-0.195701,-0.198240,2.489196
-0.039352,-0.200678,2.504750
-0.224671,-0.612495,2.397779
-0.003010,-0.621154,2.481236
-0.218926,-1.014393,2.357207
0.007464,-1.008971,2.464260
-0.230177,-1.035421,2.248651
-0.000890,-1.047095,2.395230
-0.122344,0.461342,2.507687
-0.128279,0.266512,2.552898
-0.303693,0.177472,2.563633
0.042889,0.167784,2.578207
-0.373490,-0.087050,2.579425
0.122776,-0.055533,2.585359
-0.377020,-0.310029,2.585359
0.108556,-0.201728,2.497329
-0.370681,-0.357402,2.473568
0.099388,-0.230003,2.353010
-0.123436,-0.065001,2.556500
-0.120352,-0.121742,2.505185
-0.198224,-0.197199,2.483999
-0.042093,-0.199370,2.500583
-0.226067,-0.611391,2.395621
-0.005207,-0.620811,2.477705
-0.220340,-1.014077,2.352626
0.006593,-1.008578,2.466977
-0.230802,-1.035123,2.244689
-0.001672,-1.046389,2.398813
-0.128099,0.463486,2.506748
-0.133411,0.268022,2.549731
-0.308396,0.177959,2.558692
0.037771,0.169314,2.576534
-0.378493,-0.086272,2.572503
0.117626,-0.052423,2.581967
-0.381718,-0.308811,2.581967
0.106435,-0.167283,2.489312
-0.375272,-0.356882,2.465230
0.099152,-0.185501,2.328236
-0.127166,-0.063948,2.552346
-0.123195,-0.120686,2.500953
-0.200584,-0.196248,2.479142
-0.044683,-0.198152,2.496706
-0.227341,-0.610453,2.393805
-0.007333,-0.620579,2.474478
-0.221642,-1.013808,2.348858
0.005739,-1.008227,2.469413
-0.231290,-1.034912,2.241654
-0.002417,-1.045737,2.401987
-0.133583,0.465526,2.506136
-0.138298,0.269437,2.546937
-0.312818,0.178385,2.554197
0.032946,0.170695,2.575077
-0.383115,-0.085582,2.566084
0.113818,-0.047966,2.573501
-0.386055,-0.307690,2.573501
0.103447,-0.124109,2.481813
-0.379483,-0.356435,2.457392
0.097394,-0.131134,2.302972
-0.130697,-0.062985,2.548558
-0.125890,-0.119711,2.497073
-0.202807,-0.195377,2.474676
-0.047143,-0.197016,2.493138
-0.228531,-0.609667,2.392354
-0.009383,-0.620391,2.471505
-0.222827,-1.013585,2.345874
0.004109,-1.006216,2.471145
-0.231625,-1.034789,2.239516
-0.004895,-1.044322,2.406125
-0.138736,0.467465,2.505796
-0.142862,0.270753,2.544475
-0.316815,0.178733,2.550047
0.028471,0.171936,2.573762
-0.387382,-0.084941,2.560175
0.110383,-0.042752,2.564816
-0.389986,-0.306619,2.564816
0.099117,-0.077446,2.474852
-0.383305,-0.356071,2.450079
0.093717,-0.070296,2.280970
-0.133989,-0.062124,2.545096
-0.128398,-0.118835,2.493508
-0.204869,-0.194591,2.470554
-0.049447,-0.195980,2.489857
-0.229634,-0.609022,2.391228
-0.011330,-0.620233,2.468779
-0.223905,-1.013407,2.343592
0.002414,-1.004022,2.472542
-0.231818,-1.034751,2.238172
-0.007548,-1.042857,2.410004
-0.143548,0.469261,2.505660
-0.147150,0.271966,2.542319
-0.320442,0.179012,2.546253
0.024359,0.173040,2.572565
-0.391268,-0.084380,2.554724
0.107989,-0.036099,2.555185
-0.393540,-0.305644,2.555185
0.093341,-0.028711,2.468392
-0.386716,-0.355764,2.443245
0.088266,-0.005669,2.263925
-0.137045,-0.061355,2.541935
-0.130728,-0.118042,2.490237
-0.206772,-0.193877,2.466749
-0.051594,-0.195030,2.486837
-0.230631,-0.608472,2.390381
-0.013184,-0.620106,2.466278
-0.224892,-1.013264,2.341943
0.000674,-1.001686,2.473635
-0.231906,-1.034780,2.237523
-0.010267,-1.041389,2.413612
-0.148009,0.470929,2.505676
-0.151043,0.273076,2.540385
-0.323789,0.179254,2.542810
0.020576,0.174031,2.571438
-0.394787,-0.083868,2.549722
0.106430,-0.028843,2.544732
-0.396726,-0.304744,2.544732
0.087277,0.019260,2.462461
-0.389768,-0.355508,2.436928
0.081573,0.057925,2.251992
-0.139844,-0.060647,2.539059
-0.132887,-0.117308,2.487244
-0.208535,-0.193217,2.463248
-0.053593,-0.194149,2.484076
-0.231526,-0.607989,2.389782
-0.014897,-0.619972,2.464005
-0.225799,-1.013132,2.340884
-0.001087,-0.999255,2.474456
-0.231930,-1.034842,2.237501
-0.013094,-1.039896,2.416969
-0.152008,0.472437,2.505704
-0.154582,0.274081,2.538656
-0.326868,0.179480,2.539699
0.017027,0.174973,2.570353
-0.397966,-0.083396,2.545153
0.105333,-0.021254,2.533761
-0.399570,-0.303890,2.533761
0.081321,0.065266,2.456982
-0.392504,-0.355288,2.431096
0.073607,0.118720,2.246319
-0.142388,-0.059996,2.536443
-0.134876,-0.116625,2.484508
-0.210158,-0.192604,2.460042
-0.055447,-0.193318,2.481537
-0.232320,-0.607543,2.389391
-0.016489,-0.619846,2.461936
-0.226631,-1.012999,2.340351
-0.002844,-0.996763,2.475036
-0.231918,-1.034922,2.238017
-0.015951,-1.038410,2.420065
-0.155615,0.473813,2.505757
-0.157811,0.274998,2.537117
-0.329507,0.179673,2.536843
0.013716,0.175875,2.569344
-0.400830,-0.082962,2.540989
0.104772,-0.011533,2.520439
-0.402081,-0.303091,2.520439
0.074165,0.112347,2.451956
-0.394930,-0.355099,2.425743
0.064669,0.175717,2.244224
-0.144713,-0.059412,2.534061
-0.136688,-0.116008,2.482010
-0.211615,-0.192042,2.457120
-0.057163,-0.192541,2.479213
-0.233020,-0.607123,2.389193
-0.017959,-0.619690,2.460046
-0.227399,-1.012868,2.340290
-0.004582,-0.994240,2.475408
-0.231831,-1.035018,2.239022
-0.018847,-1.036918,2.422924
-0.158889,0.475074,2.505841
-0.160724,0.275840,2.535726
-0.331869,0.179861,2.534250
0.010677,0.176725,2.568384
-0.403409,-0.082555,2.537209
0.104633,-0.000842,2.506101
-0.404321,-0.302340,2.506101
0.067322,0.155051,2.447384
-0.397072,-0.354950,2.420878
0.055359,0.229890,2.246234
-0.146818,-0.058877,2.531890
-0.138340,-0.115441,2.479725
-0.212941,-0.191520,2.454453
-0.058738,-0.191799,2.477064
-0.233634,-0.606709,2.389161
-0.019311,-0.619525,2.458325
-0.228088,-1.012722,2.340652
-0.006280,-0.991710,2.475598
-0.231684,-1.035110,2.240446
-0.021711,-1.035447,2.425549
-0.161809,0.476195,2.505883
-0.163374,0.276608,2.534482
-0.334002,0.180031,2.531890
0.007894,0.177540,2.567452
-0.405727,-0.082185,2.533782
0.105292,0.010272,2.491863
-0.406317,-0.301645,2.491863
0.060752,0.193384,2.443217
-0.398962,-0.354821,2.416454
0.048901,0.271483,2.245250
-0.148725,-0.058392,2.529917
-0.139848,-0.114922,2.477638
-0.214147,-0.191039,2.452025
-0.060192,-0.191096,2.475075
-0.234154,-0.606272,2.389274
-0.020554,-0.619358,2.456757
-0.228705,-1.012539,2.341375
-0.007920,-0.989200,2.475630
-0.231508,-1.035200,2.242211
-0.024583,-1.033977,2.427992
-0.164400,0.477183,2.505876
-0.165725,0.277300,2.533343
-0.335925,0.180185,2.529741
0.005388,0.178287,2.566468
-0.407810,-0.081838,2.530672
0.107182,0.026874,2.473691
-0.408096,-0.300988,2.473691
0.050466,0.232114,2.439422
-0.400631,-0.354715,2.412417
0.039823,0.312410,2.247648
-0.150426,-0.057952,2.528121
-0.141213,-0.114448,2.475728
-0.215243,-0.190594,2.449805
-0.061520,-0.190441,2.473237
-0.234597,-0.605846,2.389516
-0.021697,-0.619179,2.455318
-0.229254,-1.012328,2.342407
-0.009497,-0.986725,2.475533
-0.231337,-1.035279,2.244245
-0.027376,-1.032542,2.430207
-0.166732,0.478071,2.505843
-0.167849,0.277934,2.532306
-0.337658,0.180323,2.527777
0.003109,0.179010,2.565340
-0.409689,-0.081522,2.527855
0.109849,0.042806,2.455872
-0.409667,-0.300374,2.455872
0.040999,0.266257,2.435968
-0.402095,-0.354623,2.408737
0.031256,0.349098,2.250633
-0.151949,-0.057553,2.526489
-0.142439,-0.114020,2.473982
-0.216226,-0.190188,2.447771
-0.062705,-0.189844,2.471553
-0.234971,-0.605448,2.389879
-0.022749,-0.619003,2.454003
-0.229737,-1.012113,2.343711
-0.011002,-0.984300,2.475319
-0.231187,-1.035360,2.246507
-0.030095,-1.031139,2.432228
-0.168838,0.478875,2.505802
-0.169770,0.278504,2.531355
-0.339212,0.180439,2.525980
0.001035,0.179715,2.564114
-0.411384,-0.081233,2.525293
0.112800,0.057691,2.439129
-0.411031,-0.299793,2.439129
0.032293,0.296400,2.432810
-0.403373,-0.354550,2.405376
0.023187,0.381970,2.254057
-0.153326,-0.057192,2.525002
-0.143550,-0.113632,2.472384
-0.217115,-0.189817,2.445918
-0.063781,-0.189292,2.469987
-0.235267,-0.605090,2.390342
-0.023717,-0.618833,2.452802
-0.230166,-1.011908,2.345241
-0.012430,-0.981913,2.474996
-0.231048,-1.035441,2.248948
-0.032726,-1.029757,2.434067
-0.170745,0.479599,2.505757
-0.171505,0.279019,2.530482
-0.340580,0.180536,2.524328
-0.000844,0.180399,2.562754
-0.412902,-0.080961,2.522959
0.115929,0.071697,2.423378
-0.412211,-0.299240,2.423378
0.024242,0.323200,2.429941
-0.404475,-0.354487,2.402322
0.015565,0.411494,2.257878
-0.154573,-0.056867,2.523642
-0.144556,-0.113283,2.470916
-0.217919,-0.189480,2.444226
-0.064758,-0.188782,2.468532
-0.235501,-0.604759,2.390888
-0.024595,-0.618661,2.451700
-0.230541,-1.011701,2.346945
-0.013786,-0.979596,2.474587
-0.230918,-1.035522,2.251516
-0.035269,-1.028416,2.435729
-0.172454,0.480252,2.505713
-0.173052,0.279492,2.529691
-0.341742,0.180611,2.522798
-0.002524,0.181034,2.561292
-0.414226,-0.080700,2.520825
0.119067,0.084998,2.408495
-0.413227,-0.298713,2.408495
0.018021,0.345846,2.427333
-0.405417,-0.354435,2.399546
0.009243,0.437191,2.261286
-0.155687,-0.056575,2.522388
-0.145460,-0.112969,2.469562
-0.218637,-0.189172,2.442677
-0.065640,-0.188308,2.467166
-0.235676,-0.604452,2.391496
-0.025395,-0.618488,2.450685
-0.230858,-1.011490,2.348809
-0.015066,-0.977361,2.474110
-0.230780,-1.035597,2.254195
-0.037702,-1.027126,2.437230
-0.173958,0.480829,2.505674
-0.174364,0.279940,2.528966
-0.342683,0.180673,2.521379
-0.003991,0.181668,2.559675
-0.415352,-0.080445,2.518876
0.122200,0.097347,2.394607
-0.414075,-0.298204,2.394607
0.011841,0.366252,2.424966
-0.406189,-0.354395,2.397021
0.002969,0.460373,2.265306
-0.156651,-0.056315,2.521217
-0.146262,-0.112687,2.468302
-0.219273,-0.188888,2.441257
-0.066425,-0.187862,2.465870
-0.235781,-0.604189,2.392150
-0.026120,-0.618304,2.449745
-0.231123,-1.011283,2.350779
-0.016263,-0.975215,2.473571
-0.230649,-1.035661,2.256926
-0.039802,-1.026014,2.438551
-0.175254,0.481345,2.505622
-0.175470,0.280354,2.528303
-0.343392,0.180719,2.520055
-0.005269,0.182257,2.558047
-0.416277,-0.080198,2.517105
0.125137,0.108775,2.381823
-0.414707,-0.297703,2.381823
0.006305,0.383472,2.422820
-0.406780,-0.354374,2.394726
-0.003818,0.478876,2.270301
-0.157480,-0.056083,2.520120
-0.146967,-0.112433,2.467120
-0.219828,-0.188623,2.439944
-0.067117,-0.187438,2.464622
-0.235825,-0.603956,2.392833
-0.026776,-0.618112,2.448870
-0.231218,-1.007520,2.354654
-0.017380,-0.973146,2.472973
-0.230390,-1.032354,2.261528
-0.041656,-1.025025,2.439744
-0.176357,0.481801,2.505566
-0.176369,0.280726,2.527699
-0.343816,0.180754,2.518801
-0.006336,0.182856,2.556325
-0.416976,-0.079953,2.515493
0.127977,0.119215,2.370123
-0.415135,-0.297210,2.370123
0.001228,0.397930,2.420883
-0.407139,-0.354369,2.392647
-0.010408,0.494165,2.275943
-0.158153,-0.055886,2.519083
-0.147564,-0.112207,2.466002
-0.220276,-0.188374,2.438717
-0.067715,-0.187038,2.463428
-0.235805,-0.603756,2.393522
-0.027363,-0.617914,2.448054
-0.231207,-1.003480,2.358607
-0.018413,-0.971154,2.472318
-0.230085,-1.028775,2.266140
-0.043371,-1.024101,2.440822
-0.177276,0.482207,2.505505
-0.176914,0.281054,2.527110
-0.343948,0.180786,2.517611
-0.006972,0.183732,2.554024
-0.417426,-0.079699,2.514041
0.130976,0.128585,2.359154
-0.415331,-0.296705,2.359154
-0.002216,0.410257,2.419149
-0.407261,-0.354403,2.390762
-0.014669,0.508537,2.280400
-0.158603,-0.055711,2.518070
-0.148040,-0.112001,2.464927
-0.220626,-0.188134,2.437566
-0.068200,-0.186647,2.462254
-0.235718,-0.603577,2.394203
-0.027886,-0.617718,2.447292
-0.231091,-0.999263,2.362566
-0.019362,-0.969247,2.471621
-0.229853,-1.025031,2.270694
-0.044956,-1.023240,2.441799
-0.177964,0.482563,2.505427
-0.177244,0.281351,2.526561
-0.343811,0.180814,2.516484
-0.007347,0.184559,2.551539
-0.417565,-0.079449,2.512722
0.133911,0.137150,2.349039
-0.415260,-0.296201,2.349039
-0.005674,0.419517,2.417582
-0.407137,-0.354471,2.389055
-0.019948,0.518443,2.286158
-0.158866,-0.055567,2.517082
-0.148391,-0.111821,2.463876
-0.220866,-0.187908,2.436476
-0.068563,-0.186270,2.461063
-0.235580,-0.603428,2.394867
-0.028348,-0.617522,2.446577
-0.230935,-0.994945,2.366491
-0.020220,-0.967417,2.470885
-0.229647,-1.021177,2.275156
-0.046380,-1.022455,2.442694
-0.178335,0.482860,2.505290
-0.177259,0.281610,2.525998
-0.343290,0.180835,2.515370
-0.007397,0.185314,2.548864
-0.417404,-0.079223,2.511517
0.136873,0.144986,2.339721
-0.414915,-0.295720,2.339721
-0.008514,0.425899,2.416178
-0.406696,-0.354560,2.387507
-0.024948,0.525302,2.292285
-0.158917,-0.055459,2.516087
-0.148601,-0.111672,2.462828
-0.220990,-0.187697,2.435431
-0.068800,-0.185915,2.459848
-0.235389,-0.603300,2.395478
-0.028732,-0.617307,2.445881
-0.230684,-0.990627,2.370311
-0.021001,-0.965659,2.470101
-0.229384,-1.017314,2.279454
-0.047694,-1.021721,2.443506
-0.178375,0.483124,2.505113
-0.176881,0.281833,2.525398
-0.342381,0.180869,2.514284
-0.007052,0.185977,2.545840
-0.416954,-0.078989,2.510410
0.139925,0.152012,2.331120
-0.414282,-0.295227,2.331120
-0.010469,0.429339,2.414924
-0.405976,-0.354671,2.386103
-0.026791,0.529716,2.296854
-0.158710,-0.055383,2.515071
-0.148651,-0.111551,2.461771
-0.220981,-0.187497,2.434418
-0.068900,-0.185581,2.458609
-0.235126,-0.603175,2.396030
-0.029028,-0.617068,2.445191
-0.230306,-0.986449,2.373947
-0.021712,-0.963985,2.469285
-0.229064,-1.013581,2.283513
-0.048191,-1.019201,2.440958
-0.178108,0.483343,2.504846
-0.176211,0.282020,2.524783
-0.341106,0.180897,2.513229
-0.006327,0.186618,2.542551
-0.416030,-0.078737,2.509387
0.142970,0.158340,2.323161
-0.413312,-0.294710,2.323161
-0.011605,0.430281,2.413788
-0.404950,-0.354774,2.384843
-0.027742,0.531785,2.301234
-0.158243,-0.055332,2.514029
-0.148524,-0.111450,2.460696
-0.220814,-0.187300,2.433419
-0.068832,-0.185260,2.457330
-0.234803,-0.603065,2.396536
-0.029202,-0.616782,2.444489
-0.229827,-0.982375,2.377371
-0.022338,-0.962371,2.468410
-0.228700,-1.009939,2.287311
-0.048421,-1.016460,2.437765
-0.177460,0.483512,2.504453
-0.175211,0.282170,2.524146
-0.339396,0.180907,2.512157
-0.005182,0.187188,2.539065
-0.414784,-0.078488,2.508448
0.146082,0.164046,2.315816
-0.412021,-0.294187,2.315816
-0.011933,0.428967,2.412779
-0.403676,-0.354870,2.383713
-0.027843,0.531757,2.305381
-0.157519,-0.055304,2.512966
-0.148212,-0.111367,2.459603
-0.220484,-0.187106,2.432433
-0.068590,-0.184956,2.456012
-0.234419,-0.602951,2.396975
-0.029277,-0.616463,2.443781
-0.229298,-0.978472,2.380588
-0.022881,-0.960787,2.467462
-0.228309,-1.006447,2.290859
-0.048378,-1.013499,2.433999
-0.176186,0.483601,2.503889
-0.173709,0.282291,2.523413
-0.337359,0.180918,2.511111
-0.003642,0.187548,2.535409
-0.413148,-0.078245,2.507580
0.149250,0.169252,2.309007
-0.410383,-0.293657,2.309007
-0.012538,0.429399,2.411870
-0.402077,-0.354992,2.382686
-0.027018,0.529819,2.309170
-0.156532,-0.055299,2.511875
-0.147721,-0.111308,2.458492
-0.220018,-0.186921,2.431476
-0.068188,-0.184677,2.454652
-0.233960,-0.602842,2.397339
-0.029244,-0.616118,2.443063
-0.228755,-0.974731,2.383519
-0.023347,-0.959280,2.466488
-0.227923,-1.003102,2.294083
-0.048117,-1.010493,2.429894
-0.174387,0.483620,2.503193
-0.171476,0.282455,2.522557
-0.334917,0.180945,2.510082
-0.001601,0.187961,2.531351
-0.410957,-0.077954,2.506790
0.152612,0.173844,2.302647
-0.408444,-0.293083,2.302647
-0.011280,0.424853,2.411089
-0.400208,-0.355109,2.381771
-0.027986,0.525452,2.314663
-0.155095,-0.055295,2.510710
-0.146945,-0.111258,2.457329
-0.219316,-0.186729,2.430523
-0.067551,-0.184404,2.453221
-0.233408,-0.602725,2.397597
-0.029103,-0.615747,2.442337
-0.228127,-0.971126,2.386129
-0.023745,-0.957846,2.465497
-0.227513,-0.999889,2.296956
-0.047757,-1.007491,2.425590
-0.172188,0.483620,2.502372
-0.168651,0.282664,2.521591
-0.332200,0.180973,2.509105
0.000772,0.188351,2.527196
-0.408395,-0.077664,2.506063
0.156021,0.177951,2.296811
-0.406165,-0.292496,2.296811
-0.010597,0.423548,2.410402
-0.398089,-0.355225,2.380982
-0.026799,0.522349,2.317958
-0.153259,-0.055278,2.509472
-0.145884,-0.111205,2.456103
-0.218412,-0.186532,2.429573
-0.066628,-0.184126,2.451677
-0.232706,-0.602566,2.397686
-0.028822,-0.615363,2.441601
-0.227411,-0.967556,2.388374
-0.024070,-0.956481,2.464497
-0.227055,-0.996709,2.299445
-0.047255,-1.004519,2.421162
-0.169383,0.483598,2.501307
-0.164888,0.282864,2.520423
-0.328904,0.180993,2.508095
0.003712,0.188831,2.522662
-0.405314,-0.077351,2.505352
0.159854,0.181366,2.291435
-0.403541,-0.291879,2.291435
-0.010113,0.423044,2.409791
-0.395438,-0.355306,2.380248
-0.026719,0.521380,2.321549
-0.150828,-0.055274,2.508097
-0.144411,-0.111168,2.454765
-0.217173,-0.186332,2.428595
-0.065349,-0.183854,2.449975
-0.231622,-0.602252,2.397258
-0.028298,-0.614910,2.440791
-0.226947,-0.965222,2.390274
-0.024317,-0.955179,2.463485
-0.226742,-0.994645,2.301575
-0.046653,-1.001607,2.416679
-0.166157,0.483543,2.500059
-0.160704,0.283049,2.519158
-0.325346,0.181036,2.507069
0.006847,0.189299,2.518133
-0.401819,-0.077053,2.504678
0.163681,0.184293,2.286543
-0.400721,-0.291268,2.286543
-0.008457,0.420973,2.409239
-0.392578,-0.355367,2.379592
-0.026425,0.520115,2.324859
-0.148073,-0.055266,2.506658
-0.142669,-0.111128,2.453362
-0.215684,-0.186118,2.427576
-0.063848,-0.183585,2.448215
-0.230266,-0.601810,2.396410
-0.027678,-0.614446,2.439978
-0.226344,-0.963182,2.391829
-0.024500,-0.953940,2.462463
-0.226327,-0.992866,2.303357
-0.045940,-0.998773,2.412179
-0.162379,0.483350,2.498583
-0.156304,0.283163,2.517850
-0.321536,0.181088,2.506020
0.010109,0.189729,2.513716
-0.398100,-0.076762,2.504043
0.167443,0.186826,2.282113
-0.397741,-0.290655,2.282113
-0.004983,0.414596,2.408743
-0.389583,-0.355416,2.379002
-0.025702,0.514149,2.328538
-0.145076,-0.055276,2.505158
-0.140678,-0.111094,2.451883
-0.213948,-0.185896,2.426499
-0.062097,-0.183320,2.446344
-0.228597,-0.601145,2.395019
-0.026937,-0.613960,2.439132
-0.225526,-0.961408,2.392841
-0.024633,-0.952768,2.461448
-0.225724,-0.991402,2.304584
-0.045151,-0.996047,2.407740
-0.158314,0.483100,2.496960
-0.151641,0.283215,2.516471
-0.317631,0.181152,2.504981
0.013535,0.190135,2.509279
-0.394139,-0.076457,2.503415
0.171223,0.188887,2.278065
-0.394531,-0.290030,2.278065
-0.000995,0.407383,2.408301
-0.386485,-0.355456,2.378478
-0.024716,0.507340,2.332003
-0.141858,-0.055291,2.503604
-0.138496,-0.111059,2.450351
-0.212060,-0.185671,2.425402
-0.060156,-0.183062,2.444400
-0.226704,-0.600366,2.393219
-0.026093,-0.613461,2.438263
-0.224468,-0.959928,2.393111
-0.024721,-0.951662,2.460445
-0.224926,-0.990262,2.305050
-0.044335,-0.993449,2.403417
-0.153959,0.482768,2.495100
-0.146941,0.283224,2.515085
-0.313637,0.181237,2.503920
0.017028,0.190480,2.504925
-0.390001,-0.076152,2.502798
0.174881,0.190600,2.274352
-0.391226,-0.289412,2.274352
0.003207,0.399792,2.407916
-0.383308,-0.355475,2.378029
-0.023575,0.499979,2.335282
-0.138506,-0.055322,2.502006
-0.136148,-0.111030,2.448756
-0.210023,-0.185443,2.424267
-0.058008,-0.182818,2.442332
-0.224482,-0.599317,2.390785
-0.025158,-0.612964,2.437362
-0.223180,-0.958646,2.392440
-0.024776,-0.950618,2.459446
-0.223927,-0.989422,2.304534
-0.043501,-0.990983,2.399209
-0.149212,0.482257,2.492667
-0.142219,0.283127,2.513541
-0.309415,0.181314,2.502668
0.020711,0.190658,2.500328
-0.385759,-0.075883,2.502146
0.178456,0.192088,2.270755
-0.387889,-0.288839,2.270755
0.007466,0.391649,2.407550
-0.380063,-0.355497,2.377619
-0.022401,0.491762,2.338364
-0.134978,-0.055406,2.500252
-0.133597,-0.111044,2.447003
-0.207791,-0.185232,2.423020
-0.055651,-0.182623,2.440074
-0.221682,-0.598023,2.387373
-0.024086,-0.612445,2.436355
-0.220870,-0.957537,2.387721
-0.024786,-0.949623,2.458446
-0.222019,-0.988985,2.299809
-0.042647,-0.988635,2.395131
-0.144370,0.481708,2.489995
-0.137395,0.283005,2.511681
-0.305203,0.181402,2.501355
0.024471,0.190804,2.495654
-0.381452,-0.075678,2.501395
0.181870,0.193349,2.267323
-0.384462,-0.288333,2.267323
0.011687,0.383517,2.407145
-0.376800,-0.355523,2.377245
-0.021178,0.483306,2.341127
-0.131320,-0.055469,2.498328
-0.130908,-0.111052,2.445100
-0.205455,-0.185017,2.421678
-0.053141,-0.182438,2.437658
-0.218505,-0.596558,2.383263
-0.022918,-0.611928,2.435249
-0.218422,-0.956592,2.381887
-0.024759,-0.948682,2.457433
-0.220025,-0.988761,2.293938
-0.041800,-0.986433,2.391186
-0.139423,0.481118,2.486997
-0.132569,0.282859,2.509600
-0.301013,0.181511,2.499868
0.028353,0.191047,2.490609
-0.377117,-0.075531,2.500479
0.185259,0.194254,2.263929
-0.381053,-0.287915,2.263929
0.015986,0.375297,2.406713
-0.373480,-0.355572,2.376883
-0.019860,0.474729,2.343285
-0.127580,-0.055507,2.496221
-0.128134,-0.111036,2.443028
-0.203056,-0.184786,2.420234
-0.050528,-0.182238,2.435014
-0.215044,-0.594857,2.378552
-0.021633,-0.611375,2.433998
-0.215620,-0.955566,2.373678
-0.024685,-0.947769,2.456397
-0.217778,-0.988607,2.285578
-0.040966,-0.984335,2.387377
-0.134488,0.480620,2.483658
-0.127758,0.282691,2.507288
-0.296798,0.181609,2.498121
0.032197,0.191322,2.485448
-0.372795,-0.075409,2.499397
0.188523,0.194906,2.260656
-0.377693,-0.287551,2.260656
0.020155,0.367135,2.406243
-0.370198,-0.355628,2.376520
-0.018555,0.466036,2.345019
-0.123762,-0.055535,2.493858
-0.125224,-0.111002,2.440681
-0.200514,-0.184537,2.418535
-0.047777,-0.182016,2.432084
-0.211393,-0.593023,2.373280
-0.020275,-0.610815,2.432649
-0.212505,-0.954509,2.363519
-0.024582,-0.946902,2.455350
-0.215232,-0.988492,2.275149
-0.040136,-0.982365,2.383708
-0.129708,0.480118,2.480107
-0.123091,0.282498,2.504602
-0.292641,0.181683,2.496132
0.035944,0.191671,2.480171
-0.368563,-0.075305,2.498165
0.191650,0.195258,2.257484
-0.374374,-0.287211,2.257484
0.024226,0.359243,2.405652
-0.366918,-0.355693,2.376063
-0.017215,0.457548,2.346272
-0.119958,-0.055541,2.491274
-0.122262,-0.110964,2.438116
-0.197887,-0.184288,2.416639
-0.044988,-0.181790,2.428972
-0.207592,-0.591116,2.367517
-0.018862,-0.610257,2.431185
-0.209106,-0.953455,2.351849
-0.024454,-0.946080,2.454287
-0.212412,-0.988419,2.263140
-0.039326,-0.980531,2.380189
-0.125045,0.479625,2.476272
-0.118568,0.282274,2.501629
-0.288600,0.181742,2.493917
0.039564,0.191867,2.474853
-0.364434,-0.075210,2.496715
0.194649,0.195258,2.254361
-0.371060,-0.286887,2.254361
0.028126,0.353281,2.404875
-0.363664,-0.355808,2.375390
-0.015604,0.451703,2.346508
-0.116184,-0.055577,2.488345
-0.119246,-0.110951,2.435167
-0.195179,-0.184057,2.414371
-0.042133,-0.181607,2.425462
-0.203699,-0.589198,2.361180
-0.017411,-0.609721,2.429566
-0.205451,-0.952408,2.338523
-0.024308,-0.945313,2.453219
-0.209306,-0.988357,2.249349
-0.038530,-0.978835,2.376825
-0.120653,0.478940,2.471904
-0.114144,0.282040,2.498176
-0.284710,0.181792,2.491348
0.043034,0.192044,2.469399
-0.360428,-0.075218,2.494994
0.197374,0.195222,2.251176
-0.367731,-0.286659,2.251176
0.031516,0.346104,2.403834
-0.360432,-0.355953,2.374534
-0.014578,0.443915,2.346090
-0.112482,-0.055591,2.485062
-0.116227,-0.110926,2.431850
-0.192470,-0.183825,2.411826
-0.039259,-0.181424,2.421518
-0.199701,-0.587233,2.354301
-0.015919,-0.609216,2.427769
-0.201725,-0.951288,2.323761
-0.024141,-0.944580,2.452131
-0.206103,-0.988221,2.234050
-0.037742,-0.977252,2.373597
-0.116437,0.478269,2.466974
-0.109956,0.281803,2.494372
-0.280952,0.181805,2.488314
0.046337,0.192171,2.463544
-0.356586,-0.075344,2.492859
0.199964,0.194952,2.247832
-0.364433,-0.286556,2.247832
0.034787,0.339267,2.402457
-0.357279,-0.356125,2.373400
-0.013499,0.436332,2.345516
-0.108841,-0.055626,2.481351
-0.113198,-0.110925,2.428061
-0.189679,-0.183616,2.408704
-0.036383,-0.181272,2.417195
-0.195726,-0.585221,2.346417
-0.014372,-0.608703,2.425654
-0.197961,-0.950386,2.308817
-0.023960,-0.943891,2.451023
-0.202842,-0.988294,2.218622
-0.036988,-0.975791,2.370510
-0.112475,0.477699,2.461498
-0.106004,0.281508,2.490251
-0.277374,0.181778,2.484792
0.049520,0.192311,2.456956
-0.352809,-0.075572,2.490217
0.202502,0.194392,2.244151
-0.361193,-0.286536,2.244151
0.037340,0.334391,2.400622
-0.354206,-0.356328,2.371860
-0.012404,0.431128,2.344373
-0.105336,-0.055658,2.477189
-0.110285,-0.110894,2.423786
-0.186993,-0.183394,2.405122
-0.033606,-0.181099,2.412263
-0.191870,-0.583206,2.338042
-0.012776,-0.608181,2.423156
-0.194203,-0.949408,2.292747
-0.023767,-0.943256,2.449869
-0.199635,-0.988253,2.202018
-0.036295,-0.974459,2.367536
-0.108844,0.476898,2.455249
-0.102167,0.281237,2.485113
-0.274014,0.181698,2.480662
0.052468,0.192362,2.449769
-0.349160,-0.075860,2.486971
0.204931,0.193506,2.240170
-0.358021,-0.286571,2.240170
0.039966,0.327543,2.398239
-0.351170,-0.356605,2.369729
-0.011640,0.423474,2.341723
-0.101939,-0.055677,2.472234
-0.107452,-0.110879,2.418728
-0.184387,-0.183198,2.400883
-0.030915,-0.180954,2.406539
-0.188162,-0.581217,2.328888
-0.011158,-0.607677,2.420206
-0.190612,-0.948594,2.276692
-0.023558,-0.942624,2.448603
-0.196583,-0.988355,2.185483
-0.035634,-0.973198,2.364593
-0.105666,0.476293,2.448584
-0.098731,0.280863,2.479026
-0.270912,0.181522,2.475611
0.055167,0.192368,2.441959
-0.345669,-0.076172,2.482975
0.207252,0.192284,2.235858
-0.354913,-0.286613,2.235858
0.042462,0.320874,2.395079
-0.347907,-0.357367,2.366046
-0.008491,0.415647,2.336677
-0.098811,-0.055733,2.466452
-0.104816,-0.110903,2.412825
-0.181933,-0.183029,2.395771
-0.028413,-0.180908,2.400011
-0.184710,-0.579290,2.318969
-0.009559,-0.607230,2.416768
-0.187267,-0.947937,2.260741
-0.023351,-0.941991,2.447240
-0.193729,-0.988583,2.169098
-0.035005,-0.971998,2.361694
-0.103104,0.475832,2.441013
-0.095868,0.280426,2.472211
-0.268131,0.181309,2.469756
0.057519,0.192199,2.434093
-0.342441,-0.076558,2.477952
0.209271,0.190449,2.231299
-0.351928,-0.286722,2.231299
0.044875,0.314537,2.390946
-0.344838,-0.358251,2.361729
-0.005121,0.407925,2.330783
-0.096087,-0.055871,2.459743
-0.102465,-0.111002,2.405904
-0.179672,-0.182915,2.389528
-0.026187,-0.180960,2.392496
-0.181568,-0.577528,2.308550
-0.008014,-0.606774,2.412587
-0.184212,-0.947419,2.244695
-0.023157,-0.941358,2.445738
-0.191067,-0.988892,2.152583
-0.034390,-0.970854,2.358780
-0.101089,0.475408,2.432516
-0.093503,0.279944,2.464419
-0.265780,0.181109,2.462667
0.059325,0.191595,2.424882
-0.339530,-0.077057,2.471508
0.211114,0.188596,2.226078
-0.349113,-0.286949,2.226078
0.046015,0.310962,2.385587
-0.342086,-0.358790,2.356422
-0.003774,0.403328,2.325372
-0.093777,-0.056024,2.452023
-0.100496,-0.111109,2.397969
-0.177741,-0.182809,2.382358
-0.024369,-0.181034,2.383864
-0.178835,-0.575817,2.297427
-0.006594,-0.606418,2.407617
-0.181398,-0.946976,2.228706
-0.022978,-0.940738,2.444086
-0.188632,-0.989231,2.136173
-0.033837,-0.969782,2.355859
-0.099779,0.475024,2.422945
-0.091768,0.279487,2.455360
-0.264046,0.180850,2.454415
0.060550,0.190873,2.414785
-0.336990,-0.077607,2.464012
0.212569,0.186638,2.220148
-0.346506,-0.287212,2.220148
0.047020,0.305449,2.379087
-0.339637,-0.359610,2.349637
-0.001160,0.396796,2.316984
-0.091935,-0.056169,2.443046
-0.098927,-0.111218,2.388766
-0.176181,-0.182707,2.373832
-0.022912,-0.181137,2.374056
-0.176464,-0.574204,2.285626
-0.005290,-0.606053,2.401783
-0.178953,-0.946629,2.212848
-0.022824,-0.940070,2.442087
-0.186548,-0.989618,2.119921
-0.033335,-0.968722,2.352728
-0.099266,0.474959,2.412154
-0.090568,0.279286,2.444985
-0.262922,0.180729,2.444919
0.061257,0.190199,2.404200
-0.334908,-0.078003,2.455253
0.213635,0.184426,2.213719
-0.344263,-0.287278,2.213719
0.046875,0.302232,2.371067
-0.337517,-0.360423,2.341763
-0.000232,0.392634,2.308888
-0.090720,-0.056142,2.432688
-0.097927,-0.111165,2.378162
-0.175180,-0.182520,2.363879
-0.022065,-0.181015,2.362838
-0.174447,-0.572644,2.273463
-0.004220,-0.605514,2.394633
-0.176847,-0.946366,2.197728
-0.022717,-0.939366,2.439755
-0.184744,-0.990036,2.104461
-0.032877,-0.967679,2.349398
-0.100305,0.475379,2.398093
-0.090442,0.279707,2.432068
-0.263362,0.181363,2.431983
0.060256,0.190354,2.387971
-0.334225,-0.077925,2.442243
0.214713,0.181276,2.206664
-0.343025,-0.286965,2.206664
0.044918,0.299876,2.359539
-0.336358,-0.360159,2.330422
-0.000320,0.389170,2.299165
-0.090511,-0.055556,2.418849
-0.098100,-0.110500,2.363935
-0.175336,-0.181747,2.350376
-0.022452,-0.180333,2.347489
-0.173106,-0.570770,2.259982
-0.003844,-0.603978,2.382545
-0.174956,-0.946071,2.183841
-0.022643,-0.937404,2.434611
-0.183271,-0.990361,2.090413
-0.032676,-0.965477,2.343481
-0.102099,0.476138,2.383658
-0.091109,0.281134,2.417574
-0.264518,0.182130,2.418452
0.058699,0.190231,2.372079
-0.334024,-0.077640,2.428720
0.215314,0.177161,2.199765
-0.342252,-0.286428,2.199765
0.043009,0.295322,2.347255
-0.335729,-0.360118,2.317776
-0.000390,0.384595,2.287053
-0.090960,-0.054758,2.404130
-0.098842,-0.109790,2.348867
-0.176114,-0.180965,2.335718
-0.023305,-0.179620,2.331799
-0.172225,-0.569029,2.246325
-0.003790,-0.602187,2.369168
-0.173332,-0.945870,2.170900
-0.022614,-0.935243,2.428857
-0.181998,-0.990740,2.077372
-0.032498,-0.963160,2.337120
-0.104923,0.477403,2.368471
-0.092847,0.283262,2.401631
-0.266700,0.183132,2.403580
0.056370,0.189767,2.355862
-0.334596,-0.077065,2.414161
0.215550,0.172449,2.193160
-0.342248,-0.285500,2.193160
0.038874,0.291142,2.333346
-0.335653,-0.359517,2.303962
-0.002567,0.374730,2.263342
-0.092414,-0.053844,2.387928
-0.100451,-0.109114,2.332379
-0.177697,-0.180236,2.319661
-0.024965,-0.178978,2.314944
-0.172083,-0.567475,2.232325
-0.004120,-0.600705,2.353985
-0.171821,-0.945768,2.159071
-0.022564,-0.932980,2.422287
-0.180744,-0.991162,2.065512
-0.032256,-0.960801,2.330085
-0.108854,0.479161,2.352473
-0.096066,0.285631,2.384226
-0.269853,0.184252,2.387821
0.053993,0.189917,2.340899
-0.335938,-0.076254,2.398695
0.215220,0.167388,2.186860
-0.342936,-0.284263,2.186860
0.032844,0.285255,2.318131
-0.336177,-0.358587,2.289300
-0.006714,0.361252,2.233325
-0.094807,-0.052590,2.370976
-0.102724,-0.108143,2.315299
-0.179850,-0.179449,2.303312
-0.027179,-0.178085,2.297234
-0.172418,-0.565989,2.218585
-0.005031,-0.598653,2.335333
-0.170477,-0.945679,2.148235
-0.022435,-0.930146,2.413496
-0.179557,-0.991551,2.054680
-0.033160,-0.959202,2.325071
-0.113157,0.481046,2.336555
-0.100094,0.287920,2.366861
-0.273759,0.185513,2.371644
0.051702,0.191348,2.327462
-0.338029,-0.075337,2.382248
0.213932,0.162228,2.181190
-0.344167,-0.282950,2.181190
0.027157,0.272448,2.301980
-0.337593,-0.358142,2.271977
-0.011613,0.339749,2.196369
-0.097873,-0.051135,2.353921
-0.105446,-0.106892,2.298140
-0.182449,-0.178573,2.286676
-0.029700,-0.176978,2.279562
-0.173273,-0.564974,2.204935
-0.006078,-0.596535,2.315240
-0.169177,-0.945718,2.138495
-0.022274,-0.926764,2.402993
-0.178360,-0.991869,2.044960
-0.033753,-0.957835,2.321072
-0.117949,0.483098,2.320479
-0.104753,0.290207,2.349651
-0.278517,0.186959,2.354695
0.049340,0.192790,2.314705
-0.340818,-0.074244,2.364924
0.211953,0.156178,2.176200
-0.345913,-0.281595,2.176200
0.022929,0.249164,2.284982
-0.339353,-0.357704,2.254719
-0.017191,0.300587,2.148905
-0.101456,-0.049540,2.336938
-0.108483,-0.105473,2.281134
-0.185412,-0.177631,2.269677
-0.032388,-0.175782,2.262410
-0.174445,-0.563916,2.191915
-0.007348,-0.594203,2.293290
-0.168002,-0.945711,2.129619
-0.022131,-0.922577,2.390239
-0.177226,-0.992147,2.036103
-0.033110,-0.953937,2.308937
-0.124255,0.485490,2.301967
-0.110954,0.292654,2.330158
-0.284540,0.188777,2.335646
0.046289,0.194396,2.301659
-0.344581,-0.072786,2.346105
0.209392,0.149615,2.172096
-0.348698,-0.279857,2.172096
0.023201,0.204268,2.266306
-0.342444,-0.355971,2.235155
-0.015686,0.225447,2.101193
-0.106278,-0.047498,2.318163
-0.112449,-0.103604,2.262537
-0.189349,-0.176258,2.250253
-0.035732,-0.174265,2.244644
-0.176015,-0.562882,2.179451
-0.009302,-0.590147,2.266038
-0.166903,-0.945677,2.121491
-0.022243,-0.914058,2.368377
-0.176110,-0.992333,2.027994
-0.032108,-0.945541,2.287094
-0.131590,0.488094,2.282556
-0.118421,0.295237,2.309616
-0.291324,0.190725,2.315752
0.042677,0.196039,2.288129
-0.349220,-0.071199,2.326233
0.206634,0.142632,2.169426
-0.352092,-0.277978,2.169426
0.028394,0.153106,2.246773
-0.346025,-0.353941,2.215122
-0.005668,0.142825,2.068044
-0.111781,-0.045296,2.299144
-0.116945,-0.101625,2.243841
-0.193712,-0.174884,2.230858
-0.039496,-0.172656,2.226984
-0.177914,-0.561993,2.167454
-0.011554,-0.585588,2.238460
-0.165929,-0.945651,2.114086
-0.022125,-0.911397,2.353014
-0.175108,-0.992482,2.020621
-0.031328,-0.943240,2.272036
-0.139066,0.490775,2.263476
-0.125994,0.297799,2.289558
-0.298418,0.192745,2.295961
0.038761,0.197800,2.274785
-0.354117,-0.069561,2.306876
0.203740,0.135668,2.167597
-0.355785,-0.276012,2.167597
0.033988,0.104023,2.227455
-0.349735,-0.351851,2.195830
0.004289,0.067866,2.042949
-0.117426,-0.043029,2.280732
-0.121545,-0.099589,2.225807
-0.198124,-0.173509,2.212268
-0.043369,-0.170965,2.209994
-0.179971,-0.561186,2.156202
-0.013998,-0.580873,2.211695
-0.165049,-0.945620,2.107345
-0.022436,-0.909219,2.335855
-0.174186,-0.992594,2.013914
-0.030891,-0.941507,2.255022
-0.146511,0.493465,2.244874
-0.133623,0.300312,2.270061
-0.305461,0.194765,2.276957
0.034689,0.199557,2.261778
-0.359282,-0.067807,2.287868
0.200762,0.128887,2.166466
-0.359693,-0.274003,2.166466
0.039447,0.058981,2.208654
-0.353625,-0.350088,2.176736
0.014100,0.001227,2.024929
-0.123083,-0.040765,2.263097
-0.126158,-0.097570,2.208586
-0.202510,-0.172173,2.194602
-0.047258,-0.169271,2.193832
-0.182161,-0.560478,2.145614
-0.016582,-0.576277,2.186040
-0.164249,-0.945587,2.101239
-0.022820,-0.907340,2.318507
-0.173340,-0.992678,2.007838
-0.030518,-0.940050,2.237670
-0.153809,0.496095,2.227046
-0.141238,0.302737,2.251096
-0.312306,0.196807,2.258899
0.030597,0.201252,2.249249
-0.364563,-0.065920,2.269622
0.197690,0.122294,2.165901
-0.363625,-0.271871,2.165901
0.044549,0.019749,2.190550
-0.357476,-0.348112,2.158302
0.022485,-0.054041,2.010000
-0.128730,-0.038532,2.246243
-0.130771,-0.095600,2.192184
-0.206841,-0.170899,2.177948
-0.051186,-0.167602,2.178420
-0.184484,-0.560090,2.135553
-0.019326,-0.571719,2.161705
-0.163514,-0.945565,2.095744
-0.023295,-0.905975,2.298905
-0.172565,-0.992744,2.002358
-0.030169,-0.939298,2.217905
-0.160871,0.498640,2.210152
-0.148508,0.305040,2.233119
-0.318912,0.198872,2.241721
0.026463,0.202935,2.237136
-0.369771,-0.064047,2.252300
0.194542,0.115936,2.165802
-0.367503,-0.269775,2.165802
0.049112,-0.015018,2.173330
-0.361219,-0.346166,2.140992
0.029537,-0.101452,1.997246
-0.134202,-0.036364,2.230313
-0.135258,-0.093689,2.176696
-0.211066,-0.169660,2.162192
-0.055010,-0.165970,2.163953
-0.186828,-0.559898,2.126149
-0.022152,-0.567345,2.138870
-0.162846,-0.945538,2.090772
-0.023827,-0.905024,2.277896
-0.171855,-0.992792,1.997392
-0.029841,-0.939044,2.196577
-0.167585,0.501057,2.194258
-0.155369,0.307148,2.216357
-0.325258,0.200884,2.225403
0.022386,0.204520,2.225531
-0.374850,-0.062222,2.235935
0.191266,0.109759,2.166048
-0.371337,-0.267713,2.166048
0.053140,-0.045979,2.156896
-0.364918,-0.344222,2.124567
0.035387,-0.142578,1.986035
-0.139440,-0.034318,2.215401
-0.139560,-0.091875,2.162190
-0.215136,-0.168494,2.147377
-0.058676,-0.164415,2.150455
-0.189144,-0.559833,2.117421
-0.024990,-0.563734,2.117441
-0.162242,-0.945512,2.086259
-0.024561,-0.905087,2.254056
-0.171204,-0.992824,1.992882
-0.029670,-0.939417,2.172195
-0.173862,0.503296,2.179489
-0.161771,0.309097,2.200724
-0.331240,0.202825,2.209898
0.018473,0.206014,2.214586
-0.379731,-0.060489,2.220521
0.187823,0.103761,2.166408
-0.375048,-0.265767,2.166408
0.056634,-0.073557,2.141383
-0.368440,-0.342296,2.109107
0.040566,-0.179025,1.976365
-0.144424,-0.032395,2.201452
-0.143645,-0.090170,2.148624
-0.219015,-0.167416,2.133478
-0.062162,-0.162937,2.137877
-0.191410,-0.559787,2.109334
-0.027696,-0.560444,2.097481
-0.161691,-0.945488,2.082160
-0.025228,-0.905529,2.229088
-0.170595,-0.992839,1.988784
-0.029372,-0.940112,2.146601
-0.179639,0.505456,2.165762
-0.167746,0.310955,2.185957
-0.336930,0.204706,2.195090
0.014585,0.207484,2.203748
-0.384515,-0.058719,2.205587
0.183758,0.097199,2.165885
-0.378660,-0.263819,2.165885
0.059514,-0.098975,2.126098
-0.371806,-0.340343,2.094144
0.044922,-0.212148,1.967488
-0.149166,-0.030541,2.188186
-0.147569,-0.088517,2.135689
-0.222761,-0.166387,2.120198
-0.065537,-0.161475,2.125884
-0.193712,-0.559842,2.101705
-0.030423,-0.557356,2.077821
-0.161186,-0.945462,2.078435
-0.026573,-0.906262,2.201089
-0.170007,-0.992816,1.985065
-0.029775,-0.941030,2.117887
-0.184908,0.507489,2.152983
-0.173184,0.312691,2.172293
-0.342221,0.206428,2.181143
0.010881,0.208806,2.193364
-0.389076,-0.057014,2.191412
0.179201,0.090229,2.164844
-0.382031,-0.261943,2.164844
0.062015,-0.122147,2.111794
-0.374985,-0.338411,2.079990
0.048708,-0.241918,1.959462
-0.153583,-0.028817,2.175801
-0.151244,-0.086980,2.123581
-0.226299,-0.165437,2.107681
-0.068713,-0.160115,2.114689
-0.195967,-0.559996,2.094568
-0.032968,-0.554541,2.059478
-0.160726,-0.945437,2.075047
-0.027958,-0.907200,2.172808
-0.169450,-0.992770,1.981688
-0.030241,-0.942099,2.088878
-0.189672,0.509372,2.141101
-0.178142,0.314313,2.159534
-0.347112,0.208021,2.167986
0.007390,0.210017,2.183471
-0.393374,-0.055359,2.178100
0.174081,0.082646,2.163030
-0.385187,-0.260105,2.163030
0.064124,-0.143233,2.098197
-0.377959,-0.336494,2.066578
0.051888,-0.268536,1.951716
-0.157700,-0.027209,2.164175
-0.154676,-0.085549,2.112199
-0.229618,-0.164556,2.095894
-0.071699,-0.158848,2.104172
-0.198187,-0.560235,2.087882
-0.035323,-0.551868,2.042377
-0.160305,-0.945411,2.071966
-0.029146,-0.908234,2.142056
-0.168913,-0.992692,1.978636
-0.030486,-0.943232,2.057350
-0.193974,0.511154,2.130070
-0.182657,0.315818,2.147707
-0.351567,0.209541,2.155756
0.004105,0.211104,2.173968
-0.397442,-0.053649,2.165475
0.168220,0.074361,2.160203
-0.388163,-0.258296,2.160203
0.065886,-0.162516,2.085401
-0.380713,-0.334619,2.053841
0.054844,-0.292513,1.944285
-0.161496,-0.025703,2.153349
-0.157860,-0.084205,2.101579
-0.232702,-0.163711,2.084869
-0.074483,-0.157660,2.094371
-0.200313,-0.560527,2.081603
-0.037533,-0.549301,2.026344
-0.159921,-0.945380,2.069170
-0.029876,-0.909143,2.112086
-0.168407,-0.992579,1.975886
-0.030339,-0.944331,2.026590
-0.197819,0.512804,2.119935
-0.186731,0.317199,2.136833
-0.355553,0.210985,2.144283
0.000976,0.212077,2.164748
-0.401210,-0.051985,2.153665
0.161299,0.065149,2.155997
-0.390905,-0.256543,2.155997
0.067373,-0.180248,2.073266
-0.383223,-0.332745,2.041658
0.057523,-0.314322,1.937494
-0.164981,-0.024348,2.143238
-0.160800,-0.082997,2.091610
-0.235545,-0.162950,2.074478
-0.077089,-0.156569,2.085165
-0.202352,-0.560855,2.075698
-0.039570,-0.546809,2.011298
-0.159569,-0.945345,2.066633
-0.030699,-0.909905,2.083240
-0.167922,-0.992437,1.973410
-0.030346,-0.945431,1.996948
-0.201230,0.514324,2.110621
-0.190386,0.318479,2.126767
-0.359114,0.212320,2.133581
-0.001970,0.212898,2.155786
-0.404699,-0.050381,2.142565
0.153358,0.055396,2.150377
-0.393426,-0.254830,2.150377
0.068669,-0.196436,2.061625
-0.385498,-0.330933,2.029928
0.059907,-0.334056,1.931270
-0.168154,-0.023134,2.133734
-0.163493,-0.081921,2.082195
-0.238145,-0.162276,2.064661
-0.079511,-0.155570,2.076420
-0.204289,-0.561257,2.070135
-0.041431,-0.544405,1.997026
-0.159248,-0.945311,2.064327
-0.031253,-0.910539,2.055356
-0.167467,-0.992281,1.971169
-0.030154,-0.946504,1.968278
-0.204233,0.515744,2.102006
-0.193700,0.319638,2.117381
-0.362300,0.213575,2.123681
-0.004721,0.213563,2.147031
-0.407887,-0.048839,2.132123
0.145135,0.045774,2.144036
-0.395700,-0.253157,2.144036
0.069731,-0.211009,2.050516
-0.387537,-0.329149,2.018718
0.061928,-0.351635,1.925454
-0.171052,-0.022041,2.124780
-0.165972,-0.080956,2.073293
-0.240527,-0.161660,2.055420
-0.081770,-0.154672,2.068062
-0.206190,-0.561843,2.064789
-0.043012,-0.542097,1.983500
-0.158949,-0.945261,2.062247
-0.031901,-0.911090,2.028895
-0.167023,-0.992077,1.969172
-0.030171,-0.947559,1.941083
-0.206820,0.517090,2.093961
-0.196665,0.320712,2.108683
-0.365092,0.214767,2.114357
-0.007282,0.214110,2.138458
-0.410779,-0.047295,2.122154
0.136359,0.036127,2.136435
-0.397729,-0.251583,2.136435
0.070629,-0.224264,2.039741
-0.389305,-0.327385,2.007916
0.063659,-0.367245,1.920002
-0.173684,-0.021081,2.116305
-0.168238,-0.080117,2.064813
-0.242691,-0.161115,2.046618
-0.083876,-0.153875,2.060042
-0.208013,-0.562517,2.059719
-0.044361,-0.539919,1.970885
-0.158669,-0.945208,2.060356
-0.032338,-0.911392,2.002016
-0.166587,-0.991846,1.967365
-0.030029,-0.948482,1.913402
-0.208821,0.518422,2.086022
-0.199156,0.321754,2.099965
-0.367381,0.215882,2.104996
-0.009549,0.214478,2.129085
-0.413325,-0.045740,2.112053
0.127480,0.026518,2.126854
-0.399361,-0.249985,2.126854
0.071302,-0.236279,2.028367
-0.390685,-0.325535,1.996491
0.065232,-0.380300,1.914291
-0.175960,-0.020265,2.107521
-0.170222,-0.079430,2.055948
-0.244576,-0.160662,2.037489
-0.085782,-0.153195,2.051475
-0.209712,-0.563706,2.054533
-0.045463,-0.537831,1.958170
-0.158414,-0.945140,2.058653
-0.032446,-0.911527,1.974269
-0.166179,-0.991578,1.965759
-0.029652,-0.949337,1.884808
-0.210302,0.519680,2.078336
-0.201232,0.322720,2.091463
-0.369254,0.216950,2.095989
-0.011527,0.214744,2.119710
-0.415533,-0.044208,2.102350
0.119164,0.017636,2.116987
-0.400694,-0.248389,2.116987
0.071897,-0.246863,2.017296
-0.391755,-0.323657,1.985385
0.066734,-0.392089,1.909122
-0.177908,-0.019541,2.098871
-0.171929,-0.078828,2.047197
-0.246182,-0.160243,2.028504
-0.087461,-0.152584,2.042958
-0.211284,-0.565088,2.049436
-0.046401,-0.535908,1.945990
-0.158171,-0.945049,2.057119
-0.032439,-0.911663,1.948005
-0.165773,-0.991256,1.964331
-0.029225,-0.950149,1.857800
-0.211322,0.520835,2.070870
-0.202850,0.323637,2.083071
-0.370624,0.217976,2.087018
-0.013119,0.214904,2.110183
-0.417379,-0.042729,2.092859
0.111583,0.009260,2.106587
-0.401638,-0.246694,2.106587
0.072404,-0.256128,2.006201
-0.392424,-0.321699,1.974210
0.068069,-0.402040,1.903976
-0.179480,-0.018908,2.090140
-0.173295,-0.078308,2.038321
-0.247447,-0.159863,2.019368
-0.088848,-0.152042,2.034259
-0.212678,-0.566679,2.044200
-0.047217,-0.534160,1.934289
-0.157941,-0.944945,2.055715
-0.031869,-0.911755,1.922952
-0.165368,-0.990895,1.963021
-0.028245,-0.950893,1.832069
-0.211345,0.521918,2.062315
-0.203488,0.324552,2.073231
-0.370882,0.218960,2.076298
-0.014053,0.214916,2.098480
-0.418536,-0.041214,2.082297
0.104947,0.001326,2.094793
-0.401988,-0.244796,2.094793
0.073196,-0.263250,1.993894
-0.392260,-0.319626,1.961327
0.068758,-0.406713,1.897711
-0.180201,-0.018408,2.079489
-0.173862,-0.077911,2.027422
-0.247821,-0.159501,2.007962
-0.089596,-0.151546,2.023655
-0.213849,-0.567120,2.037000
-0.047673,-0.532434,1.921364
-0.157634,-0.944682,2.054427
-0.031690,-0.911951,1.899412
-0.164817,-0.990269,1.961825
-0.027739,-0.951749,1.807997
-0.209251,0.523012,2.050497
-0.202170,0.325721,2.059314
-0.369093,0.219910,2.061569
-0.013153,0.215070,2.082180
-0.418141,-0.039600,2.067978
0.100633,-0.006029,2.080422
-0.401171,-0.242715,2.080422
0.074665,-0.268017,1.977493
-0.390972,-0.317227,1.945170
0.069839,-0.408231,1.890080
-0.179104,-0.017906,2.064005
-0.172684,-0.077504,2.011537
-0.246442,-0.159020,1.991525
-0.088690,-0.151038,2.007801
-0.214138,-0.569797,2.026391
-0.047118,-0.530775,1.905031
-0.157109,-0.944220,2.052496
-0.031221,-0.912242,1.878620
-0.164010,-0.989409,1.959913
-0.026996,-0.952593,1.786909
-0.206521,0.524109,2.038536
-0.200352,0.326908,2.045552
-0.366768,0.220807,2.046892
-0.011796,0.215300,2.065885
-0.417328,-0.038000,2.053918
0.097136,-0.012578,2.066414
-0.400024,-0.240639,2.066414
0.076476,-0.271042,1.961446
-0.389458,-0.314926,1.929405
0.070678,-0.402522,1.875521
-0.177533,-0.017417,2.048419
-0.171069,-0.077083,1.995501
-0.244628,-0.158472,1.974922
-0.087367,-0.150505,1.991656
-0.214200,-0.572448,2.014674
-0.046296,-0.529222,1.889255
-0.156509,-0.943640,2.050241
-0.030776,-0.912486,1.859735
-0.163110,-0.988389,1.957671
-0.026316,-0.953338,1.767773
-0.202954,0.525321,2.025708
-0.197584,0.328286,2.030782
-0.363704,0.221855,2.031621
-0.009759,0.215743,2.048594
-0.415839,-0.036285,2.039227
0.094825,-0.018197,2.052198
-0.398560,-0.238603,2.052198
0.078733,-0.271912,1.945377
-0.387730,-0.312593,1.913758
0.071439,-0.393619,1.859710
-0.175036,-0.016771,2.031338
-0.168601,-0.076456,1.977898
-0.242035,-0.157661,1.956892
-0.085160,-0.149716,1.973594
-0.213849,-0.574853,1.999860
-0.045109,-0.527686,1.873621
-0.156181,-0.942896,2.046890
-0.030498,-0.912654,1.842459
-0.162475,-0.987148,1.954383
-0.025856,-0.953967,1.750310
-0.197048,0.527440,2.007811
-0.191914,0.330588,2.010337
-0.358350,0.223669,2.011861
-0.005646,0.217227,2.026174
-0.412257,-0.033999,2.020018
0.094851,-0.021556,2.035867
-0.395945,-0.236072,2.035867
0.082185,-0.269324,1.925053
-0.384995,-0.309493,1.893324
0.075231,-0.382423,1.843377
-0.170070,-0.015344,2.008242
-0.163838,-0.075024,1.954244
-0.237204,-0.155873,1.932937
-0.080810,-0.148145,1.949260
-0.213641,-0.572683,1.968848
-0.043046,-0.525878,1.856359
-0.155560,-0.940661,2.039175
-0.030340,-0.912635,1.827179
-0.161454,-0.984189,1.946748
-0.025546,-0.954356,1.734902
