-0.015114,0.849959,2.578739
-0.029609,0.669285,2.662526
-0.216353,0.571298,2.658912
0.140739,0.544846,2.659948
-0.299576,0.318462,2.637898
0.192927,0.291747,2.642991
-0.290924,0.090644,2.642991
0.150372,0.081225,2.581093
-0.285303,0.024508,2.540967
0.142001,-0.001165,2.518937
-0.063535,0.323051,2.674904
-0.069636,0.259682,2.628472
-0.156175,0.182425,2.621564
0.001573,0.177135,2.616478
-0.191332,-0.321262,2.793502
-0.010316,-0.305251,2.621513
-0.186884,-0.601498,3.042169
-0.027720,-0.628637,2.553569
-0.161806,-0.616878,2.945584
-0.024819,-0.684531,2.469536
-0.010951,0.846118,2.547720
-0.025165,0.667582,2.646960
-0.210064,0.569820,2.636105
0.150514,0.545404,2.636079
-0.293123,0.320958,2.618542
0.196321,0.299696,2.622137
-0.277351,0.108823,2.622137
0.151978,0.093122,2.529165
-0.260593,0.037827,2.503145
0.139361,0.014256,2.497800
-0.058435,0.321920,2.656876
-0.064640,0.259298,2.609467
-0.152066,0.182432,2.602054
0.007361,0.175507,2.596672
-0.194105,-0.319829,2.755359
-0.010759,-0.305475,2.612420
-0.192446,-0.610001,2.996011
-0.027307,-0.628874,2.552943
-0.168482,-0.625101,2.898979
-0.025287,-0.686141,2.469673
-0.009798,0.839060,2.519636
-0.020685,0.665429,2.627346
-0.205098,0.571382,2.622091
0.153964,0.542202,2.617099
-0.283146,0.326703,2.585524
0.201331,0.302444,2.607146
-0.272468,0.119794,2.607146
0.144307,0.105308,2.482562
-0.248631,0.066291,2.462277
0.124368,0.021823,2.462981
-0.054048,0.319578,2.637403
-0.060912,0.257118,2.589402
-0.148659,0.182681,2.582939
0.011111,0.171615,2.575789
-0.202901,-0.317381,2.704955
-0.010042,-0.308663,2.596442
-0.190339,-0.613555,2.952152
-0.025302,-0.629272,2.548903
-0.165016,-0.629268,2.855406
-0.025492,-0.687689,2.468708
-0.008949,0.833048,2.492342
-0.017052,0.662418,2.606179
-0.195137,0.572461,2.598099
0.154832,0.542799,2.598555
-0.275783,0.326884,2.561757
0.209283,0.308078,2.588258
-0.264580,0.128517,2.588258
0.142754,0.117892,2.441612
-0.229353,0.045134,2.388261
0.093033,0.052791,2.406219
-0.051792,0.316391,2.618306
-0.058117,0.253639,2.570119
-0.144683,0.181168,2.565122
0.012605,0.169488,2.556853
-0.204422,-0.312525,2.660768
-0.009105,-0.316223,2.586083
-0.203382,-0.632148,2.878379
-0.024834,-0.632735,2.544464
-0.236833,-0.693990,2.903821
-0.027769,-0.691584,2.462235
-0.005106,0.826809,2.472769
-0.013766,0.655829,2.578047
-0.191718,0.570320,2.582986
0.156412,0.543403,2.583319
-0.270772,0.334036,2.537045
0.213704,0.312320,2.573807
-0.236389,0.143183,2.573807
0.135586,0.131815,2.408918
-0.200419,0.064300,2.349888
0.098256,0.109062,2.384736
-0.048560,0.314552,2.595667
-0.055032,0.251818,2.548677
-0.141190,0.179994,2.545148
0.015300,0.168186,2.535193
-0.207411,-0.311158,2.621102
-0.008179,-0.314959,2.576609
-0.200674,-0.618850,2.805376
-0.024776,-0.631897,2.543895
-0.241299,-0.680810,2.815172
-0.027751,-0.691462,2.462243
-0.003809,0.819592,2.452256
-0.011342,0.655048,2.565292
-0.188166,0.570588,2.568577
0.157401,0.543434,2.567442
-0.268357,0.343997,2.513913
0.216016,0.317030,2.554698
-0.206242,0.174787,2.554698
0.141207,0.149749,2.365765
-0.184153,0.137053,2.337897
0.074057,0.098022,2.348977
-0.045900,0.313470,2.583622
-0.052573,0.250530,2.537292
-0.138269,0.178749,2.534117
0.017311,0.167746,2.524745
-0.213756,-0.300985,2.586125
-0.007368,-0.315057,2.570276
-0.203162,-0.631187,2.752239
-0.024280,-0.632023,2.542656
-0.235303,-0.689947,2.719157
-0.027629,-0.692086,2.461445
-0.000353,0.809833,2.419521
-0.011473,0.653165,2.555540
-0.185325,0.571145,2.553120
0.160817,0.545658,2.554682
-0.267005,0.353211,2.495549
0.220825,0.319847,2.541402
-0.193614,0.188532,2.541402
0.107824,0.180652,2.347964
-0.141233,0.123543,2.284663
0.031407,0.144522,2.330597
-0.043677,0.313045,2.574303
-0.049486,0.250221,2.528441
-0.134101,0.178135,2.525157
0.020630,0.167304,2.515779
-0.208227,-0.298681,2.555043
-0.007605,-0.318110,2.563792
-0.206998,-0.622318,2.679009
-0.022850,-0.632422,2.540818
-0.220398,-0.686536,2.643356
-0.027513,-0.693375,2.461889
0.001518,0.809292,2.406746
-0.009643,0.651129,2.537833
-0.182890,0.569057,2.535740
0.162534,0.545489,2.542490
-0.263331,0.361898,2.472215
0.224982,0.316610,2.520685
-0.179458,0.206603,2.520685
0.080945,0.213201,2.320203
-0.150528,0.189347,2.287964
0.031364,0.202645,2.311193
-0.041910,0.312775,2.559122
-0.047059,0.249651,2.514717
-0.130851,0.177249,2.511899
0.022333,0.167206,2.503255
-0.205748,-0.308417,2.535423
-0.006305,-0.320081,2.557813
-0.180750,-0.649509,2.611228
-0.022262,-0.633532,2.540331
-0.247340,-0.689887,2.615533
-0.027185,-0.693798,2.462996
0.002162,0.807712,2.393360
-0.007501,0.649367,2.521678
-0.180514,0.567320,2.522007
0.163124,0.545670,2.527403
-0.265405,0.361830,2.452772
0.224155,0.315702,2.511851
-0.168390,0.212736,2.511851
0.075223,0.217332,2.303038
-0.093241,0.175203,2.240571
0.028106,0.208394,2.306635
-0.039798,0.312408,2.546054
-0.045237,0.248839,2.503608
-0.128024,0.177223,2.501626
0.023075,0.166411,2.493208
-0.203778,-0.325132,2.508807
-0.004351,-0.324848,2.551046
-0.179286,-0.645684,2.581610
-0.021554,-0.635340,2.539296
-0.254534,-0.687742,2.540732
-0.026963,-0.697385,2.459579
0.003272,0.807972,2.382300
-0.008146,0.646076,2.505759
-0.179880,0.564344,2.508656
0.165225,0.544848,2.520229
-0.269590,0.364818,2.435166
0.224481,0.316744,2.497293
-0.151016,0.241272,2.497293
0.067225,0.235056,2.277692
-0.059817,0.235897,2.238354
-0.012421,0.231822,2.279487
-0.038902,0.312125,2.532724
-0.043334,0.248321,2.492581
-0.125231,0.176162,2.490590
0.024771,0.165564,2.483610
-0.203817,-0.323022,2.489254
-0.000563,-0.327187,2.543975
-0.200264,-0.644171,2.525715
-0.029600,-0.642488,2.539236
-0.266413,-0.701403,2.480645
-0.027138,-0.698431,2.461076
0.006350,0.807064,2.368806
-0.008148,0.646314,2.497117
-0.181061,0.563984,2.497798
0.167252,0.543427,2.509659
-0.269742,0.364833,2.415186
0.223801,0.315285,2.483261
-0.136489,0.248329,2.483261
0.061766,0.234600,2.265361
-0.058090,0.249361,2.230013
-0.064763,0.247916,2.221448
-0.037585,0.313676,2.520414
-0.041670,0.250514,2.480954
-0.122995,0.177993,2.477317
0.026447,0.166780,2.472860
-0.204382,-0.324108,2.467797
0.001031,-0.326228,2.538571
-0.215359,-0.646133,2.479415
-0.029725,-0.641280,2.537569
-0.263870,-0.698730,2.426290
-0.026712,-0.698683,2.460861
0.007777,0.805147,2.353756
-0.008838,0.645317,2.486021
-0.180058,0.562464,2.480249
0.166963,0.544523,2.500457
-0.271719,0.363918,2.394502
0.215266,0.312897,2.462703
-0.114667,0.287141,2.462703
0.049640,0.234609,2.242351
-0.053024,0.264668,2.215064
-0.055673,0.263245,2.208583
-0.037560,0.313293,2.509334
-0.040503,0.249908,2.471335
-0.120952,0.177712,2.466442
0.027492,0.166413,2.464982
-0.202342,-0.325776,2.454627
0.000715,-0.328714,2.534866
-0.223661,-0.643624,2.451728
-0.029222,-0.644073,2.534959
-0.261947,-0.692832,2.371610
-0.025591,-0.701436,2.458489
0.009261,0.804136,2.346525
-0.008272,0.643659,2.475894
-0.179864,0.558357,2.462017
0.167178,0.546185,2.491965
-0.270245,0.362547,2.374997
0.215918,0.313642,2.458310
-0.103379,0.291416,2.458310
0.048349,0.247490,2.232074
-0.047941,0.280718,2.205671
-0.046496,0.279869,2.191927
-0.037133,0.312294,2.498796
-0.038997,0.248758,2.462168
-0.119495,0.176337,2.456982
0.029364,0.165584,2.456568
-0.199756,-0.326614,2.438170
0.001251,-0.329072,2.530362
-0.226286,-0.648124,2.396588
-0.028804,-0.644844,2.535175
-0.257008,-0.689377,2.326117
-0.025244,-0.701490,2.458657
0.009212,0.804476,2.337280
-0.006390,0.643258,2.461878
-0.180178,0.558083,2.450438
0.166172,0.546932,2.483419
-0.272366,0.365513,2.355348
0.220133,0.315968,2.454714
-0.095644,0.302763,2.454714
0.028020,0.267722,2.222025
-0.048841,0.289601,2.199001
-0.041591,0.290434,2.185517
-0.035629,0.312738,2.486684
-0.037350,0.248803,2.452091
-0.117954,0.176474,2.447781
0.031046,0.165923,2.447121
-0.196292,-0.330636,2.425290
0.000775,-0.332767,2.527135
-0.242403,-0.656086,2.362074
-0.029790,-0.652315,2.532835
-0.258064,-0.695976,2.279857
-0.023880,-0.702559,2.460314
0.010280,0.800841,2.323063
-0.007191,0.641513,2.450494
-0.181105,0.557190,2.438819
0.165700,0.545673,2.475030
-0.275381,0.364428,2.339852
0.221051,0.316810,2.450344
-0.091323,0.306732,2.450344
0.034202,0.269052,2.215912
-0.043976,0.298388,2.188859
-0.035243,0.299046,2.171502
-0.034851,0.312192,2.474352
-0.036033,0.248366,2.441187
-0.116493,0.175752,2.436365
0.032996,0.165534,2.436821
-0.192072,-0.329869,2.416857
0.001872,-0.332699,2.523844
-0.237690,-0.647645,2.335639
-0.029931,-0.653025,2.532378
-0.242610,-0.683707,2.246932
-0.023503,-0.701919,2.463245
0.009235,0.798616,2.314745
-0.007308,0.639852,2.439594
-0.182605,0.554619,2.426360
0.164432,0.544508,2.464193
-0.278126,0.365229,2.322980
0.221590,0.320223,2.445224
-0.087715,0.314611,2.445224
0.036987,0.275617,2.207216
-0.037775,0.305732,2.183479
-0.011007,0.313000,2.157545
-0.034031,0.311243,2.462621
-0.035010,0.247439,2.430814
-0.115378,0.174070,2.423746
0.034300,0.165106,2.428706
-0.188909,-0.328494,2.407647
0.002978,-0.332101,2.520605
-0.236673,-0.642893,2.308739
-0.029861,-0.653375,2.532393
-0.236113,-0.681716,2.232212
-0.021636,-0.701267,2.466473
0.007083,0.797088,2.305056
-0.010923,0.640032,2.431340
-0.182716,0.551411,2.409015
0.163601,0.543639,2.456351
-0.280427,0.363830,2.298300
0.220160,0.319680,2.434004
-0.081581,0.321706,2.434004
0.037374,0.277508,2.196263
-0.028885,0.311346,2.177554
0.009866,0.312570,2.151270
-0.035019,0.310171,2.453033
-0.034593,0.246040,2.422219
-0.114005,0.172601,2.412704
0.035410,0.163918,2.422166
-0.185285,-0.328203,2.400981
0.004233,-0.335729,2.517790
-0.230856,-0.653116,2.291030
-0.029491,-0.654505,2.532449
-0.233220,-0.688965,2.202800
-0.020474,-0.703848,2.462239
0.004132,0.795453,2.288738
-0.013788,0.638148,2.418549
-0.186150,0.546934,2.391697
0.163204,0.543328,2.449340
-0.284495,0.364436,2.287617
0.220031,0.319619,2.428549
-0.082771,0.325845,2.428549
0.067451,0.242350,2.191446
-0.022240,0.316224,2.170815
0.051688,0.268157,2.174999
-0.035939,0.309949,2.441092
-0.034388,0.245792,2.412128
-0.113949,0.171396,2.401465
0.036640,0.163420,2.414189
-0.183421,-0.331847,2.394261
0.006074,-0.333824,2.511865
-0.226504,-0.657644,2.284987
-0.028319,-0.655763,2.531738
-0.225462,-0.690750,2.194623
-0.020787,-0.704247,2.465507
0.001261,0.796043,2.281015
-0.016584,0.636689,2.403724
-0.187993,0.545308,2.381587
0.161031,0.542781,2.441176
-0.294737,0.364153,2.269157
0.213659,0.318318,2.415027
-0.086509,0.330850,2.415027
0.056828,0.232922,2.189113
0.010656,0.316954,2.154909
0.041076,0.258711,2.171734
-0.036221,0.308594,2.427620
-0.034286,0.244148,2.400704
-0.113295,0.169748,2.390564
0.037299,0.161753,2.403999
-0.181101,-0.332119,2.389509
0.007471,-0.335599,2.508289
-0.225492,-0.657058,2.283700
-0.027678,-0.658049,2.529622
-0.221844,-0.691991,2.192881
-0.020313,-0.705614,2.464602
-0.003468,0.792863,2.265758
-0.019292,0.635007,2.394474
-0.192876,0.544718,2.370764
0.157996,0.542617,2.432672
-0.297939,0.369192,2.258314
0.210592,0.316781,2.404882
-0.090476,0.333818,2.404882
0.049413,0.226111,2.177922
0.008638,0.321263,2.149512
0.033672,0.251881,2.171374
-0.036973,0.307640,2.415911
-0.034631,0.243466,2.389916
-0.113500,0.168413,2.379313
0.037940,0.160753,2.392887
-0.179146,-0.332822,2.382236
0.008178,-0.337356,2.503798
-0.221573,-0.655026,2.278969
-0.027452,-0.662683,2.522077
-0.218140,-0.695326,2.192477
-0.020436,-0.707906,2.462581
-0.009080,0.786506,2.253100
-0.027115,0.633640,2.382993
-0.198232,0.541073,2.354902
0.150899,0.546263,2.419930
-0.299152,0.365570,2.241160
0.208968,0.315977,2.398190
-0.089881,0.335855,2.398190
0.049915,0.265788,2.164786
0.010584,0.325163,2.141033
0.034187,0.291538,2.141202
-0.038887,0.305930,2.402605
-0.035346,0.241812,2.377165
-0.112662,0.165780,2.364457
0.038508,0.160286,2.381225
-0.178147,-0.333308,2.373592
0.008519,-0.339603,2.498719
-0.220396,-0.654798,2.277157
-0.027514,-0.665843,2.516025
-0.214217,-0.700797,2.191828
-0.021232,-0.712235,2.457413
-0.011790,0.788984,2.246963
-0.029695,0.633378,2.374744
-0.200756,0.538866,2.341710
0.148093,0.547059,2.411245
-0.301234,0.364806,2.225350
0.207190,0.316035,2.392549
-0.089889,0.337804,2.392549
0.044663,0.260170,2.156086
0.011330,0.327537,2.135967
-0.004342,0.329577,2.132617
-0.039408,0.306276,2.390809
-0.035053,0.242612,2.365443
-0.111507,0.166275,2.348752
0.039381,0.161108,2.372097
-0.176370,-0.333023,2.366525
0.009500,-0.338796,2.490223
-0.219232,-0.654703,2.276435
-0.025654,-0.666224,2.514053
-0.213997,-0.701237,2.192093
-0.021541,-0.713476,2.456008
-0.016193,0.788361,2.236725
-0.033605,0.632669,2.365803
-0.205551,0.539380,2.330889
0.141401,0.549263,2.399337
-0.303594,0.365205,2.212803
0.206168,0.319222,2.385229
-0.090826,0.338942,2.385229
-0.001729,0.315227,2.150120
0.010504,0.328960,2.130706
-0.006153,0.335725,2.118800
-0.041384,0.306327,2.380920
-0.036809,0.242878,2.355875
-0.112852,0.166437,2.339199
0.038049,0.161645,2.362859
-0.175411,-0.334970,2.360076
0.009112,-0.339810,2.483965
-0.218859,-0.656105,2.275242
-0.024001,-0.666232,2.513088
-0.210968,-0.703532,2.193192
-0.022106,-0.715048,2.456329
-0.023562,0.788331,2.222187
-0.038589,0.633498,2.356829
-0.210230,0.538346,2.315546
0.139080,0.548071,2.391136
-0.308205,0.363338,2.199765
0.201189,0.320595,2.372932
-0.094104,0.340122,2.372932
-0.011345,0.311765,2.143106
0.007410,0.330607,2.124439
-0.008141,0.338336,2.111071
-0.044056,0.306193,2.370800
-0.038537,0.242653,2.345882
-0.114253,0.165774,2.328297
0.037212,0.161183,2.353246
-0.174448,-0.337958,2.352286
0.009196,-0.341014,2.476667
-0.217904,-0.658020,2.274235
-0.024281,-0.666127,2.510024
-0.210184,-0.705238,2.194122
-0.024157,-0.711169,2.450240
-0.027062,0.789172,2.214241
-0.043594,0.633921,2.343749
-0.213957,0.538824,2.307046
0.133881,0.548585,2.381328
-0.310163,0.366277,2.185491
0.194839,0.318795,2.360974
-0.096047,0.340237,2.360974
0.018003,0.328364,2.132134
0.006056,0.331180,2.116345
0.029090,0.362569,2.052020
-0.046540,0.306474,2.358727
-0.040719,0.242796,2.334494
-0.116026,0.165584,2.316718
0.035649,0.161690,2.342955
-0.174031,-0.338985,2.344253
0.007831,-0.341013,2.467417
-0.216216,-0.659725,2.274039
-0.026911,-0.672407,2.507158
-0.209389,-0.707502,2.194330
-0.020991,-0.718598,2.448643
-0.030720,0.787218,2.202534
-0.049715,0.633166,2.332241
-0.220697,0.538954,2.294091
0.130056,0.549010,2.371539
-0.315515,0.365079,2.174275
0.192268,0.319781,2.352907
-0.101323,0.342187,2.352907
-0.028593,0.313317,2.121063
0.000960,0.334122,2.105606
-0.022610,0.349673,2.078522
-0.049944,0.307703,2.347607
-0.043524,0.244351,2.323966
-0.118627,0.166486,2.306117
0.033934,0.162825,2.332837
-0.175218,-0.337865,2.334690
0.006082,-0.339564,2.458574
-0.215129,-0.659721,2.273717
-0.027020,-0.674458,2.502677
-0.209926,-0.707741,2.195091
-0.019578,-0.721933,2.445490
-0.037127,0.790343,2.191465
-0.053296,0.633950,2.321541
-0.224496,0.537481,2.279754
0.124417,0.552689,2.361416
-0.318035,0.363381,2.159756
0.188716,0.319943,2.345735
-0.102996,0.343323,2.345735
0.011661,0.319572,2.111475
-0.000702,0.335155,2.096403
-0.020176,0.347063,2.078515
-0.052841,0.308750,2.336806
-0.046011,0.245404,2.313824
-0.120504,0.167250,2.295186
0.031373,0.164438,2.323722
-0.175558,-0.338089,2.329225
0.006097,-0.341258,2.454548
-0.215086,-0.659922,2.272964
-0.027015,-0.674463,2.502670
-0.209786,-0.707783,2.195622
-0.022191,-0.717558,2.439865
-0.040954,0.789472,2.185338
-0.056415,0.634147,2.314851
-0.226235,0.536770,2.271014
0.120078,0.553890,2.352427
-0.318328,0.363438,2.148834
0.186009,0.320427,2.339855
-0.104797,0.345314,2.339855
-0.024772,0.310253,2.092823
-0.001818,0.336116,2.085383
-0.036769,0.351013,2.070426
-0.054657,0.309039,2.328937
-0.047615,0.245809,2.306044
-0.121453,0.167698,2.285937
0.029825,0.165313,2.316844
-0.175848,-0.338606,2.321975
0.004630,-0.343240,2.449622
-0.214695,-0.659993,2.272624
-0.026975,-0.675298,2.502289
-0.211009,-0.709994,2.195570
-0.022839,-0.716591,2.438344
-0.046951,0.785400,2.174798
-0.059899,0.633478,2.307318
-0.229920,0.536952,2.262460
0.117936,0.553826,2.345539
-0.319167,0.364021,2.137540
0.182634,0.325179,2.327997
-0.103999,0.345717,2.327997
0.023294,0.324975,2.092695
-0.001353,0.336783,2.082116
-0.031728,0.348130,2.068779
-0.057928,0.310348,2.320751
-0.050806,0.247577,2.297978
-0.124747,0.168654,2.277895
0.026963,0.167215,2.308705
-0.176220,-0.338020,2.316379
0.002039,-0.342223,2.442742
-0.214055,-0.660394,2.272766
-0.028328,-0.675752,2.500421
-0.212467,-0.707579,2.199419
-0.020754,-0.721329,2.441897
-0.049939,0.785821,2.167149
-0.063529,0.633706,2.300094
-0.232701,0.537537,2.255233
0.114176,0.554220,2.336410
-0.320337,0.365434,2.128060
0.180995,0.325618,2.323569
-0.105297,0.345333,2.323569
-0.031841,0.320702,2.085395
-0.002863,0.337844,2.072025
-0.036798,0.350731,2.061438
-0.060795,0.311520,2.313556
-0.053699,0.248904,2.291049
-0.127542,0.170172,2.270494
0.024253,0.168377,2.302325
-0.177028,-0.337835,2.311537
0.001349,-0.342531,2.439380
-0.212904,-0.658543,2.272977
-0.031226,-0.677410,2.497271
-0.212484,-0.705977,2.200516
-0.020838,-0.722774,2.439122
-0.053784,0.785911,2.159790
-0.069644,0.633157,2.287570
-0.238473,0.536523,2.242559
0.111061,0.553645,2.328947
-0.324028,0.362275,2.117951
0.176791,0.325329,2.316463
-0.109317,0.346967,2.316463
-0.038466,0.319143,2.072314
-0.006195,0.339943,2.065999
-0.048404,0.355964,2.049801
-0.064847,0.312249,2.304189
-0.057208,0.249521,2.283075
-0.130722,0.170669,2.263144
0.021334,0.168419,2.295315
-0.177118,-0.337550,2.308825
0.000450,-0.341986,2.435208
-0.212696,-0.658459,2.272640
-0.031022,-0.677545,2.497233
-0.212079,-0.704996,2.201121
-0.017755,-0.722233,2.439253
-0.058298,0.783955,2.151805
-0.069736,0.632163,2.281223
-0.241574,0.536019,2.234644
0.107171,0.552962,2.320995
-0.326390,0.362430,2.108879
0.174573,0.325526,2.311455
-0.111688,0.346542,2.311455
-0.042752,0.318047,2.065454
-0.008525,0.340912,2.057995
-0.053126,0.357000,2.045061
-0.065960,0.312113,2.297364
-0.058659,0.249502,2.276900
-0.132544,0.170447,2.256166
0.019753,0.168432,2.290004
-0.178111,-0.337014,2.304425
-0.001697,-0.341930,2.431199
-0.212636,-0.658617,2.272729
-0.033057,-0.677348,2.492753
-0.211306,-0.703836,2.202720
-0.017678,-0.725339,2.438174
-0.061271,0.783587,2.146072
-0.075411,0.631548,2.271797
-0.243938,0.534480,2.226427
0.103247,0.553599,2.314701
-0.327778,0.360190,2.101681
0.170965,0.326239,2.305185
-0.112866,0.346840,2.305185
-0.008187,0.325053,2.060640
-0.009747,0.341411,2.051953
-0.052744,0.357187,2.038034
-0.068907,0.311420,2.289426
-0.061197,0.248637,2.270242
-0.134485,0.169152,2.249084
0.017740,0.168275,2.284868
-0.179309,-0.336349,2.301172
-0.003310,-0.340561,2.425761
-0.211851,-0.657984,2.273757
-0.033040,-0.677454,2.492672
-0.211113,-0.703497,2.202786
-0.024418,-0.726352,2.437332
-0.064741,0.780686,2.135905
-0.079132,0.630771,2.265682
-0.246152,0.532936,2.219315
0.099876,0.553248,2.308295
-0.328793,0.357711,2.095856
0.168634,0.325736,2.300684
-0.113667,0.346871,2.300684
-0.024193,0.319330,2.057756
-0.010690,0.342040,2.046695
-0.052427,0.357266,2.031576
-0.071543,0.310469,2.282561
-0.063729,0.247635,2.264159
-0.136602,0.168035,2.242278
0.015428,0.167489,2.279701
-0.180232,-0.335953,2.298830
-0.004365,-0.340323,2.423206
-0.211697,-0.657369,2.273323
-0.032535,-0.677603,2.492653
-0.211188,-0.702710,2.203583
-0.024461,-0.726414,2.437073
-0.065868,0.779770,2.131341
-0.080682,0.630301,2.261968
-0.247306,0.532734,2.214854
0.098226,0.553220,2.304479
-0.329526,0.357506,2.091648
0.167385,0.325963,2.298416
-0.114667,0.346411,2.298416
-0.029248,0.318342,2.053687
-0.011622,0.341439,2.042647
-0.051879,0.357592,2.025502
-0.073014,0.310222,2.277831
-0.065299,0.247430,2.259978
-0.137974,0.168023,2.237222
0.013737,0.167009,2.276153
-0.181629,-0.334983,2.296456
-0.005337,-0.340886,2.420805
-0.211531,-0.656828,2.272877
-0.034071,-0.680450,2.489347
-0.211071,-0.702252,2.203704
-0.022080,-0.730850,2.435851
-0.067831,0.778383,2.126493
-0.084051,0.630030,2.256675
-0.249059,0.532012,2.210203
0.095412,0.552879,2.299025
-0.329879,0.356953,2.086130
0.165053,0.325493,2.293375
-0.115136,0.345850,2.293375
-0.033799,0.317975,2.049582
-0.012137,0.341264,2.037395
-0.052464,0.355784,2.022408
-0.075344,0.309895,2.272192
-0.067627,0.247055,2.254945
-0.139849,0.167735,2.232106
0.011395,0.166659,2.271420
-0.182351,-0.335317,2.295118
-0.005998,-0.341541,2.419065
-0.212248,-0.656218,2.271334
-0.034489,-0.677958,2.487388
-0.210684,-0.702134,2.203851
-0.023590,-0.728992,2.434178
-0.070076,0.777121,2.119492
-0.087220,0.629934,2.251210
-0.251390,0.531393,2.203135
0.093016,0.551859,2.292367
-0.331039,0.356437,2.078529
0.161346,0.325021,2.287097
-0.116474,0.344682,2.287097
-0.030978,0.343679,2.043220
-0.013291,0.340825,2.032001
-0.082139,0.381063,1.952260
-0.077876,0.309298,2.265689
-0.070128,0.246379,2.248766
-0.142186,0.167026,2.225081
0.009043,0.165783,2.265769
-0.183364,-0.335164,2.292933
-0.007388,-0.342336,2.416014
-0.212372,-0.655972,2.270806
-0.034189,-0.678927,2.487454
-0.210530,-0.701993,2.203917
-0.022950,-0.729918,2.434182
-0.071826,0.774316,2.113969
-0.087835,0.629794,2.247664
-0.253142,0.531546,2.199219
0.090677,0.549425,2.286313
-0.332627,0.357051,2.074271
0.159770,0.324850,2.283611
-0.118471,0.343687,2.283611
-0.036608,0.319871,2.038587
-0.015268,0.340323,2.027270
-0.056425,0.355742,2.008599
-0.079312,0.308536,2.261523
-0.071978,0.245448,2.244864
-0.144360,0.165978,2.220871
0.006932,0.164795,2.262048
-0.184331,-0.335301,2.291336
-0.007933,-0.342990,2.413840
-0.213548,-0.658660,2.269018
-0.032998,-0.681117,2.489265
-0.210204,-0.701872,2.203994
-0.025062,-0.730166,2.433540
-0.072994,0.773390,2.110380
-0.090247,0.629682,2.241842
-0.254509,0.532461,2.196187
0.089054,0.548787,2.282488
-0.333216,0.358240,2.070726
0.158250,0.325291,2.280381
-0.119517,0.342687,2.280381
-0.037967,0.320067,2.034665
-0.016209,0.339425,2.024261
-0.058529,0.366124,1.994273
-0.080580,0.308263,2.257588
-0.073247,0.244984,2.241956
-0.145257,0.165712,2.219023
0.005694,0.164426,2.259070
-0.185513,-0.334876,2.289152
-0.008737,-0.341824,2.410160
-0.213512,-0.658665,2.269028
-0.032430,-0.679202,2.490027
-0.210192,-0.701853,2.203991
-0.023959,-0.727582,2.433712
-0.074155,0.772483,2.106872
-0.092346,0.629274,2.238300
-0.256303,0.532726,2.192037
0.087562,0.548139,2.279321
-0.334021,0.357671,2.067854
0.156995,0.326018,2.277631
-0.120573,0.342394,2.277631
-0.038190,0.319441,2.031778
-0.017189,0.339226,2.022049
-0.052524,0.353122,2.009651
-0.082147,0.307835,2.253823
-0.074807,0.244502,2.238930
-0.146715,0.165256,2.216433
0.004315,0.164050,2.255987
-0.186647,-0.334466,2.286875
-0.009331,-0.340980,2.407862
-0.213588,-0.658482,2.268834
-0.032979,-0.678876,2.489323
-0.209683,-0.701292,2.204266
-0.017490,-0.728371,2.435442
-0.075253,0.771673,2.104290
-0.094388,0.628981,2.234836
-0.257403,0.533038,2.188190
0.086727,0.547511,2.277049
-0.334159,0.357500,2.064598
0.158330,0.313855,2.272652
-0.121014,0.341874,2.272652
-0.051261,0.313107,2.027966
-0.017582,0.338627,2.018510
-0.052481,0.352868,2.008016
-0.083097,0.307671,2.250607
-0.075669,0.244288,2.236560
-0.147429,0.165058,2.214148
0.003712,0.163827,2.253987
-0.187290,-0.334271,2.285378
-0.010264,-0.341085,2.406258
-0.213935,-0.656270,2.267801
-0.032982,-0.678909,2.489481
-0.209759,-0.701137,2.204312
-0.017545,-0.729509,2.436535
-0.075887,0.770783,2.102227
-0.095819,0.629029,2.231795
-0.259111,0.531997,2.182952
0.085350,0.546843,2.274124
-0.335288,0.355622,2.060960
0.156741,0.317527,2.271767
-0.122067,0.341944,2.271767
-0.054963,0.312988,2.026052
-0.018553,0.338852,2.017040
-0.053052,0.353087,2.003377
-0.084092,0.307589,2.247500
-0.076646,0.244121,2.234271
-0.148420,0.164675,2.211503
0.002959,0.163721,2.252349
-0.188450,-0.333737,2.283613
-0.010021,-0.339965,2.404324
-0.213821,-0.655368,2.267577
-0.033754,-0.676505,2.486847
-0.209927,-0.700786,2.204356
-0.017823,-0.730372,2.437294
-0.077317,0.769087,2.098274
-0.097418,0.627988,2.228088
-0.260516,0.531270,2.179333
0.084533,0.546309,2.272143
-0.336048,0.354963,2.057245
0.155219,0.319801,2.270925
-0.122988,0.341736,2.270925
-0.048649,0.320172,2.022851
-0.019377,0.338627,2.015185
-0.052588,0.353351,1.999372
-0.085128,0.307663,2.244261
-0.077725,0.244276,2.231981
-0.149435,0.164628,2.209116
0.002081,0.163757,2.250675
-0.188868,-0.333836,2.282555
-0.009997,-0.339147,2.402476
-0.213725,-0.654532,2.268286
-0.033653,-0.675352,2.485660
-0.210124,-0.700626,2.204193
-0.019968,-0.730225,2.436450
-0.077959,0.768155,2.093512
-0.098333,0.627808,2.224144
-0.262007,0.530519,2.174235
0.082364,0.546484,2.268584
-0.334428,0.351750,2.054842
0.153332,0.320339,2.269788
-0.121907,0.337232,2.269788
-0.047315,0.316267,2.018239
-0.018535,0.332763,2.008383
-0.046749,0.343221,1.994084
-0.085964,0.307281,2.240781
-0.078694,0.243772,2.229568
-0.150258,0.163982,2.207080
0.001001,0.163610,2.248536
-0.189227,-0.334393,2.281460
-0.010294,-0.339331,2.401721
-0.213034,-0.655999,2.268648
-0.034459,-0.675505,2.485545
-0.209784,-0.700568,2.204068
-0.019451,-0.730383,2.436635
-0.079458,0.767413,2.089839
-0.100435,0.627075,2.218534
-0.263222,0.529290,2.170478
0.079511,0.547203,2.264657
-0.334721,0.348768,2.054307
0.150887,0.321755,2.267923
-0.123155,0.329915,2.267923
-0.043048,0.310979,2.014354
-0.020166,0.325161,2.001190
-0.036276,0.328449,1.987543
-0.087397,0.306876,2.236356
-0.080280,0.243292,2.226511
-0.151376,0.163611,2.204615
-0.000848,0.163461,2.245865
-0.190155,-0.334292,2.280012
-0.010783,-0.339152,2.400604
-0.213593,-0.655897,2.267748
-0.034643,-0.675422,2.485432
-0.209632,-0.700431,2.204165
-0.019388,-0.730494,2.436724
-0.080500,0.766677,2.087314
-0.101963,0.627224,2.215914
-0.264349,0.528260,2.167697
0.077618,0.547581,2.261946
-0.334446,0.345774,2.054901
0.152347,0.319707,2.264512
-0.125076,0.317302,2.264512
-0.025545,0.301023,2.008473
-0.022921,0.311982,1.990654
-0.037770,0.316190,1.985436
-0.088425,0.306890,2.233412
-0.081496,0.243228,2.224666
-0.152222,0.163624,2.203112
-0.002331,0.163524,2.244066
-0.190305,-0.334421,2.279672
-0.011391,-0.339075,2.399338
-0.213866,-0.655803,2.267927
-0.034832,-0.675540,2.485122
-0.209631,-0.700408,2.204233
-0.020373,-0.730127,2.435571
-0.081926,0.765714,2.084254
-0.102968,0.627365,2.213609
-0.265076,0.527296,2.165487
0.076198,0.547319,2.259453
-0.334530,0.342356,2.057985
0.149552,0.321082,2.262706
-0.123904,0.290575,2.262706
-0.006147,0.269066,2.005930
-0.048204,0.287068,1.993753
-0.038948,0.299853,1.980740
-0.089236,0.307062,2.230601
-0.082559,0.243357,2.222850
-0.153119,0.163786,2.201453
-0.003577,0.163815,2.242357
-0.190913,-0.334189,2.278414
-0.011877,-0.338813,2.398207
-0.213743,-0.654977,2.267903
-0.034463,-0.675190,2.484987
-0.209661,-0.699895,2.204332
-0.018489,-0.731504,2.437802
-0.084072,0.763972,2.080940
-0.104410,0.627737,2.211241
-0.266404,0.525613,2.163394
0.073725,0.546421,2.255822
-0.335405,0.338851,2.060231
0.147841,0.319491,2.258600
-0.125805,0.284779,2.258600
-0.018877,0.268143,2.003717
-0.051703,0.272746,1.987975
-0.046411,0.278919,1.978163
-0.090379,0.306799,2.227634
-0.083968,0.242936,2.220755
-0.154619,0.163235,2.198576
-0.004870,0.163520,2.241054
-0.191730,-0.334227,2.277239
-0.013126,-0.339474,2.396216
-0.213752,-0.654979,2.267900
-0.034441,-0.675233,2.484941
-0.209342,-0.699923,2.204583
-0.018439,-0.731446,2.437580
-0.087399,0.762142,2.075644
-0.106425,0.627097,2.207402
-0.268383,0.526198,2.161642
0.071146,0.546427,2.252176
-0.336062,0.331312,2.064309
0.145560,0.319445,2.254241
-0.129658,0.269857,2.254241
-0.022426,0.259566,2.003316
-0.064049,0.242825,1.974298
-0.054062,0.252920,1.978272
-0.091760,0.306135,2.223935
-0.085558,0.242210,2.218110
-0.155880,0.162517,2.196692
-0.006612,0.163091,2.238193
-0.193425,-0.334719,2.274940
-0.014591,-0.338693,2.394013
-0.212828,-0.656641,2.268607
-0.032207,-0.669683,2.483429
-0.209059,-0.700406,2.204792
-0.019436,-0.729310,2.439301
-0.090332,0.760573,2.071429
-0.109893,0.626593,2.202434
-0.271105,0.525495,2.157914
0.067639,0.545281,2.246706
-0.336342,0.321283,2.068617
0.135751,0.315432,2.239143
-0.131243,0.249459,2.239143
-0.038675,0.252684,2.001483
-0.062953,0.228379,1.973925
-0.064467,0.223728,1.971476
-0.093519,0.305241,2.219330
-0.087359,0.241199,2.214667
-0.157239,0.161249,2.193786
-0.008298,0.162722,2.234897
-0.194940,-0.334530,2.272434
-0.016413,-0.337607,2.390603
-0.213113,-0.656586,2.268634
-0.032306,-0.668491,2.483031
-0.209003,-0.700599,2.204739
-0.018016,-0.728449,2.439741
-0.094900,0.759687,2.067657
-0.113481,0.626164,2.198031
-0.274280,0.525292,2.155073
0.063301,0.544646,2.239897
-0.336079,0.316576,2.071392
0.131119,0.313670,2.235085
-0.129823,0.231656,2.235085
-0.023644,0.252749,2.005990
-0.085434,0.184989,1.964518
-0.077172,0.196103,1.972568
-0.095479,0.304491,2.213967
-0.089361,0.240370,2.210081
-0.159084,0.159935,2.188733
-0.009853,0.162420,2.230747
-0.196451,-0.335184,2.270506
-0.017156,-0.336811,2.387297
-0.212606,-0.657255,2.269564
-0.031310,-0.666655,2.481770
-0.208135,-0.701437,2.206027
-0.017422,-0.728681,2.441256
-0.099457,0.757929,2.063372
-0.116154,0.626008,2.193360
-0.278110,0.525684,2.151958
0.059830,0.544713,2.235027
-0.336576,0.310922,2.074989
0.129096,0.319144,2.237455
-0.127897,0.211921,2.237455
-0.027102,0.250576,2.008703
-0.101067,0.157969,1.961319
-0.072435,0.192345,1.997491
-0.097265,0.304113,2.208540
-0.091224,0.239928,2.205404
-0.160954,0.159108,2.184213
-0.011360,0.162427,2.225986
-0.198064,-0.334870,2.268133
-0.018071,-0.336310,2.383881
-0.212712,-0.656858,2.269330
-0.033020,-0.667472,2.480300
-0.208120,-0.701403,2.206136
-0.015323,-0.731375,2.444341
-0.105849,0.756501,2.058515
-0.124681,0.624271,2.182135
-0.283348,0.525026,2.148089
0.054167,0.545098,2.228109
-0.336954,0.307525,2.076309
0.127412,0.321726,2.237191
-0.174452,0.178705,2.237191
-0.047200,0.220931,2.014950
-0.099749,0.125593,1.966531
-0.092556,0.158664,1.982818
-0.101289,0.302721,2.200006
-0.094793,0.238515,2.198251
-0.164210,0.157119,2.177652
-0.013713,0.161932,2.219666
-0.199626,-0.334913,2.265817
-0.018711,-0.336697,2.378722
-0.213291,-0.656200,2.269279
-0.033295,-0.668126,2.479848
-0.208721,-0.701168,2.205625
-0.015050,-0.733110,2.446062
-0.124982,0.751647,2.044366
-0.139753,0.624040,2.160772
-0.300250,0.519373,2.126983
0.037680,0.543943,2.205729
-0.339396,0.296783,2.080486
0.111946,0.329357,2.217052
-0.229771,0.123102,2.217052
-0.004470,0.217913,2.012738
-0.168233,0.048752,1.975284
-0.052976,0.183996,2.013783
-0.113242,0.299274,2.175012
-0.106604,0.234453,2.174724
-0.176296,0.152295,2.156240
-0.023905,0.160432,2.193321
-0.205506,-0.335739,2.256754
-0.014143,-0.334032,2.339524
-0.213005,-0.655431,2.269669
-0.034830,-0.669221,2.469569
-0.209175,-0.700972,2.206370
-0.022827,-0.727735,2.423218
-0.155075,0.744313,2.012038
-0.165440,0.621643,2.111707
-0.332010,0.506733,2.083462
0.012013,0.533519,2.154196
-0.371698,0.259560,2.072628
0.094701,0.308137,2.179329
-0.335450,0.051891,2.179329
0.075207,0.108048,2.035403
-0.320665,-0.023102,2.017552
0.050883,0.049811,2.006182
-0.142506,0.291471,2.124386
-0.136737,0.225545,2.124347
-0.209929,0.142293,2.109357
-0.052041,0.151148,2.138903
-0.214014,-0.337060,2.222341
-0.004930,-0.314317,2.166604
-0.213519,-0.655251,2.269491
-0.026910,-0.651520,2.289622
-0.210991,-0.702954,2.204586
0.004657,-0.713639,2.261241
-0.156778,0.742377,2.002498
-0.169623,0.621029,2.102835
-0.334860,0.505207,2.075388
0.009320,0.532134,2.143018
-0.376613,0.255913,2.069676
0.094563,0.304679,2.174122
-0.347114,0.046814,2.174122
0.080457,0.095851,2.035735
-0.338452,-0.030553,2.018319
0.062346,0.031470,2.010115
-0.145768,0.290368,2.115352
-0.139977,0.224328,2.115865
-0.213049,0.140827,2.100866
-0.055061,0.150046,2.130731
-0.214930,-0.336027,2.212074
-0.006016,-0.312836,2.143647
-0.212406,-0.653989,2.269613
-0.015077,-0.664805,2.234938
-0.211549,-0.702334,2.204809
0.008874,-0.718676,2.188324
-0.157842,0.744269,1.984146
-0.169187,0.616738,2.078332
-0.338378,0.503974,2.058165
0.009090,0.527503,2.119328
-0.386229,0.252099,2.059958
0.097918,0.293955,2.160799
-0.365759,0.041573,2.160799
0.098243,0.073282,2.028742
-0.357526,-0.035850,2.014065
0.104953,-0.000625,2.035930
-0.147725,0.287190,2.094311
-0.142641,0.221276,2.096395
-0.216617,0.137521,2.085153
-0.057847,0.146722,2.109123
-0.215344,-0.337530,2.194191
-0.004894,-0.332033,2.089782
-0.208623,-0.655121,2.269104
0.002058,-0.660810,2.122797
-0.211915,-0.702898,2.204070
0.015633,-0.718268,2.065121
-0.157983,0.743234,1.973443
-0.169648,0.615446,2.067482
-0.339462,0.502057,2.047684
0.009491,0.524264,2.106392
-0.391188,0.251333,2.052701
0.100119,0.290421,2.152945
-0.378944,0.040279,2.152945
0.108973,0.067394,2.019456
-0.366348,-0.037627,2.008114
0.106877,-0.005772,2.036888
-0.148688,0.284461,2.081928
-0.143838,0.218258,2.084193
-0.218572,0.134296,2.074031
-0.058644,0.143506,2.095646
-0.215542,-0.338719,2.186553
-0.011428,-0.339847,2.056898
-0.208468,-0.655308,2.268831
0.006117,-0.654617,2.061772
-0.212348,-0.702963,2.204085
0.017462,-0.717981,1.997070
-0.155338,0.738968,1.959442
-0.169199,0.613927,2.055494
-0.338720,0.498519,2.034287
0.009932,0.521665,2.091740
-0.394863,0.251435,2.044298
0.105536,0.276286,2.133584
-0.386456,0.039831,2.133584
0.122229,0.060652,2.013998
-0.372764,-0.038405,2.000189
0.120248,-0.012277,2.043982
-0.148949,0.281829,2.067862
-0.144340,0.215410,2.070095
-0.219544,0.131361,2.059247
-0.059215,0.140917,2.081572
-0.215414,-0.339472,2.178495
-0.012543,-0.339416,2.027148
-0.207481,-0.658250,2.266907
0.010969,-0.649892,2.006387
-0.211501,-0.702114,2.206187
0.021871,-0.709745,1.925153
-0.150481,0.738729,1.944734
-0.163957,0.611969,2.039333
-0.335564,0.497365,2.022434
0.014776,0.517709,2.073805
-0.397596,0.251475,2.035147
0.106876,0.273484,2.121869
-0.392553,0.039720,2.121869
0.130382,0.057203,2.004144
-0.379242,-0.040912,1.989209
0.133929,-0.016296,2.049834
-0.146103,0.280017,2.053917
-0.142028,0.213606,2.056904
-0.218035,0.129863,2.045701
-0.057116,0.138530,2.069618
-0.215104,-0.342231,2.169429
-0.013032,-0.342574,2.000122
-0.206932,-0.658255,2.266583
0.015461,-0.646563,1.948442
-0.211665,-0.701698,2.205578
0.021120,-0.701636,1.863337
-0.147468,0.739121,1.931078
-0.159448,0.610267,2.023928
-0.332479,0.495962,2.009977
0.017185,0.515046,2.059591
-0.399120,0.250045,2.020464
0.110587,0.264962,2.110389
-0.396953,0.037876,2.110389
0.140435,0.051924,1.992570
-0.382687,-0.041225,1.978588
0.144584,-0.024205,2.058373
-0.144154,0.277593,2.037921
-0.140673,0.211040,2.041099
-0.217560,0.128086,2.030090
-0.056242,0.135285,2.053616
-0.214043,-0.342429,2.158306
-0.013251,-0.338767,1.973717
-0.207204,-0.661404,2.264452
0.016781,-0.634126,1.899738
-0.212413,-0.703691,2.202682
0.020506,-0.692860,1.817013
-0.129909,0.736264,1.894054
-0.147313,0.600099,1.978838
-0.319436,0.489849,1.969814
0.033828,0.498917,2.012120
-0.396264,0.244015,1.986484
0.116353,0.249451,2.065694
-0.400868,0.031873,2.065694
0.153790,0.040122,1.957024
-0.387948,-0.043132,1.944122
0.152292,-0.034605,2.057198
-0.136213,0.267784,1.994874
-0.133658,0.201291,1.998779
-0.212409,0.119183,1.990955
-0.049267,0.123843,2.008979
-0.200417,-0.339459,2.110311
-0.013632,-0.321923,1.919702
-0.207253,-0.662991,2.263212
0.015435,-0.614962,1.819210
-0.214741,-0.705399,2.201808
0.016692,-0.661371,1.738336
-0.038021,0.710096,1.715378
-0.059836,0.577727,1.804474
-0.239790,0.471932,1.792318
0.113158,0.465038,1.831735
-0.322248,0.232978,1.805440
0.169922,0.223019,1.872362
-0.320167,0.020011,1.872362
0.179049,0.013150,1.777741
-0.316366,-0.041607,1.761724
0.166787,-0.083025,1.791497
-0.072553,0.241605,1.808893
-0.074868,0.174406,1.810673
-0.157607,0.093146,1.802711
0.001839,0.096539,1.815608
-0.162772,-0.318037,1.976045
0.005849,-0.327996,1.808046
-0.189610,-0.640077,2.179243
0.024205,-0.716362,1.706715
-0.222974,-0.714898,2.183077
0.032567,-0.778173,1.626785
-0.012536,0.701120,1.685084
-0.048897,0.578076,1.780153
-0.225137,0.470082,1.766432
0.123144,0.465370,1.808273
-0.312553,0.232078,1.784677
0.181418,0.219460,1.840350
-0.300620,0.019826,1.840350
0.182730,0.009953,1.751615
-0.300106,-0.038818,1.729887
0.170124,-0.074126,1.759767
-0.064757,0.239970,1.784537
-0.067577,0.172390,1.785688
-0.149495,0.091787,1.776595
0.007115,0.095477,1.791886
-0.164588,-0.323028,1.955285
0.010728,-0.328329,1.797846
-0.187031,-0.640702,2.165052
0.025734,-0.718649,1.706186
-0.218993,-0.713556,2.174282
0.034612,-0.780579,1.626330
0.009799,0.704711,1.663547
-0.039905,0.582951,1.755578
-0.213586,0.471146,1.743832
0.131449,0.463249,1.778536
-0.295161,0.236292,1.759247
0.191277,0.219969,1.810237
-0.281883,0.024638,1.810237
0.192358,0.008891,1.721102
-0.284686,-0.032207,1.705553
0.185025,-0.064350,1.727203
-0.056785,0.239119,1.758343
-0.059737,0.170385,1.758055
-0.141276,0.091472,1.750998
0.014297,0.094116,1.760839
-0.158512,-0.325284,1.913598
0.020794,-0.328811,1.775737
-0.184577,-0.632569,2.136512
0.023116,-0.723370,1.714132
-0.177948,-0.674561,2.059163
0.029756,-0.786497,1.634927
