0.185688,0.407236,2.542087
0.209652,0.240848,2.526302
0.041877,0.090367,2.507327
0.340226,0.151629,2.459332
0.002927,-0.150114,2.460233
0.410787,-0.151857,2.395501
-0.031576,-0.359071,2.395501
0.436493,-0.368161,2.362170
-0.031014,-0.424445,2.342211
0.438894,-0.417180,2.288638
0.218370,-0.105463,2.483686
0.209632,-0.159720,2.424886
0.142383,-0.233482,2.420462
0.276975,-0.218507,2.391098
0.134889,-0.631147,2.339269
0.256912,-0.604754,2.362447
0.164763,-0.979580,2.446028
0.253866,-0.968260,2.258047
0.151051,-1.006034,2.371174
0.243132,-0.993674,2.175895
0.186274,0.408200,2.534880
0.210470,0.242044,2.519269
0.042718,0.091378,2.500122
0.340520,0.152695,2.452242
0.002615,-0.147108,2.450824
0.411603,-0.151449,2.388374
-0.033716,-0.351863,2.388374
0.437331,-0.367720,2.344972
-0.032658,-0.416757,2.323628
0.439527,-0.416101,2.282069
0.218954,-0.104746,2.476621
0.210134,-0.159069,2.417788
0.143014,-0.232687,2.413303
0.277267,-0.217810,2.383978
0.134607,-0.629486,2.331043
0.257326,-0.604416,2.358596
0.163772,-0.980152,2.436093
0.254294,-0.968775,2.256916
0.150148,-1.006642,2.361335
0.243611,-0.994315,2.175168
0.186837,0.409100,2.528177
0.211203,0.243133,2.512837
0.043483,0.092349,2.493386
0.340798,0.153658,2.445825
0.001623,-0.143618,2.440763
0.412330,-0.151080,2.381926
-0.037087,-0.341480,2.381926
0.438086,-0.367320,2.323472
-0.035114,-0.405692,2.300082
0.440094,-0.415124,2.276118
0.219482,-0.104075,2.470208
0.210605,-0.158452,2.411338
0.143619,-0.231922,2.406718
0.277538,-0.217167,2.377545
0.134368,-0.627914,2.323733
0.257757,-0.604149,2.355126
0.162828,-0.980672,2.426958
0.254817,-0.969290,2.256390
0.149319,-1.007195,2.352270
0.244222,-0.994950,2.175046
0.187360,0.409935,2.522049
0.211872,0.244122,2.506968
0.044176,0.093262,2.487101
0.341057,0.154520,2.440009
-0.001114,-0.138171,2.427727
0.412974,-0.150750,2.376084
-0.041103,-0.329184,2.376084
0.438764,-0.366962,2.298646
-0.038171,-0.390664,2.271665
0.440607,-0.414237,2.270712
0.219958,-0.103459,2.464389
0.211040,-0.157883,2.405484
0.144181,-0.231198,2.400688
0.277784,-0.216584,2.371720
0.134175,-0.626409,2.317333
0.258200,-0.603921,2.351999
0.161938,-0.981152,2.418562
0.255426,-0.969825,2.256454
0.148560,-1.007707,2.343924
0.244954,-0.995602,2.175510
0.187851,0.410701,2.516459
0.212481,0.245019,2.501624
0.044770,0.094118,2.481203
0.341292,0.155290,2.434725
-0.004361,-0.132436,2.414315
0.413555,-0.150449,2.370783
-0.045978,-0.312786,2.370783
0.439383,-0.366642,2.269493
-0.041612,-0.373343,2.241366
0.441078,-0.413439,2.265815
0.220386,-0.102892,2.459112
0.211438,-0.157356,2.400174
0.144695,-0.230524,2.395195
0.278011,-0.216052,2.366438
0.134023,-0.624932,2.311853
0.258632,-0.603695,2.349169
0.161096,-0.981596,2.410856
0.256107,-0.970352,2.257034
0.147864,-1.008180,2.336251
0.245792,-0.996240,2.176483
0.188314,0.411423,2.511322
0.213030,0.245833,2.496758
0.045301,0.094925,2.475646
0.341509,0.155988,2.429938
-0.009295,-0.124036,2.397751
0.414081,-0.150176,2.365964
-0.050349,-0.294403,2.365964
0.439954,-0.366364,2.238212
-0.044894,-0.351370,2.207830
0.441511,-0.412726,2.261407
0.220768,-0.102370,2.454323
0.211804,-0.156866,2.395353
0.145167,-0.229892,2.390192
0.278228,-0.215562,2.361648
0.133912,-0.623512,2.307245
0.259064,-0.603534,2.346637
0.160292,-0.981997,2.403806
0.256853,-0.970858,2.258035
0.147221,-1.008609,2.329222
0.246736,-0.996850,2.177864
0.188736,0.412089,2.506565
0.213521,0.246580,2.492305
0.045781,0.095723,2.470372
0.341712,0.156626,2.425594
-0.015141,-0.112071,2.377650
0.414551,-0.149930,2.361591
-0.052517,-0.267670,2.361591
0.440488,-0.366132,2.199939
-0.046058,-0.320912,2.168045
0.441905,-0.412123,2.257551
0.221110,-0.101885,2.449970
0.212139,-0.156408,2.390975
0.145599,-0.229299,2.385635
0.278442,-0.215107,2.357314
0.133810,-0.622122,2.303511
0.259472,-0.603433,2.344374
0.159541,-0.982345,2.397376
0.257611,-0.971309,2.259367
0.146642,-1.008981,2.322802
0.247728,-0.997398,2.179558
0.189121,0.412691,2.502218
0.213964,0.247264,2.488242
0.046208,0.096517,2.465444
0.341901,0.157206,2.421649
-0.021232,-0.099834,2.358214
0.414963,-0.149712,2.357639
-0.051899,-0.239634,2.357639
0.440988,-0.365946,2.157794
-0.044047,-0.285716,2.126233
0.442265,-0.411612,2.254202
0.221419,-0.101432,2.446016
0.212452,-0.155978,2.386998
0.145997,-0.228746,2.381497
0.278658,-0.214676,2.353404
0.133722,-0.620751,2.300605
0.259873,-0.603397,2.342370
0.158837,-0.982652,2.391506
0.258371,-0.971702,2.260964
0.146111,-1.009312,2.316936
0.248743,-0.997883,2.181494
0.189470,0.413236,2.498233
0.214358,0.247889,2.484538
0.046570,0.097292,2.460828
0.342071,0.157731,2.418064
-0.027598,-0.087677,2.339787
0.415317,-0.149520,2.354087
-0.051607,-0.210633,2.354087
0.441452,-0.365810,2.122763
-0.041162,-0.249292,2.088368
0.442597,-0.411204,2.251387
0.221695,-0.101015,2.442424
0.212736,-0.155582,2.383389
0.146358,-0.228240,2.377744
0.278866,-0.214275,2.349883
0.133645,-0.619427,2.298463
0.260261,-0.603433,2.340611
0.158184,-0.982927,2.386157
0.259134,-0.972061,2.262825
0.145630,-1.009609,2.311584
0.249775,-0.998328,2.183673
0.189790,0.413747,2.494588
0.214707,0.248459,2.481164
0.046870,0.098035,2.456490
0.342226,0.158203,2.414805
-0.034312,-0.074949,2.321815
0.415618,-0.149363,2.350917
-0.050864,-0.180639,2.350917
0.441881,-0.365735,2.089927
-0.037235,-0.212154,2.053741
0.442897,-0.410879,2.249044
0.221940,-0.100628,2.439164
0.212995,-0.155216,2.380116
0.146686,-0.227773,2.374338
0.279068,-0.213903,2.346732
0.133569,-0.618137,2.297017
0.260641,-0.603512,2.339072
0.157580,-0.983171,2.381284
0.259895,-0.972393,2.264895
0.145195,-1.009873,2.306704
0.250820,-0.998741,2.186038
0.190075,0.414217,2.491264
0.215009,0.248977,2.478079
0.047128,0.098768,2.452430
0.342369,0.158626,2.411844
-0.041971,-0.062039,2.302591
0.415864,-0.149238,2.348109
-0.047628,-0.147571,2.348109
0.442285,-0.365717,2.057561
-0.032074,-0.174290,2.023063
0.443183,-0.410623,2.247206
0.222153,-0.100265,2.436208
0.213231,-0.154876,2.377149
0.146980,-0.227341,2.371241
0.279264,-0.213555,2.343939
0.133477,-0.616829,2.296206
0.261016,-0.603636,2.337739
0.157023,-0.983378,2.376848
0.261011,-0.969863,2.269053
0.144803,-1.010106,2.302258
0.254776,-0.996561,2.194161
0.190322,0.414658,2.488215
0.215269,0.249449,2.475252
0.047335,0.099627,2.448586
0.342502,0.159010,2.409158
-0.048934,-0.049446,2.285040
0.416055,-0.149125,2.345648
-0.042491,-0.117361,2.345648
0.442663,-0.365712,2.030243
-0.025560,-0.137514,1.996051
0.443452,-0.410433,2.245822
0.222329,-0.099916,2.433533
0.213444,-0.154553,2.374464
0.147243,-0.226937,2.368424
0.279448,-0.213223,2.341487
0.133379,-0.615545,2.295960
0.261387,-0.603801,2.336601
0.156509,-0.983557,2.372811
0.262124,-0.966994,2.273469
0.144451,-1.010308,2.298211
0.258366,-0.994475,2.202524
0.190544,0.415065,2.485434
0.215497,0.249880,2.472675
0.047506,0.100480,2.445019
0.342626,0.159352,2.406727
-0.055455,-0.037440,2.268611
0.416191,-0.149032,2.343515
-0.036033,-0.087644,2.343515
0.443020,-0.365731,2.006319
-0.017434,-0.101417,1.972379
0.443715,-0.410305,2.244859
0.222473,-0.099581,2.431117
0.213636,-0.154244,2.372040
0.147480,-0.226558,2.365864
0.279622,-0.212905,2.339345
0.133277,-0.614313,2.296209
0.261751,-0.604000,2.335637
0.156037,-0.983716,2.369141
0.263185,-0.963868,2.278053
0.144133,-1.010485,2.294530
0.262048,-0.992157,2.211069
0.190736,0.415453,2.482872
0.215688,0.250268,2.470314
0.047643,0.101315,2.441723
0.342742,0.159657,2.404531
-0.061535,-0.025887,2.253039
0.416276,-0.148952,2.341687
-0.027373,-0.058320,2.341687
0.443350,-0.365761,1.984799
-0.009024,-0.067825,1.952113
0.443960,-0.410226,2.244244
0.222587,-0.099260,2.428939
0.213810,-0.153949,2.369856
0.147690,-0.226201,2.363535
0.279792,-0.212603,2.337502
0.133165,-0.613145,2.296891
0.262109,-0.604230,2.334837
0.155596,-0.983852,2.365801
0.264212,-0.960573,2.282713
0.143841,-1.010639,2.291179
0.265503,-0.989917,2.219765
0.190905,0.415808,2.480527
0.215840,0.250613,2.468143
0.047754,0.102114,2.438687
0.342851,0.159924,2.402554
-0.067139,-0.015048,2.238830
0.416315,-0.148888,2.340152
-0.018725,-0.031075,2.340152
0.443653,-0.365802,1.966681
0.000188,-0.035439,1.935665
0.444186,-0.410170,2.243936
0.222677,-0.098955,2.426974
0.213968,-0.153669,2.367888
0.147879,-0.225867,2.361413
0.279958,-0.212317,2.335937
0.133050,-0.612038,2.297942
0.262455,-0.604435,2.334157
0.155191,-0.983970,2.362764
0.265181,-0.957004,2.287415
0.143576,-1.010774,2.288132
0.268972,-0.987458,2.228557
0.191048,0.416133,2.478378
0.215965,0.250924,2.466161
0.047840,0.102735,2.435829
0.342954,0.160164,2.400774
-0.072242,-0.004680,2.225747
0.416303,-0.148825,2.338891
-0.009331,-0.005251,2.338891
0.443921,-0.365834,1.951956
0.010046,-0.005191,1.922533
0.444383,-0.410146,2.243852
0.222742,-0.098665,2.425209
0.214113,-0.153403,2.366123
0.148051,-0.225562,2.359481
0.280127,-0.212047,2.334632
0.132932,-0.610974,2.299299
0.262787,-0.604659,2.333613
0.154821,-0.984075,2.360005
0.266065,-0.953400,2.292039
0.143339,-1.010896,2.285362
0.272341,-0.984985,2.237136
0.191170,0.416434,2.476408
0.216066,0.251203,2.464352
0.047909,0.103291,2.433193
0.343052,0.160375,2.399186
-0.076741,0.005104,2.213743
0.416244,-0.148775,2.337894
0.000458,0.018912,2.337894
0.444149,-0.365866,1.940214
0.020574,0.023330,1.912554
0.444535,-0.410139,2.243925
0.222788,-0.098391,2.423625
0.214246,-0.153152,2.364540
0.148208,-0.225285,2.357722
0.280299,-0.211797,2.333570
0.132815,-0.609956,2.300907
0.263107,-0.604908,2.333194
0.154480,-0.984165,2.357497
0.266893,-0.949844,2.296524
0.143125,-1.011006,2.282845
0.275183,-0.982758,2.245128
0.191278,0.416710,2.474608
0.216150,0.251454,2.462700
0.047965,0.103795,2.430764
0.343144,0.160563,2.397763
-0.080746,0.014105,2.202949
0.416145,-0.148727,2.337135
0.010369,0.041596,2.337135
0.444332,-0.365891,1.931400
0.031096,0.049480,1.905266
0.444607,-0.410136,2.244051
0.222818,-0.098135,2.422205
0.214368,-0.152918,2.363125
0.148349,-0.225032,2.356122
0.280474,-0.211569,2.332727
0.132697,-0.608984,2.302715
0.263417,-0.605170,2.332889
0.154164,-0.984239,2.355217
0.267665,-0.946342,2.300850
0.142930,-1.011104,2.280556
0.278448,-0.980299,2.253144
0.191370,0.416957,2.472956
0.216217,0.251679,2.461195
0.048022,0.104236,2.428520
0.343234,0.160732,2.396501
-0.084288,0.022353,2.193316
0.416010,-0.148678,2.336591
0.020517,0.062842,2.336591
0.444469,-0.365904,1.925457
0.041928,0.073646,1.900819
0.444620,-0.410137,2.244201
0.222831,-0.097891,2.420941
0.214480,-0.152695,2.361867
0.148476,-0.224801,2.354668
0.280652,-0.211357,2.332092
0.132575,-0.608050,2.304665
0.263713,-0.605394,2.332654
0.153872,-0.984297,2.353146
0.268383,-0.942764,2.305053
0.142754,-1.011192,2.278475
0.281114,-0.978072,2.260767
0.191446,0.417184,2.471437
0.216270,0.251884,2.459825
0.048120,0.104518,2.426340
0.343319,0.160896,2.395387
-0.087391,0.029915,2.184707
0.415829,-0.148600,2.336240
0.030843,0.082559,2.336240
0.444553,-0.365881,1.922157
0.052795,0.095729,1.898954
0.444589,-0.410155,2.244448
0.222829,-0.097662,2.419816
0.214585,-0.152489,2.360748
0.148593,-0.224592,2.353344
0.280832,-0.211162,2.331644
0.132450,-0.607149,2.306717
0.263995,-0.605621,2.332505
0.153599,-0.984337,2.351265
0.269045,-0.939285,2.309057
0.142596,-1.011271,2.276583
0.282960,-0.975330,2.266219
0.191513,0.417392,2.470036
0.216312,0.252071,2.458577
0.048217,0.104722,2.424299
0.343403,0.161044,2.394410
-0.090170,0.036825,2.176973
0.415535,-0.148508,2.336045
0.041200,0.100633,2.336045
0.444575,-0.365836,1.921422
0.063838,0.115759,1.899825
0.444481,-0.410200,2.244725
0.222824,-0.097449,2.418810
0.214691,-0.152298,2.359751
0.148702,-0.224404,2.352137
0.281040,-0.210988,2.331365
0.132328,-0.606307,2.308843
0.264269,-0.605820,2.332416
0.153347,-0.984366,2.349560
0.269651,-0.935843,2.312879
0.142453,-1.011342,2.274863
0.284558,-0.972505,2.271147
0.191569,0.417583,2.468747
0.216345,0.252244,2.457443
0.048312,0.104826,2.422379
0.343484,0.161177,2.393562
-0.092630,0.043170,2.170098
0.415210,-0.148437,2.335977
0.051407,0.117202,2.335977
0.444562,-0.365810,1.923105
0.074727,0.133830,1.903054
0.444335,-0.410261,2.245075
0.222815,-0.097251,2.417915
0.214796,-0.152122,2.358867
0.148803,-0.224233,2.351037
0.281271,-0.210833,2.331233
0.132207,-0.605515,2.311013
0.264527,-0.606033,2.332403
0.153111,-0.984380,2.348014
0.270200,-0.932584,2.316469
0.142324,-1.011405,2.273299
0.285936,-0.969754,2.275574
0.191618,0.417755,2.467563
0.216371,0.252402,2.456410
0.048403,0.104779,2.420501
0.343572,0.161299,2.392832
-0.094859,0.049049,2.163964
0.414828,-0.148334,2.336065
0.061543,0.132638,2.336065
0.444483,-0.365746,1.927790
0.085480,0.150463,1.909660
0.444140,-0.410346,2.245449
0.222803,-0.097065,2.417120
0.214904,-0.151959,2.358086
0.148897,-0.224079,2.350035
0.281531,-0.210696,2.331231
0.132086,-0.604782,2.313195
0.264771,-0.606270,2.332457
0.152891,-0.984382,2.346615
0.270698,-0.929554,2.319813
0.142210,-1.011460,2.271877
0.287498,-0.967772,2.280733
0.191660,0.417911,2.466474
0.216397,0.252552,2.455471
0.048493,0.104661,2.418717
0.343669,0.161411,2.392204
-0.096858,0.054492,2.158513
0.414392,-0.148181,2.336285
0.071251,0.146509,2.336285
0.444340,-0.365630,1.934462
0.095666,0.165104,1.918255
0.443894,-0.410461,2.245865
0.222790,-0.096888,2.416414
0.215014,-0.151804,2.357400
0.148984,-0.223939,2.349122
0.281814,-0.210574,2.331339
0.131965,-0.604080,2.315357
0.265003,-0.606509,2.332564
0.152683,-0.984366,2.345353
0.271150,-0.926690,2.322935
0.142108,-1.011507,2.270586
0.288956,-0.965938,2.285552
0.191693,0.418056,2.465469
0.216421,0.252697,2.454615
0.048568,0.104477,2.417026
0.343775,0.161529,2.391664
-0.098647,0.059566,2.153705
0.413913,-0.147973,2.336623
0.080422,0.158918,2.336623
0.444122,-0.365457,1.942812
0.105272,0.177897,1.928572
0.443598,-0.410590,2.246303
0.222778,-0.096713,2.415790
0.215124,-0.151651,2.356797
0.149064,-0.223810,2.348291
0.282113,-0.210451,2.331532
0.131849,-0.603424,2.317494
0.265223,-0.606754,2.332716
0.152487,-0.984336,2.344215
0.271563,-0.924004,2.325835
0.142018,-1.011545,2.269416
0.290330,-0.964239,2.289996
0.191718,0.418198,2.464537
0.216438,0.252837,2.453833
0.048635,0.104249,2.415432
0.343890,0.161647,2.391215
-0.100233,0.064336,2.149524
0.413403,-0.147740,2.337047
0.090744,0.170185,2.337047
0.443864,-0.365257,1.952895
0.114184,0.189024,1.940024
0.443260,-0.410732,2.246747
0.222762,-0.096538,2.415242
0.215235,-0.151498,2.356272
0.149137,-0.223693,2.347534
0.282423,-0.210326,2.331803
0.131736,-0.602812,2.319586
0.265427,-0.607016,2.332914
0.152304,-0.984293,2.343191
0.271936,-0.921522,2.328516
0.141941,-1.011572,2.268356
0.291602,-0.962694,2.294062
0.191738,0.418330,2.463677
0.216451,0.252973,2.453120
0.048688,0.103985,2.413932
0.344011,0.161761,2.390848
-0.101637,0.068881,2.145964
0.412877,-0.147480,2.337539
0.100432,0.179906,2.337539
0.443556,-0.365026,1.963405
0.127649,0.199584,1.951886
0.442892,-0.410886,2.247203
0.222748,-0.096362,2.414762
0.215351,-0.151343,2.355818
0.149205,-0.223584,2.346845
0.282760,-0.210194,2.332132
0.131627,-0.602244,2.321624
0.265617,-0.607279,2.333144
0.152126,-0.984236,2.342271
0.272266,-0.919202,2.330997
0.141871,-1.011590,2.267394
0.292715,-0.961304,2.297847
0.191743,0.418459,2.462867
0.216460,0.253102,2.452468
0.048726,0.103693,2.412520
0.344131,0.161869,2.390548
-0.102875,0.073218,2.142992
0.412339,-0.147203,2.338097
0.110251,0.188443,2.338097
0.443215,-0.364772,1.975175
0.138476,0.209039,1.961015
0.442499,-0.411051,2.247660
0.222732,-0.096190,2.414342
0.215467,-0.151192,2.355427
0.149268,-0.223486,2.346217
0.283102,-0.210068,2.332514
0.131514,-0.601720,2.323594
0.265796,-0.607542,2.333401
0.151956,-0.984167,2.341448
0.272560,-0.917041,2.333282
0.141811,-1.011598,2.266526
0.293696,-0.960047,2.301312
0.191744,0.418580,2.462117
0.216463,0.253232,2.451871
0.048737,0.103406,2.411200
0.344253,0.161979,2.390302
-0.103985,0.077314,2.140540
0.411798,-0.146892,2.338703
0.119627,0.195835,2.338703
0.442835,-0.364482,1.987432
0.152507,0.217052,1.974437
0.442089,-0.411220,2.248123
0.222716,-0.096015,2.413980
0.215584,-0.151038,2.355094
0.149327,-0.223394,2.345646
0.283448,-0.209939,2.332937
0.131404,-0.601237,2.325487
0.265964,-0.607802,2.333677
0.151433,-0.981094,2.340970
0.272822,-0.915031,2.335386
0.141735,-1.008621,2.265868
0.294533,-0.958918,2.304498
0.191734,0.418696,2.461417
0.216462,0.253358,2.451326
0.048739,0.103109,2.409967
0.344376,0.162086,2.390116
-0.104973,0.081192,2.138623
0.411306,-0.146648,2.339250
0.128473,0.202135,2.339250
0.442473,-0.364255,2.000256
0.163251,0.224365,1.984597
0.441671,-0.411393,2.248577
0.222699,-0.095842,2.413666
0.215700,-0.150884,2.354810
0.149381,-0.223309,2.345125
0.283796,-0.209806,2.333380
0.131297,-0.600792,2.327300
0.266122,-0.608055,2.333968
0.150893,-0.977631,2.340620
0.273055,-0.913161,2.337316
0.141680,-1.005251,2.265318
0.294935,-0.957149,2.306584
0.191716,0.418808,2.460768
0.216459,0.253482,2.450827
0.048724,0.102813,2.408820
0.344497,0.162185,2.389976
-0.105840,0.084844,2.137164
0.410828,-0.146429,2.339791
0.136726,0.207353,2.339791
0.442113,-0.364048,2.013151
0.173516,0.230678,1.994706
0.441246,-0.411568,2.249027
0.222683,-0.095669,2.413397
0.215818,-0.150731,2.354572
0.149431,-0.223230,2.344651
0.284145,-0.209673,2.333841
0.131194,-0.600382,2.329030
0.266268,-0.608305,2.334270
0.150339,-0.973903,2.340378
0.273262,-0.911428,2.339085
0.141632,-1.001613,2.264863
0.295611,-0.956071,2.309129
0.191693,0.418914,2.460170
0.216450,0.253603,2.450372
0.048694,0.102516,2.407757
0.344613,0.162279,2.389877
-0.106591,0.088272,2.136132
0.410360,-0.146163,2.340370
0.144302,0.211643,2.340370
0.441738,-0.363791,2.025733
0.183201,0.236104,2.004554
0.440817,-0.411744,2.249470
0.222666,-0.095498,2.413168
0.215934,-0.150578,2.354374
0.149478,-0.223157,2.344219
0.284494,-0.209538,2.334314
0.131095,-0.599994,2.330664
0.266406,-0.608548,2.334580
0.149775,-0.969990,2.340238
0.273447,-0.909821,2.340705
0.141582,-0.997788,2.264498
0.296229,-0.955090,2.311460
0.191664,0.419010,2.459617
0.216440,0.253719,2.449955
0.048653,0.102228,2.406778
0.344722,0.162358,2.389807
-0.107234,0.091473,2.135485
0.409910,-0.145917,2.340941
0.151312,0.215106,2.340941
0.441368,-0.363549,2.038010
0.192404,0.240722,2.014208
0.440409,-0.411891,2.249878
0.222649,-0.095329,2.412975
0.216048,-0.150426,2.354213
0.149521,-0.223089,2.343826
0.284830,-0.209405,2.334788
0.130995,-0.599622,2.332205
0.266533,-0.608770,2.334877
0.149218,-0.965963,2.340172
0.273609,-0.908309,2.342190
0.141539,-0.993843,2.264202
0.296776,-0.954196,2.313612
0.191635,0.419100,2.459107
0.216424,0.253837,2.449572
0.048609,0.101971,2.405894
0.344829,0.162430,2.389774
-0.107761,0.094472,2.135231
0.409492,-0.145715,2.341479
0.157558,0.218160,2.341479
0.441022,-0.363347,2.049726
0.200883,0.244873,2.023470
0.440015,-0.412021,2.250264
0.222630,-0.095159,2.412815
0.216157,-0.150275,2.354084
0.149560,-0.223024,2.343468
0.285152,-0.209271,2.335260
0.130894,-0.599280,2.333655
0.266651,-0.608981,2.335174
0.148666,-0.961890,2.340177
0.273750,-0.906903,2.343548
0.141491,-0.989848,2.263973
0.297249,-0.953390,2.315598
0.191599,0.419185,2.458636
0.216401,0.253953,2.449222
0.048561,0.101720,2.405079
0.344931,0.162496,2.389771
-0.108186,0.097264,2.135293
0.409103,-0.145541,2.341972
0.163138,0.220734,2.341972
0.440698,-0.363171,2.060678
0.208704,0.248496,2.032224
0.439646,-0.412135,2.250627
0.222607,-0.094991,2.412685
0.216261,-0.150126,2.353983
0.149596,-0.222963,2.343143
0.285458,-0.209140,2.335726
0.130796,-0.598962,2.335020
0.266761,-0.609186,2.335470
0.148136,-0.957823,2.340230
0.273875,-0.905605,2.344784
0.141455,-0.985854,2.263792
0.297713,-0.952648,2.317406
0.191560,0.419265,2.458202
0.216376,0.254065,2.448902
0.048509,0.101479,2.404330
0.345031,0.162554,2.389801
-0.108520,0.099858,2.135645
0.408734,-0.145382,2.342448
0.168166,0.222738,2.342448
0.440389,-0.363007,2.070906
0.215967,0.251513,2.040505
0.439291,-0.412240,2.250966
0.222584,-0.094825,2.412582
0.216362,-0.149978,2.353907
0.149629,-0.222904,2.342846
0.285754,-0.209010,2.336187
0.130699,-0.598658,2.336296
0.266863,-0.609383,2.335762
0.147638,-0.953789,2.340330
0.273988,-0.904404,2.345908
0.141438,-0.981883,2.263660
0.298133,-0.951976,2.319062
0.191522,0.419339,2.457806
0.216347,0.254182,2.448609
0.048452,0.101243,2.403641
0.345130,0.162606,2.389865
-0.108776,0.102256,2.136238
0.408382,-0.145234,2.342911
0.172649,0.224266,2.342911
0.440094,-0.362852,2.080422
0.222662,0.254007,2.048313
0.438952,-0.412334,2.251286
0.222558,-0.094658,2.412504
0.216459,-0.149831,2.353857
0.149658,-0.222848,2.342577
0.286040,-0.208882,2.336644
0.130603,-0.598370,2.337485
0.266958,-0.609573,2.336052
0.147164,-0.949838,2.340467
0.274087,-0.903295,2.346932
0.141434,-0.977990,2.263568
0.298518,-0.951366,2.320572
0.191485,0.419407,2.457444
0.216315,0.254303,2.448340
0.048389,0.101017,2.403009
0.345222,0.162646,2.389954
-0.108961,0.104469,2.137047
0.408049,-0.145103,2.343353
0.176645,0.225371,2.343353
0.439819,-0.362710,2.089247
0.228835,0.256024,2.055656
0.438632,-0.412418,2.251587
0.222530,-0.094493,2.412448
0.216551,-0.149686,2.353826
0.149685,-0.222795,2.342332
0.286309,-0.208758,2.337090
0.130510,-0.598101,2.338595
0.267046,-0.609757,2.336337
0.146711,-0.946008,2.340631
0.274173,-0.902269,2.347863
0.141431,-0.974213,2.263509
0.298874,-0.950809,2.321942
0.191446,0.419472,2.457114
0.216279,0.254427,2.448097
0.048322,0.100799,2.402431
0.345307,0.162680,2.390063
-0.109078,0.106503,2.138039
0.407737,-0.144982,2.343777
0.180184,0.226133,2.343777
0.439553,-0.362575,2.097387
0.234496,0.257640,2.062526
0.438325,-0.412494,2.251874
0.222500,-0.094329,2.412413
0.216640,-0.149543,2.353815
0.149709,-0.222744,2.342110
0.286567,-0.208636,2.337528
0.130421,-0.597848,2.339633
0.267127,-0.609936,2.336618
0.146278,-0.942295,2.340812
0.274251,-0.901324,2.348709
0.141426,-0.970548,2.263472
0.299197,-0.950305,2.323189
0.191413,0.419532,2.456815
0.216239,0.254552,2.447876
0.048255,0.100587,2.401901
0.345388,0.162709,2.390192
-0.109135,0.108366,2.139192
0.407442,-0.144870,2.344186
0.183311,0.226574,2.344186
0.439298,-0.362448,2.104875
0.239687,0.258877,2.068934
0.438031,-0.412565,2.252147
0.222470,-0.094168,2.412396
0.216725,-0.149403,2.353820
0.149730,-0.222695,2.341908
0.286812,-0.208519,2.337955
0.130334,-0.597610,2.340601
0.267203,-0.610102,2.336888
0.145868,-0.938732,2.341006
0.274318,-0.900445,2.349476
0.141423,-0.967026,2.263456
0.299491,-0.949846,2.324325
0.191380,0.419588,2.456542
0.216192,0.254689,2.447678
0.048183,0.100382,2.401413
0.345464,0.162734,2.390342
-0.109147,0.110062,2.140467
0.407162,-0.144765,2.344581
0.186052,0.226756,2.344581
0.439055,-0.362328,2.111747
0.244426,0.259804,2.074898
0.437752,-0.412627,2.252407
0.222437,-0.094006,2.412396
0.216807,-0.149264,2.353841
0.149750,-0.222647,2.341724
0.287045,-0.208403,2.338374
0.130250,-0.597387,2.341505
0.267274,-0.610260,2.337152
0.145485,-0.935341,2.341213
0.274376,-0.899635,2.350171
0.141426,-0.963672,2.263461
0.299758,-0.949430,2.325356
0.191349,0.419644,2.456295
0.216137,0.254841,2.447504
0.048109,0.100183,2.400966
0.345536,0.162760,2.390516
-0.109122,0.111604,2.141847
0.406894,-0.144663,2.344966
0.188436,0.226702,2.344966
0.438818,-0.362209,2.118040
0.248743,0.260448,2.080439
0.437484,-0.412680,2.252665
0.222402,-0.093842,2.412414
0.216885,-0.149124,2.353877
0.149767,-0.222601,2.341558
0.287268,-0.208288,2.338784
0.130170,-0.597185,2.342344
0.267339,-0.610414,2.337410
0.145127,-0.932137,2.341426
0.274425,-0.898888,2.350801
0.141431,-0.960499,2.263481
0.300003,-0.949051,2.326293
0.191316,0.419703,2.456075
0.216079,0.255001,2.447351
0.048033,0.099991,2.400556
0.345602,0.162785,2.390706
-0.109064,0.112998,2.143312
0.406636,-0.144564,2.345367
0.190492,0.226429,2.345367
0.438588,-0.362088,2.123789
0.252669,0.260838,2.085575
0.437227,-0.412728,2.252912
0.222365,-0.093678,2.412445
0.216959,-0.148985,2.353926
0.149783,-0.222554,2.341407
0.287479,-0.208174,2.339183
0.130092,-0.596999,2.343124
0.267399,-0.610561,2.337661
0.144794,-0.929112,2.341643
0.274466,-0.898200,2.351372
0.141440,-0.957502,2.263514
0.300227,-0.948706,2.327145
0.191281,0.419760,2.455874
0.216019,0.255164,2.447215
0.047957,0.099808,2.400181
0.345666,0.162813,2.390914
-0.108980,0.114253,2.144841
0.406393,-0.144463,2.345761
0.192243,0.225951,2.345761
0.438362,-0.361965,2.129027
0.256231,0.260993,2.090331
0.436981,-0.412770,2.253151
0.222327,-0.093514,2.412490
0.217031,-0.148845,2.353986
0.149796,-0.222506,2.341269
0.287680,-0.208061,2.339572
0.130018,-0.596827,2.343849
0.267453,-0.610705,2.337907
0.144478,-0.926268,2.341856
0.274500,-0.897564,2.351888
0.141444,-0.954682,2.263553
0.300430,-0.948395,2.327922
0.191240,0.419819,2.455691
0.215953,0.255334,2.447093
0.047880,0.099634,2.399836
0.345721,0.162845,2.391127
-0.108878,0.115385,2.146411
0.406157,-0.144358,2.346177
0.193717,0.225308,2.346177
0.438146,-0.361834,2.133781
0.259458,0.260956,2.094724
0.436746,-0.412808,2.253379
0.222287,-0.093349,2.412544
0.217099,-0.148707,2.354055
0.149808,-0.222459,2.341145
0.287869,-0.207949,2.339948
0.129946,-0.596666,2.344522
0.267510,-0.610821,2.338130
0.144186,-0.923595,2.342070
0.274529,-0.896976,2.352354
0.141451,-0.952030,2.263600
0.300598,-0.948122,2.328634
0.191197,0.419878,2.455526
0.215885,0.255507,2.446986
0.047801,0.099469,2.399519
0.345771,0.162877,2.391348
-0.108754,0.116401,2.147989
0.405930,-0.144254,2.346585
0.194902,0.224637,2.346585
0.437942,-0.361704,2.138052
0.262323,0.260874,2.098728
0.436530,-0.412841,2.253601
0.222243,-0.093182,2.412609
0.217161,-0.148567,2.354131
0.149817,-0.222410,2.341032
0.288046,-0.207838,2.340312
0.129878,-0.596518,2.345148
0.267562,-0.610934,2.338344
0.143916,-0.921093,2.342282
0.274551,-0.896439,2.352774
0.141458,-0.949547,2.263653
0.300046,-0.947053,2.327782
0.191151,0.419938,2.455376
0.215808,0.255694,2.446890
0.047722,0.099313,2.399229
0.345818,0.162913,2.391580
-0.108611,0.117306,2.149572
0.405713,-0.144148,2.346987
0.195831,0.223895,2.346987
0.437747,-0.361571,2.141884
0.264878,0.260708,2.102389
0.436332,-0.412867,2.253827
0.222198,-0.093010,2.412682
0.217221,-0.148424,2.354214
0.149824,-0.222357,2.340929
0.288216,-0.207723,2.340666
0.129814,-0.596378,2.345726
0.267611,-0.611043,2.338552
0.143669,-0.918754,2.342488
0.274568,-0.895945,2.353152
0.141471,-0.947224,2.263709
0.300049,-0.946696,2.328106
0.191105,0.419997,2.455241
0.215730,0.255881,2.446804
0.047644,0.099165,2.398961
0.345858,0.162945,2.391814
-0.108452,0.118116,2.151130
0.405505,-0.144048,2.347378
0.196554,0.223027,2.347378
0.437563,-0.361443,2.145307
0.267176,0.260400,2.105752
0.436147,-0.412887,2.254048
0.222150,-0.092840,2.412760
0.217277,-0.148283,2.354301
0.149830,-0.222305,2.340834
0.288374,-0.207611,2.341005
0.129752,-0.596246,2.346262
0.267656,-0.611147,2.338752
0.143440,-0.916572,2.342689
0.274582,-0.895489,2.353493
0.141484,-0.945056,2.263769
0.300062,-0.946366,2.328399
0.191058,0.420056,2.455119
0.215649,0.256071,2.446727
0.047568,0.099027,2.398716
0.345892,0.162973,2.392048
-0.108274,0.118830,2.152674
0.405308,-0.143954,2.347754
0.197076,0.222061,2.347754
0.437388,-0.361320,2.148352
0.269228,0.259980,2.108836
0.435977,-0.412906,2.254262
0.222101,-0.092673,2.412841
0.217329,-0.148146,2.354390
0.149834,-0.222251,2.340748
0.288522,-0.207502,2.341330
0.129694,-0.596124,2.346758
0.267696,-0.611254,2.338950
0.143230,-0.914539,2.342883
0.274591,-0.895069,2.353799
0.141498,-0.943037,2.263829
0.300064,-0.946080,2.328672
0.191008,0.420117,2.455010
0.215565,0.256263,2.446657
0.047494,0.098897,2.398492
0.345925,0.163002,2.392289
-0.108082,0.119458,2.154178
0.405119,-0.143862,2.348119
0.197413,0.221011,2.348119
0.437229,-0.361198,2.151042
0.271051,0.259460,2.111664
0.435819,-0.412924,2.254470
0.222051,-0.092507,2.412925
0.217377,-0.148010,2.354480
0.149836,-0.222197,2.340667
0.288661,-0.207395,2.341640
0.129639,-0.596009,2.347217
0.267732,-0.611366,2.339144
0.143037,-0.912651,2.343070
0.274596,-0.894682,2.354073
0.141513,-0.941159,2.263890
0.300060,-0.945829,2.328921
0.190960,0.420177,2.454916
0.215480,0.256458,2.446594
0.047421,0.098772,2.398284
0.345955,0.163031,2.392531
-0.107870,0.120006,2.155630
0.404941,-0.143771,2.348470
0.197585,0.219876,2.348470
0.437083,-0.361077,2.153383
0.272664,0.258845,2.114243
0.435675,-0.412937,2.254670
0.222000,-0.092342,2.413011
0.217423,-0.147876,2.354571
0.149837,-0.222142,2.340594
0.288791,-0.207292,2.341936
0.129586,-0.595901,2.347641
0.267764,-0.611476,2.339333
0.142859,-0.910896,2.343249
0.274599,-0.894325,2.354319
0.141529,-0.939413,2.263950
0.300046,-0.945615,2.329154
0.190910,0.420237,2.454832
0.215396,0.256649,2.446536
0.047349,0.098649,2.398090
0.345979,0.163046,2.392758
-0.107641,0.120477,2.157016
0.404776,-0.143697,2.348800
0.197649,0.218628,2.348800
0.436954,-0.360972,2.155302
0.274122,0.258127,2.116525
0.435545,-0.412947,2.254863
0.221948,-0.092189,2.413092
0.217462,-0.147755,2.354655
0.149835,-0.222088,2.340525
0.288906,-0.207202,2.342206
0.129536,-0.595800,2.348032
0.267798,-0.611561,2.339499
0.142696,-0.909270,2.343420
0.274598,-0.893993,2.354536
0.141544,-0.937795,2.264009
0.300042,-0.945414,2.329358
0.190858,0.420300,2.454757
0.215313,0.256839,2.446484
0.047277,0.098523,2.397903
0.346000,0.163054,2.392978
-0.107390,0.120866,2.158310
0.404623,-0.143633,2.349115
0.197539,0.217249,2.349115
0.436839,-0.360875,2.156796
0.275389,0.257304,2.118533
0.435426,-0.412954,2.255049
0.221895,-0.092042,2.413173
0.217497,-0.147641,2.354736
0.149832,-0.222037,2.340459
0.289011,-0.207118,2.342460
0.129489,-0.595706,2.348393
0.267830,-0.611631,2.339649
0.142547,-0.907766,2.343582
0.274595,-0.893689,2.354730
0.141561,-0.936298,2.264067
0.299356,-0.944486,2.328013
0.190808,0.420359,2.454691
0.215239,0.257017,2.446434
0.047201,0.098384,2.397716
0.346019,0.163059,2.393192
-0.107116,0.121138,2.159509
0.404481,-0.143572,2.349408
0.197097,0.215455,2.349408
0.436737,-0.360783,2.157476
0.276401,0.256200,2.120083
0.435319,-0.412959,2.255227
0.221842,-0.091901,2.413252
0.217529,-0.147533,2.354815
0.149826,-0.221988,2.340398
0.289109,-0.207039,2.342700
0.129445,-0.595618,2.348726
0.267860,-0.611707,2.339795
0.142411,-0.906375,2.343737
0.274590,-0.893407,2.354900
0.141581,-0.934912,2.264123
0.298587,-0.943472,2.326429
0.190760,0.420412,2.454632
0.215169,0.257182,2.446390
0.047131,0.098217,2.397525
0.346038,0.163065,2.393398
-0.106808,0.121288,2.160654
0.404347,-0.143514,2.349684
0.194175,0.212157,2.349684
0.436647,-0.360694,2.156582
0.273081,0.251864,2.119583
0.435223,-0.412961,2.255404
0.221790,-0.091770,2.413327
0.217558,-0.147433,2.354889
0.149820,-0.221942,2.340339
0.289198,-0.206968,2.342924
0.129404,-0.595539,2.349031
0.267887,-0.611779,2.339933
0.142287,-0.905090,2.343884
0.274581,-0.893141,2.355048
0.141601,-0.933631,2.264177
0.298345,-0.943107,2.326089
0.190716,0.420460,2.454579
0.215108,0.257320,2.446350
0.047073,0.097976,2.397303
0.346056,0.163068,2.393598
-0.106464,0.121228,2.161762
0.404226,-0.143460,2.349938
0.190586,0.208366,2.349938
0.436566,-0.360609,2.154823
0.266186,0.244858,2.117529
0.435138,-0.412960,2.255572
0.221743,-0.091667,2.413392
0.217584,-0.147355,2.354952
0.149814,-0.221908,2.340283
0.289279,-0.206923,2.343128
0.129367,-0.595466,2.349311
0.267913,-0.611866,2.340073
0.142174,-0.903899,2.344021
0.274572,-0.892899,2.355172
0.141623,-0.932443,2.264229
0.298135,-0.942788,2.325781
0.190671,0.420507,2.454534
0.215054,0.257439,2.446313
0.047037,0.097705,2.397073
0.346073,0.163071,2.393785
-0.106040,0.120928,2.162840
0.404119,-0.143409,2.350169
0.187382,0.201852,2.350169
0.436498,-0.360528,2.148739
0.256671,0.235784,2.113584
0.435063,-0.412958,2.255728
0.221697,-0.091576,2.413452
0.217607,-0.147287,2.355009
0.149807,-0.221877,2.340230
0.289349,-0.206893,2.343320
0.129332,-0.595400,2.349569
0.267936,-0.611958,2.340209
0.142068,-0.902807,2.344149
0.274564,-0.892680,2.355279
0.141642,-0.931354,2.264276
0.297950,-0.942514,2.325500
0.190628,0.420545,2.454491
0.215006,0.257543,2.446279
0.047010,0.097494,2.396894
0.346089,0.163072,2.393962
-0.105447,0.120261,2.163949
0.404021,-0.143362,2.350383
0.182760,0.193096,2.350383
0.436443,-0.360452,2.139568
0.244031,0.223798,2.107056
0.435000,-0.412953,2.255871
0.221655,-0.091496,2.413507
0.217628,-0.147226,2.355063
0.149799,-0.221848,2.340178
0.289411,-0.206872,2.343497
0.129301,-0.595340,2.349804
0.267958,-0.612052,2.340338
0.141972,-0.901802,2.344269
0.274554,-0.892481,2.355370
0.141654,-0.930350,2.264320
0.297787,-0.942287,2.325249
0.190587,0.420578,2.454452
0.214961,0.257635,2.446247
0.046978,0.097354,2.396755
0.346105,0.163069,2.394122
-0.104616,0.119109,2.165078
0.403935,-0.143322,2.350575
0.174813,0.183474,2.350575
0.436401,-0.360381,2.129025
0.229665,0.209606,2.098329
0.434950,-0.412946,2.255996
0.221617,-0.091423,2.413557
0.217646,-0.147171,2.355112
0.149790,-0.221822,2.340128
0.289467,-0.206855,2.343657
0.129272,-0.595286,2.350019
0.267980,-0.612149,2.340461
0.141884,-0.900875,2.344381
0.274544,-0.892298,2.355444
0.141659,-0.929425,2.264362
0.297646,-0.942096,2.325022
0.190548,0.420608,2.454417
0.214920,0.257718,2.446218
0.046938,0.097462,2.396691
0.346120,0.163065,2.394266
-0.103515,0.117098,2.166073
0.403859,-0.143284,2.350749
0.165362,0.171238,2.350749
0.436375,-0.360312,2.115894
0.210969,0.191362,2.086365
0.434911,-0.412938,2.256108
0.221582,-0.091357,2.413604
0.217663,-0.147120,2.355157
0.149782,-0.221793,2.340077
0.289516,-0.206836,2.343801
0.129246,-0.595237,2.350214
0.267999,-0.612250,2.340579
0.141803,-0.900023,2.344486
0.274536,-0.892134,2.355500
0.141661,-0.928574,2.264401
0.296909,-0.941349,2.323373
0.190510,0.420634,2.454384
0.214882,0.257791,2.446191
0.046904,0.097697,2.396633
0.346134,0.163058,2.394393
-0.102078,0.113990,2.166972
0.403792,-0.143251,2.350901
0.153398,0.154473,2.350901
0.436362,-0.360249,2.099479
0.190951,0.169575,2.071462
0.434885,-0.412929,2.256210
0.221546,-0.091297,2.413647
0.217677,-0.147074,2.355197
0.149770,-0.221764,2.340028
0.289551,-0.206823,2.343932
0.129224,-0.595195,2.350392
0.268019,-0.612355,2.340688
0.141728,-0.899239,2.344583
0.274529,-0.891985,2.355539
0.141662,-0.927789,2.264436
0.296131,-0.940559,2.321539
0.190474,0.420659,2.454355
0.214847,0.257856,2.446165
0.046889,0.097938,2.396534
0.346147,0.163054,2.394504
-0.100471,0.110078,2.167818
0.403732,-0.143219,2.351037
0.138781,0.133646,2.351037
0.436370,-0.360183,2.081025
0.168753,0.142864,2.053125
0.434876,-0.412919,2.256292
0.221511,-0.091243,2.413686
0.217690,-0.147032,2.355234
0.149760,-0.221733,2.339976
0.289581,-0.206814,2.344051
0.129206,-0.595160,2.350551
0.268041,-0.612463,2.340790
0.141654,-0.898520,2.344670
0.274526,-0.891845,2.355558
0.141659,-0.927069,2.264466
0.295336,-0.939711,2.319544
0.190442,0.420681,2.454328
0.214814,0.257910,2.446137
0.046892,0.098154,2.396395
0.346160,0.163046,2.394602
-0.098542,0.105170,2.168505
0.403685,-0.143190,2.351155
0.120986,0.108619,2.351155
0.436410,-0.360118,2.060763
0.145821,0.114514,2.034956
0.434897,-0.412902,2.256330
0.221481,-0.091195,2.413719
0.217702,-0.146994,2.355265
0.149756,-0.221699,2.339914
0.289609,-0.206809,2.344153
0.129194,-0.595132,2.350691
0.268068,-0.612550,2.340872
0.141581,-0.897854,2.344743
0.274520,-0.891711,2.355552
0.141652,-0.926400,2.264485
0.294500,-0.938795,2.317383
0.190411,0.420699,2.454298
0.214786,0.257953,2.446103
0.046901,0.098384,2.396241
0.346172,0.163036,2.394684
-0.096330,0.100226,2.169106
0.403654,-0.143161,2.351249
0.102917,0.083014,2.351249
0.436476,-0.360050,2.041544
0.121517,0.082101,2.016737
0.434960,-0.412877,2.256320
0.221455,-0.091152,2.413744
0.217717,-0.146960,2.355289
0.149765,-0.221660,2.339839
0.289636,-0.206808,2.344235
0.129196,-0.595132,2.350784
0.268097,-0.612637,2.340945
0.141511,-0.897240,2.344805
0.274520,-0.891578,2.355526
0.141641,-0.925783,2.264494
0.293661,-0.937819,2.315135
0.190383,0.420711,2.454223
0.214771,0.257974,2.446026
0.046920,0.098589,2.396028
0.346200,0.163010,2.394700
-0.092463,0.092137,2.170864
0.403679,-0.143130,2.351281
0.083066,0.052189,2.351281
0.436605,-0.359981,2.025094
0.094793,0.038990,2.000181
0.435080,-0.412852,2.256267
0.221438,-0.091127,2.413734
0.217747,-0.146944,2.355274
0.149786,-0.221626,2.339738
0.289676,-0.206845,2.344225
0.129220,-0.595253,2.350478
0.268142,-0.612722,2.340990
0.141338,-0.896552,2.344607
0.274523,-0.891445,2.355480
0.141506,-0.925081,2.264219
0.292805,-0.936806,2.312807
0.190357,0.420713,2.454093
0.214782,0.257958,2.445862
0.046941,0.098785,2.395774
0.346254,0.162900,2.394528
-0.088228,0.082887,2.172897
0.403772,-0.143144,2.351229
0.063308,0.019305,2.351229
0.436864,-0.359946,2.011396
0.069735,-0.004160,1.986671
0.435273,-0.412817,2.256146
0.221436,-0.091122,2.413673
0.217786,-0.146947,2.355211
0.149813,-0.221600,2.339608
0.289721,-0.206919,2.344119
0.129267,-0.595442,2.349561
0.268223,-0.612811,2.341000
0.141017,-0.895669,2.343922
0.274541,-0.891312,2.355409
0.141172,-0.924173,2.263427
0.291957,-0.935770,2.310435
0.190333,0.420712,2.453904
0.214820,0.257925,2.445580
0.046971,0.098956,2.395458
0.346324,0.162767,2.394219
-0.083970,0.072573,2.175335
0.403936,-0.143160,2.351072
0.044361,-0.013808,2.351072
0.437179,-0.359911,2.000528
0.046228,-0.046884,1.976562
0.435882,-0.413444,2.255536
0.221453,-0.091136,2.413531
0.217844,-0.146970,2.355072
0.149854,-0.221585,2.339426
0.289780,-0.207020,2.343886
0.129333,-0.595545,2.347836
0.268335,-0.612914,2.340978
0.140682,-0.895888,2.343249
0.274572,-0.891188,2.355318
0.140821,-0.924402,2.262668
0.291141,-0.934766,2.308055
0.190324,0.420691,2.453515
0.214903,0.257850,2.445060
0.046993,0.099086,2.395049
0.346428,0.162574,2.393580
-0.079363,0.060566,2.178419
0.404183,-0.143195,2.350743
0.025690,-0.047577,2.350743
0.437608,-0.359891,1.992544
0.023876,-0.092944,1.967392
0.436373,-0.413499,2.255054
0.221501,-0.091172,2.413246
0.217918,-0.147017,2.354801
0.149904,-0.221585,2.339171
0.289854,-0.207166,2.343399
0.129364,-0.595515,2.345180
0.268482,-0.613019,2.340907
0.140224,-0.896406,2.341871
0.274628,-0.891059,2.355198
0.140279,-0.925063,2.261154
0.290360,-0.933754,2.305677
0.190317,0.420600,2.452668
0.215023,0.257734,2.444258
0.047018,0.099199,2.394562
0.346574,0.162387,2.392636
-0.074512,0.047746,2.181986
0.404537,-0.143207,2.349990
0.008082,-0.081304,2.349990
0.438190,-0.359867,1.987760
0.003789,-0.137067,1.961277
0.436958,-0.413531,2.254462
0.221581,-0.091231,2.412747
0.218010,-0.147088,2.354331
0.149961,-0.221605,2.338788
0.289938,-0.207351,2.342588
0.129207,-0.595066,2.341103
0.268686,-0.613130,2.340759
0.139583,-0.897033,2.339682
0.274703,-0.890929,2.355055
0.139467,-0.926078,2.258757
0.289599,-0.932755,2.303319
0.190293,0.420491,2.451405
0.215179,0.257589,2.442975
0.047044,0.099303,2.393957
0.346720,0.162205,2.391175
-0.068982,0.033543,2.186599
0.405013,-0.143168,2.348686
-0.007855,-0.114589,2.348686
0.438874,-0.359830,1.986237
-0.013615,-0.177548,1.959565
0.437651,-0.413536,2.253661
0.221689,-0.091309,2.411942
0.218099,-0.147186,2.353583
0.150015,-0.221647,2.338230
0.289990,-0.207569,2.341386
0.128946,-0.594477,2.335833
0.268937,-0.613251,2.340532
0.138696,-0.898003,2.336023
0.274795,-0.890799,2.354887
0.138301,-0.927573,2.254837
0.288840,-0.931781,2.300993
0.190252,0.420345,2.449228
0.215391,0.257398,2.441058
0.047045,0.099392,2.393155
0.346910,0.162022,2.389074
-0.063282,0.018871,2.191761
0.405563,-0.143103,2.346898
-0.022029,-0.146128,2.346898
0.439703,-0.359759,1.986874
-0.028932,-0.215482,1.959891
0.438456,-0.413548,2.252650
0.221792,-0.091378,2.410767
0.218146,-0.147282,2.352501
0.150037,-0.221695,2.337512
0.289937,-0.207829,2.339554
0.128333,-0.593585,2.328825
0.269233,-0.613383,2.340197
0.137487,-0.899242,2.329935
0.274919,-0.890634,2.354661
0.136702,-0.929485,2.248426
0.288095,-0.930753,2.298628
0.190134,0.420141,2.446143
0.215574,0.257143,2.438205
0.047010,0.099441,2.391965
0.347040,0.161862,2.386067
-0.057557,0.004085,2.197089
0.406139,-0.142980,2.344460
-0.034567,-0.177067,2.344460
0.440613,-0.359658,1.990289
-0.042265,-0.251226,1.962366
0.439370,-0.413576,2.251230
0.221871,-0.091454,2.409014
0.218133,-0.147399,2.350901
0.150006,-0.221763,2.336453
0.289789,-0.208127,2.337104
0.127318,-0.592490,2.320364
0.269590,-0.613520,2.339681
0.136000,-0.900658,2.321576
0.275061,-0.890462,2.354398
0.134728,-0.931696,2.239692
0.287360,-0.929748,2.296289
0.189848,0.419957,2.442086
0.215654,0.256833,2.434299
0.046926,0.099465,2.390367
0.347111,0.161676,2.382047
-0.051919,-0.010284,2.202330
0.406711,-0.142849,2.341037
-0.045211,-0.207113,2.341037
0.441654,-0.359525,1.996146
-0.053572,-0.284975,1.966818
0.440368,-0.413583,2.248852
0.221822,-0.091534,2.406483
0.217936,-0.147533,2.348568
0.149822,-0.221842,2.334904
0.289360,-0.208488,2.333653
0.126045,-0.591227,2.310498
0.269980,-0.613668,2.338983
0.133726,-0.902161,2.310150
0.275213,-0.890284,2.354092
0.131791,-0.934142,2.227782
0.286617,-0.928764,2.293965
0.189379,0.419795,2.436803
0.215617,0.256511,2.428874
0.046716,0.099426,2.387915
0.346891,0.161346,2.376407
-0.046467,-0.024202,2.207290
0.407289,-0.142766,2.336324
-0.054188,-0.234801,2.336324
0.442717,-0.359450,2.002969
-0.063183,-0.315380,1.971973
0.441400,-0.413662,2.245833
0.221646,-0.091711,2.402796
0.217544,-0.147807,2.345133
0.149490,-0.222010,2.332763
0.288639,-0.209089,2.328517
0.124144,-0.589803,2.298545
0.270362,-0.613776,2.337822
0.131045,-0.903721,2.295739
0.275388,-0.890091,2.353696
0.128380,-0.936733,2.212894
0.285869,-0.927793,2.291584
0.188554,0.419600,2.429644
0.215426,0.256105,2.422317
0.046352,0.099341,2.384488
0.346584,0.161035,2.369575
-0.041292,-0.037337,2.211806
0.407700,-0.142676,2.330343
-0.061807,-0.260031,2.330343
0.443669,-0.359370,2.010149
-0.071223,-0.343125,1.978209
0.442412,-0.413733,2.242016
0.221281,-0.091961,2.397972
0.216929,-0.148160,2.340572
0.148887,-0.222272,2.329528
0.287697,-0.209809,2.322265
0.121754,-0.588438,2.285372
0.270739,-0.613968,2.336369
0.128300,-0.905304,2.278651
0.275590,-0.889848,2.353124
0.124937,-0.939383,2.195251
0.285110,-0.926766,2.289010
0.187479,0.419393,2.421498
0.214891,0.255598,2.413969
0.045755,0.099259,2.380071
0.345984,0.160809,2.361162
-0.036500,-0.049637,2.215828
0.407845,-0.142493,2.322737
-0.068242,-0.283133,2.322737
0.444500,-0.359227,2.017756
-0.078013,-0.367875,1.985024
0.443073,-0.413689,2.235587
0.220687,-0.092179,2.391794
0.216038,-0.148499,2.334729
0.148047,-0.222528,2.325211
0.286444,-0.210537,2.314721
0.118989,-0.586954,2.271125
0.271069,-0.614189,2.334368
0.125223,-0.906631,2.258888
0.275809,-0.889512,2.352354
0.121104,-0.941799,2.174844
0.284309,-0.925643,2.286253
0.185844,0.419160,2.411433
0.213981,0.254972,2.403802
0.044792,0.099127,2.374124
0.344896,0.160513,2.350901
-0.032028,-0.062418,2.218961
0.407569,-0.142361,2.313183
-0.073835,-0.305184,2.313183
0.444877,-0.359135,2.025056
-0.083593,-0.390055,1.992143
0.443485,-0.413708,2.228348
0.219629,-0.092511,2.383849
0.214618,-0.148966,2.327140
0.146733,-0.222870,2.319521
0.284533,-0.211463,2.305086
0.116029,-0.585597,2.255989
0.271235,-0.615613,2.331677
0.120951,-0.907658,2.235591
0.276038,-0.889656,2.351611
0.115910,-0.943895,2.150605
0.282736,-0.924920,2.284301
0.183726,0.418967,2.399598
0.212786,0.254423,2.392191
0.043416,0.098955,2.366360
0.343395,0.160221,2.339146
-0.028016,-0.074153,2.221601
0.406785,-0.142256,2.302078
-0.078679,-0.324941,2.302078
0.444780,-0.359007,2.032084
-0.088329,-0.409827,1.999215
0.442999,-0.413671,2.218041
0.218085,-0.092841,2.374175
0.212665,-0.149436,2.317770
0.144777,-0.223182,2.311735
0.282110,-0.212378,2.294024
0.112729,-0.584262,2.239849
0.271353,-0.617238,2.328653
0.116573,-0.908643,2.211370
0.276205,-0.889954,2.350599
0.110686,-0.945895,2.125464
0.280699,-0.923602,2.282245
0.181059,0.418873,2.386290
0.210968,0.253901,2.378551
0.041441,0.098766,2.356574
0.341298,0.160015,2.325498
-0.024630,-0.085318,2.223421
0.405259,-0.142111,2.288999
-0.083019,-0.342912,2.288999
0.443899,-0.358828,2.038515
-0.092710,-0.427621,2.005438
0.441795,-0.413722,2.205958
0.215880,-0.093091,2.362575
0.210028,-0.149835,2.306503
0.142150,-0.223452,2.302067
0.278983,-0.213185,2.281235
0.108713,-0.582811,2.222128
0.271330,-0.619047,2.324768
0.112579,-0.909560,2.186599
0.276339,-0.890210,2.349456
0.106025,-0.947783,2.099915
0.278755,-0.922989,2.280181
0.177718,0.418797,2.371304
0.208526,0.253342,2.363125
0.038809,0.098551,2.344771
0.338505,0.159997,2.310059
-0.021910,-0.096202,2.224070
0.402743,-0.141795,2.273372
-0.086985,-0.359257,2.273372
0.442164,-0.358534,2.044222
-0.096732,-0.443461,2.011091
0.439356,-0.414049,2.190930
0.212885,-0.093524,2.348620
0.206532,-0.150424,2.292786
0.138680,-0.223891,2.290142
0.274887,-0.214231,2.265668
0.104064,-0.581540,2.202806
0.270941,-0.620934,2.319425
0.108929,-0.910695,2.162106
0.276388,-0.890346,2.347929
0.101798,-0.949842,2.074897
0.276926,-0.922758,2.278203
0.172072,0.418628,2.350897
0.203945,0.253043,2.342096
0.033647,0.098522,2.326217
0.333207,0.160237,2.288582
-0.020880,-0.106830,2.222057
0.397386,-0.141242,2.251358
-0.091216,-0.373474,2.251358
0.437705,-0.357902,2.048375
-0.101037,-0.457715,2.015236
0.434539,-0.414548,2.170331
0.207487,-0.093852,2.327941
0.200577,-0.150876,2.272170
0.132622,-0.224213,2.270477
0.268369,-0.214933,2.243890
0.097456,-0.580206,2.177748
0.269219,-0.622612,2.308011
0.104739,-0.911987,2.135745
0.275788,-0.889750,2.343522
0.096999,-0.952035,2.048217
0.273325,-0.921951,2.275431
0.166340,0.418546,2.329939
0.198843,0.252731,2.320704
0.028200,0.098700,2.306635
0.327653,0.160523,2.267006
-0.020828,-0.117089,2.218397
0.391460,-0.140667,2.228654
-0.095078,-0.386296,2.228654
0.432379,-0.357183,2.052036
-0.104980,-0.470353,2.019033
0.428704,-0.414935,2.147666
0.201501,-0.094083,2.306074
0.194078,-0.151128,2.250205
0.125961,-0.224185,2.248692
0.261378,-0.215382,2.221217
0.090317,-0.579107,2.152019
0.266618,-0.623918,2.292644
0.100831,-0.913406,2.110889
0.274712,-0.888410,2.337111
0.092571,-0.953997,2.023282
0.270861,-0.921490,2.273269
0.159810,0.418665,2.307142
0.192683,0.252728,2.297023
0.021502,0.099134,2.284267
0.320949,0.160913,2.243145
-0.022178,-0.126915,2.212628
0.384054,-0.140016,2.203250
-0.098814,-0.397850,2.203250
0.425536,-0.356350,2.055034
-0.108808,-0.481285,2.022270
0.421301,-0.414849,2.122054
0.194310,-0.094043,2.281059
0.186374,-0.151057,2.224997
0.118101,-0.223862,2.223552
0.253186,-0.215441,2.195398
0.082169,-0.578314,2.124301
0.261898,-0.624163,2.269470
0.097126,-0.914933,2.086597
0.272095,-0.885488,2.325140
0.088383,-0.955734,1.999091
0.266219,-0.917830,2.259571
0.152714,0.419015,2.283249
0.185691,0.253037,2.272383
0.013990,0.099989,2.260435
0.313170,0.161392,2.217796
-0.025341,-0.135487,2.203307
0.375486,-0.139294,2.176360
-0.102510,-0.407965,2.176360
0.417902,-0.355458,2.057281
-0.112626,-0.490323,2.024668
0.413137,-0.414287,2.095489
0.186013,-0.093838,2.254114
0.177469,-0.150769,2.197660
0.109057,-0.223218,2.196136
0.243652,-0.215209,2.167295
0.073729,-0.577971,2.096350
0.254585,-0.622530,2.237899
0.093151,-0.916552,2.063329
0.267881,-0.880291,2.305783
0.083938,-0.957359,1.976011
0.257572,-0.910075,2.249105
0.145200,0.419926,2.258152
0.177894,0.253779,2.246765
0.005505,0.101323,2.234364
0.304525,0.162026,2.191150
-0.029507,-0.142750,2.192348
0.365851,-0.138443,2.148039
-0.106712,-0.415995,2.148039
0.408755,-0.354312,2.057559
-0.116920,-0.496937,2.025352
0.403397,-0.413179,2.066374
0.177038,-0.093365,2.225976
0.168017,-0.150221,2.169124
0.099356,-0.222235,2.166895
0.233819,-0.214678,2.138690
0.065408,-0.578813,2.068461
0.244379,-0.619032,2.197461
0.089018,-0.918129,2.041470
0.264851,-0.878900,2.292113
0.079427,-0.958859,1.954374
0.252567,-0.907995,2.235250
0.133626,0.421982,2.225183
0.166489,0.255855,2.213183
-0.006444,0.104170,2.199874
0.292792,0.163751,2.157594
-0.038640,-0.147343,2.170516
0.352833,-0.136453,2.112544
-0.113862,-0.419712,2.112544
0.395133,-0.351872,2.050416
-0.124060,-0.498051,2.018105
0.389165,-0.410506,2.028087
0.164710,-0.091661,2.189758
0.155398,-0.148439,2.132502
0.086439,-0.220158,2.129140
0.221035,-0.212707,2.102534
0.056261,-0.580098,2.038024
0.225471,-0.612887,2.131036
0.084847,-0.919371,2.021750
0.259939,-0.877642,2.260479
0.074972,-0.959993,1.934864
0.245977,-0.906103,2.201512
0.121794,0.424313,2.191793
0.154601,0.258317,2.179686
-0.018894,0.107272,2.164903
0.280833,0.166273,2.124316
-0.048702,-0.150287,2.146438
0.339511,-0.133631,2.077097
-0.122221,-0.420143,2.077097
0.380735,-0.348587,2.038527
-0.132200,-0.495657,2.006323
0.374997,-0.407248,1.990496
0.152293,-0.089417,2.153768
0.142831,-0.146059,2.096129
0.073487,-0.217566,2.091180
0.208546,-0.210153,2.067021
0.047209,-0.580987,2.007869
0.206061,-0.603203,2.061185
0.081410,-0.920131,2.004670
0.246109,-0.876143,2.221281
0.071276,-0.960663,1.917936
0.230441,-0.904039,2.159708
0.109545,0.426984,2.157228
0.142280,0.261204,2.145850
-0.031395,0.110651,2.129940
0.268456,0.168948,2.090461
-0.060374,-0.150916,2.117827
0.326437,-0.130738,2.042188
-0.131892,-0.417080,2.042188
0.366438,-0.345313,2.021216
-0.141494,-0.489750,1.989076
0.360117,-0.403071,1.952407
0.139874,-0.086738,2.118047
0.130316,-0.143273,2.060139
0.060717,-0.214666,2.053880
0.196170,-0.207068,2.031942
0.038462,-0.581502,1.979647
0.187567,-0.592150,1.994765
0.078519,-0.920652,1.988502
0.235297,-0.875841,2.165439
0.068132,-0.961050,1.901934
0.218420,-0.903467,2.100321
