-0.043744,0.527913,2.868940
-0.019773,0.318856,2.862711
-0.192288,0.192425,2.838539
0.157503,0.208439,2.860953
-0.271910,-0.046063,2.763933
0.259806,-0.045661,2.813505
-0.265811,-0.241695,2.813505
0.271782,-0.269817,2.609784
-0.240271,-0.312854,2.555558
0.259567,-0.352117,2.617958
-0.008111,-0.040996,2.848014
0.000488,-0.099678,2.787481
-0.076606,-0.181779,2.763666
0.085031,-0.176113,2.776122
-0.045211,-0.666606,2.747663
0.109306,-0.637642,2.570095
-0.021641,-0.997565,2.624060
0.113660,-1.010958,2.577016
-0.005009,-1.048399,2.564367
0.104295,-1.057122,2.526087
-0.049272,0.530102,2.849167
-0.023668,0.321397,2.842663
-0.196429,0.194678,2.819349
0.153005,0.211552,2.836032
-0.281149,-0.035728,2.727853
0.263170,-0.030152,2.771106
-0.260358,-0.217668,2.771106
0.266317,-0.248585,2.562767
-0.230829,-0.281061,2.509605
0.251526,-0.327468,2.558032
-0.010763,-0.038286,2.826866
-0.002557,-0.096805,2.766029
-0.079507,-0.179365,2.743104
0.082135,-0.172412,2.753166
-0.046418,-0.664941,2.736392
0.107157,-0.630295,2.542695
-0.021322,-0.997411,2.619636
0.112537,-1.004465,2.528554
-0.008416,-1.050905,2.565574
0.102493,-1.050983,2.473637
-0.053883,0.532090,2.830994
-0.026994,0.323749,2.824350
-0.200007,0.196903,2.800973
0.149287,0.214552,2.812386
-0.289065,-0.024095,2.691150
0.266924,-0.013575,2.727059
-0.249641,-0.189869,2.727059
0.261230,-0.222646,2.517457
-0.214957,-0.243630,2.465719
0.239761,-0.297097,2.498942
-0.013113,-0.035749,2.806968
-0.005351,-0.094057,2.745727
-0.082191,-0.176934,2.723404
0.079346,-0.168956,2.731346
-0.047906,-0.663251,2.724482
0.105036,-0.623580,2.517804
-0.021144,-0.997333,2.615758
0.111367,-0.998799,2.485420
-0.012319,-1.053875,2.569094
0.100703,-1.045716,2.426926
-0.057673,0.533911,2.814348
-0.029772,0.325957,2.807374
-0.202963,0.199121,2.782876
0.146080,0.217431,2.789909
-0.295503,-0.010937,2.653569
0.270139,0.003049,2.682904
-0.233813,-0.156929,2.682904
0.252049,-0.194077,2.473603
-0.195367,-0.201669,2.425794
0.221654,-0.262323,2.439647
-0.015172,-0.033347,2.787747
-0.007885,-0.091383,2.725996
-0.084597,-0.174450,2.704269
0.076625,-0.165562,2.709879
-0.049944,-0.661539,2.711377
0.103057,-0.617447,2.495188
-0.021079,-0.997322,2.612362
0.110212,-0.993791,2.446958
-0.015965,-1.056885,2.572871
0.098987,-1.041124,2.385320
-0.060617,0.535652,2.798860
-0.031984,0.328116,2.791334
-0.205129,0.201543,2.765211
0.143543,0.220283,2.768126
-0.298621,0.004282,2.614231
0.273245,0.019552,2.640822
-0.211716,-0.121692,2.640822
0.239431,-0.162114,2.434034
-0.176782,-0.170308,2.393075
0.197824,-0.224387,2.384312
-0.016816,-0.031015,2.769359
-0.010030,-0.088781,2.707134
-0.086578,-0.171909,2.685895
0.074204,-0.162287,2.689474
-0.053197,-0.659944,2.695272
0.101270,-0.611859,2.474766
-0.021103,-0.997266,2.609022
0.109187,-0.989286,2.412653
-0.017886,-1.058027,2.572495
0.097417,-1.037012,2.348346
-0.062557,0.537342,2.784130
-0.033494,0.330202,2.776044
-0.206386,0.204349,2.747957
0.141502,0.222859,2.747203
-0.299390,0.019909,2.576951
0.275515,0.035694,2.598353
-0.185204,-0.086014,2.598353
0.224607,-0.132582,2.399972
-0.154593,-0.138740,2.364090
0.167614,-0.185224,2.335543
-0.018000,-0.028871,2.751683
-0.011741,-0.086385,2.688999
-0.088054,-0.169407,2.668016
0.072067,-0.159231,2.670200
-0.057826,-0.658451,2.676380
0.099701,-0.606861,2.456314
-0.021219,-0.997201,2.605910
0.108271,-0.985255,2.381778
-0.019792,-1.058979,2.571937
0.096008,-1.033323,2.315200
-0.062946,0.538584,2.769222
-0.033588,0.331996,2.760642
-0.206000,0.207854,2.730142
0.140352,0.225827,2.724119
-0.296688,0.038676,2.538857
0.274190,0.052418,2.551989
-0.141528,-0.040314,2.551989
0.195389,-0.091459,2.366769
-0.108953,-0.098673,2.334849
0.127405,-0.134113,2.296129
-0.017837,-0.027453,2.732096
-0.012472,-0.084624,2.668840
-0.088502,-0.167191,2.648015
0.070533,-0.156501,2.648776
-0.067117,-0.652729,2.647252
0.098490,-0.602484,2.439579
-0.021652,-0.996719,2.602089
0.107428,-0.981719,2.353970
-0.022782,-1.058290,2.568064
0.094658,-1.030136,2.285482
-0.062415,0.539564,2.755126
-0.033192,0.333557,2.746332
-0.204693,0.211624,2.712783
0.139528,0.228621,2.703026
-0.292351,0.056585,2.503419
0.270704,0.067562,2.508207
-0.100108,0.000489,2.508207
0.163655,-0.050314,2.338178
-0.054804,-0.037316,2.311970
0.077381,-0.069483,2.271197
-0.017478,-0.025829,2.713993
-0.012907,-0.082420,2.650156
-0.088653,-0.164732,2.630596
0.069076,-0.152629,2.625942
-0.077074,-0.645979,2.617091
0.097421,-0.598232,2.424477
-0.022336,-0.995926,2.597582
0.106659,-0.978396,2.328878
-0.025825,-1.056516,2.561819
0.093553,-1.027035,2.258685
-0.059122,0.540683,2.740016
-0.030817,0.335450,2.729936
-0.194131,0.213465,2.675455
0.140733,0.233601,2.678784
-0.278036,0.078995,2.456862
0.259353,0.087181,2.462458
-0.058984,0.043691,2.462458
0.104418,0.022934,2.310210
-0.002514,0.024354,2.291109
0.011558,0.017599,2.243346
-0.016772,-0.025454,2.692930
-0.012340,-0.082026,2.628313
-0.088180,-0.163348,2.608711
0.068764,-0.151135,2.603477
-0.087605,-0.639254,2.580322
0.096471,-0.594664,2.410658
-0.024247,-0.996226,2.587223
0.105508,-0.976127,2.306725
-0.028075,-1.056445,2.549679
0.092481,-1.024863,2.234776
-0.055100,0.541805,2.725844
-0.027701,0.337726,2.713994
-0.184134,0.215395,2.641051
0.142634,0.238110,2.656097
-0.228353,0.113589,2.398648
0.248357,0.104621,2.421871
-0.012005,0.079801,2.421871
0.053893,0.086614,2.295094
0.038177,0.065110,2.279342
-0.045055,0.101219,2.225506
-0.015821,-0.025158,2.673276
-0.011514,-0.081828,2.607952
-0.087491,-0.162143,2.588210
0.068732,-0.149944,2.582824
-0.097239,-0.632759,2.545346
0.095611,-0.591472,2.398144
-0.026297,-0.996525,2.576077
0.104311,-0.974413,2.287218
-0.030092,-1.056157,2.536335
0.091520,-1.023241,2.213548
-0.050099,0.542982,2.712282
-0.024297,0.340109,2.698939
-0.175055,0.217419,2.609771
0.144976,0.242224,2.635184
-0.199869,0.152820,2.348214
0.237501,0.121118,2.385452
0.021072,0.114284,2.385452
0.012262,0.141873,2.275443
0.077140,0.113150,2.265882
-0.091579,0.171103,2.213384
-0.014712,-0.024768,2.654826
-0.010510,-0.081558,2.588872
-0.086727,-0.160922,2.569123
0.069007,-0.148866,2.563403
-0.105778,-0.626461,2.513010
0.094837,-0.588626,2.386899
-0.029750,-0.997041,2.561497
0.102990,-0.973164,2.270303
-0.033176,-1.056127,2.518609
0.090605,-1.022068,2.194891
-0.044609,0.544132,2.699676
-0.020787,0.342446,2.684990
-0.166667,0.219274,2.581461
0.147585,0.245884,2.615869
-0.162254,0.180052,2.306352
0.226901,0.136048,2.353111
0.060995,0.144241,2.353111
-0.019569,0.186092,2.265285
0.112745,0.149083,2.258054
-0.125800,0.225230,2.201596
-0.013511,-0.024411,2.637727
-0.009404,-0.081325,2.571179
-0.085907,-0.159782,2.551546
0.069488,-0.147925,2.545225
-0.113292,-0.620603,2.483651
0.094154,-0.586118,2.376894
-0.033479,-0.997518,2.546644
0.101526,-0.972351,2.255871
-0.036380,-1.056000,2.500452
0.089688,-1.021319,2.178700
-0.038742,0.545256,2.687814
-0.017260,0.344701,2.672164
-0.159167,0.220851,2.555958
0.150313,0.249142,2.598186
-0.128742,0.203460,2.271019
0.216778,0.149580,2.324455
0.097194,0.170278,2.324455
-0.047507,0.224711,2.257650
0.145409,0.181110,2.252337
-0.156546,0.273087,2.192298
-0.012227,-0.024089,2.621982
-0.008187,-0.081126,2.554875
-0.084994,-0.158726,2.535246
0.070150,-0.147134,2.528557
-0.119902,-0.615246,2.457277
0.093557,-0.583936,2.368071
-0.037437,-0.997971,2.531346
0.100009,-0.971943,2.243776
-0.039653,-1.055820,2.481641
0.088846,-1.020982,2.164882
-0.032864,0.546334,2.676880
-0.013700,0.346858,2.660338
-0.152269,0.222194,2.532909
0.153032,0.252056,2.582070
-0.106671,0.225751,2.239184
0.208053,0.161432,2.299103
0.122530,0.193017,2.299103
-0.071508,0.258122,2.246645
0.170816,0.209467,2.244497
-0.182935,0.314290,2.184302
-0.010891,-0.023864,2.607442
-0.006894,-0.081039,2.539810
-0.083998,-0.157820,2.520106
0.070907,-0.146504,2.513296
-0.125709,-0.610459,2.433587
0.093040,-0.582055,2.360265
-0.041407,-0.998441,2.516119
0.098412,-0.971929,2.233943
-0.042771,-1.055636,2.462922
0.088050,-1.021050,2.153414
-0.027314,0.547265,2.666781
-0.010210,0.348786,2.649503
-0.142927,0.221924,2.509032
0.155253,0.254999,2.566909
-0.090267,0.243975,2.212252
0.200704,0.171183,2.276560
0.144688,0.212942,2.276560
-0.094360,0.286552,2.236377
0.193196,0.234537,2.237285
-0.208040,0.348461,2.178286
-0.009462,-0.024095,2.593587
-0.005346,-0.081519,2.525319
-0.082092,-0.157424,2.504830
0.071605,-0.146056,2.499404
-0.130919,-0.606435,2.412174
0.092610,-0.580462,2.353298
-0.045169,-0.999156,2.500757
0.096821,-0.972317,2.226310
-0.045139,-1.055605,2.444168
0.087477,-1.021547,2.144368
-0.021949,0.548057,2.657369
-0.006884,0.350501,2.639573
-0.137461,0.225624,2.493031
0.157274,0.257653,2.553219
-0.079123,0.257542,2.193263
0.194504,0.179533,2.256593
0.164543,0.230357,2.256593
-0.114958,0.310798,2.227586
0.213325,0.256739,2.231179
-0.230191,0.376218,2.175645
-0.007739,-0.023947,2.580882
-0.004052,-0.081226,2.512249
-0.080664,-0.156220,2.491317
0.072181,-0.145304,2.486536
-0.135312,-0.602011,2.392913
0.092255,-0.578835,2.347193
-0.049110,-0.998985,2.485569
0.095253,-0.972490,2.220461
-0.049093,-1.054728,2.424937
0.086359,-1.021846,2.137044
-0.016849,0.548734,2.648769
-0.003732,0.351992,2.630443
-0.132517,0.228057,2.478061
0.159121,0.259919,2.540713
-0.072091,0.266683,2.177918
0.188740,0.186413,2.238929
0.181522,0.244992,2.238929
-0.133865,0.329573,2.220658
0.231070,0.276309,2.226444
-0.248891,0.391281,2.176903
-0.006163,-0.023821,2.569388
-0.002830,-0.080977,2.500416
-0.079308,-0.155130,2.479098
0.072728,-0.144639,2.474864
-0.139207,-0.597997,2.375607
0.091997,-0.577395,2.341979
-0.053063,-0.998706,2.470725
0.093675,-0.972821,2.216329
-0.052946,-1.053755,2.406206
0.085313,-1.022301,2.131500
-0.012040,0.549292,2.640915
-0.000740,0.353288,2.622118
-0.128030,0.230462,2.464835
0.160799,0.261887,2.529414
-0.068449,0.268274,2.170443
0.183461,0.191739,2.223706
0.195068,0.255818,2.223706
-0.150292,0.341502,2.215875
0.246289,0.292813,2.223263
-0.261810,0.396615,2.178489
-0.004658,-0.023741,2.558951
-0.001684,-0.080790,2.489687
-0.078030,-0.154177,2.468034
0.073235,-0.144067,2.464275
-0.142681,-0.594395,2.360047
0.091841,-0.576147,2.337604
-0.056945,-0.998375,2.456356
0.092111,-0.973310,2.213865
-0.056753,-1.052751,2.388162
0.084244,-1.022919,2.127734
-0.007542,0.549745,2.633780
0.002111,0.354415,2.614540
-0.123988,0.232873,2.453316
0.162332,0.263637,2.519242
-0.067009,0.267068,2.166675
0.178665,0.195469,2.211089
0.206546,0.263542,2.211089
-0.161409,0.346794,2.212843
0.259686,0.306546,2.221413
-0.270823,0.397225,2.185436
-0.003227,-0.023688,2.549501
-0.000615,-0.080634,2.479993
-0.076839,-0.153333,2.458042
0.073712,-0.143566,2.454696
-0.145789,-0.591152,2.346057
0.091788,-0.575072,2.334051
-0.060725,-0.997980,2.442567
0.090568,-0.973906,2.212869
-0.060486,-1.051712,2.370924
0.083157,-1.023648,2.125545
-0.003344,0.550109,2.627286
0.004790,0.355386,2.607627
-0.120370,0.235295,2.443442
0.163739,0.265162,2.510031
-0.067699,0.263383,2.166263
0.174432,0.197619,2.200928
0.215872,0.268520,2.200928
-0.169442,0.347507,2.211987
0.271229,0.317672,2.221172
-0.276228,0.392412,2.194307
-0.001877,-0.023662,2.540936
0.000374,-0.080511,2.471227
-0.075735,-0.152588,2.449017
0.074154,-0.143130,2.446036
-0.148580,-0.588226,2.333442
0.091838,-0.574164,2.331252
-0.064338,-0.997543,2.429541
0.089061,-0.974585,2.213120
-0.064066,-1.050660,2.354723
0.082063,-1.024460,2.124718
0.000562,0.550388,2.621356
0.007297,0.356242,2.601377
-0.117171,0.237763,2.435197
0.165017,0.266521,2.501716
-0.070164,0.257441,2.169001
0.170816,0.198347,2.193214
0.222776,0.270600,2.193214
-0.174639,0.344256,2.212430
0.280797,0.326142,2.221988
-0.278641,0.383370,2.204300
-0.000617,-0.023653,2.533191
0.001282,-0.080409,2.463306
-0.074719,-0.151921,2.440864
0.074556,-0.142742,2.438206
-0.151067,-0.585561,2.322047
0.091970,-0.573398,2.329165
-0.067751,-0.997064,2.417372
0.087599,-0.975310,2.214488
-0.067455,-1.049605,2.339655
0.080985,-1.025318,2.125122
0.004172,0.550603,2.615961
0.009611,0.356985,2.595700
-0.114389,0.240265,2.428501
0.166145,0.267657,2.494101
-0.074604,0.250017,2.174199
0.167825,0.197532,2.187399
0.226871,0.270193,2.187399
-0.177407,0.338071,2.214401
0.288152,0.332149,2.224016
-0.278473,0.371138,2.214764
0.000575,-0.023670,2.526164
0.002115,-0.080332,2.456130
-0.073780,-0.151327,2.433478
0.074920,-0.142397,2.431123
-0.153259,-0.583121,2.311762
0.092155,-0.572766,2.327683
-0.070945,-0.996575,2.406054
0.086175,-0.976063,2.216784
-0.070664,-1.048580,2.325703
0.079873,-1.026205,2.126575
0.007490,0.550782,2.611060
0.011708,0.357655,2.590539
-0.112003,0.242800,2.423289
0.167170,0.268689,2.487226
-0.079968,0.242418,2.180423
0.165428,0.195637,2.183718
0.228810,0.268019,2.183718
-0.178135,0.329632,2.217246
0.293623,0.336084,2.226863
-0.276319,0.357194,2.225269
0.001685,-0.023686,2.519805
0.002881,-0.080264,2.449635
-0.072912,-0.150788,2.426797
0.075253,-0.142084,2.424709
-0.155131,-0.580851,2.302532
0.092378,-0.572230,2.326733
-0.073915,-0.996053,2.395560
0.084838,-0.976803,2.219907
-0.073650,-1.047562,2.312826
0.078835,-1.027079,2.128962
0.010551,0.550948,2.606603
0.013647,0.358260,2.585861
-0.109977,0.245353,2.419408
0.168101,0.269626,2.481009
-0.083067,0.237720,2.183496
0.163630,0.192891,2.181965
0.228668,0.264189,2.181965
-0.179069,0.321694,2.220936
0.297226,0.338004,2.230511
-0.273610,0.341667,2.235139
0.002721,-0.023705,2.514051
0.003588,-0.080205,2.443753
-0.072107,-0.150298,2.420752
0.075562,-0.141801,2.418891
-0.156675,-0.578728,2.294335
0.092643,-0.571773,2.326293
-0.076646,-0.995507,2.385882
0.083569,-0.977499,2.223622
-0.076386,-1.046558,2.301003
0.077850,-1.027906,2.132037
0.013349,0.551100,2.602546
0.015444,0.358804,2.581619
-0.108315,0.247895,2.416723
0.168955,0.270467,2.475391
-0.086751,0.232764,2.187311
0.162308,0.189510,2.181905
0.226610,0.259130,2.181905
-0.178898,0.312795,2.225156
0.299031,0.338179,2.234754
-0.270103,0.326032,2.244473
0.003692,-0.023719,2.508848
0.004247,-0.080150,2.438425
-0.071352,-0.149848,2.415284
0.075856,-0.141545,2.413619
-0.157887,-0.576731,2.287159
0.092941,-0.571364,2.326299
-0.079164,-0.994937,2.376976
0.082378,-0.978123,2.227860
-0.078904,-1.045568,2.290167
0.076936,-1.028657,2.135727
0.015909,0.551229,2.598857
0.017103,0.359297,2.577777
-0.106980,0.250402,2.415176
0.169736,0.271208,2.470318
-0.093693,0.225629,2.194933
0.161425,0.185626,2.183201
0.223018,0.253186,2.183201
-0.177759,0.303316,2.229724
0.299244,0.336844,2.239458
-0.265958,0.310671,2.253196
0.004613,-0.023737,2.504148
0.004870,-0.080104,2.433607
-0.070632,-0.149438,2.410348
0.076139,-0.141319,2.408849
-0.158779,-0.574856,2.280974
0.093260,-0.571021,2.326693
-0.081489,-0.994356,2.368789
0.081268,-0.978699,2.232515
-0.081233,-1.044603,2.280245
0.076073,-1.029343,2.139927
0.018249,0.551339,2.595514
0.018633,0.359731,2.574294
-0.105946,0.252761,2.414397
0.170459,0.271839,2.465763
-0.100341,0.217730,2.203116
0.161082,0.181328,2.185663
0.216990,0.245806,2.185663
-0.174077,0.292672,2.234274
0.297325,0.333688,2.244374
-0.260676,0.295975,2.261190
0.005484,-0.023762,2.499907
0.005465,-0.080070,2.429258
-0.069941,-0.149067,2.405901
0.076421,-0.141126,2.404549
-0.159373,-0.573106,2.275724
0.093612,-0.570743,2.327425
-0.083635,-0.993775,2.361271
0.080225,-0.979225,2.237457
-0.083374,-1.043674,2.271176
0.075274,-1.029964,2.144498
0.020390,0.551430,2.592491
0.020049,0.360109,2.571141
-0.105186,0.255003,2.414417
0.171133,0.272361,2.461706
-0.106735,0.209631,2.211601
0.161104,0.176805,2.189026
0.210279,0.237993,2.189026
-0.171173,0.281195,2.238755
0.294299,0.329366,2.249426
-0.255775,0.282559,2.268559
0.006320,-0.023797,2.496093
0.006040,-0.080051,2.425347
-0.069273,-0.148738,2.401900
0.076710,-0.140968,2.400698
-0.159679,-0.571492,2.271358
0.093986,-0.570529,2.328444
-0.085630,-0.993202,2.354351
0.079265,-0.979709,2.242611
-0.085356,-1.042789,2.262873
0.074544,-1.030526,2.149358
0.022348,0.551503,2.589757
0.021359,0.360431,2.568286
-0.104677,0.257119,2.415147
0.171767,0.272771,2.458118
-0.112681,0.201900,2.219813
0.161466,0.172157,2.193054
0.205392,0.230756,2.193054
-0.166721,0.269426,2.243181
0.291864,0.324621,2.254589
-0.250146,0.269135,2.275041
0.007122,-0.023843,2.492671
0.006596,-0.080046,2.421842
-0.068627,-0.148447,2.398313
0.077002,-0.140846,2.397263
-0.159714,-0.570004,2.267810
0.094387,-0.570371,2.329678
-0.087475,-0.992636,2.348000
0.078386,-0.980144,2.247922
-0.087192,-1.041924,2.255273
0.073878,-1.030990,2.154427
0.024137,0.551559,2.587281
0.022567,0.360706,2.565704
-0.104395,0.259090,2.416482
0.172288,0.272961,2.454811
-0.118222,0.194597,2.227672
0.162169,0.167054,2.196959
0.200454,0.223375,2.196959
-0.162692,0.258582,2.247339
0.288902,0.319075,2.259667
-0.244706,0.256532,2.280829
0.007904,-0.023915,2.489601
0.007123,-0.080070,2.418694
-0.068002,-0.148200,2.395112
0.077283,-0.140769,2.394185
-0.159503,-0.568656,2.265012
0.094806,-0.570269,2.331091
-0.089176,-0.992088,2.342177
0.077577,-0.980538,2.253294
-0.088913,-1.041104,2.248334
0.073191,-1.031426,2.159632
0.025784,0.551599,2.585039
0.023687,0.360934,2.563373
-0.104312,0.260911,2.418313
0.172744,0.273027,2.451866
-0.123263,0.187740,2.235109
0.163120,0.161922,2.201152
0.195696,0.216177,2.201152
-0.158424,0.248498,2.251220
0.285634,0.313055,2.264611
-0.240711,0.246604,2.285917
0.008658,-0.024006,2.486859
0.007630,-0.080116,2.415884
-0.067394,-0.147992,2.392270
0.077560,-0.140730,2.391449
-0.159066,-0.567434,2.262889
0.095236,-0.570211,2.332626
-0.090740,-0.991553,2.336833
0.076825,-0.980883,2.258654
-0.090498,-1.040322,2.241995
0.072532,-1.031802,2.164882
0.027286,0.551625,2.583003
0.024733,0.361116,2.561270
-0.104382,0.262562,2.420472
0.173133,0.272983,2.449228
-0.127963,0.181313,2.242100
0.164264,0.156837,2.205435
0.190998,0.209227,2.205435
-0.154058,0.238676,2.254835
0.282020,0.306698,2.269394
-0.235533,0.236055,2.290638
0.009385,-0.024118,2.484417
0.008115,-0.080187,2.413385
-0.066805,-0.147824,2.389762
0.077824,-0.140726,2.389023
-0.158413,-0.566333,2.261346
0.095670,-0.570204,2.334242
-0.092180,-0.991030,2.331924
0.076133,-0.981195,2.263963
-0.091965,-1.039577,2.236204
0.071901,-1.032120,2.170131
0.028661,0.551640,2.581161
0.025699,0.361266,2.559372
-0.104581,0.264063,2.422895
0.173467,0.272847,2.446897
-0.132336,0.175316,2.248667
0.165486,0.151938,2.209745
0.186406,0.202601,2.209745
-0.149786,0.229549,2.258176
0.278145,0.300152,2.273977
-0.231662,0.227490,2.294748
0.010080,-0.024240,2.482248
0.008576,-0.080276,2.411169
-0.066239,-0.147686,2.387548
0.078079,-0.140753,2.386892
-0.157547,-0.565344,2.260352
0.096101,-0.570251,2.335910
-0.093489,-0.990522,2.327430
0.075504,-0.981482,2.269181
-0.093300,-1.038872,2.230926
0.071317,-1.032373,2.175331
0.029915,0.551653,2.579486
0.026586,0.361395,2.557646
-0.104900,0.265427,2.425484
0.173800,0.272733,2.444860
-0.136381,0.169763,2.254789
0.166704,0.147488,2.214068
0.181990,0.196524,2.214068
-0.145341,0.221030,2.261075
0.274115,0.293711,2.278170
-0.227667,0.218910,2.298232
0.010731,-0.024355,2.480302
0.009009,-0.080360,2.409186
-0.065699,-0.147572,2.385597
0.078321,-0.140780,2.384969
-0.156470,-0.564431,2.259836
0.096501,-0.570364,2.337557
-0.094681,-0.990014,2.323315
0.074950,-0.981759,2.274248
-0.094518,-1.038188,2.226113
0.070811,-1.032513,2.180411
0.031055,0.551662,2.577965
0.027410,0.361497,2.556081
-0.105313,0.266640,2.428157
0.174099,0.272602,2.443043
-0.140082,0.164675,2.260405
0.167850,0.143361,2.218218
0.177781,0.190966,2.218218
-0.141492,0.213410,2.263513
0.270010,0.287443,2.281914
-0.222463,0.209238,2.300178
0.011353,-0.024470,2.478559
0.009420,-0.080446,2.407413
-0.065184,-0.147480,2.383873
0.078552,-0.140813,2.383240
-0.155259,-0.563586,2.259689
0.096888,-0.570491,2.339164
-0.095776,-0.989501,2.319544
0.074455,-0.981978,2.279150
-0.095647,-1.037527,2.221725
0.070341,-1.032566,2.185370
0.032097,0.551665,2.576578
0.028171,0.361574,2.554662
-0.105781,0.267708,2.430879
0.174323,0.272389,2.441370
-0.143599,0.160087,2.265523
0.169015,0.139352,2.222069
0.173531,0.185706,2.222069
-0.137720,0.206225,2.265723
0.265645,0.281182,2.285433
-0.218058,0.201145,2.302297
0.011953,-0.024599,2.477002
0.009804,-0.080549,2.405829
-0.064689,-0.147417,2.382362
0.078764,-0.140867,2.381701
-0.153961,-0.562833,2.259860
0.097266,-0.570644,2.340754
-0.096782,-0.989002,2.316097
0.074010,-0.982163,2.283886
-0.096702,-1.036892,2.217730
0.069876,-1.032570,2.190198
0.033050,0.551662,2.575319
0.028876,0.361629,2.553375
-0.106316,0.268655,2.433657
0.174545,0.272161,2.439919
-0.146786,0.155908,2.270206
0.170111,0.135655,2.225801
0.169535,0.180839,2.225801
-0.134229,0.199589,2.267699
0.261313,0.275073,2.288690
-0.214592,0.194334,2.304428
0.012523,-0.024726,2.475623
0.010169,-0.080653,2.404432
-0.064216,-0.147372,2.381052
0.078968,-0.140931,2.380344
-0.152583,-0.562142,2.260327
0.097630,-0.570816,2.342312
-0.097703,-0.988507,2.312948
0.073619,-0.982315,2.288431
-0.097674,-1.036277,2.214096
0.069460,-1.032506,2.194856
0.033921,0.551653,2.574176
0.029529,0.361661,2.552212
-0.106903,0.269477,2.436414
0.174729,0.271884,2.438640
-0.149675,0.152106,2.274460
0.171129,0.132241,2.229262
0.165772,0.176314,2.229262
-0.130973,0.193640,2.269465
0.257033,0.269116,2.291704
-0.211074,0.187951,2.306153
0.013066,-0.024858,2.474404
0.010514,-0.080766,2.403201
-0.063766,-0.147351,2.379922
0.079160,-0.141010,2.379147
-0.151153,-0.561526,2.261038
0.097976,-0.571000,2.343811
-0.098544,-0.988021,2.310068
0.073279,-0.982435,2.292758
-0.098570,-1.035685,2.210789
0.069084,-1.032398,2.199315
0.034714,0.551641,2.573137
0.030134,0.361673,2.551159
-0.107530,0.270188,2.439126
0.174897,0.271580,2.437531
-0.152388,0.148669,2.278340
0.172102,0.129085,2.232541
0.161163,0.171815,2.232541
-0.127935,0.188145,2.270876
0.251943,0.263026,2.294405
-0.207650,0.181918,2.307485
0.013585,-0.024991,2.473335
0.010842,-0.080882,2.402129
-0.063334,-0.147349,2.378967
0.079345,-0.141098,2.378096
-0.149689,-0.560964,2.261925
0.098302,-0.571210,2.345257
-0.099312,-0.987540,2.307441
0.072983,-0.982542,2.296881
-0.099397,-1.035107,2.207786
0.068746,-1.032241,2.203584
0.035436,0.551625,2.572192
0.030693,0.361670,2.550204
-0.108178,0.270798,2.441743
0.175045,0.271250,2.436580
-0.154784,0.145574,2.281806
0.173019,0.126179,2.235626
0.156686,0.167633,2.235626
-0.125106,0.183134,2.272074
0.246866,0.257133,2.296853
-0.204420,0.176373,2.308494
0.014078,-0.025122,2.472398
0.011154,-0.081001,2.401198
-0.062920,-0.147364,2.378164
0.079523,-0.141195,2.377182
-0.148212,-0.560462,2.262951
0.098609,-0.571434,2.346639
-0.100012,-0.987065,2.305044
0.072728,-0.982629,2.300797
-0.100160,-1.034540,2.205060
0.068450,-1.032038,2.207657
0.036094,0.551607,2.571334
0.031208,0.361655,2.549340
-0.108831,0.271319,2.444263
0.175167,0.270895,2.435763
-0.156951,0.142773,2.284941
0.173871,0.123510,2.238497
0.152393,0.163771,2.238497
-0.122470,0.178533,2.273086
0.241869,0.251478,2.299066
-0.201433,0.171355,2.309298
0.014546,-0.025254,2.471580
0.011449,-0.081123,2.400393
-0.062524,-0.147395,2.377503
0.079691,-0.141299,2.376383
-0.146728,-0.560018,2.264101
0.098896,-0.571668,2.347961
-0.100651,-0.986597,2.302857
0.072511,-0.982696,2.304512
-0.100865,-1.033972,2.202586
0.068188,-1.031783,2.211532
0.036691,0.551586,2.570547
0.031685,0.361627,2.548561
-0.109492,0.271759,2.446656
0.175249,0.270507,2.435018
-0.158913,0.140235,2.287772
0.174656,0.121042,2.241087
0.148263,0.160209,2.241087
-0.119945,0.174021,2.273929
0.236961,0.246069,2.301056
-0.198889,0.166920,2.310142
0.014996,-0.025388,2.470871
0.011726,-0.081249,2.399700
-0.062148,-0.147439,2.376959
0.079847,-0.141410,2.375694
-0.145254,-0.559626,2.265344
0.099161,-0.571905,2.349214
-0.101231,-0.986135,2.300864
0.072331,-0.982741,2.308013
-0.101520,-1.033411,2.200347
0.067951,-1.031495,2.215201
0.037233,0.551564,2.569825
0.032123,0.361589,2.547853
-0.110156,0.272127,2.448886
0.175325,0.270119,2.434375
-0.160682,0.137940,2.290319
0.175377,0.118803,2.243477
0.144311,0.156934,2.243477
-0.117582,0.169923,2.274607
0.232172,0.240919,2.302826
-0.196524,0.162905,2.310776
0.015417,-0.025515,2.470249
0.011986,-0.081368,2.399098
-0.061795,-0.147491,2.376512
0.079994,-0.141520,2.375089
-0.143806,-0.559278,2.266636
0.099408,-0.572160,2.350401
-0.101761,-0.985670,2.299044
0.072185,-0.982778,2.311313
-0.102127,-1.032838,2.198321
0.067753,-1.031154,2.218676
0.037726,0.551541,2.569164
0.032528,0.361543,2.547213
-0.110822,0.272426,2.450969
0.175371,0.269699,2.433795
-0.162284,0.135858,2.292625
0.176044,0.116737,2.245642
0.140620,0.153823,2.245642
-0.115354,0.166151,2.275097
0.227578,0.235918,2.304350
-0.194323,0.159265,2.311249
0.015817,-0.025639,2.469712
0.012230,-0.081487,2.398586
-0.061460,-0.147552,2.376166
0.080132,-0.141631,2.374565
-0.142386,-0.558975,2.267975
0.099641,-0.572416,2.351528
-0.102243,-0.985209,2.297387
0.072066,-0.982796,2.314416
-0.102693,-1.032264,2.196492
0.067578,-1.030784,2.221958
0.038173,0.551518,2.568558
0.032900,0.361490,2.546635
-0.111480,0.272666,2.452901
0.175413,0.269280,2.433301
-0.163738,0.133965,2.294716
0.176661,0.114857,2.247639
0.137128,0.150952,2.247639
-0.113274,0.162684,2.275454
0.223153,0.231168,2.305681
-0.192283,0.155969,2.311576
0.016195,-0.025759,2.469255
0.012461,-0.081604,2.398159
-0.061144,-0.147621,2.375908
0.080263,-0.141745,2.374121
-0.141002,-0.558710,2.269339
0.099858,-0.572671,2.352595
-0.102684,-0.984749,2.295877
0.071971,-0.982797,2.317326
-0.103214,-1.031699,2.194844
0.067434,-1.030397,2.225052
0.038577,0.551493,2.568002
0.033242,0.361430,2.546111
-0.112130,0.272855,2.454706
0.175407,0.268834,2.432848
-0.165069,0.132246,2.296613
0.177242,0.113123,2.249449
0.134321,0.148499,2.249449
-0.111170,0.159573,2.275914
0.219386,0.226955,2.306971
-0.190296,0.153034,2.311769
0.016554,-0.025878,2.468868
0.012676,-0.081721,2.397805
-0.060845,-0.147699,2.375735
0.080383,-0.141860,2.373739
-0.139657,-0.558483,2.270718
0.100062,-0.572921,2.353601
-0.103085,-0.984291,2.294500
0.071899,-0.982781,2.320052
-0.103705,-1.031131,2.193362
0.067304,-1.029991,2.227962
0.038939,0.551467,2.567486
0.033558,0.361364,2.545639
-0.112763,0.272998,2.456385
0.175379,0.268375,2.432449
-0.166279,0.130683,2.298332
0.177871,0.111505,2.251148
0.131750,0.146244,2.251148
-0.109138,0.156728,2.276299
0.215853,0.222982,2.308115
-0.188411,0.150397,2.311830
0.016897,-0.025996,2.468546
0.012879,-0.081840,2.397521
-0.060560,-0.147786,2.375639
0.080497,-0.141977,2.373418
-0.138356,-0.558288,2.272098
0.100252,-0.573161,2.354546
-0.103448,-0.983836,2.293246
0.071844,-0.982747,2.322599
-0.104160,-1.030565,2.192028
0.067190,-1.029570,2.230695
0.039263,0.551440,2.567011
0.033849,0.361292,2.545213
-0.113395,0.273092,2.457955
0.175316,0.267865,2.432088
-0.167522,0.129257,2.299855
0.178618,0.109960,2.252747
0.128988,0.143950,2.252747
-0.103408,0.152979,2.276487
0.212094,0.218905,2.309075
-0.184727,0.147639,2.311422
0.017226,-0.026113,2.468286
0.013071,-0.081959,2.397301
-0.060291,-0.147881,2.375614
0.080604,-0.142096,2.373157
-0.137104,-0.558121,2.273466
0.100430,-0.573396,2.355433
-0.103777,-0.983379,2.292105
0.071806,-0.982701,2.324968
-0.104585,-1.029994,2.190836
0.067091,-1.029138,2.233247
0.039549,0.551417,2.566567
0.034113,0.361217,2.544818
-0.114092,0.272899,2.459345
0.175232,0.267235,2.431790
-0.169728,0.127641,2.301400
0.181263,0.108023,2.255269
0.119193,0.142282,2.255269
-0.091503,0.143878,2.276384
0.203903,0.214774,2.310008
-0.178000,0.142591,2.310040
0.017529,-0.026227,2.468072
0.013251,-0.082079,2.397135
-0.060035,-0.147988,2.375650
0.080705,-0.142218,2.372940
-0.135899,-0.557980,2.274809
0.100582,-0.573645,2.356245
-0.104066,-0.982918,2.291072
0.071781,-0.982653,2.327155
-0.104961,-1.029415,2.189776
0.067023,-1.028696,2.235616
0.039787,0.551396,2.566122
0.034357,0.361139,2.544451
-0.114980,0.272475,2.460790
0.175214,0.266528,2.431739
-0.173834,0.125274,2.303783
0.185720,0.105946,2.258720
0.104199,0.139542,2.258720
-0.084356,0.139884,2.274826
0.192450,0.209775,2.310079
-0.173416,0.139957,2.308827
0.017808,-0.026317,2.467897
0.013424,-0.082169,2.397015
-0.059795,-0.148091,2.375737
0.080803,-0.142330,2.372766
-0.134748,-0.557867,2.276119
0.100721,-0.573893,2.356999
-0.104326,-0.982460,2.290137
0.072188,-0.979144,2.330067
-0.105295,-1.028826,2.188839
0.066400,-1.025291,2.241808
0.039989,0.551383,2.565675
0.034586,0.361056,2.544109
-0.115976,0.271870,2.462256
0.175457,0.265709,2.432041
-0.179253,0.122089,2.306935
0.191964,0.103261,2.263016
0.086400,0.134739,2.263016
-0.059973,0.119992,2.272657
0.163685,0.195737,2.303687
-0.159826,0.129663,2.305628
0.018072,-0.026377,2.467762
0.013597,-0.082217,2.396946
-0.059571,-0.148183,2.375858
0.080910,-0.142430,2.372636
-0.133652,-0.557776,2.277393
0.100845,-0.574134,2.357700
-0.104560,-0.982003,2.289289
0.072636,-0.975265,2.332859
-0.105589,-1.028214,2.188012
0.065659,-1.021610,2.248149
0.040153,0.551373,2.565191
0.034797,0.360953,2.543775
-0.117059,0.271111,2.463737
0.175809,0.264861,2.432566
-0.188910,0.117010,2.313145
0.199416,0.100097,2.268157
0.060370,0.125559,2.268157
-0.028159,0.093188,2.270744
0.130361,0.175829,2.295895
-0.125108,0.094984,2.292950
0.018321,-0.026411,2.467657
0.013769,-0.082225,2.396916
-0.059368,-0.148252,2.375976
0.081028,-0.142514,2.372546
-0.132615,-0.557705,2.278620
0.100958,-0.574361,2.358347
-0.104770,-0.981547,2.288521
0.073123,-0.971127,2.335522
-0.105854,-1.027569,2.187288
0.064886,-1.017795,2.254489
0.040270,0.551369,2.564628
0.034990,0.360826,2.543428
-0.118189,0.270246,2.465179
0.176273,0.263960,2.433271
-0.198800,0.112139,2.320837
0.208972,0.096212,2.275083
0.028396,0.108960,2.275083
0.010043,0.062721,2.268646
0.087631,0.146424,2.286629
-0.080288,0.052175,2.280060
0.018554,-0.026416,2.467565
0.013935,-0.082192,2.396905
-0.059194,-0.148296,2.376061
0.081154,-0.142582,2.372479
-0.131638,-0.557653,2.279792
0.101062,-0.574576,2.358946
-0.104957,-0.981093,2.287824
0.073634,-0.966818,2.338040
-0.106089,-1.026885,2.186656
0.064112,-1.013929,2.260736
0.040339,0.551357,2.563887
0.035159,0.360664,2.543011
-0.119352,0.269288,2.466568
0.176824,0.262998,2.434109
-0.209160,0.106827,2.329996
0.219227,0.092213,2.282830
-0.009208,0.086126,2.282830
0.050984,0.031023,2.268702
0.037412,0.103501,2.276071
-0.028728,0.004863,2.268697
0.018770,-0.026404,2.467477
0.014094,-0.082141,2.396899
-0.059040,-0.148334,2.376126
0.081289,-0.142644,2.372426
-0.130715,-0.557629,2.280895
0.101156,-0.574783,2.359501
-0.105122,-0.980652,2.287195
0.074161,-0.962420,2.340410
-0.106296,-1.026187,2.186111
0.063347,-1.010082,2.266811
0.040370,0.551345,2.562939
0.035285,0.360464,2.542447
-0.120593,0.268195,2.467904
0.177450,0.261985,2.435059
-0.219677,0.100707,2.340361
0.230042,0.087859,2.291498
-0.052791,0.054530,2.291498
0.091269,-0.002877,2.271646
-0.016377,0.053138,2.268375
0.023093,-0.042913,2.260333
0.018971,-0.026371,2.467396
0.014245,-0.082072,2.396902
-0.058906,-0.148368,2.376179
0.081435,-0.142701,2.372393
-0.129847,-0.557619,2.281938
0.101243,-0.574978,2.360015
-0.105274,-0.980216,2.286616
0.074696,-0.957997,2.342636
-0.106487,-1.025491,2.185623
0.062610,-1.006302,2.272658
0.040364,0.551335,2.561815
0.035393,0.360208,2.541692
-0.121864,0.267016,2.469163
0.178113,0.260912,2.436047
-0.230061,0.093893,2.351758
0.241488,0.083035,2.301119
-0.096507,0.020021,2.301119
0.129861,-0.036033,2.279742
-0.070492,0.000047,2.267078
0.072818,-0.088362,2.254838
0.019160,-0.026325,2.467319
0.014390,-0.081995,2.396909
-0.058785,-0.148399,2.376229
0.081590,-0.142757,2.372376
-0.129031,-0.557620,2.282913
0.101323,-0.575164,2.360492
-0.105409,-0.979782,2.286092
0.075230,-0.953625,2.344715
-0.106658,-1.024793,2.185203
0.061886,-1.002634,2.278223
0.040324,0.551317,2.560438
0.035471,0.359907,2.540739
-0.123151,0.265746,2.470310
0.178807,0.259820,2.437067
-0.240120,0.086311,2.364261
0.252980,0.078069,2.311139
-0.139736,-0.015205,2.311139
0.165678,-0.067333,2.292371
-0.121629,-0.051343,2.271021
0.119665,-0.130551,2.251932
0.019338,-0.026269,2.467242
0.014531,-0.081913,2.396917
-0.058675,-0.148429,2.376273
0.081759,-0.142811,2.372373
-0.128260,-0.557629,2.283821
0.101396,-0.575344,2.360935
-0.105529,-0.979348,2.285619
0.075759,-0.949341,2.346644
-0.106810,-1.024090,2.184843
0.061197,-0.999111,2.283483
0.040229,0.551315,2.558673
0.035531,0.359561,2.539552
-0.124439,0.264439,2.471370
0.179522,0.258717,2.438098
-0.249873,0.078038,2.377594
0.264106,0.073105,2.321302
-0.178364,-0.048407,2.321302
0.198983,-0.096785,2.305915
-0.167225,-0.099436,2.278228
0.161419,-0.168552,2.250880
0.019506,-0.026198,2.467163
0.014666,-0.081824,2.396925
-0.058576,-0.148456,2.376314
0.081935,-0.142863,2.372380
-0.127542,-0.557641,2.284659
0.101464,-0.575508,2.361341
-0.105635,-0.978912,2.285188
0.076267,-0.945180,2.348414
-0.106944,-1.023384,2.184535
0.060544,-0.995762,2.288416
0.040048,0.551283,2.556399
0.035559,0.359186,2.538161
-0.125734,0.263096,2.472328
0.180259,0.257606,2.439115
-0.258715,0.069973,2.390900
0.274695,0.068160,2.331418
-0.212296,-0.078560,2.331418
0.229489,-0.123290,2.319938
-0.206539,-0.141865,2.286379
0.199185,-0.202685,2.251607
0.019667,-0.026110,2.467077
0.014796,-0.081727,2.396929
-0.058487,-0.148481,2.376348
0.082121,-0.142915,2.372393
-0.126873,-0.557658,2.285430
0.101526,-0.575665,2.361716
-0.105727,-0.978476,2.284801
0.076757,-0.941175,2.350034
-0.107060,-1.022676,2.184280
0.059929,-0.992601,2.293014
0.039850,0.551277,2.554004
0.035569,0.358802,2.536712
-0.127018,0.261737,2.473180
0.181004,0.256500,2.440113
-0.266730,0.062240,2.403884
0.284606,0.063046,2.341568
-0.242020,-0.105545,2.341568
0.257044,-0.147163,2.333531
-0.240503,-0.179302,2.295052
0.232313,-0.232893,2.253043
0.019818,-0.026013,2.466994
0.014921,-0.081624,2.396936
-0.058407,-0.148504,2.376380
0.082313,-0.142964,2.372416
-0.126248,-0.557676,2.286142
0.101583,-0.575815,2.362062
-0.105807,-0.978034,2.284451
0.077201,-0.937399,2.351538
-0.107162,-1.021965,2.184066
0.060088,-0.988185,2.295788
0.039597,0.551297,2.551316
0.035555,0.358410,2.535190
-0.128312,0.260361,2.473903
0.181774,0.255414,2.441057
-0.273604,0.054053,2.416791
0.293739,0.057668,2.351736
-0.267738,-0.131328,2.351736
0.282106,-0.169325,2.347976
-0.269847,-0.212985,2.304585
0.262453,-0.260602,2.256208
0.019966,-0.025895,2.466903
0.015048,-0.081504,2.396939
-0.058334,-0.148525,2.376406
0.082535,-0.143008,2.372441
-0.125665,-0.557697,2.286791
0.101635,-0.575955,2.362382
-0.105879,-0.977591,2.284130
0.077614,-0.933871,2.352949
-0.107250,-1.021241,2.183887
0.060349,-0.983884,2.298156
0.039328,0.551330,2.548348
0.035513,0.358004,2.533609
-0.129616,0.258969,2.474521
0.182561,0.254320,2.441941
-0.279273,0.045681,2.429171
0.301972,0.051703,2.361863
-0.289880,-0.155043,2.361863
0.304088,-0.189160,2.361437
-0.295176,-0.242695,2.313469
0.288502,-0.285738,2.259528
0.020108,-0.025767,2.466807
0.015173,-0.081377,2.396939
-0.058268,-0.148544,2.376429
0.082769,-0.143053,2.372468
-0.125123,-0.557720,2.287386
0.101683,-0.576089,2.362677
-0.105940,-0.977146,2.283839
0.078004,-0.930549,2.354253
-0.107327,-1.020518,2.183743
0.060702,-0.979663,2.300119
0.039019,0.551394,2.544993
0.035445,0.357567,2.531913
-0.130908,0.257585,2.475041
0.183356,0.253232,2.442757
-0.283658,0.037425,2.440774
0.309267,0.045557,2.371453
-0.308855,-0.176554,2.371453
0.323130,-0.207193,2.373746
-0.317024,-0.269039,2.321627
0.311221,-0.308286,2.262886
0.020245,-0.025628,2.466700
0.015295,-0.081245,2.396932
-0.058209,-0.148562,2.376449
0.083014,-0.143099,2.372493
-0.124619,-0.557744,2.287930
0.101727,-0.576215,2.362949
-0.105990,-0.976700,2.283576
0.078366,-0.927427,2.355451
-0.107393,-1.019800,2.183628
0.061120,-0.975546,2.301712
0.038666,0.551462,2.541262
0.035356,0.357105,2.530104
-0.132164,0.256205,2.475432
0.184162,0.252148,2.443509
-0.286861,0.029390,2.451587
0.315650,0.039397,2.380623
-0.324896,-0.195897,2.380623
0.339675,-0.223363,2.384694
-0.335529,-0.292583,2.329266
0.330988,-0.328545,2.266397
0.020377,-0.025480,2.466578
0.015414,-0.081110,2.396916
-0.058157,-0.148579,2.376463
0.083269,-0.143148,2.372513
-0.124153,-0.557770,2.288425
0.101769,-0.576334,2.363201
-0.106032,-0.976255,2.283339
0.078700,-0.924503,2.356548
-0.107447,-1.019087,2.183542
0.061600,-0.971557,2.302971
0.038292,0.551502,2.537117
0.035205,0.356590,2.528083
-0.133381,0.254847,2.475727
0.184954,0.251071,2.444174
-0.289233,0.021737,2.461409
0.320887,0.033120,2.389364
-0.338452,-0.213394,2.389364
0.353784,-0.237813,2.394589
-0.350871,-0.313696,2.336395
0.348012,-0.346593,2.270309
0.020503,-0.025325,2.466434
0.015527,-0.080979,2.396888
-0.058112,-0.148597,2.376472
0.083526,-0.143203,2.372524
-0.123718,-0.557801,2.288872
0.101808,-0.576449,2.363433
-0.106065,-0.975817,2.283128
0.079006,-0.921780,2.357551
-0.107492,-1.018381,2.183486
0.062108,-0.967730,2.303938
0.037873,0.551479,2.532435
0.035013,0.356007,2.525764
-0.134569,0.253497,2.475893
0.185697,0.250039,2.444723
-0.290364,0.014072,2.469562
0.325076,0.027104,2.397322
-0.349416,-0.229570,2.397322
0.365331,-0.250951,2.402888
-0.362859,-0.332431,2.342815
0.361975,-0.362736,2.274136
0.020625,-0.025158,2.466249
0.015637,-0.080848,2.396842
-0.058075,-0.148616,2.376471
0.083781,-0.143262,2.372519
-0.123310,-0.557836,2.289274
0.101846,-0.576555,2.363643
-0.106091,-0.975386,2.282942
0.079281,-0.919238,2.358462
-0.107530,-1.017685,2.183455
0.062627,-0.964064,2.304639
0.037453,0.551420,2.527486
0.034811,0.355381,2.523184
-0.135715,0.252180,2.475942
0.186423,0.249029,2.445185
-0.290796,0.006767,2.476716
0.328455,0.021308,2.404552
-0.357549,-0.244175,2.404552
0.374636,-0.262746,2.409771
-0.371619,-0.349278,2.348060
0.373110,-0.377015,2.278230
0.020746,-0.024976,2.466019
0.015745,-0.080713,2.396773
-0.058045,-0.148637,2.376456
0.084040,-0.143325,2.372499
-0.122929,-0.557875,2.289634
0.101881,-0.576662,2.363835
-0.106107,-0.974959,2.282775
0.079531,-0.916884,2.359290
-0.107558,-1.016997,2.183446
0.063158,-0.960585,2.305112
0.036986,0.551346,2.522282
0.034584,0.354748,2.520368
-0.136828,0.250879,2.475870
0.187132,0.248050,2.445562
-0.290604,-0.000218,2.482846
0.331106,0.015700,2.411097
-0.363118,-0.257309,2.411097
0.381812,-0.273058,2.415471
-0.377346,-0.363443,2.352330
0.381482,-0.389250,2.282603
0.020866,-0.024777,2.465734
0.015854,-0.080572,2.396676
-0.058023,-0.148661,2.376424
0.084304,-0.143393,2.372460
-0.122574,-0.557920,2.289953
0.101917,-0.576764,2.364008
-0.106114,-0.974544,2.282626
0.079755,-0.914706,2.360038
-0.107575,-1.016317,2.183454
0.063694,-0.957290,2.305380
