0.047292,0.552794,2.618390
0.068541,0.344040,2.630637
-0.120145,0.230154,2.638231
0.234218,0.221254,2.598854
-0.179768,-0.026738,2.605433
0.306802,-0.044423,2.540185
-0.178765,-0.227815,2.540185
0.292609,-0.254892,2.470585
-0.171463,-0.282805,2.424026
0.266671,-0.352957,2.378723
0.060468,-0.016173,2.615550
0.053399,-0.075473,2.556348
-0.031923,-0.155242,2.543172
0.132997,-0.151550,2.535877
-0.033575,-0.643891,2.494125
0.134106,-0.594616,2.414472
0.036340,-1.022263,2.642914
0.168639,-0.996488,2.246671
0.024769,-1.067577,2.584644
0.159027,-1.040876,2.142929
0.051967,0.553608,2.607699
0.072551,0.344913,2.619668
-0.116500,0.231219,2.627247
0.237767,0.221510,2.586677
-0.176605,-0.023248,2.591275
0.311106,-0.041043,2.522871
-0.171896,-0.218405,2.522871
0.293436,-0.250215,2.447184
-0.159350,-0.270038,2.399160
0.265702,-0.347407,2.357850
0.063414,-0.015254,2.603319
0.055937,-0.074335,2.543959
-0.029692,-0.153798,2.530888
0.135323,-0.150481,2.522757
-0.038408,-0.636730,2.467973
0.134149,-0.593149,2.409115
0.032457,-1.017621,2.623987
0.167015,-0.996584,2.242950
0.019994,-1.060955,2.560566
0.156970,-1.041354,2.139893
0.056408,0.554328,2.597997
0.076440,0.345716,2.609538
-0.112996,0.232193,2.617157
0.241242,0.221707,2.575254
-0.173759,-0.019408,2.577290
0.315559,-0.037422,2.506078
-0.164036,-0.207956,2.506078
0.293735,-0.244625,2.423815
-0.145377,-0.254585,2.374646
0.263604,-0.340310,2.336102
0.066322,-0.014411,2.591902
0.058431,-0.073274,2.532394
-0.027489,-0.152433,2.519451
0.137607,-0.149499,2.510441
-0.042613,-0.629895,2.444045
0.134282,-0.591814,2.404293
0.028248,-1.013484,2.603384
0.165311,-0.996836,2.240700
0.014970,-1.055078,2.535005
0.154812,-1.042013,2.138501
0.060620,0.554967,2.589211
0.080154,0.346442,2.600287
-0.109648,0.233087,2.607895
0.244588,0.221888,2.564684
-0.171490,-0.015041,2.563260
0.320112,-0.033273,2.489249
-0.154219,-0.195833,2.489249
0.293174,-0.237742,2.400761
-0.130542,-0.237844,2.351420
0.259959,-0.331452,2.313794
0.069122,-0.013647,2.581379
0.060830,-0.072295,2.521722
-0.025354,-0.151158,2.508901
0.139800,-0.148608,2.499023
-0.046268,-0.623459,2.422348
0.134497,-0.590600,2.399968
0.023950,-1.009691,2.582146
0.163569,-0.997209,2.239708
0.009985,-1.049886,2.509200
0.152624,-1.042830,2.138498
0.064568,0.555530,2.581287
0.083664,0.347091,2.591856
-0.106480,0.233895,2.599401
0.247726,0.222062,2.555007
-0.169303,-0.010454,2.549242
0.324535,-0.028587,2.472464
-0.142782,-0.182585,2.472464
0.291502,-0.229530,2.378034
-0.113491,-0.218350,2.329182
0.253726,-0.319066,2.289353
0.071761,-0.012963,2.571746
0.063094,-0.071404,2.511947
-0.023326,-0.149987,2.499253
0.141851,-0.147803,2.488533
-0.049461,-0.617441,2.402696
0.134804,-0.589496,2.396107
0.019623,-1.006194,2.560932
0.161785,-0.997672,2.239854
0.005095,-1.045271,2.483852
0.150417,-1.043744,2.139716
0.068274,0.556017,2.574151
0.086962,0.347670,2.584216
-0.103470,0.234614,2.591592
0.250678,0.222232,2.546096
-0.167200,-0.005515,2.534836
0.328826,-0.023473,2.455934
-0.129154,-0.167781,2.455934
0.288526,-0.218286,2.355699
-0.091468,-0.195295,2.307317
0.245758,-0.305323,2.265221
0.074232,-0.012355,2.562990
0.065207,-0.070603,2.503063
-0.021407,-0.148926,2.490483
0.143737,-0.147082,2.478971
-0.052264,-0.611844,2.384930
0.135206,-0.588493,2.392655
0.015542,-1.002935,2.540472
0.159960,-0.998194,2.240994
0.000565,-1.041119,2.459732
0.148175,-1.044712,2.141994
0.071738,0.556442,2.567738
0.090035,0.348188,2.577310
-0.100660,0.235259,2.584489
0.253420,0.222405,2.537941
-0.165291,-0.000391,2.520051
0.333065,-0.017979,2.439795
-0.113689,-0.151340,2.439795
0.284906,-0.206389,2.334026
-0.068988,-0.171274,2.287407
0.235513,-0.288285,2.241554
0.076536,-0.011810,2.555045
0.067172,-0.069877,2.495002
-0.019589,-0.147960,2.482515
0.145469,-0.146425,2.470280
-0.054701,-0.606675,2.368904
0.135681,-0.587573,2.389584
0.011784,-0.999910,2.521064
0.158171,-0.998736,2.242949
-0.003561,-1.037377,2.437121
0.145988,-1.045689,2.145116
0.074985,0.556808,2.561986
0.092896,0.348649,2.571073
-0.098037,0.235816,2.577969
0.255947,0.222577,2.530498
-0.162651,0.005261,2.503047
0.337173,-0.012134,2.423391
-0.092752,-0.131598,2.423391
0.279124,-0.192546,2.313204
-0.045699,-0.144994,2.270341
0.223396,-0.269016,2.219114
0.078674,-0.011326,2.547838
0.069000,-0.069222,2.487681
-0.017856,-0.147086,2.475267
0.147056,-0.145826,2.462369
-0.056817,-0.601949,2.354479
0.136218,-0.586725,2.386857
0.008196,-0.997158,2.502440
0.156404,-0.999276,2.245606
-0.007423,-1.034075,2.415692
0.143862,-1.046645,2.148937
0.078022,0.557114,2.556851
0.095552,0.349058,2.565448
-0.095510,0.236281,2.571918
0.258252,0.222753,2.523736
-0.159439,0.011371,2.485809
0.341569,-0.005276,2.406596
-0.071566,-0.112552,2.406596
0.270068,-0.173970,2.294151
-0.028562,-0.125419,2.256054
0.206118,-0.246371,2.197519
0.080657,-0.010897,2.541291
0.070712,-0.068629,2.481013
-0.016119,-0.146280,2.468601
0.148506,-0.145271,2.455172
-0.058657,-0.597677,2.341494
0.136797,-0.585936,2.384437
0.004916,-0.994706,2.485007
0.154693,-0.999785,2.248831
-0.010887,-1.031132,2.395818
0.141854,-1.047541,2.153287
0.080828,0.557372,2.552286
0.098020,0.349419,2.560378
-0.093087,0.236679,2.566296
0.260297,0.222929,2.517569
-0.155385,0.018524,2.467868
0.345724,0.002119,2.390190
-0.049515,-0.093291,2.390190
0.259292,-0.153976,2.276927
-0.009266,-0.107652,2.242240
0.186820,-0.221432,2.178556
0.082523,-0.010532,2.535319
0.072343,-0.068110,2.474910
-0.014351,-0.145556,2.462459
0.149844,-0.144760,2.448612
-0.060253,-0.593789,2.329783
0.137427,-0.585233,2.382311
0.001945,-0.992512,2.468769
0.153033,-1.000318,2.252484
-0.013982,-1.028534,2.377472
0.139944,-1.048368,2.158014
0.083422,0.557583,2.548293
0.100295,0.349735,2.555813
-0.090688,0.237105,2.561007
0.262104,0.223134,2.511927
-0.150895,0.027693,2.448320
0.350069,0.012062,2.373780
-0.026495,-0.071387,2.373780
0.249105,-0.130766,2.261114
0.010913,-0.087743,2.229444
0.168061,-0.190344,2.163381
0.084267,-0.010230,2.529858
0.073892,-0.067658,2.469301
-0.012588,-0.144895,2.456799
0.151084,-0.144279,2.442576
-0.061617,-0.590224,2.319207
0.138099,-0.584618,2.380440
-0.000843,-0.990551,2.453588
0.151424,-1.000874,2.256504
-0.016834,-1.026244,2.360482
0.138140,-1.049098,2.163042
0.085827,0.557736,2.544844
0.102407,0.350010,2.551711
-0.087254,0.237063,2.554271
0.263699,0.223356,2.506795
-0.147379,0.035820,2.427850
0.352037,0.021279,2.356950
0.004359,-0.046711,2.356950
0.233282,-0.105391,2.244772
0.038469,-0.066167,2.216052
0.144150,-0.158724,2.152110
0.085820,-0.009989,2.524883
0.075379,-0.067301,2.464127
-0.010828,-0.144315,2.451609
0.152232,-0.143830,2.437002
-0.062750,-0.586938,2.309682
0.138815,-0.584079,2.378814
-0.003411,-0.988798,2.439477
0.149889,-1.001431,2.260741
-0.019218,-1.024240,2.344813
0.136688,-1.049737,2.168175
0.088061,0.557843,2.541911
0.104374,0.350251,2.548042
-0.084624,0.237730,2.549285
0.265102,0.223605,2.502097
-0.143106,0.045736,2.409643
0.353449,0.030336,2.341083
0.033466,-0.024081,2.341083
0.216557,-0.078649,2.230553
0.064535,-0.046136,2.204133
0.125996,-0.133512,2.142962
0.087303,-0.009713,2.520361
0.076762,-0.066850,2.459436
-0.009093,-0.143656,2.447029
0.153297,-0.143087,2.431507
-0.063656,-0.583906,2.301138
0.139577,-0.583609,2.377413
-0.005787,-0.987240,2.426406
0.148471,-1.001804,2.265070
-0.021523,-1.022261,2.330403
0.135250,-1.049880,2.173374
0.090100,0.557883,2.539479
0.106188,0.350449,2.544762
-0.080573,0.237297,2.540906
0.266339,0.223890,2.497808
-0.140188,0.052053,2.393241
0.354310,0.039414,2.326322
0.060036,-0.002855,2.326322
0.200715,-0.053827,2.218237
0.089614,-0.026907,2.193536
0.108976,-0.110061,2.135477
0.088565,-0.009475,2.516271
0.078072,-0.066469,2.455142
-0.007360,-0.143061,2.442881
0.154284,-0.142409,2.426455
-0.064334,-0.581106,2.293531
0.140371,-0.583203,2.376201
-0.007966,-0.985853,2.414341
0.147149,-1.002184,2.269535
-0.023318,-1.020503,2.317204
0.134324,-1.049956,2.178661
0.091984,0.557870,2.537530
0.107858,0.350614,2.541841
-0.076521,0.236753,2.532493
0.267394,0.224298,2.493837
-0.135044,0.058215,2.373245
0.353916,0.048696,2.312436
0.084840,0.018114,2.312436
0.182914,-0.026996,2.207838
0.125068,0.004541,2.186880
0.091325,-0.085994,2.131854
0.089716,-0.009259,2.512559
0.079298,-0.066115,2.451239
-0.005638,-0.142508,2.439178
0.155220,-0.141708,2.421668
-0.064782,-0.578511,2.286805
0.141210,-0.582858,2.375163
-0.009966,-0.984605,2.403262
0.145909,-1.002496,2.274065
-0.024918,-1.018906,2.305158
0.133543,-1.049905,2.183959
0.093720,0.557808,2.536020
0.109405,0.350746,2.539263
-0.072007,0.236064,2.523036
0.268302,0.224828,2.490191
-0.129821,0.061286,2.358523
0.352782,0.057757,2.299696
0.106840,0.037057,2.299696
0.165855,-0.002547,2.199097
0.156292,0.032606,2.181371
0.066592,-0.042704,2.140385
0.090750,-0.009061,2.509192
0.080448,-0.065788,2.447693
-0.003920,-0.141990,2.435892
0.156093,-0.141012,2.417204
-0.065002,-0.576116,2.280920
0.142076,-0.582573,2.374285
-0.011807,-0.983488,2.393074
0.144762,-1.002749,2.278604
-0.026284,-1.017457,2.294157
0.133003,-1.049744,2.189251
0.095313,0.557707,2.534914
0.110832,0.350850,2.536994
-0.067502,0.235318,2.513567
0.269073,0.225447,2.486871
-0.123457,0.061979,2.350208
0.351141,0.066485,2.288131
0.125538,0.053629,2.288131
0.149813,0.019743,2.192084
0.183721,0.057425,2.176834
0.044440,-0.003037,2.150002
0.091687,-0.008879,2.506134
0.081526,-0.065482,2.444474
-0.002206,-0.141503,2.433002
0.156907,-0.140320,2.413037
-0.065001,-0.573899,2.275839
0.142990,-0.582334,2.373558
-0.013487,-0.982477,2.383768
0.143695,-1.002937,2.283104
-0.027473,-1.016136,2.284152
0.132621,-1.049480,2.194467
0.096762,0.557563,2.534171
0.112149,0.350927,2.535019
-0.063172,0.234529,2.504512
0.269718,0.226133,2.483846
-0.116896,0.061505,2.344010
0.349035,0.074739,2.277647
0.142263,0.068808,2.277647
0.134705,0.039996,2.186345
0.207816,0.079411,2.173090
0.024401,0.032591,2.159837
0.092542,-0.008714,2.503354
0.082542,-0.065195,2.441551
-0.000501,-0.141049,2.430475
0.157670,-0.139633,2.409144
-0.064782,-0.571862,2.271516
0.143939,-0.582143,2.372970
-0.015052,-0.981574,2.375187
0.142703,-1.003062,2.287541
-0.028538,-1.014942,2.274996
0.132350,-1.049124,2.199568
0.098070,0.557384,2.533767
0.113358,0.350976,2.533318
-0.059413,0.233900,2.496644
0.270232,0.226921,2.481095
-0.110310,0.060164,2.339778
0.346605,0.082502,2.268251
0.157818,0.082860,2.268251
0.120394,0.059005,2.182542
0.227813,0.097636,2.170714
0.006282,0.065139,2.170112
0.093329,-0.008564,2.500832
0.083498,-0.064918,2.438901
0.001179,-0.140623,2.428287
0.158382,-0.138948,2.405519
-0.064357,-0.569997,2.267901
0.144909,-0.581995,2.372509
-0.016479,-0.980759,2.367368
0.141786,-1.003116,2.291881
-0.029510,-1.013853,2.266683
0.132119,-1.048681,2.204496
0.099231,0.557175,2.533650
0.114467,0.351004,2.531869
-0.056017,0.233370,2.489634
0.270631,0.227776,2.478601
-0.103756,0.057980,2.337465
0.343922,0.089772,2.259907
0.171707,0.095521,2.259907
0.099005,0.085652,2.179782
0.246386,0.114799,2.168317
-0.015665,0.100291,2.183104
0.094054,-0.008424,2.498545
0.084396,-0.064648,2.436502
0.002827,-0.140221,2.426414
0.159039,-0.138262,2.402134
-0.063758,-0.568301,2.264926
0.145902,-0.581886,2.372162
-0.017772,-0.980021,2.360253
0.140941,-1.003101,2.296109
-0.030385,-1.012858,2.259137
0.131937,-1.048156,2.209254
0.100267,0.556945,2.533800
0.115476,0.351006,2.530658
-0.052916,0.232945,2.483354
0.270938,0.228681,2.476340
-0.097328,0.055056,2.336883
0.340994,0.096532,2.252540
0.184075,0.106929,2.252540
0.079099,0.109949,2.178090
0.262084,0.129098,2.166143
-0.035382,0.131392,2.195155
0.094721,-0.008293,2.496478
0.085233,-0.064385,2.434335
0.004446,-0.139914,2.425097
0.159669,-0.137581,2.398453
-0.063003,-0.566766,2.262546
0.146906,-0.581808,2.371918
-0.018942,-0.979350,2.353792
0.140156,-1.003079,2.300184
-0.031174,-1.011953,2.252296
0.131788,-1.047627,2.213794
0.101183,0.556693,2.534186
0.116394,0.350987,2.529666
-0.050075,0.232547,2.477615
0.271158,0.229620,2.474304
-0.091140,0.051591,2.337701
0.337910,0.102742,2.246068
0.195086,0.118469,2.246068
0.060906,0.131587,2.179785
0.275537,0.141624,2.165266
-0.053073,0.159058,2.205047
0.095412,-0.008410,2.494549
0.086243,-0.064604,2.432181
0.006153,-0.140024,2.423049
0.160350,-0.137287,2.395741
-0.062188,-0.565760,2.260605
0.147926,-0.581767,2.371770
-0.019989,-0.978872,2.347893
0.139382,-1.003191,2.304183
-0.031784,-1.011386,2.246079
0.131607,-1.047527,2.218182
0.101987,0.556419,2.534773
0.117224,0.350948,2.528869
-0.047543,0.232195,2.472493
0.271298,0.230584,2.472470
-0.085262,0.047711,2.339699
0.334717,0.108432,2.240409
0.204601,0.128929,2.240409
0.044427,0.150931,2.182760
0.287655,0.152842,2.164229
-0.068731,0.183374,2.213933
0.096070,-0.008592,2.492799
0.087226,-0.064901,2.430212
0.007807,-0.140207,2.421137
0.161005,-0.137061,2.393293
-0.061247,-0.564953,2.259138
0.148956,-0.581754,2.371706
-0.020936,-0.978454,2.342530
0.138661,-1.003292,2.308027
-0.032311,-1.010920,2.240443
0.131443,-1.047445,2.222359
0.102679,0.556131,2.535541
0.117976,0.350892,2.528257
-0.045455,0.233299,2.468837
0.271371,0.231555,2.470819
-0.079755,0.043800,2.342613
0.331489,0.113604,2.235492
0.212892,0.137747,2.235492
0.029603,0.168038,2.185468
0.298287,0.162532,2.163449
-0.082535,0.204953,2.221668
0.096745,-0.008821,2.491218
0.088125,-0.065170,2.428432
0.009284,-0.140318,2.419396
0.161608,-0.136863,2.391093
-0.060173,-0.564207,2.258131
0.149988,-0.581775,2.371718
-0.021797,-0.978050,2.337665
0.137992,-1.003390,2.311713
-0.032852,-1.010473,2.235331
0.131184,-1.047347,2.226323
0.103270,0.555829,2.536455
0.118654,0.350819,2.527812
-0.043327,0.233934,2.465135
0.271382,0.232531,2.469345
-0.074617,0.039468,2.346323
0.328258,0.118311,2.231261
0.219891,0.145288,2.231261
0.016266,0.183093,2.188846
0.307367,0.170715,2.163192
-0.094656,0.224163,2.228333
0.097357,-0.009082,2.489792
0.088986,-0.065484,2.426812
0.010689,-0.140463,2.417782
0.162179,-0.136713,2.389117
-0.059020,-0.563599,2.257512
0.151013,-0.581819,2.371795
-0.022577,-0.977687,2.333246
0.137379,-1.003477,2.315230
-0.033296,-1.010107,2.230698
0.131010,-1.047253,2.230071
0.103757,0.555508,2.537500
0.119259,0.350730,2.527522
-0.041601,0.234088,2.461740
0.271336,0.233505,2.468034
-0.070443,0.036256,2.348562
0.325030,0.122574,2.227674
0.225508,0.151628,2.227674
0.004256,0.196388,2.193013
0.314835,0.177406,2.163506
-0.105464,0.241213,2.234284
0.097953,-0.009384,2.488512
0.089811,-0.065833,2.425342
0.012014,-0.140642,2.416295
0.162728,-0.136611,2.387346
-0.057797,-0.563125,2.257239
0.152026,-0.581882,2.371928
-0.023285,-0.977361,2.329233
0.136814,-1.003552,2.318582
-0.033697,-1.009807,2.226509
0.130825,-1.047161,2.233614
0.104149,0.555179,2.538630
0.119799,0.350629,2.527368
-0.040257,0.235024,2.459373
0.271246,0.234471,2.466873
-0.066288,0.031810,2.353199
0.321823,0.126412,2.224678
0.229703,0.156968,2.224678
-0.006621,0.208046,2.196899
0.320557,0.182695,2.163929
-0.115137,0.256464,2.239517
0.098530,-0.009699,2.487365
0.090570,-0.066160,2.424018
0.013224,-0.140807,2.414947
0.163240,-0.136531,2.385758
-0.056519,-0.562720,2.257288
0.153025,-0.581965,2.372107
-0.023926,-0.977061,2.325588
0.136298,-1.003618,2.321775
-0.034062,-1.009550,2.222718
0.130627,-1.047053,2.236965
0.104451,0.554841,2.539819
0.120279,0.350516,2.527338
-0.039124,0.236129,2.457583
0.271073,0.235353,2.465804
-0.062517,0.027353,2.358204
0.318668,0.129761,2.222120
0.232748,0.161327,2.222120
-0.016475,0.218260,2.201143
0.324841,0.186705,2.164700
-0.123948,0.269597,2.244742
0.099083,-0.010037,2.486340
0.091279,-0.066501,2.422821
0.014347,-0.140978,2.413717
0.163705,-0.136475,2.384334
-0.055198,-0.562402,2.257618
0.154002,-0.582068,2.372322
-0.024507,-0.976787,2.322277
0.135823,-1.003678,2.324808
-0.034388,-1.009344,2.219298
0.130426,-1.046934,2.240128
0.104676,0.554511,2.541054
0.120701,0.350394,2.527419
-0.038234,0.237391,2.456450
0.270860,0.236207,2.464857
-0.059102,0.022785,2.363919
0.315551,0.132696,2.220075
0.234588,0.164576,2.220075
-0.025448,0.226953,2.205878
0.327671,0.189361,2.165899
-0.131737,0.280315,2.250546
0.099610,-0.010384,2.485433
0.091932,-0.066834,2.421752
0.015359,-0.141138,2.412632
0.164135,-0.136442,2.383066
-0.053832,-0.562147,2.258255
0.154956,-0.582186,2.372568
-0.025030,-0.976538,2.319274
0.135390,-1.003729,2.327682
-0.034670,-1.009184,2.216237
0.130224,-1.046803,2.243107
0.104833,0.554183,2.542314
0.121071,0.350262,2.527597
-0.037557,0.238729,2.455930
0.270582,0.236957,2.463977
-0.056064,0.018234,2.369998
0.312623,0.135154,2.218364
0.235370,0.166842,2.218364
-0.033397,0.234173,2.210963
0.329195,0.190811,2.167466
-0.138338,0.288751,2.256286
0.100115,-0.010751,2.484634
0.092536,-0.067176,2.420797
0.016285,-0.141303,2.411664
0.164522,-0.136433,2.381936
-0.052444,-0.561971,2.259143
0.155884,-0.582316,2.372842
-0.025502,-0.976317,2.316552
0.134994,-1.003770,2.330397
-0.034921,-1.009076,2.213512
0.130010,-1.046666,2.245912
0.104899,0.553855,2.543592
0.121389,0.350117,2.527862
-0.037111,0.240054,2.455984
0.270222,0.237613,2.463160
-0.053351,0.013483,2.376487
0.309818,0.137110,2.217022
0.235194,0.167933,2.217022
-0.040330,0.239848,2.216473
0.329515,0.190954,2.169461
-0.142753,0.290081,2.262026
0.100597,-0.011141,2.483940
0.093087,-0.067532,2.419951
0.017132,-0.141483,2.410807
0.164867,-0.136450,2.380933
-0.051044,-0.561874,2.260277
0.156789,-0.582462,2.373137
-0.025908,-0.976126,2.314104
0.134630,-1.003801,2.332957
-0.035121,-1.009020,2.211127
0.129783,-1.046515,2.248549
0.104906,0.553532,2.544873
0.121660,0.349964,2.528201
-0.036837,0.241384,2.456486
0.269821,0.238225,2.462428
-0.050962,0.009076,2.382798
0.307096,0.138658,2.216101
0.234495,0.168241,2.216101
-0.046357,0.243738,2.221998
0.329006,0.190148,2.171668
-0.146732,0.291392,2.266988
0.101055,-0.011544,2.483338
0.093597,-0.067895,2.419202
0.017914,-0.141671,2.410043
0.165179,-0.136488,2.380051
-0.049650,-0.561835,2.261600
0.157666,-0.582613,2.373448
-0.026268,-0.975959,2.311897
0.134299,-1.003821,2.335364
-0.035294,-1.009005,2.209027
0.129558,-1.046355,2.251019
0.104847,0.553224,2.546125
0.121890,0.349807,2.528611
-0.036736,0.242702,2.457386
0.269390,0.238793,2.461775
-0.048876,0.004896,2.388964
0.304452,0.139838,2.215550
0.233270,0.167818,2.215550
-0.051506,0.246127,2.227536
0.327709,0.188470,2.174076
-0.149789,0.290702,2.272400
0.101487,-0.011950,2.482823
0.094065,-0.068256,2.418543
0.018629,-0.141863,2.409373
0.165460,-0.136544,2.379277
-0.048277,-0.561836,2.263070
0.158509,-0.582772,2.373769
-0.026584,-0.975811,2.309915
0.134001,-1.003834,2.337625
-0.035441,-1.009023,2.207190
0.129339,-1.046187,2.253330
0.104728,0.552931,2.547359
0.122079,0.349645,2.529078
-0.036776,0.244003,2.458635
0.268935,0.239323,2.461194
-0.047069,0.000503,2.395137
0.301889,0.140681,2.215341
0.231365,0.166481,2.215341
-0.055829,0.247180,2.233225
0.325540,0.185808,2.176763
-0.150648,0.290161,2.279766
0.101894,-0.012360,2.482387
0.094494,-0.068617,2.417968
0.019285,-0.142062,2.408788
0.165712,-0.136615,2.378605
-0.046938,-0.561893,2.264659
0.159322,-0.582937,2.374100
-0.026857,-0.975686,2.308140
0.133731,-1.003840,2.339745
-0.035561,-1.009070,2.205599
0.129125,-1.046010,2.255490
0.104555,0.552639,2.548531
0.122224,0.349476,2.529588
-0.036944,0.245278,2.460197
0.268458,0.239814,2.460680
-0.045515,-0.003687,2.401078
0.299400,0.141201,2.215446
0.229109,0.164587,2.215446
-0.059393,0.247058,2.238822
0.322802,0.182491,2.179586
-0.150575,0.288654,2.286986
0.102278,-0.012775,2.482024
0.094886,-0.068980,2.417472
0.019889,-0.142270,2.408286
0.165937,-0.136704,2.378029
-0.045640,-0.561993,2.266333
0.160101,-0.583106,2.374435
-0.027090,-0.975580,2.306558
0.133489,-1.003838,2.341732
-0.035659,-1.009143,2.204235
0.128916,-1.045826,2.257509
0.104348,0.552365,2.549664
0.122335,0.349307,2.530136
-0.037223,0.246521,2.462035
0.267964,0.240270,2.460226
-0.044182,-0.007643,2.406721
0.296974,0.141425,2.215830
0.226571,0.162364,2.215830
-0.062286,0.245941,2.244214
0.319590,0.178735,2.182466
-0.149715,0.286321,2.294021
0.102638,-0.013191,2.481729
0.095242,-0.069345,2.417048
0.020439,-0.142485,2.407855
0.166132,-0.136810,2.377543
-0.044391,-0.562130,2.268066
0.160850,-0.583277,2.374773
-0.027287,-0.975491,2.305153
0.133270,-1.003829,2.343589
-0.035736,-1.009238,2.203078
0.128711,-1.045636,2.259391
0.104109,0.552103,2.550765
0.122412,0.349135,2.530720
-0.037594,0.247730,2.464140
0.267454,0.240691,2.459833
-0.043051,-0.011359,2.412084
0.294677,0.141394,2.216465
0.223781,0.159775,2.216465
-0.064486,0.243958,2.249293
0.315955,0.174536,2.185306
-0.148178,0.283232,2.300782
0.102973,-0.013610,2.481499
0.095561,-0.069713,2.416694
0.020940,-0.142708,2.407502
0.166296,-0.136931,2.377140
-0.043192,-0.562296,2.269843
0.161562,-0.583453,2.375108
-0.027460,-0.975417,2.303911
0.133074,-1.003817,2.345328
-0.035812,-1.009352,2.202116
0.128509,-1.045440,2.261150
0.103840,0.551853,2.551833
0.122461,0.348964,2.531330
-0.038036,0.248889,2.466399
0.266928,0.241080,2.459491
-0.044084,-0.007137,2.411360
0.292497,0.141153,2.217300
0.222564,0.158415,2.217300
-0.066072,0.241273,2.252930
0.313713,0.171382,2.187207
-0.146872,0.279325,2.306577
0.103284,-0.014031,2.481326
0.095846,-0.070084,2.416405
0.021395,-0.142940,2.407218
0.166426,-0.137068,2.376814
-0.042049,-0.562492,2.271645
0.162244,-0.583630,2.375442
-0.027596,-0.975358,2.302835
0.132898,-1.003798,2.346955
-0.035864,-1.009482,2.201349
0.128313,-1.045239,2.262792
0.103549,0.551614,2.552864
0.122485,0.348793,2.531960
-0.038553,0.249998,2.468791
0.266390,0.241437,2.459197
-0.045488,-0.001813,2.409675
0.290426,0.140727,2.218304
0.221421,0.157029,2.218304
-0.067131,0.238032,2.256218
0.311453,0.168170,2.188962
-0.145439,0.274765,2.311665
0.103572,-0.014448,2.481205
0.096099,-0.070453,2.416174
0.021806,-0.143177,2.406996
0.166530,-0.137216,2.376559
-0.040967,-0.562707,2.273458
0.162896,-0.583804,2.375772
-0.027725,-0.975310,2.301894
0.132739,-1.003771,2.348477
-0.035932,-1.009623,2.200744
0.128121,-1.045031,2.264326
0.103235,0.551386,2.553854
0.122475,0.348622,2.532607
-0.039155,0.251057,2.471300
0.265847,0.241765,2.458946
-0.047201,0.004377,2.407220
0.288471,0.140149,2.219448
0.220290,0.155442,2.219448
-0.067721,0.234373,2.259174
0.309111,0.164744,2.190572
-0.143881,0.269165,2.316027
0.103838,-0.014859,2.481133
0.096322,-0.070818,2.415998
0.022173,-0.143419,2.406838
0.166611,-0.137375,2.376368
-0.039944,-0.562939,2.275267
0.163518,-0.583975,2.376098
-0.027833,-0.975273,2.301082
0.132599,-1.003737,2.349896
-0.035997,-1.009771,2.200285
0.127936,-1.044818,2.265755
0.102893,0.551168,2.554796
0.122443,0.348451,2.533263
-0.039809,0.252063,2.473872
0.265295,0.242066,2.458733
-0.049053,0.011201,2.404133
0.286629,0.139428,2.220708
0.219275,0.153980,2.220708
-0.067904,0.230399,2.261813
0.306861,0.161459,2.192031
-0.142167,0.263155,2.319822
0.104082,-0.015266,2.481105
0.096514,-0.071181,2.415874
0.022498,-0.143667,2.406737
0.166666,-0.137543,2.376240
-0.038983,-0.563189,2.277068
0.164106,-0.584135,2.376414
-0.027925,-0.975247,2.300385
0.132478,-1.003693,2.351222
-0.036060,-1.009926,2.199957
0.127759,-1.044600,2.267088
0.102530,0.550960,2.555698
0.122386,0.348280,2.533923
-0.040490,0.253010,2.476469
0.264730,0.242338,2.458553
-0.050967,0.018383,2.400611
0.284870,0.138575,2.222068
0.218344,0.152545,2.222068
-0.067782,0.226219,2.264174
0.304674,0.158232,2.193363
-0.140388,0.256849,2.323080
0.104307,-0.015670,2.481116
0.096681,-0.071543,2.415794
0.022789,-0.143917,2.406682
0.166700,-0.137721,2.376167
-0.038081,-0.563449,2.278842
0.164663,-0.584288,2.376723
-0.028006,-0.975229,2.299795
0.132371,-1.003641,2.352461
-0.036130,-1.010085,2.199749
0.127587,-1.044377,2.268332
0.102160,0.550763,2.556554
0.122310,0.348110,2.534582
-0.041210,0.253911,2.479128
0.264159,0.242588,2.458403
-0.052956,0.025672,2.396935
0.283197,0.137626,2.223500
0.217479,0.151126,2.223500
-0.067399,0.221888,2.266273
0.302541,0.155063,2.194574
-0.138587,0.250460,2.325812
0.104514,-0.016069,2.481162
0.096823,-0.071903,2.415756
0.023045,-0.144172,2.406677
0.166712,-0.137906,2.376145
-0.037239,-0.563723,2.280586
0.165191,-0.584437,2.377023
-0.028074,-0.975220,2.299306
0.132278,-1.003584,2.353620
-0.036205,-1.010247,2.199653
0.127418,-1.044150,2.269495
0.101777,0.550573,2.557369
0.122212,0.347940,2.535240
-0.041947,0.254756,2.481770
0.263579,0.242812,2.458280
-0.054382,0.030936,2.394465
0.281628,0.136605,2.224971
0.216673,0.149721,2.224971
-0.066783,0.217499,2.268130
0.300465,0.151963,2.195673
-0.136767,0.244159,2.328039
0.104704,-0.016463,2.481240
0.096942,-0.072261,2.415758
0.023270,-0.144430,2.406715
0.166705,-0.138099,2.376170
-0.036449,-0.564003,2.282295
0.165688,-0.584583,2.377316
-0.028123,-0.975218,2.298924
0.132199,-1.003524,2.354701
-0.036274,-1.010410,2.199680
0.127255,-1.043920,2.270580
0.101388,0.550395,2.558136
0.122096,0.347774,2.535893
-0.042701,0.255549,2.484393
0.263002,0.243013,2.458177
-0.056293,0.037868,2.390716
0.280163,0.135528,2.226462
0.215938,0.148332,2.226462
-0.065970,0.213110,2.269764
0.298471,0.148945,2.196665
-0.134935,0.237912,2.329849
0.104876,-0.016850,2.481348
0.097036,-0.072616,2.415796
0.023460,-0.144690,2.406795
0.166678,-0.138298,2.376238
-0.035713,-0.564288,2.283968
0.166158,-0.584726,2.377600
-0.028166,-0.975222,2.298631
0.132132,-1.003459,2.355712
-0.036352,-1.010571,2.199805
0.127099,-1.043685,2.271595
0.101001,0.550229,2.558854
0.121959,0.347609,2.536541
-0.043456,0.256282,2.486943
0.262407,0.243195,2.458098
-0.058114,0.044659,2.386943
0.278805,0.134409,2.227978
0.215242,0.146936,2.227978
-0.064987,0.208740,2.271183
0.296524,0.145987,2.197558
-0.133104,0.231742,2.331245
0.105031,-0.017232,2.481481
0.097110,-0.072967,2.415865
0.023624,-0.144952,2.406910
0.166636,-0.138502,2.376343
-0.035028,-0.564577,2.285594
0.166599,-0.584858,2.377876
-0.028199,-0.975232,2.298412
0.132076,-1.003387,2.356657
-0.036432,-1.010730,2.200005
0.126947,-1.043448,2.272541
0.100608,0.550070,2.559532
0.121808,0.347448,2.537181
-0.044203,0.256962,2.489429
0.261807,0.243361,2.458039
-0.059933,0.051205,2.383206
0.277552,0.133262,2.229509
0.214597,0.145565,2.229509
-0.063869,0.204447,2.272412
0.294651,0.143128,2.198360
-0.131286,0.225667,2.332274
0.105171,-0.017606,2.481637
0.097164,-0.073315,2.415964
0.023762,-0.145213,2.407056
0.166574,-0.138710,2.376484
-0.034392,-0.564863,2.287177
0.167013,-0.584984,2.378140
-0.028228,-0.975244,2.298255
0.132030,-1.003311,2.357539
-0.036518,-1.010886,2.200267
0.126801,-1.043206,2.273426
0.100217,0.549918,2.560166
0.121640,0.347289,2.537812
-0.044959,0.257593,2.491849
0.261199,0.243510,2.457999
-0.061655,0.057473,2.379557
0.276395,0.132104,2.231034
0.213995,0.144222,2.231034
-0.062660,0.200280,2.273468
0.292847,0.140370,2.199081
-0.129515,0.219816,2.333020
0.105294,-0.017974,2.481815
0.097198,-0.073660,2.416091
0.023874,-0.145475,2.407232
0.166496,-0.138923,2.376660
-0.033804,-0.565147,2.288708
0.167402,-0.585105,2.378396
-0.028250,-0.975258,2.298161
0.131994,-1.003230,2.358365
-0.036607,-1.011036,2.200592
0.126660,-1.042961,2.274255
0.099829,0.549775,2.560762
0.121463,0.347135,2.538433
-0.045706,0.258176,2.494184
0.260591,0.243644,2.457976
-0.063326,0.063322,2.376109
0.275332,0.130933,2.232554
0.213394,0.142844,2.232554
-0.056595,0.194376,2.274338
0.291063,0.137654,2.199715
-0.125510,0.213188,2.333536
0.105405,-0.018333,2.482009
0.097216,-0.073998,2.416240
0.023966,-0.145734,2.407430
0.166405,-0.139137,2.376863
-0.033259,-0.565429,2.290189
0.167768,-0.585222,2.378642
-0.028267,-0.975275,2.298122
0.131965,-1.003145,2.359138
-0.036697,-1.011169,2.200960
0.126523,-1.042704,2.275029
0.099443,0.549639,2.561322
0.121272,0.346983,2.539046
-0.046437,0.258709,2.496422
0.259985,0.243762,2.457969
-0.064939,0.068768,2.372818
0.274361,0.129772,2.234052
0.212817,0.141452,2.234052
-0.054534,0.190186,2.275036
0.289331,0.135006,2.200268
-0.123509,0.207833,2.333897
0.105503,-0.018684,2.482220
0.097221,-0.074331,2.416409
0.024038,-0.145992,2.407651
0.166303,-0.139351,2.377091
-0.032758,-0.565707,2.291612
0.168111,-0.585333,2.378881
-0.028278,-0.975294,2.298137
0.131945,-1.003054,2.359860
-0.036790,-1.011294,2.201377
0.126392,-1.042442,2.275752
0.099060,0.549513,2.561850
0.121072,0.346833,2.539645
-0.047147,0.259194,2.498561
0.259385,0.243867,2.457976
-0.066581,0.073855,2.369731
0.273491,0.128626,2.235523
0.212272,0.140059,2.235523
-0.052526,0.186198,2.275572
0.287667,0.132444,2.200742
-0.121592,0.202812,2.334359
0.105588,-0.019029,2.482445
0.097212,-0.074660,2.416598
0.024093,-0.146246,2.407889
0.166189,-0.139570,2.377353
-0.032296,-0.565982,2.292977
0.168429,-0.585440,2.379111
-0.028286,-0.975314,2.298197
0.131934,-1.002960,2.360537
-0.036885,-1.011408,2.201833
0.126269,-1.042177,2.276430
0.098679,0.549394,2.562346
0.120865,0.346686,2.540232
-0.047845,0.259563,2.500499
0.258784,0.243948,2.457995
-0.068257,0.078503,2.366782
0.272795,0.127442,2.237027
0.211672,0.138507,2.237027
-0.045867,0.180047,2.275941
0.285967,0.129814,2.201153
-0.117875,0.197528,2.334828
0.105658,-0.019367,2.482686
0.097189,-0.074984,2.416806
0.024130,-0.146499,2.408144
0.166062,-0.139792,2.377642
-0.031871,-0.566252,2.294284
0.168727,-0.585542,2.379333
-0.028294,-0.975335,2.298300
0.131930,-1.002861,2.361173
-0.036981,-1.011513,2.202322
0.126156,-1.041910,2.277064
0.098293,0.549279,2.562811
0.120653,0.346544,2.540803
-0.048541,0.259828,2.502296
0.258185,0.243994,2.458024
-0.070162,0.082770,2.363945
0.273035,0.126011,2.239052
0.210771,0.136377,2.239052
-0.038378,0.173482,2.276212
0.283994,0.126779,2.201595
-0.113764,0.192214,2.335158
0.105715,-0.019698,2.482937
0.097155,-0.075302,2.417028
0.024152,-0.146748,2.408411
0.165924,-0.140018,2.377957
-0.031482,-0.566515,2.295536
0.169005,-0.585641,2.379549
-0.028300,-0.975356,2.298437
0.131932,-1.002758,2.361770
-0.037073,-1.011608,2.202835
0.126052,-1.041640,2.277658
0.097912,0.549170,2.563247
0.120437,0.346405,2.541353
-0.049267,0.259998,2.504043
0.257579,0.243974,2.458056
-0.072999,0.086728,2.361452
0.273513,0.124437,2.241122
0.208852,0.133804,2.241122
-0.029897,0.165142,2.276497
0.281241,0.123443,2.202152
-0.109118,0.186139,2.335329
0.105761,-0.020019,2.483199
0.097107,-0.075615,2.417269
0.024158,-0.146995,2.408691
0.165772,-0.140247,2.378303
-0.031125,-0.566772,2.296732
0.169264,-0.585735,2.379756
-0.028301,-0.975377,2.298607
0.131942,-1.002650,2.362333
-0.037167,-1.011692,2.203370
0.125952,-1.041366,2.278216
0.097539,0.549068,2.563652
0.120215,0.346268,2.541880
-0.050086,0.260010,2.505784
0.257024,0.243896,2.458112
-0.076133,0.090264,2.359195
0.274308,0.122686,2.243315
0.206268,0.130386,2.243315
-0.021460,0.156436,2.276750
0.278035,0.119582,2.202769
-0.104395,0.179928,2.335377
0.105791,-0.020319,2.483478
0.097040,-0.075902,2.417537
0.024134,-0.147236,2.409010
0.165611,-0.140473,2.378669
-0.030801,-0.567025,2.297872
0.169505,-0.585824,2.379957
-0.028301,-0.975399,2.298803
0.131956,-1.002534,2.362865
-0.037260,-1.011757,2.203919
0.125856,-1.041082,2.278744
0.097169,0.548974,2.564025
0.119992,0.346136,2.542388
-0.051020,0.259827,2.507563
0.256485,0.243762,2.458206
-0.080044,0.092958,2.357673
0.276104,0.120373,2.246380
0.202265,0.125281,2.246380
-0.012894,0.147547,2.277306
0.273877,0.114664,2.203694
-0.099482,0.173631,2.335234
0.105807,-0.020593,2.483773
0.096957,-0.076160,2.417834
0.024088,-0.147470,2.409370
0.165437,-0.140686,2.379051
-0.030508,-0.567271,2.298959
0.169729,-0.585906,2.380149
-0.028300,-0.975419,2.299020
0.131977,-1.002404,2.363370
-0.037355,-1.011801,2.204477
0.125764,-1.040782,2.279244
0.096810,0.548890,2.564363
0.119775,0.346012,2.542868
-0.052031,0.259475,2.509386
0.256051,0.243585,2.458387
-0.084281,0.094955,2.356711
0.278635,0.117580,2.250196
0.190915,0.112205,2.250196
-0.004743,0.138986,2.276488
0.265282,0.105085,2.204093
-0.094648,0.167489,2.334913
0.105808,-0.020827,2.484093
0.096861,-0.076369,2.418171
0.024018,-0.147687,2.409774
0.165258,-0.140878,2.379452
-0.030243,-0.567509,2.299995
0.169940,-0.585984,2.380336
-0.028299,-0.975439,2.299254
0.132002,-1.002255,2.363850
-0.037441,-1.011819,2.205034
0.125682,-1.040455,2.279717
0.096447,0.548808,2.564666
0.119557,0.345890,2.543321
-0.053166,0.258901,2.511288
0.255665,0.243367,2.458627
-0.089110,0.095678,2.356661
0.281730,0.114380,2.254501
0.179381,0.098608,2.254501
0.004170,0.124660,2.275447
0.256325,0.094950,2.204368
-0.089225,0.158148,2.333394
0.105796,-0.021030,2.484431
0.096748,-0.076538,2.418541
0.023921,-0.147890,2.410211
0.165073,-0.141052,2.379869
-0.030004,-0.567740,2.300979
0.170136,-0.586057,2.380516
-0.028297,-0.975451,2.299502
0.132621,-0.998039,2.364702
-0.037527,-1.011816,2.205595
0.125946,-1.035452,2.280447
0.096094,0.548734,2.564939
0.119341,0.345772,2.543739
-0.054378,0.258165,2.513241
0.255348,0.243108,2.458941
-0.096254,0.095025,2.359148
0.285396,0.110633,2.259319
0.167290,0.085110,2.259319
0.026834,0.099157,2.274605
0.238271,0.075860,2.207120
-0.075978,0.142426,2.329014
0.105773,-0.021203,2.484783
0.096624,-0.076671,2.418936
0.023807,-0.148080,2.410669
0.164886,-0.141208,2.380303
-0.029790,-0.567964,2.301912
0.170318,-0.586127,2.380689
-0.028293,-0.975455,2.299762
0.133310,-0.993376,2.365556
-0.037611,-1.011792,2.206157
0.126260,-1.029972,2.281163
0.095732,0.548669,2.565153
0.119124,0.345652,2.544121
-0.055650,0.257308,2.515242
0.255091,0.242803,2.459315
-0.104153,0.092716,2.364732
0.290235,0.105804,2.265753
0.141794,0.065439,2.265753
0.052658,0.071046,2.276883
0.203898,0.056685,2.215737
-0.045561,0.098946,2.312516
0.105738,-0.021356,2.485145
0.096485,-0.076782,2.419351
0.023657,-0.148267,2.411157
0.164692,-0.141359,2.380750
-0.029606,-0.568209,2.302799
0.170488,-0.586194,2.380856
-0.028269,-0.975452,2.300056
0.134044,-0.988406,2.366402
-0.037673,-1.011750,2.206742
0.126597,-1.024181,2.281857
0.095347,0.548608,2.565307
0.118906,0.345534,2.544471
-0.056956,0.256357,2.517265
0.254903,0.242464,2.459769
-0.111881,0.089697,2.371143
0.295537,0.100602,2.272993
0.115077,0.044904,2.272993
0.079358,0.042724,2.279162
0.167208,0.033456,2.223028
-0.013797,0.055369,2.296073
0.105691,-0.021489,2.485512
0.096334,-0.076873,2.419777
0.023479,-0.148449,2.411660
0.164494,-0.141502,2.381203
-0.029445,-0.568450,2.303639
0.170646,-0.586259,2.381019
-0.028237,-0.975444,2.300365
0.134807,-0.983251,2.367228
-0.037725,-1.011694,2.207331
0.126959,-1.018219,2.282522
0.094915,0.548552,2.565390
0.118693,0.345417,2.544788
-0.058279,0.255345,2.519310
0.254754,0.242101,2.460259
-0.119206,0.085885,2.378424
0.301136,0.094917,2.281244
0.086443,0.022401,2.281244
0.106380,0.014555,2.281885
0.133023,0.011755,2.229812
0.018972,0.011883,2.280434
0.105635,-0.021606,2.485869
0.096172,-0.076947,2.420197
0.023256,-0.148626,2.412158
0.164298,-0.141639,2.381647
-0.029306,-0.568702,2.304442
0.170795,-0.586325,2.381178
-0.028201,-0.975436,2.300684
0.135584,-0.978016,2.368029
-0.037775,-1.011631,2.207918
0.127316,-1.012208,2.283160
0.094474,0.548503,2.565416
0.118483,0.345303,2.545075
-0.059615,0.254274,2.521354
0.254639,0.241717,2.460780
-0.125963,0.081226,2.386702
0.306821,0.088911,2.290129
0.057018,-0.000861,2.290129
0.134198,-0.014128,2.285160
0.099244,-0.011771,2.236606
0.051920,-0.030368,2.266710
0.105569,-0.021708,2.486198
0.095996,-0.077005,2.420591
0.022973,-0.148791,2.412632
0.164112,-0.141767,2.382050
-0.029185,-0.568952,2.305203
0.170931,-0.586392,2.381331
-0.028164,-0.975427,2.301012
0.136361,-0.972800,2.368793
-0.037825,-1.011561,2.208502
0.127666,-1.006256,2.283759
0.094008,0.548458,2.565365
0.118276,0.345188,2.545327
-0.060962,0.253155,2.523395
0.254553,0.241313,2.461320
-0.131963,0.075625,2.396257
0.312575,0.082637,2.299741
0.027228,-0.025124,2.299741
0.160460,-0.040873,2.289979
0.063690,-0.040115,2.243060
0.082819,-0.069115,2.254971
0.105491,-0.021797,2.486507
0.095801,-0.077046,2.420968
0.022606,-0.148946,2.413098
0.163927,-0.141887,2.382431
-0.029081,-0.569198,2.305924
0.171056,-0.586457,2.381476
-0.028125,-0.975415,2.301345
0.137139,-0.967655,2.369519
-0.037875,-1.011488,2.209084
0.128010,-1.000468,2.284328
0.093501,0.548410,2.565219
0.118068,0.345070,2.545547
-0.062306,0.252000,2.525409
0.254490,0.240889,2.461875
-0.137484,0.069737,2.406214
0.318243,0.075526,2.310567
-0.001263,-0.048902,2.310567
0.184683,-0.065429,2.295951
0.030014,-0.066846,2.250744
0.112207,-0.105563,2.244480
0.105406,-0.021874,2.486801
0.095596,-0.077076,2.421334
0.022197,-0.149097,2.413562
0.163747,-0.142004,2.382791
-0.028993,-0.569440,2.306606
0.171172,-0.586519,2.381616
-0.028084,-0.975401,2.301684
0.137891,-0.962653,2.370192
-0.037923,-1.011409,2.209660
0.128329,-0.994876,2.284846
0.092953,0.548356,2.564990
0.117851,0.344944,2.545735
-0.063642,0.250819,2.527386
0.254452,0.240450,2.462440
-0.142418,0.063195,2.416362
0.323635,0.068267,2.321224
-0.027919,-0.071746,2.321224
0.207247,-0.088496,2.302060
-0.003135,-0.095813,2.258581
0.139315,-0.139114,2.235574
0.105311,-0.021939,2.487087
0.095378,-0.077094,2.421694
0.021732,-0.149248,2.414036
0.163569,-0.142115,2.383138
-0.028921,-0.569678,2.307253
0.171278,-0.586581,2.381749
-0.028040,-0.975385,2.302027
0.138625,-0.957821,2.370819
-0.037970,-1.011324,2.210230
0.128638,-0.989513,2.285323
0.092379,0.548304,2.564692
0.117625,0.344809,2.545883
-0.064949,0.249632,2.529300
0.254434,0.240000,2.463008
-0.146816,0.056350,2.426392
0.328654,0.060461,2.332305
-0.053194,-0.094168,2.332305
0.227967,-0.110027,2.308955
-0.033313,-0.122718,2.266152
0.165851,-0.171981,2.228821
0.105206,-0.021995,2.487364
0.095144,-0.077104,2.422051
0.021209,-0.149405,2.414529
0.163391,-0.142225,2.383475
-0.028865,-0.569911,2.307869
0.171375,-0.586641,2.381875
-0.027994,-0.975368,2.302373
0.139331,-0.953187,2.371401
-0.038016,-1.011237,2.210793
0.128929,-0.984401,2.285761
0.091765,0.548256,2.564316
0.117381,0.344664,2.545990
-0.066225,0.248449,2.531154
0.254434,0.239542,2.463578
-0.150702,0.049419,2.436137
0.333251,0.052667,2.343004
-0.076676,-0.115795,2.343004
0.246783,-0.129983,2.316611
-0.061503,-0.148713,2.273851
0.190155,-0.202099,2.223302
0.105093,-0.022040,2.487633
0.094900,-0.077105,2.422403
0.020647,-0.149563,2.415032
0.163215,-0.142331,2.383801
-0.028822,-0.570140,2.308454
0.171462,-0.586701,2.381994
-0.027949,-0.975349,2.302719
0.140005,-0.948771,2.371939
-0.038063,-1.011146,2.211348
0.129202,-0.979561,2.286160
0.091126,0.548209,2.563863
0.117128,0.344512,2.546067
-0.067458,0.247284,2.532933
0.254448,0.239073,2.464142
-0.154125,0.042446,2.445455
0.337380,0.044896,2.353208
-0.098405,-0.136372,2.353208
0.264279,-0.148799,2.324659
-0.087926,-0.174747,2.282251
0.213138,-0.230331,2.219371
0.104967,-0.022078,2.487898
0.094640,-0.077100,2.422755
0.020041,-0.149726,2.415551
0.163034,-0.142439,2.384124
-0.028790,-0.570364,2.309008
0.171540,-0.586758,2.382106
-0.027904,-0.975328,2.303066
0.140645,-0.944587,2.372432
-0.038109,-1.011052,2.211893
0.129456,-0.975000,2.286521
0.090471,0.548162,2.563351
0.116866,0.344353,2.546105
-0.068644,0.246145,2.534632
0.254472,0.238604,2.464697
-0.157137,0.035483,2.454344
0.341085,0.037054,2.363020
-0.118198,-0.155875,2.363020
0.280431,-0.166455,2.333148
-0.111740,-0.198957,2.290591
0.235166,-0.256926,2.216957
0.104836,-0.022109,2.488155
0.094371,-0.077090,2.423102
0.019413,-0.149891,2.416074
0.162853,-0.142546,2.384440
-0.028770,-0.570582,2.309535
0.171612,-0.586813,2.382211
-0.027859,-0.975305,2.303411
0.141238,-0.940655,2.372882
-0.038158,-1.010954,2.212428
0.129681,-0.970737,2.286846
0.089779,0.548112,2.562733
0.116598,0.344189,2.546108
-0.069780,0.245035,2.536241
0.254503,0.238133,2.465243
-0.159786,0.028397,2.462855
0.344398,0.029232,2.372332
-0.136858,-0.175819,2.372332
0.295868,-0.184446,2.342459
-0.134997,-0.224926,2.300947
0.256529,-0.282893,2.217063
0.104701,-0.022134,2.488404
0.094099,-0.077078,2.423442
0.018774,-0.150058,2.416594
0.162673,-0.142653,2.384748
-0.028762,-0.570803,2.310039
0.171675,-0.586864,2.382307
-0.027815,-0.975280,2.303756
0.141787,-0.936965,2.373288
-0.038206,-1.010855,2.212953
0.129882,-0.966757,2.287134
0.089074,0.548056,2.562045
0.116318,0.344017,2.546072
-0.070861,0.243960,2.537748
0.254542,0.237664,2.465776
-0.162090,0.021552,2.470842
0.347296,0.021729,2.381040
-0.153502,-0.193832,2.381040
0.309697,-0.200822,2.351367
-0.155478,-0.248173,2.310560
0.275592,-0.306073,2.217774
0.104560,-0.022154,2.488645
0.093824,-0.077065,2.423774
0.018130,-0.150229,2.417112
0.162494,-0.142761,2.385051
-0.028766,-0.571021,2.310520
0.171733,-0.586913,2.382397
-0.027771,-0.975255,2.304100
0.142298,-0.933513,2.373651
-0.038252,-1.010754,2.213468
0.130066,-0.963052,2.287385
0.088350,0.548001,2.561259
0.116016,0.343834,2.545983
-0.071889,0.242917,2.539146
0.254588,0.237200,2.466297
-0.164096,0.014899,2.478374
0.349863,0.014622,2.389119
-0.168327,-0.210149,2.389119
0.322098,-0.215747,2.359780
-0.173648,-0.269182,2.319750
0.292724,-0.327042,2.219317
0.104416,-0.022170,2.488876
0.093549,-0.077050,2.424096
0.017487,-0.150403,2.417622
0.162320,-0.142872,2.385345
-0.028779,-0.571236,2.310978
0.171784,-0.586962,2.382481
-0.027724,-0.975227,2.304442
0.142771,-0.930294,2.373977
-0.038293,-1.010652,2.213970
0.130237,-0.959616,2.287606
0.087606,0.547941,2.560383
0.115697,0.343643,2.545856
-0.072866,0.241915,2.540450
0.254640,0.236739,2.466803
-0.165836,0.008475,2.485398
0.352119,0.007897,2.396613
-0.181529,-0.224982,2.396613
0.333246,-0.229374,2.367850
-0.189694,-0.288111,2.328590
0.308314,-0.345880,2.221899
0.104269,-0.022181,2.489099
0.093274,-0.077035,2.424409
0.016848,-0.150578,2.418121
0.162149,-0.142983,2.385632
-0.028799,-0.571448,2.311415
0.171828,-0.587011,2.382558
-0.027680,-0.975198,2.304781
0.143210,-0.927302,2.374270
-0.038335,-1.010549,2.214462
0.130394,-0.956437,2.287800
0.086830,0.547885,2.559385
0.115356,0.343448,2.545656
-0.073789,0.240962,2.541656
0.254698,0.236283,2.467289
-0.167334,0.002405,2.491895
0.354086,0.001532,2.403538
-0.193195,-0.238399,2.403538
0.343239,-0.241871,2.375349
-0.203831,-0.305023,2.336657
0.322335,-0.362723,2.225209
0.104123,-0.022188,2.489309
0.093004,-0.077020,2.424710
0.016222,-0.150753,2.418606
0.161984,-0.143094,2.385910
-0.028829,-0.571655,2.311831
0.171867,-0.587060,2.382629
-0.027636,-0.975168,2.305117
0.143617,-0.924527,2.374532
-0.038375,-1.010445,2.214943
0.130538,-0.953505,2.287968
0.086052,0.547835,2.558301
0.114995,0.343246,2.545403
-0.074656,0.240064,2.542768
0.254760,0.235838,2.467756
-0.168612,-0.003267,2.497862
0.355763,-0.004410,2.409884
-0.203508,-0.250458,2.409884
0.352120,-0.253241,2.382259
-0.216297,-0.320164,2.344062
0.334864,-0.377877,2.229074
0.103977,-0.022192,2.489507
0.092740,-0.077004,2.424996
0.015614,-0.150924,2.419071
0.161825,-0.143205,2.386178
-0.028864,-0.571858,2.312226
0.171902,-0.587107,2.382692
-0.027591,-0.975134,2.305448
0.143990,-0.921968,2.374761
-0.038413,-1.010339,2.215411
0.130671,-0.950812,2.288112
0.085279,0.547798,2.557111
0.114607,0.343040,2.545053
-0.075468,0.239223,2.543782
0.254812,0.235423,2.468171
-0.169694,-0.008532,2.503311
0.357162,-0.009947,2.415682
-0.212561,-0.261316,2.415682
0.359936,-0.263541,2.388561
-0.227186,-0.333780,2.350870
0.345968,-0.391505,2.233556
0.103838,-0.022191,2.489685
0.092485,-0.076988,2.425262
0.015027,-0.151092,2.419514
0.161673,-0.143312,2.386431
-0.028908,-0.572056,2.312601
0.171932,-0.587153,2.382748
-0.027546,-0.975098,2.305778
0.144338,-0.919604,2.374961
-0.038451,-1.010232,2.215870
0.130790,-0.948338,2.288233
0.084482,0.547731,2.555718
0.114196,0.342824,2.544586
-0.076226,0.238438,2.544691
0.254863,0.235026,2.468554
-0.170588,-0.013438,2.508247
0.358331,-0.015100,2.420948
-0.220422,-0.271064,2.420948
0.366763,-0.272827,2.394338
-0.236634,-0.346002,2.357152
0.355675,-0.403405,2.238417
0.103698,-0.022187,2.489846
0.092235,-0.076973,2.425510
0.014455,-0.151257,2.419938
0.161524,-0.143420,2.386672
-0.028957,-0.572249,2.312955
0.171957,-0.587201,2.382795
-0.027496,-0.975057,2.306106
0.144653,-0.917423,2.375132
-0.038481,-1.010121,2.216321
0.130897,-0.946067,2.288333
0.083701,0.547669,2.554196
0.113770,0.342610,2.544009
-0.076935,0.237705,2.545499
0.254906,0.234656,2.468882
-0.171288,-0.017937,2.512623
0.359301,-0.019847,2.425704
-0.227067,-0.279761,2.425704
0.372673,-0.281152,2.399547
-0.244638,-0.356901,2.362873
0.364005,-0.413633,2.243561
0.103561,-0.022180,2.489987
0.091991,-0.076959,2.425735
0.013901,-0.151419,2.420336
0.161379,-0.143525,2.386893
-0.029013,-0.572435,2.313289
0.171977,-0.587248,2.382832
-0.027449,-0.975016,2.306420
0.144941,-0.915404,2.375271
-0.038514,-1.010013,2.216749
0.130990,-0.943975,2.288407
0.082913,0.547586,2.552439
0.113333,0.342391,2.543311
-0.077597,0.237019,2.546206
0.254950,0.234303,2.469162
-0.171803,-0.022105,2.516507
0.360093,-0.024218,2.429970
-0.232431,-0.287421,2.429970
0.377715,-0.288596,2.404241
-0.251139,-0.366423,2.367946
0.371035,-0.422308,2.248899
0.103427,-0.022171,2.490106
0.091757,-0.076946,2.425932
0.013369,-0.151576,2.420699
0.161242,-0.143626,2.387091
-0.029071,-0.572615,2.313601
0.171992,-0.587295,2.382861
-0.027403,-0.974974,2.306725
0.145209,-0.913543,2.375386
-0.038545,-1.009905,2.217162
0.131076,-0.942056,2.288463
0.082111,0.547503,2.550519
0.112880,0.342162,2.542492
-0.078220,0.236378,2.546822
0.254993,0.233960,2.469396
-0.172156,-0.025957,2.519859
0.360712,-0.028277,2.433766
-0.236490,-0.294149,2.433766
0.381933,-0.295203,2.408267
-0.256002,-0.374653,2.372190
0.376803,-0.429592,2.254220
0.103289,-0.022157,2.490201
0.091526,-0.076931,2.426104
0.012853,-0.151725,2.421026
0.161107,-0.143725,2.387268
-0.029133,-0.572790,2.313892
0.171999,-0.587348,2.382873
-0.027354,-0.974930,2.307019
0.145450,-0.911829,2.375478
-0.038573,-1.009797,2.217557
0.131148,-0.940296,2.288501
0.081286,0.547443,2.548345
0.112380,0.341936,2.541456
-0.078806,0.235783,2.547331
0.255036,0.233615,2.469557
-0.172363,-0.029542,2.522735
0.361197,-0.032009,2.437121
-0.239276,-0.299823,2.437121
0.385390,-0.301011,2.411629
-0.259205,-0.381429,2.375597
0.381416,-0.435512,2.259457
0.103142,-0.022137,2.490263
0.091295,-0.076917,2.426245
0.012359,-0.151868,2.421314
0.160975,-0.143822,2.387420
-0.029200,-0.572967,2.314160
0.171998,-0.587402,2.382870
-0.027306,-0.974883,2.307305
0.145670,-0.910253,2.375548
-0.038599,-1.009689,2.217939
0.131211,-0.938686,2.288524
0.080456,0.547411,2.545974
0.111891,0.341722,2.540221
-0.079367,0.235213,2.547698
0.255080,0.233258,2.469631
-0.172403,-0.032899,2.525101
0.361534,-0.035424,2.440041
-0.240793,-0.304431,2.440041
0.388133,-0.306005,2.414201
-0.260758,-0.386744,2.378032
0.384898,-0.440031,2.264561
0.102986,-0.022109,2.490275
0.091065,-0.076902,2.426345
0.011887,-0.152005,2.421549
0.160846,-0.143918,2.387545
-0.029270,-0.573136,2.314394
0.171988,-0.587462,2.382837
-0.027258,-0.974833,2.307586
0.145871,-0.908805,2.375599
-0.038624,-1.009578,2.218309
0.131268,-0.937212,2.288533
