0.129827,0.726070,1.971726
0.124833,0.554795,1.994365
-0.036421,0.443827,2.015227
0.285239,0.423438,1.962736
-0.105126,0.186939,2.060337
0.377222,0.211678,1.894485
-0.132142,-0.038324,1.894485
0.341898,0.040708,2.035546
-0.126570,-0.094217,2.036687
0.325293,-0.032672,1.692994
0.116851,0.195728,1.992560
0.106657,0.133504,1.938811
0.031676,0.063263,1.934543
0.175512,0.060088,1.919290
-0.027437,-0.355516,1.877402
0.188805,-0.344726,1.920003
0.008647,-0.683585,2.005270
0.168389,-0.676442,1.945189
-0.013246,-0.762242,1.981228
0.172472,-0.741590,1.912362
0.127665,0.716632,1.944997
0.125537,0.552125,1.973009
-0.036495,0.441230,1.991501
0.287696,0.423073,1.948354
-0.105940,0.190653,2.030228
0.381922,0.222344,1.873547
-0.138060,-0.033063,1.873547
0.331763,0.054958,1.995580
-0.130932,-0.097790,1.994961
0.308570,-0.010186,1.660654
0.116620,0.196228,1.975307
0.107757,0.134065,1.921906
0.032418,0.063870,1.914795
0.176888,0.059652,1.905977
-0.030718,-0.356064,1.858761
0.188460,-0.345103,1.912451
0.001815,-0.686044,1.932941
0.167435,-0.677764,1.943967
-0.018558,-0.753431,1.913167
0.171955,-0.743895,1.913090
0.126613,0.716480,1.932109
0.123791,0.551381,1.957932
-0.038248,0.439653,1.971147
0.287827,0.423133,1.930913
-0.114515,0.188106,1.993412
0.386324,0.225316,1.853511
-0.141267,-0.035118,1.853511
0.322895,0.078249,1.949892
-0.134788,-0.099336,1.949850
0.288684,0.015391,1.624940
0.115478,0.194855,1.957070
0.107280,0.133106,1.902991
0.031800,0.062949,1.895792
0.177075,0.057965,1.886384
-0.029888,-0.342427,1.826635
0.188107,-0.344310,1.903254
-0.015263,-0.664985,1.854845
0.167176,-0.678524,1.943220
-0.024155,-0.701764,1.777512
0.171517,-0.744895,1.912703
0.126031,0.709093,1.885448
0.121739,0.542952,1.908776
-0.041142,0.436751,1.915951
0.286720,0.425967,1.895117
-0.124302,0.187467,1.915758
0.380429,0.233038,1.795735
-0.134401,-0.030602,1.795735
0.276688,0.120808,1.839012
-0.129280,-0.099581,1.829530
0.232806,0.081889,1.565837
0.109957,0.190161,1.910163
0.104254,0.128899,1.856135
0.028778,0.059337,1.844963
0.173673,0.053108,1.844506
-0.027391,-0.312616,1.785372
0.184514,-0.337074,1.877302
-0.036813,-0.615830,1.737393
0.166086,-0.680266,1.940998
-0.041258,-0.652680,1.659641
0.171133,-0.747737,1.912975
0.125498,0.706395,1.876702
0.119212,0.541637,1.902619
-0.043093,0.434302,1.905797
0.284612,0.422693,1.883916
-0.127830,0.187467,1.884532
0.372941,0.231437,1.774674
-0.122353,-0.025078,1.774674
0.258528,0.127457,1.779901
-0.115739,-0.092986,1.764939
0.206634,0.114861,1.548944
0.108830,0.187411,1.902895
0.103265,0.125999,1.848530
0.028197,0.056261,1.838112
0.172842,0.050172,1.835349
-0.026608,-0.314728,1.780587
0.184752,-0.344973,1.870540
-0.044581,-0.702094,1.693546
0.165072,-0.679516,1.938156
-0.049244,-0.738940,1.615750
0.171233,-0.748153,1.913252
0.118780,0.703551,1.862864
0.115409,0.538656,1.888885
-0.049969,0.428277,1.878938
0.277777,0.414765,1.865561
-0.133326,0.193190,1.835260
0.368144,0.225632,1.754267
-0.109218,-0.007405,1.754267
0.226593,0.156994,1.720142
-0.097539,-0.071250,1.696888
0.181136,0.151620,1.540984
0.105430,0.182495,1.885755
0.101549,0.121178,1.830619
0.027743,0.050810,1.816380
0.170843,0.046201,1.819785
-0.024227,-0.314151,1.766832
0.184880,-0.352812,1.859074
-0.049734,-0.698521,1.656167
0.163804,-0.680368,1.935379
-0.052522,-0.739566,1.577252
0.170394,-0.749384,1.911512
0.115828,0.699586,1.844994
0.108236,0.535841,1.873725
-0.054550,0.425459,1.857861
0.274527,0.412265,1.855619
-0.139379,0.201590,1.800816
0.361866,0.223996,1.739978
-0.098971,0.015776,1.739978
0.206852,0.170325,1.665354
-0.070726,-0.050865,1.628942
0.138174,0.192061,1.530375
0.102125,0.180494,1.869418
0.100918,0.119550,1.813828
0.028183,0.048762,1.794650
0.171234,0.044735,1.806219
-0.023059,-0.317265,1.744781
0.183944,-0.358166,1.846963
-0.052234,-0.703093,1.644075
0.162634,-0.679163,1.931928
-0.052282,-0.743099,1.565365
0.170569,-0.749346,1.912066
0.113779,0.696029,1.830716
0.100928,0.530832,1.855243
-0.063262,0.419836,1.833599
0.267917,0.408343,1.839193
-0.142078,0.211437,1.771297
0.340716,0.219981,1.712149
-0.084275,0.049048,1.712149
0.160896,0.222828,1.612222
-0.041822,-0.020135,1.563579
0.091548,0.228641,1.525515
0.098924,0.177925,1.847980
0.099901,0.118071,1.791871
0.027629,0.046393,1.770674
0.171929,0.043374,1.785042
-0.026318,-0.316930,1.722855
0.182518,-0.357977,1.830890
-0.050566,-0.704743,1.633248
0.161970,-0.680531,1.928822
-0.048862,-0.746856,1.554229
0.168805,-0.751193,1.910132
0.107915,0.692751,1.816389
0.092745,0.527117,1.839473
-0.070889,0.414270,1.809697
0.260292,0.407526,1.826707
-0.153686,0.214617,1.719392
0.332680,0.218714,1.700813
-0.054398,0.073658,1.700813
0.144534,0.242114,1.560789
0.001319,0.020041,1.506289
0.080103,0.248143,1.532536
0.092491,0.171357,1.828309
0.095703,0.111447,1.771587
0.024218,0.040186,1.750741
0.168571,0.037050,1.764408
-0.031020,-0.317127,1.700148
0.179146,-0.364166,1.818660
-0.052609,-0.706776,1.624472
0.161099,-0.684221,1.926598
-0.048595,-0.753955,1.545039
0.167424,-0.754910,1.907685
0.094460,0.695705,1.794633
0.072726,0.527131,1.807257
-0.090656,0.416553,1.751506
0.232018,0.406463,1.788274
-0.159282,0.223271,1.630074
0.284178,0.215950,1.653949
0.011399,0.150550,1.653949
0.089852,0.283423,1.489125
0.061923,0.133254,1.462580
0.006942,0.297805,1.505533
0.067664,0.166526,1.782687
0.074144,0.107414,1.724999
0.006519,0.038252,1.700577
0.143259,0.033617,1.718471
-0.051207,-0.316976,1.653386
0.169237,-0.369847,1.772952
-0.057423,-0.709620,1.610781
0.158311,-0.686899,1.913319
-0.047455,-0.757833,1.532718
0.168926,-0.759450,1.908496
0.086550,0.693481,1.780545
0.066160,0.525238,1.794927
-0.091169,0.410774,1.716961
0.226762,0.409463,1.783384
-0.167257,0.218306,1.602775
0.272824,0.218955,1.646901
0.073010,0.190664,1.646901
0.133816,0.178473,1.459096
0.103180,0.186119,1.452602
0.067255,0.187360,1.432150
0.060589,0.167349,1.773141
0.071350,0.108379,1.715683
0.004719,0.039999,1.686442
0.140144,0.035450,1.712343
-0.053146,-0.315516,1.647976
0.166773,-0.362035,1.756374
-0.060335,-0.707873,1.606647
0.159359,-0.681356,1.898717
-0.043667,-0.756103,1.529665
0.167322,-0.754327,1.894822
0.080276,0.692975,1.767408
0.053212,0.523491,1.774723
-0.092740,0.412786,1.687640
0.215872,0.412135,1.768185
-0.200351,0.233950,1.578471
0.257303,0.220742,1.631976
0.020507,0.232726,1.631976
0.119476,0.225512,1.478823
0.113534,0.232314,1.461891
0.126773,0.224510,1.455218
0.048867,0.163271,1.751484
0.062547,0.103981,1.694326
-0.003142,0.037160,1.665087
0.132153,0.033528,1.694250
-0.059108,-0.318872,1.636250
0.165770,-0.360762,1.737366
-0.060133,-0.711234,1.609457
0.161684,-0.676582,1.885361
-0.039630,-0.759288,1.533751
0.167738,-0.749849,1.887115
0.062846,0.697811,1.737862
0.028653,0.526465,1.732092
-0.111073,0.424967,1.628991
0.191439,0.426627,1.733902
-0.137485,0.246584,1.469441
0.222874,0.236939,1.592254
0.077767,0.308451,1.592254
0.047943,0.314446,1.467019
0.145625,0.318212,1.480390
-0.012638,0.317370,1.427296
0.024791,0.159253,1.707484
0.042803,0.098447,1.651253
-0.023553,0.032792,1.623913
0.113515,0.029518,1.648664
-0.073437,-0.324032,1.615525
0.168136,-0.339708,1.676615
-0.059323,-0.715240,1.611704
0.163553,-0.662987,1.849779
-0.030640,-0.762726,1.538891
0.176050,-0.735084,1.857252
0.057199,0.697295,1.727671
0.024497,0.526923,1.727962
-0.112587,0.428456,1.623847
0.176423,0.409253,1.691952
-0.129599,0.257763,1.453761
0.220725,0.212364,1.568831
0.083610,0.322467,1.568831
0.046799,0.316714,1.461868
0.151430,0.332222,1.475231
-0.046960,0.307828,1.453631
0.021665,0.135440,1.697219
0.034972,0.065282,1.637407
-0.040567,0.001493,1.617542
0.115257,0.000605,1.630500
-0.081617,-0.356108,1.607458
0.169768,-0.350616,1.674092
-0.058865,-0.746048,1.612589
0.163232,-0.664393,1.847880
-0.030461,-0.792493,1.540794
0.175047,-0.736776,1.853658
0.041882,0.698427,1.693316
0.006006,0.529898,1.698446
-0.114768,0.447024,1.603808
0.147269,0.374564,1.629715
-0.122671,0.291667,1.417155
0.227702,0.178686,1.532166
0.089014,0.339389,1.532166
-0.024470,0.316700,1.456952
0.156780,0.349136,1.470305
-0.117965,0.304569,1.421116
0.011619,0.124715,1.675022
0.022179,0.055054,1.617026
-0.048277,-0.003599,1.603171
0.096975,-0.009058,1.607243
-0.085347,-0.361278,1.594783
0.166626,-0.358968,1.639074
-0.058638,-0.748551,1.619127
0.155706,-0.645802,1.775442
-0.036922,-0.794017,1.548713
0.168187,-0.682463,1.698042
0.042874,0.695302,1.678980
0.004496,0.530022,1.693240
-0.114901,0.450780,1.598398
0.144110,0.373795,1.623032
-0.122844,0.293520,1.414200
0.227423,0.179955,1.524509
0.088836,0.339670,1.524509
-0.026064,0.317304,1.453714
0.156567,0.349412,1.467060
-0.090688,0.321834,1.386909
0.008442,0.124281,1.667711
0.018365,0.054959,1.608693
-0.050852,-0.002462,1.595819
0.090668,-0.008367,1.596735
-0.085585,-0.360039,1.588857
0.165169,-0.356422,1.632502
-0.060771,-0.746238,1.618690
0.159118,-0.638658,1.750961
-0.039955,-0.791770,1.548599
0.171772,-0.675294,1.673591
0.041216,0.694082,1.664866
0.002643,0.529968,1.682414
-0.116554,0.452362,1.588185
0.137891,0.371586,1.610090
-0.120185,0.296368,1.403169
0.235651,0.183988,1.514531
0.092798,0.332525,1.514531
-0.021689,0.315504,1.443502
0.160489,0.342262,1.456840
-0.084569,0.318671,1.386547
0.007150,0.122626,1.658377
0.016796,0.052879,1.599469
-0.051706,-0.003871,1.587181
0.088699,-0.009305,1.588410
-0.085504,-0.361180,1.582588
0.161936,-0.357719,1.621225
-0.061765,-0.745599,1.620889
0.160750,-0.627802,1.711855
-0.041990,-0.790869,1.551403
0.172923,-0.664444,1.634438
0.037493,0.693676,1.653919
0.001416,0.528732,1.670657
-0.118104,0.451475,1.581915
0.134128,0.371480,1.602776
-0.116750,0.299378,1.393701
0.237896,0.188342,1.505367
0.093325,0.334373,1.505367
-0.019565,0.319787,1.443718
0.160979,0.344104,1.457049
-0.083343,0.323409,1.381747
0.007704,0.128133,1.647434
0.017580,0.060298,1.588264
-0.042734,0.007504,1.553646
0.086568,-0.004005,1.586724
-0.085044,-0.346632,1.578558
0.157394,-0.353825,1.609105
-0.062462,-0.731525,1.610894
0.161564,-0.716777,1.725460
-0.044706,-0.778501,1.536323
0.169930,-0.758938,1.655814
0.035062,0.692641,1.644705
0.001870,0.527704,1.663174
-0.117976,0.451894,1.570672
0.131517,0.370438,1.593416
-0.097369,0.306153,1.378486
0.240430,0.194546,1.487129
0.177563,0.299870,1.487129
-0.016762,0.320503,1.485347
0.245174,0.309595,1.498669
-0.080773,0.324473,1.378028
0.006544,0.124271,1.638567
0.016644,0.055740,1.579426
-0.045213,0.003678,1.554102
0.085662,-0.007010,1.570592
-0.085562,-0.350950,1.573554
0.155658,-0.355285,1.604883
-0.061349,-0.734300,1.611031
0.160669,-0.727681,1.692231
-0.042229,-0.780861,1.537775
0.169456,-0.772839,1.621282
0.032972,0.692786,1.637428
0.003250,0.526615,1.654190
-0.117962,0.449950,1.567203
0.131976,0.371298,1.591182
-0.097439,0.304952,1.374863
0.249076,0.204609,1.478088
0.177908,0.296947,1.478088
-0.013418,0.319026,1.479417
0.245476,0.306665,1.492731
-0.077586,0.323331,1.371749
0.008060,0.129475,1.630332
0.018420,0.062605,1.571180
-0.042470,0.008316,1.544178
0.085212,-0.001467,1.568974
-0.084422,-0.345436,1.567728
0.153422,-0.350812,1.595213
-0.061236,-0.727771,1.607648
0.160113,-0.727220,1.665766
-0.043147,-0.774592,1.533899
0.169717,-0.773266,1.593904
0.028028,0.692513,1.631221
0.006855,0.524332,1.645796
-0.117450,0.449448,1.559364
0.133536,0.372265,1.588167
-0.096585,0.302038,1.369712
0.254762,0.212846,1.468299
0.179715,0.295592,1.468299
0.008654,0.314950,1.470842
0.247243,0.305304,1.484149
-0.055471,0.319509,1.370034
0.009142,0.132081,1.623585
0.019969,0.065809,1.564896
-0.040983,0.010206,1.536199
0.085642,0.001422,1.566358
-0.081558,-0.343137,1.562436
0.152767,-0.348417,1.587243
-0.062144,-0.724413,1.605567
0.159957,-0.726293,1.648874
-0.043727,-0.771566,1.532029
0.171311,-0.772754,1.576648
0.024633,0.692838,1.631362
0.010873,0.521582,1.638044
-0.116393,0.446033,1.555507
0.136970,0.371337,1.580790
-0.095702,0.301302,1.363967
0.258381,0.213701,1.459049
0.181679,0.293896,1.459049
0.009238,0.313756,1.461058
0.249165,0.303603,1.474356
-0.054874,0.318370,1.365997
0.013077,0.132766,1.616699
0.022844,0.067010,1.558177
-0.038224,0.010616,1.529560
0.087677,0.003229,1.561157
-0.080042,-0.342019,1.558169
0.153824,-0.346866,1.578101
-0.061376,-0.722286,1.603109
0.158254,-0.725079,1.635261
-0.044690,-0.769524,1.529242
0.168147,-0.771575,1.562639
0.023360,0.692684,1.628933
0.014494,0.520146,1.631819
-0.114304,0.444382,1.553292
0.141044,0.367409,1.569095
-0.094512,0.302376,1.359796
0.266517,0.210993,1.451549
0.183539,0.292861,1.451549
0.008551,0.309945,1.453668
0.250986,0.302563,1.466958
-0.055537,0.314611,1.357519
0.018751,0.132551,1.610225
0.026820,0.067138,1.551535
-0.033973,0.010210,1.522836
0.091099,0.004121,1.555108
-0.076641,-0.341872,1.552880
0.156465,-0.346105,1.568843
-0.061816,-0.720622,1.602850
0.157717,-0.721700,1.634300
-0.048498,-0.767965,1.528804
0.164831,-0.767601,1.561757
0.053810,0.679107,1.596689
0.022129,0.517404,1.624189
-0.109396,0.443493,1.549687
0.144290,0.365956,1.562238
-0.093507,0.301983,1.355851
0.272288,0.213826,1.441897
0.185563,0.292985,1.441897
0.015569,0.308271,1.445681
0.252972,0.302681,1.458964
-0.048484,0.312952,1.354783
0.025352,0.130774,1.603045
0.032538,0.065471,1.544411
-0.028215,0.008294,1.515891
0.096042,0.003537,1.548427
-0.074353,-0.342685,1.548959
0.160341,-0.346524,1.563211
-0.060264,-0.720593,1.599788
0.157987,-0.720139,1.633736
-0.047720,-0.767913,1.525588
0.163779,-0.765641,1.561511
0.060263,0.677028,1.589593
0.026711,0.517131,1.620401
-0.100576,0.446479,1.541691
0.148909,0.364290,1.553440
-0.090373,0.301503,1.350898
0.279367,0.213779,1.434761
0.189438,0.291549,1.434761
0.022391,0.306820,1.437148
0.256807,0.301239,1.450423
-0.041624,0.311508,1.351156
0.029143,0.130205,1.597845
0.036375,0.065020,1.538981
-0.024229,0.008046,1.511171
0.099457,0.003591,1.541937
-0.070713,-0.342539,1.544829
0.165255,-0.345799,1.558186
-0.060745,-0.719172,1.599125
0.157386,-0.717244,1.633980
-0.048299,-0.766584,1.525200
0.162833,-0.762094,1.562133
0.059136,0.678678,1.586696
0.035119,0.515732,1.614295
-0.091463,0.444665,1.534063
0.153797,0.363905,1.546667
-0.085499,0.299298,1.343931
0.281992,0.212346,1.427453
0.194472,0.288648,1.427453
0.025954,0.304094,1.428116
0.261802,0.298333,1.441383
-0.038024,0.308785,1.347125
0.038071,0.113254,1.587743
0.045833,0.043127,1.527649
-0.022263,-0.007130,1.508752
0.117388,-0.019854,1.520749
-0.067283,-0.357604,1.542674
0.170969,-0.368322,1.560248
-0.060937,-0.732201,1.603456
0.155756,-0.738175,1.638499
-0.046438,-0.779146,1.531339
0.157012,-0.782823,1.568795
0.063212,0.679042,1.584393
0.040462,0.514979,1.609626
-0.090055,0.441550,1.531369
0.159072,0.362300,1.538908
-0.079200,0.298273,1.340194
0.289651,0.215663,1.416136
0.201253,0.286864,1.416136
0.027268,0.303263,1.421250
0.268545,0.296544,1.434510
-0.036672,0.307954,1.341591
0.042795,0.110685,1.584699
0.048765,0.040749,1.525050
-0.020900,-0.011427,1.507439
0.121886,-0.021455,1.517145
-0.062966,-0.362157,1.540139
0.172380,-0.369657,1.559546
-0.063348,-0.735083,1.605360
0.155538,-0.738487,1.638781
-0.051468,-0.782019,1.534060
0.154500,-0.783196,1.568998
0.063357,0.679639,1.582898
0.045571,0.514449,1.606759
-0.081860,0.443479,1.529598
0.166151,0.359596,1.531080
-0.074674,0.298128,1.340584
0.294185,0.210260,1.409948
0.207156,0.286016,1.409948
0.026960,0.299887,1.415605
0.274412,0.295690,1.428857
-0.036946,0.304578,1.334770
0.046765,0.108848,1.582049
0.051343,0.038957,1.522456
-0.019239,-0.013317,1.506261
0.124305,-0.022935,1.513785
-0.057902,-0.364316,1.537884
0.175620,-0.370293,1.558986
-0.066885,-0.735584,1.606720
0.154459,-0.738061,1.638874
-0.057929,-0.782558,1.536019
0.150502,-0.782384,1.568945
0.064221,0.681008,1.585301
0.052720,0.512797,1.602211
-0.081654,0.443285,1.529186
0.171479,0.357717,1.525300
-0.071727,0.298131,1.340700
0.299581,0.209937,1.402787
0.210564,0.286915,1.402787
0.027055,0.297398,1.412484
0.277784,0.296583,1.425729
-0.036816,0.302088,1.329785
0.056058,0.115602,1.577276
0.060649,0.049172,1.517368
-0.003108,-0.006332,1.486517
0.129256,-0.015309,1.516765
-0.053876,-0.352720,1.536097
0.176382,-0.363844,1.556546
-0.065360,-0.724821,1.598721
0.155667,-0.730605,1.637789
-0.058442,-0.772985,1.524852
0.151911,-0.775055,1.568041
0.066409,0.680418,1.588621
0.060942,0.509240,1.596724
-0.065864,0.433724,1.516622
0.176372,0.355060,1.519577
-0.072499,0.286391,1.330546
0.306999,0.208939,1.398937
0.208498,0.285859,1.398937
0.023038,0.274873,1.405278
0.275680,0.295522,1.418516
-0.040797,0.279562,1.318016
0.059214,0.108150,1.573264
0.064014,0.039765,1.513641
-0.002682,-0.013758,1.493442
0.133952,-0.024870,1.503963
-0.051995,-0.361317,1.535695
0.182169,-0.370518,1.557885
-0.065917,-0.731765,1.602300
0.152648,-0.736182,1.638743
-0.056647,-0.779451,1.530134
0.147047,-0.780170,1.568264
0.080209,0.680025,1.588692
0.065104,0.508614,1.593663
-0.059579,0.433856,1.515684
0.224479,0.403182,1.552211
-0.071804,0.284368,1.332440
0.270261,0.226122,1.408842
0.211175,0.291019,1.408842
-0.012526,0.283746,1.398628
0.278320,0.300677,1.411859
-0.076325,0.288433,1.313363
0.060002,0.110219,1.571394
0.068032,0.042143,1.512563
-0.002032,-0.013097,1.494281
0.142560,-0.021244,1.501219
-0.047604,-0.361278,1.533975
0.184226,-0.367227,1.556304
-0.064939,-0.730490,1.602597
0.152844,-0.731991,1.637697
-0.050891,-0.778094,1.531526
0.153588,-0.776283,1.567908
0.083277,0.680357,1.591881
0.069337,0.507252,1.589997
-0.055182,0.431765,1.514587
0.219272,0.363279,1.525062
-0.067715,0.281215,1.332994
0.296319,0.193950,1.387599
0.215050,0.286898,1.387599
0.015806,0.273198,1.397888
0.282156,0.296550,1.411110
-0.047956,0.277882,1.314657
0.065790,0.109096,1.570020
0.070404,0.040894,1.511244
-0.001298,-0.013917,1.494966
0.145763,-0.023419,1.498671
-0.044268,-0.362368,1.533019
0.185589,-0.368722,1.556674
-0.065450,-0.730370,1.603301
0.153722,-0.732961,1.637722
-0.056924,-0.777917,1.532121
0.149366,-0.777498,1.567098
0.090260,0.681261,1.592085
0.076090,0.507719,1.587888
-0.048213,0.429381,1.514366
0.219764,0.362337,1.524399
-0.065046,0.277185,1.335403
0.297316,0.193293,1.387690
0.218187,0.280102,1.387690
0.017913,0.273997,1.396546
0.285253,0.289749,1.409761
-0.045811,0.278678,1.313953
0.070649,0.107161,1.568242
0.074805,0.038372,1.509589
0.001346,-0.015877,1.496107
0.149967,-0.025986,1.495822
-0.041585,-0.364262,1.532603
0.186528,-0.370635,1.557209
-0.065032,-0.731227,1.604096
0.154903,-0.734379,1.638022
-0.056742,-0.778590,1.533463
0.150724,-0.779338,1.567071
0.092588,0.681519,1.594523
0.082014,0.506825,1.585389
-0.044400,0.428145,1.514257
0.221375,0.360313,1.523177
-0.063695,0.273852,1.338336
0.300888,0.191862,1.387813
0.219637,0.276958,1.387813
0.022275,0.273208,1.396781
0.286664,0.286599,1.409989
-0.041412,0.277886,1.314113
0.073969,0.106249,1.567061
0.077379,0.037270,1.508646
0.002766,-0.016834,1.497144
0.153075,-0.027686,1.493430
-0.039156,-0.365255,1.532200
0.188352,-0.371655,1.557186
-0.063632,-0.731482,1.604091
0.155761,-0.734699,1.638150
-0.055767,-0.778712,1.533892
0.151009,-0.779740,1.566994
0.092815,0.681885,1.597190
0.087261,0.506232,1.583275
-0.034772,0.427363,1.514398
0.223526,0.358657,1.522235
-0.064173,0.273124,1.340686
0.302557,0.189629,1.388248
0.219258,0.274599,1.388248
0.025045,0.272603,1.396489
0.286245,0.284234,1.409689
-0.038605,0.277278,1.314280
0.077566,0.104769,1.565596
0.080495,0.035486,1.507345
0.005018,-0.017739,1.497885
0.155658,-0.029535,1.491277
-0.037161,-0.365959,1.532134
0.190360,-0.372779,1.557234
-0.061734,-0.731617,1.604063
0.155679,-0.735069,1.638208
-0.053906,-0.778753,1.534191
0.150105,-0.780006,1.566825
0.082134,0.683241,1.619861
0.091201,0.505965,1.581213
-0.030354,0.424849,1.512725
0.225900,0.355691,1.520106
-0.062902,0.270316,1.340601
0.307676,0.186725,1.388932
0.220026,0.272620,1.388932
0.031219,0.271152,1.396118
0.286975,0.282250,1.409309
-0.032394,0.275825,1.314715
0.084823,0.110313,1.562372
0.088638,0.043148,1.503990
0.027266,-0.009504,1.473708
0.158963,-0.019149,1.500596
-0.034581,-0.350311,1.531900
0.190323,-0.365237,1.553059
-0.057314,-0.718140,1.593611
0.158371,-0.726168,1.637601
-0.048837,-0.766683,1.519560
0.155362,-0.770701,1.568311
0.079632,0.682407,1.621325
0.094771,0.505606,1.579222
-0.026917,0.424402,1.511903
0.228700,0.352849,1.517628
-0.058695,0.269289,1.340823
0.314065,0.183824,1.390287
0.224358,0.262032,1.390287
0.038689,0.269844,1.393163
0.291273,0.271657,1.406348
-0.024891,0.274515,1.315862
0.094756,0.132890,1.561517
0.099953,0.074806,1.504225
0.037376,0.008777,1.456254
0.162993,0.008782,1.528313
-0.028852,-0.327838,1.527671
0.191567,-0.342224,1.543991
-0.056469,-0.695678,1.585652
0.161555,-0.701268,1.633377
-0.050850,-0.744263,1.510876
0.162563,-0.744372,1.565142
0.078017,0.682376,1.622886
0.098376,0.506211,1.577802
-0.023858,0.424373,1.510260
0.232388,0.352834,1.516772
-0.053599,0.269353,1.339241
0.319887,0.184164,1.391522
0.228402,0.262794,1.391522
0.048371,0.275789,1.393834
0.295278,0.272413,1.407012
-0.015173,0.280457,1.307044
0.096681,0.136419,1.561114
0.101147,0.076875,1.503945
0.038692,0.010807,1.455239
0.163656,0.010014,1.528128
-0.027512,-0.327234,1.528056
0.192907,-0.340696,1.543099
-0.055776,-0.694653,1.585463
0.161695,-0.699067,1.632663
-0.049881,-0.741347,1.510294
0.162778,-0.742040,1.564415
0.082847,0.683048,1.622720
0.101029,0.506732,1.576301
-0.020940,0.424127,1.508633
0.235305,0.352046,1.515638
-0.051681,0.269253,1.338251
0.322916,0.182959,1.392051
0.229252,0.268867,1.392051
0.051731,0.273761,1.395338
0.296097,0.278482,1.408509
-0.011782,0.278426,1.307276
0.097329,0.129534,1.559181
0.101146,0.063837,1.501202
0.036166,0.001832,1.464996
0.165515,-0.003939,1.509251
-0.028139,-0.335946,1.530599
0.194366,-0.351872,1.546522
-0.055810,-0.702776,1.588605
0.161617,-0.709998,1.634837
-0.048910,-0.751498,1.513923
0.160756,-0.753757,1.566671
0.086047,0.682605,1.633052
0.103033,0.507036,1.575392
-0.018833,0.424059,1.507248
0.235051,0.352096,1.515260
-0.050162,0.269080,1.337695
0.325584,0.184043,1.393431
0.230033,0.270318,1.393431
0.054281,0.272136,1.395575
0.296846,0.279928,1.408740
-0.009203,0.276800,1.307395
0.098709,0.132599,1.558910
0.102992,0.068880,1.501233
0.041066,0.007811,1.458964
0.165344,0.004598,1.517402
-0.025994,-0.328042,1.529075
0.194081,-0.344359,1.544646
-0.054793,-0.694480,1.586264
0.162772,-0.702061,1.633122
-0.048459,-0.743099,1.511612
0.163812,-0.745813,1.564626
0.086749,0.682680,1.636155
0.103957,0.507583,1.574940
-0.017256,0.423876,1.506273
0.236337,0.352005,1.514967
-0.048733,0.268927,1.337311
0.327684,0.184210,1.394338
0.172231,0.280853,1.394338
0.056610,0.270840,1.392023
0.239015,0.290458,1.405182
-0.006846,0.275501,1.307486
0.099627,0.135585,1.558916
0.104046,0.072823,1.501494
0.042151,0.010166,1.456680
0.165924,0.007325,1.520391
-0.025152,-0.326510,1.528944
0.194262,-0.341735,1.544426
-0.054869,-0.692481,1.585725
0.162941,-0.699105,1.632384
-0.048386,-0.739528,1.510787
0.164810,-0.743002,1.563480
0.087024,0.682480,1.637447
0.105035,0.507749,1.574345
-0.016444,0.423895,1.505506
0.237692,0.351573,1.514463
-0.047396,0.268953,1.337002
0.328134,0.183459,1.394399
0.232196,0.263284,1.394399
0.057744,0.270297,1.392836
0.298943,0.272885,1.405988
-0.005677,0.274956,1.307163
0.100429,0.137658,1.558748
0.104846,0.075479,1.501486
0.042837,0.011746,1.455294
0.166441,0.009045,1.521677
-0.024704,-0.326045,1.529027
0.194228,-0.339922,1.544397
-0.055005,-0.691558,1.585503
0.163207,-0.697007,1.631794
-0.048318,-0.736940,1.510222
0.165596,-0.741104,1.562560
0.086938,0.682408,1.637180
0.106549,0.507996,1.573296
-0.014836,0.424239,1.504122
0.238764,0.350856,1.513815
-0.046704,0.269160,1.336544
0.328230,0.182382,1.394323
0.232228,0.263713,1.394323
0.058470,0.269404,1.392967
0.298942,0.273309,1.406113
-0.004919,0.274060,1.306922
0.100500,0.138339,1.558559
0.104930,0.076067,1.501402
0.042870,0.012218,1.454708
0.166373,0.009391,1.522126
-0.024338,-0.325900,1.529252
0.194243,-0.339338,1.544384
-0.055100,-0.690983,1.585328
0.163547,-0.696043,1.631519
-0.048121,-0.735691,1.509946
0.166317,-0.740208,1.562231
0.086699,0.682566,1.637667
0.107023,0.508410,1.572837
-0.013651,0.424148,1.502800
0.240647,0.350736,1.513632
-0.045969,0.269384,1.335562
0.328191,0.181706,1.394200
0.232235,0.263670,1.394200
0.059048,0.268821,1.392777
0.298913,0.273261,1.405915
-0.004308,0.273476,1.306591
0.100538,0.139128,1.558337
0.105080,0.076819,1.501281
0.042927,0.012715,1.454040
0.166506,0.009765,1.522484
-0.024057,-0.325519,1.529369
0.194241,-0.338734,1.544400
-0.055100,-0.690159,1.585205
0.163922,-0.695077,1.631255
-0.047775,-0.734359,1.509768
0.167162,-0.739329,1.561900
0.087042,0.682268,1.638317
0.107337,0.508345,1.572162
-0.012545,0.424347,1.501682
0.240816,0.349186,1.512225
-0.045876,0.269797,1.335017
0.329449,0.180532,1.394000
0.231927,0.260205,1.394000
0.061058,0.268315,1.391354
0.298572,0.269791,1.404486
-0.002267,0.272967,1.306409
0.100515,0.139375,1.558142
0.105014,0.077030,1.501148
0.042920,0.012971,1.453708
0.166278,0.009943,1.522594
-0.023868,-0.325209,1.529507
0.194286,-0.338283,1.544341
-0.054871,-0.689448,1.585055
0.164048,-0.694226,1.630973
-0.047510,-0.733373,1.509585
0.167338,-0.738505,1.561586
0.087336,0.682259,1.638914
0.107700,0.508539,1.571760
-0.011904,0.424459,1.500873
0.240969,0.347772,1.510950
-0.045958,0.269995,1.334856
0.329872,0.179259,1.393586
0.230720,0.268722,1.393586
0.062104,0.267393,1.394229
0.297332,0.278303,1.407354
-0.001189,0.272042,1.306132
0.100536,0.139627,1.557910
0.104938,0.077237,1.500962
0.042824,0.013285,1.453174
0.166127,0.010013,1.522615
-0.023716,-0.324680,1.529504
0.194231,-0.337949,1.544309
-0.054668,-0.688476,1.584975
0.164382,-0.693514,1.630741
-0.047352,-0.732270,1.509500
0.167679,-0.737840,1.561332
0.087430,0.682324,1.639082
0.107798,0.508708,1.571507
-0.011296,0.424640,1.500203
0.240939,0.347053,1.510113
-0.046145,0.270442,1.334652
0.329902,0.178709,1.393353
0.230610,0.262802,1.393353
0.062698,0.266993,1.391363
0.297188,0.272379,1.404482
-0.000563,0.271640,1.305983
0.100456,0.139852,1.557680
0.104819,0.077435,1.500774
0.042738,0.013518,1.452710
0.165882,0.010148,1.522647
-0.023666,-0.324025,1.529467
0.194193,-0.337546,1.544242
-0.054485,-0.687411,1.584790
0.164543,-0.692726,1.630475
-0.047158,-0.731258,1.509358
0.167910,-0.737089,1.561026
0.087557,0.681916,1.639252
0.108421,0.508550,1.570738
-0.010926,0.424737,1.499532
0.240956,0.347061,1.509996
-0.046352,0.270916,1.334266
0.329171,0.178806,1.393186
0.230020,0.261145,1.393186
0.062610,0.267396,1.390257
0.296566,0.270717,1.403369
-0.000620,0.272041,1.305693
0.100388,0.140239,1.557296
0.104748,0.077855,1.500449
0.042670,0.014012,1.452076
0.165694,0.010404,1.522611
-0.023597,-0.323765,1.529429
0.194126,-0.337032,1.544158
-0.054259,-0.686703,1.584818
0.164650,-0.691847,1.630153
-0.046721,-0.729979,1.509307
0.168250,-0.736266,1.560662
0.087679,0.681849,1.639000
0.108495,0.508537,1.570349
-0.010762,0.424798,1.499061
0.239787,0.346691,1.509123
-0.046986,0.271666,1.333793
0.329818,0.179207,1.393511
0.229027,0.259042,1.393511
0.063645,0.267246,1.388785
0.295539,0.268609,1.401891
0.000447,0.271888,1.305720
0.100365,0.140339,1.557031
0.104648,0.077930,1.500232
0.042695,0.014150,1.451559
0.165338,0.010521,1.522633
-0.023624,-0.323427,1.529322
0.194116,-0.336638,1.544061
-0.054171,-0.685907,1.584798
0.164777,-0.691070,1.629856
-0.046688,-0.729005,1.509273
0.168326,-0.735503,1.560344
0.087811,0.681940,1.638425
0.108534,0.508588,1.570149
-0.010597,0.424817,1.498784
0.239732,0.346325,1.508580
-0.049752,0.272629,1.333823
0.327911,0.178741,1.392166
0.225990,0.258037,1.392166
0.062181,0.268921,1.387518
0.292469,0.267599,1.400617
-0.000985,0.273560,1.308884
0.100240,0.140516,1.556746
0.104415,0.078126,1.499969
0.042420,0.014406,1.450979
0.165014,0.010602,1.522611
-0.023665,-0.323083,1.529221
0.193977,-0.336311,1.543795
-0.054042,-0.685133,1.584720
0.165066,-0.690329,1.629595
-0.046590,-0.727990,1.509167
0.168537,-0.734721,1.560186
0.088344,0.682038,1.637695
0.108597,0.508592,1.569872
-0.010611,0.424805,1.498493
0.238794,0.346004,1.507880
-0.049612,0.272844,1.333788
0.328441,0.179089,1.392507
0.225699,0.257440,1.392507
0.062928,0.267517,1.387066
0.292144,0.266998,1.400159
-0.000207,0.272154,1.307502
0.100097,0.140577,1.556452
0.104127,0.078178,1.499691
0.042230,0.014508,1.450593
0.164356,0.010647,1.522526
-0.023667,-0.323082,1.529174
0.193498,-0.335995,1.543676
-0.053938,-0.684622,1.585041
0.165364,-0.689659,1.629389
-0.046537,-0.727090,1.509431
0.168872,-0.734119,1.559926
0.089787,0.682289,1.634784
0.108758,0.508354,1.569330
-0.010493,0.424743,1.498167
0.238424,0.345612,1.507313
-0.051866,0.273687,1.333699
0.328233,0.179060,1.392252
0.223103,0.257110,1.392252
0.063035,0.267756,1.386110
0.289514,0.266663,1.399196
-0.000067,0.272392,1.308878
0.099928,0.140607,1.556126
0.103825,0.078195,1.499401
0.042003,0.014578,1.450266
0.163766,0.010645,1.522386
-0.023755,-0.322942,1.529125
0.193246,-0.335721,1.543481
-0.053714,-0.683915,1.585697
0.165560,-0.688980,1.629190
-0.046350,-0.726163,1.510075
0.169051,-0.733455,1.559729
0.089695,0.682206,1.635674
0.108696,0.508459,1.569254
-0.010474,0.424742,1.498033
0.234187,0.345983,1.506209
-0.051853,0.274174,1.333564
0.329201,0.181244,1.394025
0.222687,0.256723,1.394025
0.064812,0.268932,1.385572
0.289063,0.266271,1.398651
0.001743,0.273565,1.306933
0.099771,0.140463,1.555855
0.103448,0.077943,1.499092
0.041966,0.014557,1.449982
0.162752,0.010653,1.522305
-0.023843,-0.322832,1.529059
0.193203,-0.335386,1.543354
-0.053686,-0.683407,1.585571
0.165600,-0.688268,1.628918
-0.046499,-0.725470,1.509916
0.168882,-0.732730,1.559401
0.086883,0.681718,1.636755
0.108588,0.508520,1.569137
-0.010545,0.424829,1.497928
0.234148,0.346090,1.506182
-0.051735,0.274494,1.333669
0.326817,0.181045,1.392872
0.222425,0.256184,1.392872
0.063140,0.269588,1.385077
0.288770,0.265726,1.398149
0.000102,0.274219,1.306123
0.099496,0.140683,1.555636
0.103152,0.078193,1.498909
0.041758,0.014777,1.449665
0.162362,0.010905,1.522300
-0.024018,-0.322644,1.528994
0.192925,-0.334895,1.543156
-0.053571,-0.682847,1.585416
0.165859,-0.687424,1.628625
-0.046330,-0.724579,1.509716
0.169247,-0.731919,1.559097
0.087115,0.681584,1.637229
0.108483,0.508489,1.568965
-0.010593,0.424793,1.497829
0.234305,0.346424,1.506273
-0.053011,0.275032,1.333840
0.323930,0.180975,1.391384
0.220803,0.256092,1.391384
0.060910,0.270433,1.384563
0.287115,0.265630,1.397629
-0.002098,0.275062,1.305416
0.099352,0.140770,1.555465
0.103016,0.078287,1.498782
0.041641,0.014845,1.449502
0.162247,0.010988,1.522250
-0.024212,-0.322549,1.528961
0.192535,-0.334602,1.542974
-0.053855,-0.682299,1.585542
0.166047,-0.686757,1.628447
-0.046568,-0.723771,1.509819
0.169563,-0.731293,1.558927
0.087286,0.681554,1.637317
0.108397,0.508494,1.568871
-0.010574,0.424811,1.497778
0.234570,0.347324,1.506705
-0.053010,0.275390,1.333938
0.320781,0.181276,1.390363
0.220381,0.256092,1.390363
0.058320,0.271187,1.384410
0.286660,0.265626,1.397470
-0.004657,0.275813,1.304822
0.099119,0.140897,1.555268
0.102817,0.078440,1.498618
0.041511,0.015031,1.449353
0.161968,0.011215,1.522102
-0.024367,-0.322505,1.528957
0.192244,-0.334138,1.542774
-0.054117,-0.681759,1.585865
0.166316,-0.685956,1.628119
-0.046707,-0.722831,1.510094
0.170002,-0.730534,1.558603
0.087452,0.681515,1.637466
0.108396,0.508507,1.568821
-0.010562,0.424811,1.497737
0.234451,0.347258,1.506582
-0.052992,0.275660,1.334109
0.319111,0.181165,1.389625
0.219942,0.257707,1.389625
0.057251,0.271706,1.385000
0.286188,0.267236,1.398054
-0.039163,0.287900,1.298697
0.098929,0.140871,1.555104
0.102530,0.078384,1.498464
0.041326,0.015052,1.449180
0.161445,0.011168,1.522027
-0.024490,-0.322717,1.529005
0.192054,-0.333917,1.542666
-0.054496,-0.681494,1.586158
0.166352,-0.685379,1.627903
-0.047068,-0.722081,1.510307
0.170048,-0.729968,1.558373
0.087693,0.681459,1.637596
0.108151,0.508475,1.568685
-0.010580,0.424846,1.497712
0.235467,0.347456,1.506755
-0.052885,0.275956,1.334260
0.316664,0.180635,1.388730
0.219567,0.258942,1.388730
0.055488,0.272086,1.385566
0.285779,0.268466,1.398612
-0.038683,0.287641,1.298815
0.098575,0.141110,1.554910
0.102163,0.078691,1.498308
0.040756,0.015339,1.448952
0.161330,0.011251,1.521937
-0.024536,-0.322666,1.528955
0.191781,-0.333617,1.542475
-0.054670,-0.681023,1.586139
0.166458,-0.684734,1.627597
-0.047191,-0.721224,1.510231
0.170221,-0.729343,1.558097
0.087827,0.681253,1.637570
0.108031,0.508310,1.568437
-0.010696,0.424840,1.497651
0.244935,0.386614,1.532006
-0.052825,0.276081,1.334372
0.295077,0.212839,1.405653
0.219343,0.259163,1.405653
0.031595,0.281232,1.385529
0.285521,0.268682,1.398569
-0.038701,0.287762,1.298808
0.095684,0.142299,1.554406
0.102470,0.080384,1.498311
0.040891,0.016336,1.449059
0.162165,0.013623,1.521876
-0.024657,-0.322564,1.528947
0.191414,-0.331136,1.542164
-0.054651,-0.680507,1.586274
0.166698,-0.682069,1.626737
-0.042038,-0.719620,1.510819
0.175987,-0.726962,1.557472
0.088084,0.681258,1.637884
0.107870,0.508369,1.568385
-0.010729,0.424849,1.497612
0.243175,0.354610,1.512351
-0.052818,0.276326,1.334555
0.308388,0.184209,1.389583
0.218964,0.259070,1.389583
0.048392,0.275980,1.385409
0.285110,0.268585,1.398443
-0.035703,0.288067,1.299791
0.097872,0.142378,1.554632
0.102254,0.080532,1.498259
0.040585,0.016459,1.448932
0.162068,0.013603,1.521850
-0.024807,-0.322572,1.528958
0.191038,-0.330942,1.542027
-0.054578,-0.680150,1.586263
0.166957,-0.681559,1.626486
-0.045895,-0.718912,1.510198
0.172362,-0.726507,1.556686
0.088429,0.681379,1.637879
0.107364,0.508449,1.568289
-0.010735,0.424836,1.497571
0.241592,0.353675,1.511527
-0.052776,0.276554,1.334718
0.308830,0.184019,1.389509
0.218630,0.259163,1.389509
0.049234,0.275769,1.385319
0.284743,0.268672,1.398347
-0.036031,0.288279,1.299758
0.097568,0.142325,1.554467
0.101869,0.080415,1.498106
0.040408,0.016453,1.448851
0.161519,0.013489,1.521671
-0.024979,-0.322603,1.528965
0.190910,-0.330771,1.541936
-0.054452,-0.679813,1.586298
0.166929,-0.681051,1.626243
-0.045878,-0.718294,1.510182
0.172202,-0.726004,1.556421
0.088350,0.681378,1.637840
0.107189,0.508474,1.568246
-0.010842,0.424854,1.497541
0.240427,0.353060,1.510933
-0.053906,0.276799,1.335238
0.309544,0.184085,1.389724
0.217180,0.259558,1.389724
0.050266,0.275442,1.385425
0.283260,0.269062,1.398445
-0.036214,0.288356,1.299702
0.097487,0.142324,1.554362
0.101725,0.080389,1.498018
0.040309,0.016484,1.448756
0.161331,0.013403,1.521601
-0.025150,-0.322477,1.528931
0.190453,-0.330648,1.541844
-0.054552,-0.679279,1.586385
0.167129,-0.680612,1.626047
-0.046066,-0.717591,1.510248
0.172418,-0.725634,1.556177
0.088475,0.681498,1.637709
0.107019,0.508579,1.568223
-0.010908,0.424851,1.497549
0.239891,0.352732,1.510701
-0.053713,0.276945,1.335474
0.308033,0.183852,1.389292
0.217004,0.259575,1.389292
0.049476,0.276305,1.385411
0.283051,0.269075,1.398425
-0.034511,0.288451,1.300368
0.097324,0.142332,1.554259
0.101518,0.080351,1.497932
0.040115,0.016477,1.448649
0.161106,0.013338,1.521546
-0.025334,-0.322306,1.528856
0.190396,-0.330473,1.541705
-0.054422,-0.678752,1.586334
0.167185,-0.680084,1.625838
-0.045969,-0.716988,1.510204
0.172441,-0.725098,1.555982
0.088535,0.681747,1.637812
0.106909,0.508820,1.568452
-0.010886,0.424838,1.497550
0.241485,0.383620,1.530145
-0.053623,0.277106,1.335630
0.294614,0.211797,1.405056
0.216706,0.260360,1.405056
0.033471,0.282513,1.386024
0.282720,0.269855,1.399031
-0.035116,0.288663,1.300243
0.094984,0.142955,1.554040
0.101659,0.080930,1.498029
0.040314,0.016888,1.448756
0.161343,0.014651,1.521648
-0.025383,-0.322327,1.528834
0.190048,-0.329008,1.541467
-0.054565,-0.678368,1.586426
0.167425,-0.678374,1.625302
-0.042034,-0.715951,1.510728
0.176974,-0.723519,1.555778
0.088547,0.681700,1.637862
0.106884,0.508817,1.568414
-0.010915,0.424861,1.497572
0.241777,0.384079,1.530500
-0.054217,0.277263,1.336049
0.293702,0.212298,1.405195
0.215896,0.260122,1.405195
0.032824,0.282552,1.385889
0.281878,0.269612,1.398891
-0.035568,0.288641,1.300204
0.095056,0.143604,1.554086
0.101830,0.081792,1.498165
0.040472,0.017484,1.448900
0.161628,0.015680,1.521781
-0.025403,-0.322363,1.528820
0.189790,-0.327819,1.541307
-0.055009,-0.677973,1.586562
0.167580,-0.676935,1.624855
-0.042359,-0.714770,1.510715
0.177408,-0.722210,1.555142
0.088812,0.681744,1.637917
0.106855,0.508867,1.568430
-0.010927,0.424873,1.497571
0.239961,0.385238,1.531022
-0.054876,0.277445,1.336420
0.293084,0.213891,1.406070
0.215027,0.260190,1.406070
0.032411,0.282845,1.385816
0.280976,0.269676,1.398811
-0.035490,0.288778,1.300254
0.095041,0.143801,1.554033
0.101945,0.081990,1.498148
0.040989,0.017989,1.448942
0.161614,0.016306,1.521812
-0.025431,-0.322428,1.528800
0.189638,-0.326992,1.541195
-0.055334,-0.677482,1.586760
0.167518,-0.675833,1.624466
-0.042449,-0.713570,1.510801
0.177643,-0.721183,1.554650
0.088885,0.681831,1.638049
0.106750,0.508985,1.568488
-0.010889,0.424843,1.497539
0.231951,0.348128,1.507719
-0.055365,0.277811,1.336596
0.311013,0.183629,1.389282
0.214169,0.260016,1.389282
0.053322,0.274805,1.385650
0.280085,0.269498,1.398638
-0.035880,0.288717,1.300112
0.097656,0.143474,1.554335
0.101671,0.081544,1.498102
0.040871,0.017734,1.448741
0.160960,0.015444,1.522075
-0.025553,-0.322339,1.528803
0.189661,-0.327594,1.541202
-0.055461,-0.677115,1.586651
0.167525,-0.676066,1.624494
-0.047221,-0.713213,1.510085
0.172888,-0.721334,1.554195
0.089150,0.681745,1.638256
0.106789,0.508945,1.568453
-0.010918,0.424922,1.497578
0.245040,0.387898,1.534800
-0.054786,0.278040,1.336607
0.290935,0.216586,1.407303
0.214422,0.260089,1.407303
0.030803,0.283077,1.385768
0.280304,0.269566,1.398750
-0.036176,0.288730,1.299953
0.094661,0.144359,1.553980
0.101971,0.082643,1.498262
0.041023,0.018447,1.448826
0.161387,0.016456,1.522212
-0.025604,-0.322347,1.528793
0.189470,-0.326434,1.541042
-0.055379,-0.675899,1.586396
0.167670,-0.674654,1.624047
-0.041786,-0.711963,1.510605
0.178588,-0.720020,1.554317
0.089570,0.681394,1.637316
0.107138,0.508508,1.568153
-0.011022,0.425026,1.497564
0.243857,0.351625,1.511722
-0.054680,0.278495,1.336591
0.304585,0.183184,1.387845
0.214118,0.260477,1.387845
0.048250,0.276281,1.385796
0.279967,0.269949,1.398771
-0.036260,0.288734,1.299845
0.097471,0.144308,1.554280
0.101841,0.082720,1.498208
0.040533,0.018482,1.448657
0.161291,0.016319,1.522192
-0.025602,-0.322242,1.528774
0.189409,-0.326346,1.540991
-0.055342,-0.675382,1.586252
0.167823,-0.674268,1.623855
-0.046484,-0.711459,1.509799
0.174018,-0.719662,1.553465
0.089755,0.680765,1.636688
0.107577,0.507884,1.567824
-0.010899,0.425176,1.497566
0.249479,0.382852,1.531834
-0.055771,0.279642,1.336261
0.293744,0.211621,1.404522
0.212791,0.259531,1.404522
0.033534,0.284437,1.384520
0.278607,0.268997,1.397489
-0.069071,0.300157,1.299952
0.095370,0.145056,1.553991
0.102150,0.083779,1.498368
0.040625,0.019067,1.448662
0.161688,0.017048,1.522439
-0.025551,-0.322267,1.528751
0.189299,-0.325462,1.540910
-0.055244,-0.674306,1.586002
0.167994,-0.673143,1.623467
-0.042450,-0.710356,1.510124
0.178259,-0.718600,1.553520
0.145418,0.677646,1.576766
0.107883,0.507741,1.567672
-0.010848,0.425244,1.497538
0.243499,0.356650,1.514347
-0.055405,0.280210,1.336020
0.308720,0.189312,1.392535
0.163789,0.280180,1.392535
0.051420,0.276178,1.386412
0.229576,0.289643,1.399375
-0.052191,0.294528,1.298015
0.097435,0.144992,1.554196
0.102132,0.083764,1.498323
0.040531,0.019041,1.448532
0.161608,0.016776,1.522533
-0.025531,-0.322131,1.528726
0.189309,-0.325519,1.540908
-0.055538,-0.673727,1.586040
0.168005,-0.672871,1.623396
-0.046164,-0.709783,1.509697
0.174813,-0.718312,1.553032
0.160197,0.672416,1.570052
0.108060,0.507737,1.567572
-0.010786,0.425373,1.497563
0.248200,0.378070,1.527999
-0.054968,0.280805,1.335778
0.299997,0.208113,1.403158
0.213393,0.261528,1.403158
0.040777,0.280119,1.382144
0.279146,0.270986,1.395100
-0.054254,0.293654,1.297731
0.096284,0.145908,1.553955
0.102600,0.084825,1.498359
0.040789,0.019616,1.448456
0.162255,0.017776,1.522635
-0.025532,-0.321988,1.528692
0.189232,-0.324385,1.540743
-0.055203,-0.672591,1.585932
0.168228,-0.671469,1.623034
-0.043189,-0.708622,1.509979
0.177859,-0.717003,1.552875
0.162358,0.671507,1.567564
0.108507,0.508023,1.567789
-0.010038,0.426179,1.497978
0.247237,0.360257,1.516197
-0.054662,0.282025,1.336315
0.307785,0.192006,1.393997
0.213346,0.261934,1.393997
0.050773,0.276117,1.382319
0.279066,0.271387,1.395269
-0.048549,0.292643,1.297374
0.097778,0.145855,1.554086
0.102586,0.084822,1.498318
0.040707,0.019632,1.448304
0.162164,0.017495,1.522707
-0.025535,-0.321967,1.528648
0.189363,-0.324438,1.540775
-0.055106,-0.672040,1.585820
0.168260,-0.671227,1.622898
-0.045563,-0.708070,1.509546
0.175386,-0.716748,1.552438
0.163090,0.671292,1.566343
0.108960,0.508258,1.567943
-0.009862,0.426250,1.497911
0.241531,0.357371,1.513247
-0.054347,0.282404,1.336284
0.310605,0.191174,1.393811
0.213374,0.259483,1.393811
0.053974,0.275368,1.380898
0.279062,0.268931,1.393841
-0.046790,0.292397,1.297061
0.098123,0.145586,1.554030
0.102560,0.084261,1.498200
0.040906,0.019367,1.448094
0.161756,0.017035,1.522741
-0.025477,-0.321687,1.528574
0.189463,-0.324645,1.540769
-0.054847,-0.671687,1.585750
0.168305,-0.671095,1.622882
-0.045793,-0.707706,1.509442
0.174923,-0.716588,1.552382
0.163650,0.671146,1.565751
0.109647,0.508218,1.567842
-0.009517,0.426418,1.497793
0.252919,0.380176,1.528999
-0.054150,0.282808,1.336298
0.298862,0.209792,1.403582
0.213263,0.259577,1.403582
0.041090,0.280698,1.380850
0.278920,0.269021,1.393788
-0.046087,0.291986,1.296782
0.097206,0.146539,1.553816
0.103436,0.085338,1.498271
0.041388,0.019895,1.448109
0.162943,0.018084,1.522726
-0.024759,-0.320995,1.528350
0.189465,-0.323487,1.540613
-0.055059,-0.670659,1.585549
0.168611,-0.669720,1.622430
-0.043038,-0.706653,1.509669
0.178403,-0.715339,1.552151
0.168023,0.669652,1.564850
0.111212,0.507777,1.567212
-0.009046,0.426861,1.497810
0.249133,0.350665,1.508973
-0.053688,0.283679,1.336293
0.313753,0.183653,1.388903
0.213344,0.259228,1.388903
0.058685,0.272745,1.380330
0.278970,0.268667,1.393261
-0.045164,0.291654,1.296443
0.099762,0.146446,1.553957
0.103458,0.085282,1.498173
0.041349,0.019891,1.447985
0.162952,0.017507,1.522582
-0.024639,-0.321041,1.528344
0.189649,-0.323835,1.540523
-0.054777,-0.670141,1.585598
0.168600,-0.669741,1.622326
-0.046808,-0.706149,1.509222
0.174249,-0.715320,1.551654
0.166556,0.670464,1.565610
0.112641,0.507248,1.566406
-0.008367,0.427708,1.497844
0.248767,0.350132,1.508441
-0.053835,0.285837,1.335650
0.314777,0.183822,1.388694
0.212599,0.260237,1.388694
0.060006,0.272693,1.380217
0.278192,0.269672,1.393142
-0.044759,0.291902,1.296209
0.100002,0.146337,1.553723
0.103510,0.085114,1.498002
0.041351,0.019880,1.447923
0.162897,0.017027,1.522290
-0.024404,-0.320918,1.528335
0.189844,-0.324070,1.540400
-0.054697,-0.669686,1.585432
0.168663,-0.669659,1.622180
-0.046830,-0.705692,1.509075
0.174135,-0.715198,1.551603
0.167726,0.670625,1.564503
0.113774,0.507713,1.566406
-0.006423,0.428715,1.497849
0.241110,0.381398,1.524286
-0.054031,0.287600,1.335915
0.303512,0.213520,1.405310
0.212145,0.259868,1.405310
0.045617,0.278238,1.379376
0.277707,0.269298,1.392294
-0.050147,0.291096,1.294507
0.098539,0.146431,1.553296
0.103932,0.085031,1.497828
0.042856,0.020375,1.448267
0.162882,0.017671,1.521858
-0.024364,-0.320910,1.528316
0.190121,-0.323163,1.540303
-0.054274,-0.668581,1.585146
0.168512,-0.668482,1.621860
-0.043015,-0.704566,1.509232
0.177539,-0.714130,1.551419
0.167975,0.671004,1.564035
0.114990,0.507812,1.565986
-0.005738,0.428830,1.497318
0.250542,0.381813,1.525803
-0.053595,0.288878,1.334592
0.304154,0.212579,1.404312
0.212041,0.259998,1.404312
0.046529,0.277673,1.378689
0.277571,0.269423,1.391601
-0.051664,0.291202,1.293441
0.099381,0.147174,1.553120
0.104759,0.085788,1.497751
0.043127,0.020858,1.448558
0.164156,0.018575,1.521259
-0.024249,-0.320972,1.528357
0.190193,-0.322111,1.540143
-0.053968,-0.667746,1.584827
0.168781,-0.667217,1.621425
-0.042504,-0.703723,1.508968
0.178188,-0.713022,1.550853
0.165735,0.672579,1.564804
0.117912,0.507395,1.564938
-0.003273,0.430496,1.497706
0.253858,0.354756,1.508259
-0.050541,0.292649,1.333048
0.317302,0.187324,1.390197
0.214168,0.259868,1.390197
0.062544,0.271078,1.377728
0.279664,0.269288,1.390634
-0.044846,0.290312,1.292345
0.102133,0.147034,1.553104
0.104954,0.085666,1.497581
0.043194,0.020915,1.448623
0.164197,0.018293,1.520787
-0.023933,-0.320606,1.528356
0.190677,-0.322126,1.540062
-0.053895,-0.667267,1.584664
0.168970,-0.666921,1.621286
-0.046227,-0.703261,1.508363
0.174512,-0.712721,1.550311
0.166290,0.673188,1.564991
0.120528,0.507209,1.564087
-0.000115,0.433243,1.498385
0.260551,0.372727,1.519841
-0.045976,0.297452,1.331562
0.309587,0.203046,1.397678
0.217706,0.259134,1.397678
0.053629,0.275324,1.376247
0.283173,0.268550,1.389146
-0.047420,0.290705,1.290394
0.101971,0.148054,1.552620
0.105834,0.086665,1.497336
0.043883,0.022425,1.449006
0.164758,0.019202,1.520205
-0.023749,-0.320371,1.528427
0.191240,-0.320984,1.539889
-0.053729,-0.665409,1.584210
0.169004,-0.665569,1.620688
-0.043836,-0.701397,1.508190
0.176872,-0.711473,1.549783
0.167129,0.673483,1.564185
0.122686,0.507218,1.563490
0.002811,0.434855,1.498425
0.260617,0.374337,1.520583
-0.043329,0.301017,1.330131
0.310484,0.205312,1.398117
0.219432,0.257602,1.398117
0.055235,0.277134,1.374172
0.284865,0.267014,1.387065
-0.041093,0.291149,1.289273
0.103110,0.148564,1.552348
0.106857,0.087125,1.497181
0.045194,0.023591,1.449468
0.165303,0.019724,1.519852
-0.023477,-0.320301,1.528535
0.191527,-0.320270,1.539782
-0.053442,-0.663733,1.584067
0.169114,-0.664611,1.620332
-0.043263,-0.699718,1.508111
0.177394,-0.710621,1.549302
0.169464,0.673816,1.563990
0.125461,0.507255,1.562391
0.005364,0.435988,1.498247
0.262169,0.375591,1.520987
-0.041694,0.305414,1.327533
0.311152,0.206855,1.397969
0.219742,0.256531,1.397969
0.056082,0.277638,1.372045
0.285143,0.265939,1.384932
-0.040418,0.291571,1.288158
0.104363,0.149205,1.552006
0.107887,0.087674,1.496984
0.045793,0.024528,1.449840
0.166292,0.020187,1.519325
-0.022933,-0.319928,1.528577
0.192649,-0.319580,1.539676
-0.053377,-0.662457,1.583802
0.168765,-0.663657,1.619779
-0.043045,-0.698449,1.507894
0.177169,-0.709701,1.548691
0.170177,0.676055,1.564681
0.132670,0.507359,1.560374
0.017675,0.448803,1.503112
0.263417,0.375688,1.520222
-0.036063,0.319072,1.329260
0.314069,0.207291,1.397792
0.222988,0.257360,1.397792
0.061881,0.284170,1.371155
0.288370,0.266764,1.384038
-0.055216,0.326704,1.296553
0.106637,0.150948,1.551633
0.109107,0.089373,1.496735
0.047929,0.029879,1.452510
0.166399,0.022036,1.517649
-0.022266,-0.319382,1.528603
0.193598,-0.317337,1.539582
-0.053361,-0.657382,1.582713
0.168973,-0.661348,1.618753
-0.043729,-0.693408,1.506744
0.176893,-0.707658,1.547194
0.175314,0.677447,1.562823
0.139747,0.508259,1.558107
0.024448,0.454642,1.503343
0.267011,0.375455,1.517782
-0.035917,0.324635,1.323118
0.319577,0.206840,1.397065
0.220559,0.254541,1.397065
0.070816,0.291375,1.366090
0.285946,0.263946,1.378974
-0.008806,0.335553,1.315658
0.109771,0.152741,1.551212
0.111079,0.090926,1.496547
0.049896,0.032296,1.453647
0.167052,0.023109,1.516905
-0.018392,-0.313979,1.527317
0.194872,-0.315929,1.539906
-0.054407,-0.654988,1.581468
0.168961,-0.659872,1.618057
-0.045307,-0.691057,1.505468
0.176452,-0.706356,1.546207
0.185609,0.677148,1.562306
0.144564,0.508931,1.556111
0.028289,0.456876,1.501918
0.270604,0.374981,1.515000
-0.035925,0.327665,1.319296
0.324537,0.205592,1.396732
0.218499,0.250767,1.396732
0.077107,0.292669,1.361791
0.283892,0.260173,1.374676
-0.004051,0.333978,1.314252
0.111957,0.154261,1.550806
0.112440,0.092319,1.496371
0.050971,0.034337,1.454688
0.167643,0.024486,1.516034
-0.015687,-0.308716,1.526190
0.196310,-0.314208,1.539999
-0.054664,-0.652989,1.580406
0.168999,-0.658048,1.617239
-0.045965,-0.689096,1.504393
0.176155,-0.704646,1.545170
0.187215,0.678321,1.559901
0.151551,0.508721,1.552791
0.030672,0.458907,1.500690
0.275151,0.374494,1.512547
-0.034464,0.329647,1.315515
0.327026,0.203771,1.395836
0.223186,0.271788,1.395836
0.080884,0.293487,1.364970
0.288585,0.281194,1.377857
-0.001251,0.332803,1.310749
0.114803,0.156187,1.550277
0.114246,0.094171,1.496177
0.051740,0.036142,1.455503
0.168673,0.025810,1.515313
-0.013636,-0.304863,1.525190
0.197611,-0.312620,1.539889
-0.055070,-0.651192,1.579205
0.169053,-0.656298,1.616472
-0.046904,-0.687368,1.503177
0.175688,-0.702999,1.544282
0.191163,0.678261,1.561188
0.156816,0.507757,1.550351
0.035149,0.459741,1.498496
0.281291,0.372904,1.509353
-0.036005,0.331338,1.311994
0.334805,0.201238,1.395657
0.215307,0.243337,1.395657
0.088845,0.291530,1.350371
0.280714,0.252745,1.363259
0.006288,0.329931,1.310452
0.117378,0.157341,1.549803
0.115950,0.095366,1.496012
0.052615,0.037300,1.456039
0.169685,0.026695,1.514849
-0.012575,-0.302912,1.524217
0.199691,-0.311438,1.539668
-0.054911,-0.650043,1.577541
0.169491,-0.654836,1.615880
-0.047134,-0.686271,1.501506
0.175566,-0.701471,1.543737
0.196228,0.676113,1.557880
0.163081,0.505057,1.544982
0.038339,0.459824,1.495234
0.285908,0.372091,1.506701
-0.046747,0.332612,1.309498
0.340439,0.199501,1.395711
0.205009,0.246499,1.395711
0.093919,0.288157,1.348129
0.270427,0.255908,1.361019
0.011881,0.327566,1.309473
0.119680,0.158540,1.548782
0.117507,0.096428,1.495488
0.053035,0.038305,1.456489
0.171230,0.027715,1.513820
-0.011178,-0.299377,1.522564
0.203711,-0.310016,1.538660
-0.055052,-0.647294,1.574757
0.179668,-0.573585,1.589016
-0.047652,-0.685585,1.499207
0.187312,-0.609943,1.513036
0.212987,0.674015,1.557732
0.166542,0.505765,1.542639
0.040751,0.458836,1.492199
0.291051,0.372435,1.504887
-0.049936,0.331427,1.308570
0.346311,0.198651,1.397087
0.201616,0.245622,1.397087
0.109916,0.306667,1.347933
0.266990,0.255025,1.360814
0.023031,0.332153,1.300951
0.122215,0.160977,1.547357
0.119704,0.099249,1.494458
0.054400,0.041948,1.457865
0.173304,0.030791,1.510800
-0.009513,-0.295261,1.519934
0.205807,-0.306487,1.537991
-0.055632,-0.643240,1.569521
0.180051,-0.573824,1.589131
-0.048250,-0.682753,1.494248
0.187847,-0.610218,1.513187
0.213301,0.673400,1.552256
0.169915,0.504347,1.537282
0.042301,0.456365,1.487871
0.294392,0.372130,1.503091
-0.053579,0.330320,1.308963
0.355463,0.198538,1.399338
0.132184,0.259387,1.399338
0.108334,0.280935,1.318457
0.197516,0.268785,1.331331
0.025868,0.319270,1.310086
0.124287,0.162609,1.545416
0.121685,0.100925,1.493087
0.055501,0.043756,1.458463
0.175454,0.032447,1.507898
-0.007329,-0.287566,1.513597
0.208217,-0.304358,1.537073
-0.055916,-0.635913,1.558830
0.180835,-0.574049,1.589259
-0.049151,-0.682435,1.485011
0.188995,-0.610571,1.513419
0.224237,0.668013,1.541438
0.172096,0.502218,1.531493
0.042336,0.451574,1.481859
0.297258,0.371256,1.500161
-0.055298,0.327438,1.309741
0.376769,0.200418,1.408035
0.132255,0.261311,1.408035
0.127517,0.274194,1.317898
0.197547,0.270703,1.330763
0.044694,0.311429,1.315522
0.126304,0.163922,1.542995
0.123850,0.102373,1.491272
0.056714,0.045134,1.458668
0.177996,0.033689,1.504621
-0.006809,-0.284552,1.504086
0.210066,-0.302656,1.536104
-0.056466,-0.633284,1.545574
0.181564,-0.573838,1.589030
-0.049562,-0.682873,1.472363
0.190168,-0.610497,1.513306
0.232183,0.665330,1.540914
0.175493,0.500243,1.525908
0.042164,0.443398,1.473102
0.304790,0.369185,1.494729
-0.056287,0.319400,1.313846
0.194111,0.245946,1.357774
0.137801,0.271954,1.357774
0.000315,0.283546,1.297750
0.203055,0.281340,1.310608
-0.066133,0.345504,1.291778
0.129119,0.165547,1.540002
0.126706,0.104354,1.488861
0.057893,0.046283,1.458619
0.181464,0.035233,1.500460
-0.006693,-0.284596,1.493744
0.211170,-0.300648,1.535104
-0.055044,-0.633693,1.533127
0.182954,-0.573295,1.588282
-0.047657,-0.683322,1.460037
0.191894,-0.610071,1.512655
0.233901,0.661857,1.542173
0.179487,0.494925,1.517217
0.040032,0.438900,1.469612
0.308582,0.367786,1.490456
-0.064538,0.314614,1.322344
0.388890,0.193723,1.409400
0.130460,0.275550,1.409400
0.136537,0.199413,1.291655
0.195672,0.284930,1.304504
0.065554,0.256012,1.302639
0.131600,0.163671,1.535387
0.128152,0.102618,1.485561
0.057996,0.045534,1.459663
0.185057,0.030710,1.486633
-0.006801,-0.286628,1.482056
0.214023,-0.303085,1.533071
-0.052240,-0.635675,1.522620
0.184225,-0.572655,1.587308
-0.045312,-0.685240,1.449886
0.192392,-0.609637,1.511698
0.239870,0.660455,1.539323
0.182225,0.494407,1.511811
0.037141,0.431115,1.465167
0.338344,0.382912,1.499908
-0.074503,0.303667,1.334616
0.386009,0.199978,1.410902
0.110525,0.232781,1.410902
0.138867,0.183489,1.298318
0.175706,0.242156,1.311162
0.067903,0.239803,1.296427
0.137360,0.173246,1.528608
0.136567,0.116261,1.478918
0.061191,0.050989,1.457718
0.193293,0.040709,1.482547
-0.004452,-0.281872,1.471190
0.214981,-0.293442,1.528550
-0.044871,-0.632183,1.506940
0.185032,-0.571899,1.586417
-0.035974,-0.681286,1.433661
0.195339,-0.608789,1.511014
0.243427,0.657933,1.534708
0.181799,0.493126,1.504099
0.034042,0.421863,1.460580
0.340000,0.385206,1.498932
-0.081115,0.289456,1.340755
0.389018,0.202497,1.410778
0.172875,0.227302,1.410778
0.231504,0.140612,1.293711
0.238028,0.236673,1.306548
0.146547,0.131138,1.262127
0.138834,0.176304,1.524554
0.138214,0.118831,1.476217
0.062423,0.052824,1.456488
0.196426,0.043534,1.479389
-0.000775,-0.283089,1.461303
0.216086,-0.290574,1.524815
-0.039785,-0.635271,1.484567
0.185708,-0.571135,1.585155
-0.030296,-0.682546,1.410699
0.196323,-0.608243,1.509890
0.249822,0.661010,1.531158
0.180276,0.499223,1.497123
0.030869,0.414082,1.457320
0.341270,0.387987,1.495261
-0.086998,0.278013,1.346745
0.393743,0.204900,1.405421
0.174298,0.225491,1.405421
0.235795,0.137901,1.293468
0.239431,0.234859,1.306301
0.153558,0.114974,1.260644
0.139871,0.177509,1.519686
0.138946,0.118671,1.472718
0.062786,0.052877,1.454847
0.198860,0.042555,1.474600
0.005008,-0.286082,1.449054
0.216826,-0.290978,1.522296
-0.036124,-0.639121,1.461212
0.186336,-0.570519,1.583751
-0.027042,-0.684809,1.386825
0.196397,-0.607808,1.508476
0.251881,0.661478,1.522009
0.177244,0.501985,1.488553
0.027511,0.409778,1.455381
0.342257,0.391337,1.487616
-0.091398,0.269323,1.354175
0.393992,0.206736,1.404669
0.089972,0.209197,1.404669
0.211025,0.121949,1.285333
0.155047,0.218557,1.298155
0.169914,0.083288,1.224670
0.141752,0.177960,1.512993
0.140222,0.118043,1.467674
0.063564,0.052422,1.452913
0.202610,0.040670,1.467059
0.009973,-0.288957,1.438486
0.217655,-0.291959,1.518939
-0.028094,-0.643668,1.429262
0.186658,-0.569961,1.582259
-0.020452,-0.687803,1.354147
0.195020,-0.607379,1.506842
0.256198,0.662923,1.512246
0.178718,0.504835,1.480134
0.020903,0.400942,1.449549
0.338330,0.394867,1.476276
-0.097515,0.254914,1.359251
0.397165,0.209542,1.400688
0.081344,0.201433,1.400688
0.208214,0.094910,1.277596
0.146334,0.210781,1.290402
0.171163,0.070898,1.217174
0.143905,0.176486,1.505013
0.141336,0.115131,1.461125
0.064057,0.050589,1.449478
0.204613,0.036912,1.459643
0.016075,-0.292012,1.425754
0.217332,-0.297327,1.515173
-0.020286,-0.646676,1.387113
0.186687,-0.569467,1.580606
-0.014173,-0.690215,1.311351
0.193419,-0.606969,1.505073
0.259152,0.664743,1.502302
0.179990,0.507502,1.470600
0.018949,0.398267,1.446339
0.337507,0.394834,1.464312
-0.089545,0.242062,1.363206
0.400801,0.211705,1.394554
0.090704,0.171642,1.394554
0.234401,0.064453,1.267789
0.155656,0.180984,1.280588
0.176661,0.033713,1.216298
0.146902,0.176061,1.494939
0.143122,0.113776,1.452626
0.064825,0.049662,1.444949
0.208153,0.034557,1.447695
0.021049,-0.293400,1.412513
0.217911,-0.301167,1.511278
-0.013300,-0.647295,1.362508
0.187231,-0.568064,1.576924
-0.009285,-0.690391,1.286433
0.191788,-0.605583,1.501240
0.259054,0.664829,1.488596
0.178791,0.508103,1.457254
0.016527,0.396640,1.442033
0.328461,0.396697,1.448042
-0.090769,0.236919,1.367341
0.401604,0.214867,1.386293
0.075529,0.157843,1.386293
0.302409,0.082225,1.257689
0.140544,0.167195,1.270499
0.237293,0.034121,1.209110
0.148975,0.173764,1.481837
0.143917,0.110562,1.441117
0.065686,0.048417,1.435821
0.209643,0.031573,1.436546
0.027074,-0.289285,1.398701
0.218857,-0.303395,1.504798
-0.009307,-0.640930,1.331034
0.187053,-0.567671,1.573971
-0.008801,-0.689421,1.253908
0.188688,-0.605246,1.498163
0.255017,0.658471,1.457698
0.173931,0.502136,1.426611
0.012933,0.390428,1.421760
0.314706,0.395869,1.414873
-0.095664,0.226535,1.368973
0.400904,0.218031,1.360172
0.025647,0.112447,1.360172
0.279644,0.031399,1.248058
0.085783,0.062202,1.202644
0.237186,-0.022686,1.163864
0.153821,0.162974,1.446949
0.148779,0.099047,1.406285
0.072243,0.039262,1.397345
0.216786,0.023040,1.405128
0.038976,-0.296894,1.363129
0.220713,-0.308775,1.487220
0.008911,-0.643250,1.262743
0.186238,-0.569159,1.569001
0.006317,-0.692342,1.182289
0.184509,-0.606498,1.493057
0.253069,0.657381,1.448050
0.171859,0.501064,1.416837
0.011292,0.390515,1.411311
0.312050,0.394557,1.405514
-0.096316,0.224691,1.369271
0.397451,0.210852,1.343894
0.017227,0.105573,1.343894
0.279523,0.022668,1.245633
0.074409,0.052040,1.200051
0.240915,-0.027858,1.159680
0.154116,0.163312,1.437005
0.149669,0.099521,1.397285
0.073101,0.038333,1.390780
0.218981,0.026424,1.391901
0.040743,-0.297648,1.354272
0.220988,-0.310235,1.476863
0.011314,-0.644773,1.258991
0.186505,-0.568561,1.561189
0.009032,-0.694232,1.178720
0.185081,-0.605947,1.485241
0.243558,0.647153,1.406134
0.162232,0.490870,1.374921
0.007911,0.394449,1.375148
0.302072,0.388121,1.366004
-0.092167,0.221929,1.356036
0.388837,0.208745,1.320175
-0.024771,0.075395,1.320175
0.300840,0.001534,1.227905
0.024570,0.010915,1.187535
0.270435,-0.064756,1.131913
0.153276,0.159148,1.394160
0.150103,0.096618,1.354982
0.073954,0.032992,1.349171
0.222138,0.028376,1.349720
0.047343,-0.303303,1.311231
0.215942,-0.316604,1.446849
0.047249,-0.647029,1.197382
0.184826,-0.557738,1.532839
0.047125,-0.694716,1.114123
0.182714,-0.595086,1.456877
0.241174,0.644935,1.397329
0.159830,0.488624,1.366130
0.005179,0.393960,1.362707
0.299901,0.387565,1.356832
-0.094756,0.210459,1.342046
0.384551,0.207735,1.310365
-0.029664,0.060437,1.310365
0.301775,-0.004275,1.217318
0.016899,-0.006375,1.177347
0.273934,-0.067448,1.128388
0.150596,0.158049,1.382560
0.147931,0.096124,1.343267
0.071633,0.031936,1.338523
0.220238,0.028438,1.335568
0.049891,-0.304586,1.300138
0.214399,-0.317628,1.431812
0.039702,-0.653178,1.210692
0.186323,-0.556437,1.524714
0.039274,-0.702446,1.128844
0.185086,-0.593649,1.448649
0.235805,0.645536,1.382594
0.154445,0.489199,1.351406
-0.000289,0.396378,1.339566
0.284275,0.390400,1.335581
-0.097585,0.210790,1.333246
0.378410,0.203476,1.296409
-0.042746,0.048202,1.296409
0.308789,-0.015031,1.206227
-0.001520,-0.022004,1.166128
0.284824,-0.078293,1.118482
0.145592,0.155341,1.361606
0.143340,0.093614,1.320362
0.069845,0.030785,1.313048
0.213657,0.028679,1.313755
0.044466,-0.305574,1.277650
0.211511,-0.312483,1.403205
0.047750,-0.655675,1.196166
0.191094,-0.548650,1.489918
0.050213,-0.704473,1.114670
0.190347,-0.585473,1.413772
0.217739,0.633876,1.330099
0.136359,0.477506,1.298926
-0.021571,0.405359,1.290252
0.273523,0.386201,1.299152
-0.105749,0.207058,1.285034
0.363165,0.190944,1.268305
-0.063483,0.008221,1.268305
0.327731,-0.024554,1.164015
-0.042492,-0.048701,1.135506
0.313855,-0.097426,1.102118
0.127989,0.154149,1.306444
0.128117,0.095336,1.263927
0.053801,0.033105,1.253591
0.199600,0.026185,1.257829
0.036020,-0.304005,1.224731
0.210128,-0.323300,1.345181
0.015341,-0.658005,1.204342
0.186925,-0.619757,1.487107
0.017507,-0.707780,1.130414
0.190054,-0.656376,1.410902
0.270195,0.640821,1.320892
0.188799,0.484419,1.289730
-0.022148,0.406519,1.278347
0.270905,0.385088,1.288564
-0.108027,0.198643,1.266434
0.356326,0.185524,1.259875
-0.068016,0.002526,1.259875
0.332299,-0.027575,1.155776
-0.050984,-0.055541,1.127055
0.320935,-0.100317,1.100222
0.132358,0.155394,1.298615
0.128976,0.095955,1.254621
0.051367,0.034886,1.241059
0.195954,0.027267,1.247685
0.031595,-0.302176,1.216779
0.213716,-0.316954,1.313313
0.042349,-0.656480,1.202911
0.186892,-0.624965,1.452635
0.048770,-0.705917,1.129021
0.190418,-0.661706,1.376485
0.203483,0.627296,1.285709
0.122078,0.470876,1.254561
-0.027105,0.404543,1.252095
0.268300,0.387297,1.271782
-0.110084,0.189176,1.241124
0.350008,0.179905,1.250785
-0.075223,-0.015027,1.250785
0.335866,-0.027452,1.132537
-0.062769,-0.075348,1.106385
0.326883,-0.100418,1.099862
0.119458,0.155134,1.271960
0.121116,0.096161,1.230658
0.047104,0.034208,1.219049
0.191817,0.026671,1.228593
0.021837,-0.302531,1.200754
0.216609,-0.319176,1.276294
0.095593,-0.644157,1.235780
0.204064,-0.635128,1.404576
0.105347,-0.689207,1.162899
0.209804,-0.672147,1.328774
0.251637,0.616968,1.268641
0.170220,0.460525,1.237508
-0.035001,0.394010,1.229481
0.264129,0.387018,1.254243
-0.114891,0.180026,1.214125
0.344343,0.175541,1.243409
-0.081214,-0.028869,1.243409
0.339636,-0.029815,1.114028
-0.073455,-0.090563,1.089468
0.332892,-0.100933,1.101284
0.124208,0.152777,1.254542
0.122388,0.094655,1.211748
0.042964,0.031086,1.194699
0.189457,0.025462,1.208730
0.020193,-0.305615,1.192392
0.219284,-0.318658,1.240679
0.105405,-0.645035,1.224678
0.198322,-0.646471,1.349215
0.115009,-0.690772,1.150747
0.205015,-0.683755,1.273589
