0.253841,0.450458,2.872161
0.263504,0.272888,2.885731
0.111497,0.152699,2.845455
0.411645,0.141391,2.826349
0.029800,-0.107090,2.790183
0.491800,-0.117843,2.757926
-0.025515,-0.299054,2.757926
0.501044,-0.291949,2.643961
-0.035885,-0.370084,2.582998
0.508502,-0.371051,2.571048
0.258902,-0.101339,2.826334
0.250332,-0.158633,2.760534
0.179053,-0.224041,2.747104
0.317992,-0.223239,2.732845
0.176833,-0.569747,2.653645
0.337607,-0.584837,2.728111
0.167297,-0.787905,2.558503
0.335196,-0.809609,2.771396
0.158992,-0.832287,2.482905
0.348752,-0.824215,2.727026
0.250959,0.451757,2.853280
0.260162,0.274400,2.866964
0.108351,0.153953,2.822488
0.408813,0.142341,2.811029
0.024648,-0.103350,2.763116
0.490191,-0.117714,2.747377
-0.034962,-0.286763,2.747377
0.499495,-0.295403,2.604454
-0.045319,-0.357609,2.539343
0.507316,-0.375935,2.572071
0.255004,-0.100660,2.806787
0.247342,-0.158020,2.740992
0.176024,-0.223052,2.726218
0.315103,-0.222610,2.714416
0.175565,-0.570783,2.639753
0.335048,-0.584315,2.700059
0.165581,-0.788800,2.545956
0.332436,-0.808430,2.738726
0.157493,-0.834909,2.471844
0.348138,-0.815430,2.700788
0.248103,0.452972,2.835449
0.256684,0.275834,2.849205
0.105125,0.155048,2.801018
0.406073,0.143262,2.796679
0.019099,-0.099292,2.736250
0.488287,-0.117530,2.737504
-0.044040,-0.274314,2.737504
0.497910,-0.298621,2.565857
-0.054766,-0.343386,2.495872
0.506046,-0.380470,2.572958
0.251223,-0.099959,2.788624
0.244468,-0.157385,2.722876
0.173076,-0.222131,2.706766
0.312402,-0.221978,2.697438
0.174287,-0.571831,2.627022
0.332410,-0.583954,2.672606
0.164001,-0.789896,2.535038
0.329663,-0.807428,2.708291
0.155993,-0.838022,2.463005
0.347829,-0.807233,2.674412
0.245363,0.454001,2.818779
0.253138,0.277247,2.832532
0.101806,0.156162,2.780692
0.403485,0.144172,2.783536
0.013431,-0.094786,2.710147
0.486091,-0.117328,2.728203
-0.053241,-0.260523,2.728203
0.496272,-0.301329,2.528995
-0.064151,-0.326981,2.451404
0.504621,-0.384157,2.572371
0.247486,-0.099204,2.771767
0.241701,-0.156703,2.706135
0.170171,-0.221168,2.688416
0.309891,-0.221365,2.682020
0.173021,-0.572872,2.615416
0.329790,-0.583433,2.646701
0.162483,-0.791219,2.525790
0.326411,-0.806490,2.678662
0.154506,-0.841341,2.456050
0.347384,-0.799478,2.648194
0.242727,0.454905,2.803002
0.249223,0.278616,2.816392
0.098395,0.157226,2.761426
0.400964,0.144981,2.771224
0.005790,-0.088540,2.681233
0.483846,-0.117080,2.719600
-0.062406,-0.246040,2.719600
0.494407,-0.303984,2.490853
-0.072860,-0.310037,2.408787
0.503216,-0.387584,2.571890
0.243841,-0.098470,2.756140
0.239069,-0.156072,2.690709
0.167470,-0.220331,2.671696
0.307537,-0.220805,2.667825
0.171791,-0.573884,2.604870
0.327322,-0.582750,2.622373
0.161158,-0.792697,2.517923
0.323491,-0.805577,2.650232
0.153096,-0.845424,2.451772
0.346101,-0.791250,2.622897
0.239176,0.456231,2.785806
0.245139,0.280043,2.800573
0.094223,0.158524,2.741305
0.398093,0.145963,2.758480
-0.003423,-0.077402,2.646398
0.480348,-0.116200,2.710018
-0.074808,-0.220252,2.710018
0.491265,-0.306417,2.442834
-0.083306,-0.281684,2.353413
0.499977,-0.390786,2.568771
0.240035,-0.097541,2.740889
0.236338,-0.155235,2.675699
0.164649,-0.219376,2.655286
0.305172,-0.220117,2.654216
0.170440,-0.574865,2.595163
0.324900,-0.581665,2.598356
0.160264,-0.794080,2.510755
0.320477,-0.804527,2.617787
0.150123,-0.847422,2.448128
0.344542,-0.788014,2.595258
0.235772,0.457448,2.769985
0.241144,0.281443,2.785624
0.090076,0.159822,2.722552
0.394159,0.147199,2.745004
-0.011888,-0.066757,2.614722
0.476710,-0.115170,2.700873
-0.085001,-0.192235,2.700873
0.487675,-0.308790,2.393620
-0.092587,-0.254071,2.302150
0.496091,-0.393635,2.564753
0.236488,-0.096638,2.726792
0.233727,-0.154433,2.661812
0.161994,-0.218465,2.640140
0.302912,-0.219435,2.641712
0.169044,-0.575735,2.586334
0.322660,-0.580582,2.576291
0.159558,-0.795362,2.504480
0.317681,-0.803581,2.588717
0.146653,-0.848892,2.446748
0.343716,-0.781418,2.566395
0.232458,0.458584,2.755336
0.237326,0.282747,2.771796
0.086083,0.161172,2.705143
0.390368,0.148358,2.732519
-0.019731,-0.056069,2.585139
0.472790,-0.114065,2.691598
-0.094007,-0.163516,2.691598
0.483514,-0.310918,2.350146
-0.100901,-0.224347,2.253058
0.491412,-0.395830,2.559074
0.233027,-0.095784,2.713718
0.231180,-0.153674,2.648941
0.159418,-0.217600,2.626090
0.300692,-0.218782,2.630153
0.167657,-0.576581,2.578315
0.320549,-0.579465,2.556053
0.159000,-0.796724,2.499229
0.314792,-0.802652,2.562204
0.142978,-0.850439,2.447264
0.343278,-0.775623,2.540696
0.229341,0.459681,2.741909
0.233658,0.283993,2.758838
0.082335,0.162652,2.688983
0.387013,0.149495,2.721210
-0.026911,-0.045278,2.557448
0.468695,-0.112767,2.682505
-0.101690,-0.134162,2.682505
0.479041,-0.312592,2.306020
-0.107937,-0.194530,2.208033
0.486135,-0.397390,2.552593
0.229682,-0.094871,2.701617
0.228751,-0.152857,2.637068
0.156942,-0.216698,2.613104
0.298601,-0.218114,2.619550
0.166277,-0.577350,2.571033
0.318558,-0.578313,2.537473
0.158526,-0.798073,2.494971
0.312051,-0.801736,2.537815
0.139491,-0.851890,2.447890
0.343071,-0.770426,2.517190
0.226397,0.460762,2.729526
0.230047,0.285139,2.746694
0.078786,0.164055,2.674121
0.383405,0.150624,2.710057
-0.034093,-0.031257,2.528328
0.464174,-0.111264,2.673003
-0.107545,-0.106700,2.673003
0.474224,-0.313531,2.262751
-0.113320,-0.164585,2.166603
0.480272,-0.397940,2.544809
0.226457,-0.094018,2.690337
0.226365,-0.152089,2.625989
0.154566,-0.215845,2.601078
0.296519,-0.217455,2.609651
0.164911,-0.578039,2.564394
0.316682,-0.577217,2.520462
0.158227,-0.799323,2.491341
0.309509,-0.800927,2.515821
0.135811,-0.852662,2.450167
0.342689,-0.765635,2.495621
0.223642,0.461773,2.718155
0.226584,0.286227,2.735335
0.075555,0.165468,2.660425
0.380328,0.151636,2.699844
-0.041129,-0.015728,2.499514
0.459685,-0.109768,2.663650
-0.111616,-0.080837,2.663650
0.469200,-0.313975,2.219949
-0.116477,-0.135034,2.128436
0.473908,-0.397976,2.536076
0.223362,-0.093160,2.679873
0.224082,-0.151314,2.615730
0.152293,-0.215016,2.589971
0.294529,-0.216805,2.600459
0.163532,-0.578645,2.558357
0.314941,-0.576192,2.505040
0.158075,-0.800465,2.488331
0.307335,-0.800220,2.495735
0.132267,-0.853105,2.453481
0.342402,-0.761059,2.476706
0.220907,0.462712,2.707349
0.223301,0.287264,2.724806
0.072434,0.166842,2.647897
0.376690,0.152656,2.689100
-0.048563,-0.000640,2.472749
0.455312,-0.108219,2.654522
-0.115166,-0.060371,2.654522
0.463857,-0.313466,2.189051
-0.117281,-0.105671,2.095004
0.466825,-0.397597,2.525060
0.220485,-0.092351,2.670179
0.221871,-0.150574,2.606170
0.150119,-0.214233,2.579693
0.292568,-0.216162,2.591855
0.162174,-0.579179,2.552879
0.313342,-0.575261,2.491079
0.158028,-0.801542,2.486078
0.305412,-0.799622,2.477872
0.128823,-0.853211,2.456832
0.342052,-0.756918,2.459623
0.218339,0.463625,2.697364
0.220274,0.288242,2.715161
0.069518,0.168196,2.636355
0.373253,0.153666,2.679116
-0.056640,0.011292,2.447444
0.451120,-0.106692,2.645672
-0.116621,-0.038682,2.645672
0.458481,-0.312654,2.158739
-0.116155,-0.077520,2.064340
0.459848,-0.396542,2.513979
0.217774,-0.091568,2.661205
0.219778,-0.149847,2.597298
0.148064,-0.213457,2.570135
0.290694,-0.215516,2.583862
0.160876,-0.579649,2.547891
0.311891,-0.574420,2.478540
0.158070,-0.802551,2.484454
0.303704,-0.799096,2.461922
0.125523,-0.853065,2.460316
0.341729,-0.753208,2.444345
0.215939,0.464489,2.688147
0.217423,0.289203,2.706081
0.066787,0.169546,2.625830
0.370262,0.154693,2.669991
-0.063843,0.021932,2.425803
0.446947,-0.105092,2.636710
-0.117295,-0.018761,2.636710
0.453293,-0.311727,2.132729
-0.113899,-0.051073,2.038529
0.453164,-0.395251,2.503023
0.215205,-0.090729,2.652854
0.217778,-0.149055,2.589045
0.146110,-0.212677,2.561339
0.288901,-0.214821,2.576368
0.159629,-0.580043,2.543329
0.310583,-0.573664,2.467255
0.158203,-0.803444,2.483270
0.302169,-0.798628,2.447654
0.122421,-0.852821,2.464317
0.341445,-0.749914,2.430688
0.213727,0.465278,2.679660
0.214698,0.290110,2.697511
0.064471,0.170960,2.616047
0.367619,0.155720,2.661623
-0.070375,0.031629,2.406919
0.442979,-0.103497,2.628030
-0.116525,0.000689,2.628030
0.448315,-0.310664,2.110497
-0.109567,-0.024578,2.017778
0.446785,-0.393787,2.492146
0.212792,-0.089877,2.645098
0.215937,-0.148253,2.581402
0.144345,-0.211866,2.553195
0.287242,-0.214118,2.569449
0.158443,-0.580385,2.539155
0.309399,-0.573001,2.457088
0.158414,-0.804261,2.482608
0.300773,-0.798211,2.434841
0.119545,-0.852547,2.468311
0.341181,-0.747012,2.418423
0.211626,0.466095,2.671720
0.212158,0.290986,2.689553
0.062416,0.172372,2.607081
0.364810,0.156898,2.653255
-0.076342,0.040389,2.390103
0.439109,-0.101977,2.619380
-0.114429,0.019299,2.619380
0.443592,-0.309616,2.091706
-0.103456,0.001044,2.001332
0.440776,-0.392229,2.481542
0.210579,-0.089075,2.637898
0.214218,-0.147495,2.574283
0.142750,-0.211083,2.545723
0.285627,-0.213393,2.562942
0.157385,-0.580689,2.535331
0.308333,-0.572411,2.447902
0.158664,-0.805019,2.482403
0.299504,-0.797832,2.423250
0.116828,-0.852095,2.472029
0.340942,-0.744412,2.407363
0.209637,0.466872,2.664320
0.209809,0.291809,2.682200
0.060557,0.173743,2.598922
0.362057,0.158062,2.645185
-0.081891,0.048505,2.375041
0.435476,-0.100440,2.610999
-0.112241,0.039548,2.610999
0.439191,-0.308507,2.076293
-0.095243,0.025929,1.989401
0.435231,-0.390655,2.471457
0.208557,-0.088315,2.631269
0.212627,-0.146774,2.567718
0.141299,-0.210334,2.538891
0.284100,-0.212671,2.556895
0.156369,-0.580949,2.531836
0.307358,-0.571883,2.439575
0.158933,-0.805708,2.482483
0.298326,-0.797526,2.412792
0.114277,-0.851545,2.475592
0.340725,-0.742050,2.397336
0.207774,0.467631,2.657524
0.207660,0.292592,2.675442
0.058792,0.175102,2.591586
0.359704,0.159210,2.637783
-0.087004,0.055950,2.361575
0.432111,-0.098935,2.603076
-0.109592,0.058448,2.603076
0.435103,-0.307383,2.063692
-0.085224,0.049982,1.981977
0.430159,-0.389138,2.462005
0.206713,-0.087522,2.625146
0.211155,-0.145988,2.561630
0.139950,-0.209577,2.532619
0.282704,-0.211901,2.551230
0.155404,-0.581169,2.528638
0.306455,-0.571400,2.432036
0.159239,-0.806323,2.482795
0.297205,-0.797304,2.403495
0.111871,-0.850846,2.479194
0.340510,-0.739944,2.388274
0.206040,0.468381,2.651211
0.205700,0.293341,2.669168
0.057142,0.176436,2.584955
0.357604,0.160326,2.630974
-0.091665,0.062840,2.349578
0.428947,-0.097408,2.595371
-0.106312,0.076490,2.595371
0.431340,-0.306296,2.053939
-0.074052,0.072525,1.978416
0.425580,-0.387671,2.453249
0.205039,-0.086724,2.619505
0.209808,-0.145190,2.556020
0.138712,-0.208838,2.526872
0.281438,-0.211129,2.545980
0.154546,-0.581410,2.525706
0.305610,-0.570954,2.425248
0.159592,-0.807018,2.483366
0.296115,-0.797168,2.395371
0.109571,-0.849681,2.482783
0.340301,-0.738123,2.380185
0.204436,0.469138,2.645332
0.203924,0.294059,2.663404
0.055603,0.177731,2.578967
0.355561,0.161495,2.624416
-0.095905,0.069283,2.338850
0.426057,-0.095915,2.588089
-0.102170,0.093577,2.588089
0.427931,-0.305246,2.046632
-0.061444,0.093648,1.978719
0.421541,-0.386429,2.445039
0.203543,-0.085945,2.614319
0.208583,-0.144405,2.550851
0.137592,-0.208117,2.521599
0.280280,-0.210357,2.541113
0.153761,-0.581628,2.523029
0.304816,-0.570540,2.419182
0.159958,-0.807683,2.484022
0.295051,-0.797108,2.388378
0.107453,-0.848517,2.486134
0.340084,-0.736575,2.373039
0.202952,0.469842,2.639866
0.202305,0.294725,2.658104
0.054168,0.178955,2.573580
0.353635,0.162623,2.618178
-0.099780,0.075286,2.329329
0.423459,-0.094433,2.581190
-0.094169,0.109801,2.581190
0.424869,-0.304296,2.043895
-0.048111,0.113066,1.982123
0.417980,-0.385327,2.437545
0.202201,-0.085198,2.609543
0.207463,-0.143645,2.546082
0.136570,-0.207426,2.516764
0.279219,-0.209600,2.536583
0.153050,-0.581809,2.520575
0.304069,-0.570162,2.413804
0.160347,-0.808262,2.484735
0.294057,-0.797137,2.382532
0.105512,-0.847377,2.489510
0.339851,-0.735282,2.366777
0.201573,0.470536,2.634785
0.200846,0.295359,2.653214
0.052871,0.179980,2.568676
0.351845,0.163694,2.612258
-0.103300,0.080859,2.320929
0.421123,-0.093046,2.574674
-0.085373,0.124762,2.574674
0.422160,-0.303412,2.043479
-0.031770,0.131813,1.990416
0.414858,-0.384335,2.430657
0.201009,-0.084489,2.605110
0.206455,-0.142926,2.541644
0.135653,-0.206780,2.512313
0.278261,-0.208866,2.532312
0.152381,-0.581960,2.518319
0.303326,-0.569901,2.409063
0.160745,-0.808776,2.485495
0.293263,-0.797420,2.377789
0.103756,-0.846241,2.492434
0.334298,-0.743488,2.368012
0.200283,0.471170,2.630068
0.199530,0.295962,2.648696
0.051704,0.180889,2.564217
0.350358,0.164698,2.606749
-0.106487,0.086046,2.313607
0.418929,-0.091926,2.568136
-0.072367,0.138521,2.568136
0.419766,-0.302699,2.046988
-0.015515,0.148411,2.000571
0.412102,-0.383422,2.424322
0.199943,-0.083807,2.601020
0.205545,-0.142236,2.537549
0.134821,-0.206177,2.508244
0.277406,-0.208161,2.528307
0.151753,-0.582079,2.516243
0.302616,-0.569691,2.404938
0.161138,-0.809226,2.486293
0.292475,-0.797809,2.374070
0.102152,-0.845164,2.495124
0.333106,-0.744147,2.364537
0.199102,0.471756,2.625744
0.198349,0.296526,2.644540
0.050637,0.181723,2.560185
0.349099,0.165632,2.601655
-0.109353,0.090861,2.307336
0.417004,-0.090890,2.562063
-0.058863,0.150987,2.562063
0.417658,-0.302037,2.052572
0.000894,0.163229,2.012877
0.409702,-0.382659,2.418538
0.199001,-0.083151,2.597243
0.204730,-0.141568,2.533764
0.134069,-0.205613,2.504520
0.276658,-0.207475,2.524533
0.151159,-0.582156,2.514320
0.301961,-0.569519,2.401361
0.161525,-0.809599,2.487112
0.291756,-0.798276,2.371261
0.100694,-0.844156,2.497625
0.332017,-0.744802,2.361619
0.198007,0.472323,2.621740
0.197299,0.297060,2.640713
0.049665,0.182477,2.556540
0.348013,0.166529,2.596928
-0.111901,0.095324,2.302064
0.415315,-0.089937,2.556428
-0.042530,0.161817,2.556428
0.415797,-0.301422,2.061390
0.017319,0.176373,2.027112
0.407621,-0.382009,2.413251
0.198176,-0.082515,2.593744
0.204001,-0.140921,2.530255
0.133389,-0.205086,2.501114
0.276002,-0.206801,2.520952
0.150663,-0.582600,2.512501
0.301315,-0.569417,2.398320
0.162099,-0.810710,2.488569
0.290928,-0.798877,2.369344
0.100022,-0.842357,2.499859
0.329226,-0.749126,2.358265
0.197000,0.472866,2.618043
0.196370,0.297560,2.637193
0.048777,0.183159,2.553250
0.347079,0.167387,2.592551
-0.114135,0.099447,2.297625
0.413883,-0.089048,2.551174
-0.026090,0.171276,2.551174
0.414173,-0.300848,2.071552
0.033896,0.187637,2.043022
0.405827,-0.381439,2.408417
0.197466,-0.081900,2.590501
0.203361,-0.140294,2.527000
0.132779,-0.204595,2.497999
0.275448,-0.206130,2.517545
0.150214,-0.582884,2.510842
0.300688,-0.569370,2.395777
0.162593,-0.811551,2.489863
0.290575,-0.799533,2.367673
0.099330,-0.840416,2.501843
0.328017,-0.750260,2.356050
0.196072,0.473394,2.614629
0.195550,0.298026,2.633967
0.047971,0.183745,2.550261
0.346286,0.168206,2.588496
-0.116002,0.103259,2.294171
0.412658,-0.088238,2.546263
-0.009039,0.179589,2.546263
0.412787,-0.300382,2.083032
0.049597,0.197163,2.059392
0.404284,-0.380928,2.403997
0.196861,-0.081312,2.587494
0.202802,-0.139692,2.523977
0.132237,-0.204137,2.495129
0.274982,-0.205483,2.514336
0.149801,-0.583113,2.509326
0.300080,-0.569376,2.393690
0.163070,-0.812273,2.491117
0.290363,-0.800276,2.366632
0.098690,-0.838477,2.503596
0.326902,-0.751277,2.354327
0.195223,0.473890,2.611511
0.194826,0.298461,2.630992
0.047236,0.184264,2.547579
0.345617,0.168985,2.584740
-0.117556,0.106731,2.291413
0.411627,-0.087489,2.541703
0.012329,0.186208,2.541703
0.411586,-0.299957,2.097298
0.064658,0.205125,2.076270
0.402998,-0.380475,2.399926
0.196352,-0.080750,2.584705
0.202317,-0.139117,2.521174
0.131757,-0.203711,2.492497
0.274592,-0.204860,2.511322
0.149427,-0.583328,2.507941
0.299489,-0.569430,2.392025
0.163543,-0.812976,2.492388
0.290290,-0.801084,2.366119
0.098181,-0.836459,2.505214
0.325875,-0.752169,2.353086
0.194451,0.474367,2.608641
0.194189,0.298865,2.628263
0.046580,0.184697,2.545156
0.345075,0.169724,2.581254
-0.118827,0.109878,2.289337
0.410764,-0.086801,2.537469
0.031426,0.191900,2.537469
0.410572,-0.299558,2.111092
0.078623,0.211709,2.092798
0.401948,-0.380075,2.396181
0.195936,-0.080215,2.582111
0.201908,-0.138569,2.518563
0.131341,-0.203315,2.490067
0.274287,-0.204261,2.508473
0.149085,-0.583519,2.506674
0.298916,-0.569531,2.390753
0.164005,-0.813624,2.493648
0.290335,-0.801958,2.366122
0.097716,-0.834522,2.506684
0.324943,-0.752958,2.352295
0.193747,0.474813,2.606020
0.193632,0.299241,2.625753
0.046006,0.185042,2.543000
0.344643,0.170422,2.578033
-0.119797,0.112705,2.287885
0.410055,-0.086149,2.533558
0.049241,0.196662,2.533558
0.409726,-0.299181,2.124484
0.091484,0.217146,2.109045
0.401114,-0.379731,2.392737
0.195608,-0.079707,2.579695
0.201570,-0.138048,2.516129
0.130987,-0.202945,2.487823
0.274054,-0.203688,2.505784
0.148777,-0.583681,2.505519
0.298405,-0.569613,2.389781
0.164440,-0.814191,2.494873
0.290481,-0.802794,2.366501
0.097255,-0.832713,2.508029
0.324087,-0.753595,2.351838
0.193106,0.475224,2.603626
0.193144,0.299587,2.623451
0.045498,0.185315,2.541093
0.344327,0.171067,2.575032
-0.120497,0.115230,2.287033
0.409486,-0.085563,2.529925
0.066025,0.200377,2.529925
0.409054,-0.298875,2.137505
0.103568,0.221501,2.125102
0.400507,-0.379429,2.389554
0.195353,-0.079227,2.577451
0.201286,-0.137555,2.513869
0.130678,-0.202601,2.485764
0.273883,-0.203144,2.503233
0.148496,-0.583823,2.504468
0.297920,-0.569798,2.389086
0.164867,-0.814709,2.496084
0.291120,-0.803759,2.367218
0.096837,-0.831031,2.509245
0.322996,-0.754112,2.352040
0.192526,0.475610,2.601441
0.192724,0.299909,2.621343
0.045051,0.185520,2.539418
0.344110,0.171662,2.572242
-0.120972,0.117457,2.286675
0.409040,-0.085021,2.526558
0.081302,0.203385,2.526558
0.408522,-0.298587,2.150111
0.114780,0.224787,2.140566
0.400105,-0.379174,2.386587
0.195172,-0.078772,2.575366
0.201058,-0.137088,2.511767
0.130415,-0.202283,2.483870
0.273775,-0.202626,2.500815
0.148242,-0.583948,2.503511
0.297466,-0.570044,2.388644
0.165284,-0.815176,2.497266
0.291890,-0.804798,2.368270
0.096444,-0.829500,2.510388
0.321957,-0.754574,2.352580
0.192001,0.475974,2.599449
0.192370,0.300208,2.619406
0.044662,0.185662,2.537959
0.343976,0.172210,2.569660
-0.121226,0.119407,2.286810
0.408696,-0.084523,2.523453
0.095614,0.205701,2.523453
0.408119,-0.298317,2.162036
0.124910,0.227298,2.155019
0.399860,-0.378960,2.383848
0.195054,-0.078343,2.573427
0.200879,-0.136648,2.509812
0.130194,-0.201989,2.482122
0.273716,-0.202140,2.498541
0.148012,-0.584061,2.502639
0.297044,-0.570317,2.388417
0.165691,-0.815610,2.498432
0.292755,-0.805856,2.369583
0.096098,-0.828042,2.511447
0.320951,-0.754963,2.353391
0.191525,0.476312,2.597636
0.192067,0.300482,2.617632
0.044335,0.185716,2.536717
0.343925,0.172709,2.567265
-0.121279,0.121099,2.287384
0.408449,-0.084059,2.520587
0.108565,0.207471,2.520587
0.407862,-0.298161,2.173059
0.134003,0.229136,2.168368
0.399751,-0.378776,2.381317
0.194992,-0.077946,2.571626
0.200741,-0.136240,2.507998
0.130008,-0.201724,2.480518
0.273707,-0.201692,2.496383
0.147803,-0.584164,2.501847
0.296673,-0.570616,2.388379
0.166097,-0.816016,2.499596
0.293794,-0.806914,2.370946
0.095809,-0.826659,2.512396
0.319990,-0.755275,2.354566
0.191095,0.476624,2.595987
0.191810,0.300734,2.616012
0.044060,0.185712,2.535666
0.343939,0.173168,2.565056
-0.121164,0.122550,2.288313
0.408287,-0.083636,2.517940
0.120337,0.208781,2.517940
0.407703,-0.298023,2.183227
0.142161,0.230396,2.180694
0.399782,-0.378617,2.378953
0.194975,-0.077573,2.569960
0.200638,-0.135857,2.506317
0.129851,-0.201479,2.479047
0.273734,-0.201269,2.494347
0.147614,-0.584258,2.501128
0.296362,-0.570887,2.388444
0.166489,-0.816398,2.500734
0.294769,-0.807915,2.372449
0.095570,-0.825310,2.513262
0.319159,-0.755473,2.355829
0.190707,0.476914,2.594488
0.191602,0.300967,2.614529
0.043833,0.185655,2.534791
0.344008,0.173588,2.563018
-0.120901,0.123774,2.289564
0.408200,-0.083250,2.515502
0.131008,0.209659,2.515502
0.407639,-0.297865,2.192703
0.153194,0.230997,2.191552
0.399894,-0.378492,2.376730
0.195003,-0.077226,2.568413
0.200569,-0.135498,2.504757
0.129722,-0.201254,2.477697
0.273796,-0.200874,2.492422
0.147443,-0.584344,2.500474
0.296112,-0.571159,2.388607
0.166877,-0.816770,2.501869
0.295719,-0.808895,2.374041
0.095369,-0.824042,2.514072
0.318428,-0.755609,2.357213
0.190357,0.477183,2.593126
0.191437,0.301183,2.613174
0.043649,0.185560,2.534075
0.344137,0.173973,2.561136
-0.120508,0.124785,2.291082
0.408185,-0.082904,2.513234
0.140645,0.210194,2.513234
0.407658,-0.297706,2.201414
0.163610,0.231136,2.201350
0.400103,-0.378373,2.374651
0.195078,-0.076896,2.566975
0.200538,-0.135157,2.503304
0.129626,-0.201046,2.476452
0.273901,-0.200497,2.490600
0.147289,-0.584421,2.499878
0.295901,-0.571422,2.388863
0.167249,-0.817105,2.502964
0.296654,-0.809835,2.375687
0.095190,-0.822868,2.514818
0.317754,-0.755694,2.358617
0.190042,0.477424,2.591891
0.191310,0.301383,2.611938
0.043502,0.185438,2.533500
0.344304,0.174329,2.559406
-0.120012,0.125606,2.292815
0.408236,-0.082588,2.511131
0.149222,0.210395,2.511131
0.407748,-0.297556,2.209516
0.171864,0.231742,2.209859
0.400375,-0.378273,2.372702
0.195185,-0.076586,2.565646
0.200533,-0.134836,2.501960
0.129553,-0.200853,2.475310
0.274030,-0.200141,2.488890
0.147150,-0.584490,2.499336
0.295721,-0.571686,2.389197
0.167611,-0.817415,2.504029
0.297557,-0.810748,2.377360
0.095036,-0.821773,2.515500
0.317129,-0.755753,2.360007
0.189757,0.477642,2.590771
0.191219,0.301569,2.610811
0.043390,0.185284,2.533056
0.344508,0.174655,2.557815
-0.119426,0.126253,2.294725
0.408350,-0.082299,2.509181
0.156940,0.210314,2.509181
0.407890,-0.297420,2.216943
0.180589,0.231261,2.217797
0.400719,-0.378189,2.370880
0.195319,-0.076296,2.564418
0.200548,-0.134533,2.500717
0.129498,-0.200675,2.474264
0.274175,-0.199808,2.487287
0.147023,-0.584551,2.498843
0.295564,-0.571936,2.389594
0.167964,-0.817694,2.505067
0.298438,-0.811612,2.379027
0.094916,-0.820717,2.516135
0.316559,-0.755768,2.361401
0.189504,0.477843,2.589756
0.191160,0.301742,2.609787
0.043310,0.185113,2.532747
0.344747,0.174947,2.556347
-0.118758,0.126724,2.296818
0.408525,-0.082037,2.507368
0.163805,0.209903,2.507368
0.408078,-0.297347,2.223806
0.188640,0.230403,2.224923
0.401129,-0.378118,2.369177
0.195479,-0.076023,2.563284
0.200583,-0.134249,2.499568
0.129462,-0.200511,2.473305
0.274335,-0.199495,2.485785
0.146908,-0.584606,2.498395
0.295438,-0.572160,2.389974
0.168307,-0.817959,2.506081
0.299256,-0.812414,2.380650
0.094811,-0.819767,2.516700
0.316049,-0.755760,2.362684
0.189279,0.478031,2.588838
0.191130,0.301902,2.608856
0.043263,0.184920,2.532568
0.345011,0.175211,2.554995
-0.118034,0.127048,2.299027
0.408746,-0.081799,2.505686
0.169922,0.209224,2.505686
0.408307,-0.297305,2.230121
0.195455,0.230014,2.231251
0.401585,-0.378063,2.367596
0.195660,-0.075768,2.562237
0.200633,-0.133983,2.498507
0.129441,-0.200358,2.472426
0.274505,-0.199200,2.484377
0.146803,-0.584656,2.497988
0.295334,-0.572361,2.390372
0.168639,-0.818210,2.507074
0.300032,-0.813161,2.382269
0.094732,-0.818862,2.517217
0.315520,-0.755705,2.363998
0.189082,0.478206,2.588012
0.191127,0.302051,2.608011
0.043244,0.184704,2.532517
0.345290,0.175451,2.553754
-0.117267,0.127247,2.301312
0.409005,-0.081585,2.504130
0.175325,0.208332,2.504130
0.408568,-0.297263,2.235904
0.201720,0.229483,2.236936
0.402069,-0.378024,2.366125
0.195861,-0.075529,2.561272
0.200695,-0.133734,2.497528
0.129434,-0.200218,2.471624
0.274679,-0.198925,2.483058
0.146710,-0.584699,2.497617
0.295251,-0.572552,2.390784
0.168959,-0.818442,2.508026
0.300753,-0.813865,2.383822
0.094671,-0.818017,2.517688
0.315008,-0.755627,2.365285
0.188910,0.478370,2.587270
0.191148,0.302190,2.607246
0.043250,0.184471,2.532569
0.345586,0.175668,2.552616
-0.116453,0.127328,2.303669
0.409290,-0.081393,2.502695
0.180070,0.207249,2.502695
0.408852,-0.297249,2.241173
0.207953,0.228091,2.241891
0.402568,-0.378002,2.364752
0.196076,-0.075305,2.560383
0.200768,-0.133500,2.496625
0.129439,-0.200089,2.470889
0.274858,-0.198667,2.481828
0.146628,-0.584738,2.497281
0.295185,-0.572728,2.391209
0.169267,-0.818666,2.508948
0.301106,-0.814527,2.385635
0.094636,-0.817208,2.518108
0.314718,-0.755706,2.366399
0.188760,0.478523,2.586604
0.191191,0.302318,2.606555
0.043279,0.184221,2.532712
0.345896,0.175865,2.551575
-0.115620,0.127314,2.306047
0.409602,-0.081219,2.501373
0.184210,0.205986,2.501373
0.409155,-0.297234,2.245970
0.213729,0.226485,2.246223
0.403085,-0.377988,2.363479
0.196302,-0.075097,2.559565
0.200850,-0.133282,2.495793
0.129454,-0.199970,2.470217
0.275040,-0.198428,2.480681
0.146556,-0.584773,2.496976
0.295135,-0.572884,2.391640
0.169563,-0.818877,2.509835
0.301509,-0.815136,2.387268
0.094621,-0.816449,2.518473
0.314449,-0.755720,2.367437
0.188631,0.478665,2.586009
0.191254,0.302437,2.605931
0.043327,0.183960,2.532935
0.346217,0.176040,2.550623
-0.114771,0.127214,2.308447
0.409929,-0.081093,2.500148
0.187781,0.204559,2.500148
0.409476,-0.297249,2.250318
0.218049,0.225956,2.250307
0.403584,-0.377994,2.362314
0.196538,-0.074903,2.558812
0.200940,-0.133079,2.495027
0.129478,-0.199861,2.469604
0.275225,-0.198205,2.479613
0.146491,-0.584803,2.496699
0.295099,-0.573026,2.392075
0.169848,-0.819078,2.510687
0.301916,-0.815698,2.388736
0.094623,-0.815731,2.518798
0.314205,-0.755679,2.368473
0.188521,0.478797,2.585480
0.191336,0.302546,2.605374
0.043392,0.183688,2.533232
0.346551,0.176194,2.549755
-0.113898,0.127038,2.310890
0.410272,-0.080987,2.499022
0.190831,0.202988,2.499022
0.409819,-0.297292,2.254232
0.220663,0.225484,2.254007
0.404091,-0.378012,2.361246
0.196779,-0.074722,2.558122
0.201035,-0.132889,2.494322
0.129510,-0.199760,2.469043
0.275408,-0.197998,2.478621
0.146434,-0.584832,2.496449
0.295088,-0.573182,2.392501
0.170127,-0.819282,2.511513
0.302435,-0.816248,2.389956
0.094658,-0.815033,2.519084
0.313822,-0.755579,2.369724
0.188432,0.478923,2.585017
0.191435,0.302647,2.604875
0.043477,0.183413,2.533602
0.346895,0.176328,2.548969
-0.113031,0.126821,2.313292
0.410629,-0.080901,2.497987
0.193406,0.201291,2.497987
0.410170,-0.297357,2.257735
0.224756,0.223669,2.256744
0.404601,-0.378035,2.360273
0.197025,-0.074554,2.557488
0.201135,-0.132711,2.493674
0.129549,-0.199667,2.468531
0.275592,-0.197805,2.477700
0.146384,-0.584858,2.496224
0.295095,-0.573331,2.392916
0.170395,-0.819484,2.512311
0.302920,-0.816768,2.391117
0.094717,-0.814356,2.519331
0.313545,-0.757442,2.369589
0.188360,0.479040,2.584611
0.191556,0.302740,2.604434
0.043577,0.183138,2.534029
0.347245,0.176445,2.548253
-0.112130,0.126543,2.315723
0.410999,-0.080822,2.497045
0.195546,0.199484,2.497045
0.410533,-0.297447,2.260853
0.228554,0.221652,2.258955
0.405114,-0.378071,2.359397
0.197276,-0.074397,2.556907
0.201240,-0.132544,2.493077
0.129595,-0.199581,2.468064
0.275773,-0.197626,2.476845
0.146342,-0.584882,2.496022
0.295116,-0.573468,2.393329
0.170655,-0.819681,2.513079
0.303372,-0.817253,2.392220
0.094796,-0.813707,2.519545
0.313264,-0.759558,2.369275
0.188307,0.479148,2.584259
0.191692,0.302826,2.604043
0.043694,0.182870,2.534501
0.347606,0.176540,2.547604
-0.111232,0.126228,2.318110
0.411376,-0.080781,2.496176
0.197268,0.197599,2.496176
0.410895,-0.297534,2.263609
0.231847,0.220178,2.261129
0.405640,-0.378119,2.358618
0.197527,-0.074252,2.556375
0.201347,-0.132388,2.492530
0.129646,-0.199502,2.467639
0.275949,-0.197460,2.476052
0.146306,-0.584902,2.495840
0.295147,-0.573593,2.393739
0.170904,-0.819870,2.513815
0.303795,-0.817704,2.393253
0.094938,-0.813005,2.519708
0.312995,-0.761887,2.368788
0.188269,0.479247,2.583954
0.191841,0.302904,2.603699
0.043821,0.182603,2.535014
0.347886,0.176608,2.546996
-0.110349,0.125886,2.320425
0.411757,-0.080757,2.495383
0.198659,0.195659,2.495383
0.411260,-0.297621,2.266015
0.234890,0.218659,2.262953
0.406168,-0.378172,2.357928
0.197782,-0.074124,2.555887
0.201450,-0.132252,2.492028
0.129701,-0.199431,2.467251
0.276113,-0.197313,2.475323
0.146276,-0.584919,2.495677
0.295184,-0.573701,2.394141
0.171144,-0.820051,2.514514
0.304186,-0.818115,2.394216
0.095097,-0.812323,2.519846
0.312657,-0.762601,2.369224
0.188246,0.479340,2.583698
0.192003,0.302976,2.603399
0.043957,0.182339,2.535565
0.348141,0.176667,2.546440
-0.109476,0.125527,2.322668
0.412137,-0.080740,2.494666
0.199713,0.193677,2.494666
0.411633,-0.297731,2.268104
0.237670,0.217115,2.264468
0.406707,-0.378233,2.357324
0.198039,-0.074007,2.555441
0.201555,-0.132127,2.491566
0.129762,-0.199366,2.466899
0.276271,-0.197177,2.474648
0.146251,-0.584934,2.495532
0.295227,-0.573795,2.394534
0.171375,-0.820227,2.515184
0.304553,-0.818495,2.395118
0.095266,-0.811665,2.519979
0.312338,-0.763201,2.369676
0.188241,0.479421,2.583486
0.192175,0.303042,2.603138
0.044102,0.182078,2.536141
0.348420,0.176707,2.545945
-0.108620,0.125148,2.324839
0.412516,-0.080739,2.494014
0.200498,0.191673,2.494014
0.412009,-0.297838,2.269895
0.240232,0.215545,2.265690
0.407258,-0.378296,2.356805
0.198290,-0.073899,2.555033
0.201661,-0.132011,2.491143
0.129827,-0.199306,2.466578
0.276424,-0.197052,2.474024
0.146230,-0.584948,2.495402
0.295278,-0.573882,2.394920
0.171600,-0.820403,2.515831
0.304893,-0.818852,2.395972
0.095464,-0.811008,2.520088
0.312036,-0.763710,2.370139
0.188258,0.479499,2.583320
0.192356,0.303103,2.602913
0.044252,0.181822,2.536741
0.348705,0.176731,2.545500
-0.107788,0.124759,2.326921
0.412894,-0.080748,2.493423
0.201024,0.189662,2.493423
0.412387,-0.297936,2.271417
0.242576,0.213965,2.266657
0.407826,-0.378364,2.356366
0.198539,-0.073801,2.554661
0.201767,-0.131903,2.490754
0.129896,-0.199251,2.466286
0.276572,-0.196937,2.473448
0.146206,-0.584958,2.495283
0.295335,-0.573959,2.395298
0.171820,-0.820559,2.516447
0.305215,-0.819182,2.396765
0.095649,-0.810417,2.520168
0.311747,-0.764125,2.370620
0.188294,0.479573,2.583195
0.192550,0.303159,2.602729
0.044406,0.181581,2.537362
0.349004,0.176742,2.545109
-0.106977,0.124357,2.328915
0.413272,-0.080768,2.492889
0.201341,0.187667,2.492889
0.412770,-0.298050,2.272692
0.244727,0.212387,2.267388
0.408404,-0.378439,2.355996
0.198784,-0.073708,2.554323
0.201874,-0.131801,2.490398
0.129968,-0.199198,2.466021
0.276716,-0.196830,2.472916
0.146184,-0.584966,2.495177
0.295400,-0.574029,2.395668
0.172032,-0.820710,2.517036
0.305516,-0.819491,2.397506
0.095845,-0.809842,2.520236
0.311493,-0.764456,2.371116
0.188342,0.479642,2.583104
0.192752,0.303209,2.602576
0.044569,0.181346,2.537997
0.349317,0.176751,2.544779
-0.106208,0.123969,2.330764
0.413649,-0.080784,2.492416
0.201477,0.185698,2.492416
0.413152,-0.298156,2.273746
0.246702,0.210813,2.267921
0.409001,-0.378523,2.355690
0.199025,-0.073621,2.554016
0.201982,-0.131704,2.490072
0.130045,-0.199148,2.465780
0.276856,-0.196730,2.472428
0.146165,-0.584973,2.495082
0.295471,-0.574092,2.396030
0.172236,-0.820859,2.517605
0.305791,-0.819781,2.398205
0.096063,-0.809268,2.520276
0.311252,-0.766436,2.370596
0.188405,0.479704,2.583048
0.192959,0.303256,2.602451
0.044736,0.181125,2.538637
0.349636,0.176757,2.544499
-0.105472,0.123583,2.332514
0.414025,-0.080797,2.492004
0.201436,0.183765,2.492004
0.413539,-0.298271,2.274597
0.248502,0.209256,2.268270
0.409600,-0.378610,2.355441
0.199262,-0.073540,2.553738
0.202093,-0.131612,2.489774
0.130127,-0.199101,2.465562
0.276992,-0.196636,2.471980
0.146151,-0.584982,2.495001
0.295557,-0.574134,2.396376
0.172439,-0.821023,2.518165
0.306040,-0.820038,2.398853
0.096304,-0.808713,2.520306
0.311089,-0.766926,2.370873
0.188482,0.479760,2.583021
0.193175,0.303298,2.602356
0.044908,0.180925,2.539274
0.349963,0.176753,2.544262
-0.104769,0.123199,2.334161
0.414399,-0.080818,2.491639
0.201242,0.181875,2.491639
0.413936,-0.298405,2.275268
0.250137,0.207722,2.268461
0.410206,-0.378712,2.355241
0.199498,-0.073465,2.553488
0.202206,-0.131526,2.489502
0.130216,-0.199055,2.465365
0.277126,-0.196549,2.471570
0.146141,-0.584989,2.494932
0.295650,-0.574167,2.396713
0.172635,-0.821183,2.518703
0.306269,-0.820274,2.399457
0.096544,-0.808184,2.520330
0.310950,-0.767318,2.371171
0.188573,0.479809,2.583023
0.193396,0.303336,2.602287
0.045086,0.180740,2.539922
0.350297,0.176738,2.544065
-0.104101,0.122824,2.335708
0.414770,-0.080845,2.491322
0.200915,0.180035,2.491322
0.414335,-0.298548,2.275776
0.251622,0.206213,2.268510
0.410810,-0.378815,2.355087
0.199730,-0.073394,2.553262
0.202319,-0.131444,2.489254
0.130308,-0.199012,2.465188
0.277255,-0.196468,2.471193
0.146133,-0.584994,2.494873
0.295750,-0.574193,2.397041
0.172829,-0.821339,2.519214
0.306481,-0.820494,2.400022
0.096788,-0.807684,2.520341
0.310833,-0.767627,2.371484
0.188700,0.479853,2.583071
0.193621,0.303371,2.602242
0.045266,0.180567,2.540568
0.350636,0.176716,2.543905
-0.103471,0.122462,2.337148
0.415138,-0.080876,2.491046
0.200481,0.178256,2.491046
0.414733,-0.298691,2.276150
0.252967,0.204738,2.268445
0.411415,-0.378923,2.354972
0.199960,-0.073329,2.553060
0.202435,-0.131366,2.489028
0.130405,-0.198971,2.465028
0.277382,-0.196393,2.470847
0.146128,-0.584997,2.494823
0.295855,-0.574211,2.397359
0.173019,-0.821493,2.519704
0.306677,-0.820698,2.400549
0.097039,-0.807203,2.520343
0.310741,-0.767854,2.371817
0.188852,0.479897,2.583152
0.193849,0.303402,2.602218
0.045448,0.180404,2.541204
0.350987,0.176690,2.543788
-0.102872,0.122108,2.338498
0.415516,-0.080908,2.490818
0.199961,0.176539,2.490818
0.415133,-0.298827,2.276396
0.254188,0.203294,2.268269
0.412015,-0.379033,2.354893
0.200187,-0.073266,2.552878
0.202553,-0.131291,2.488822
0.130508,-0.198931,2.464884
0.277507,-0.196321,2.470529
0.146128,-0.585003,2.494785
0.295968,-0.574225,2.397666
0.173208,-0.821659,2.520182
0.306856,-0.820888,2.401043
0.097316,-0.806724,2.520336
0.310672,-0.768014,2.372164
0.189018,0.479938,2.583253
0.194079,0.303430,2.602214
0.045631,0.180253,2.541834
0.351340,0.176656,2.543702
-0.102298,0.121762,2.339765
0.415899,-0.080949,2.490630
0.199363,0.174887,2.490630
0.415534,-0.298960,2.276528
0.255287,0.201883,2.267993
0.412614,-0.379145,2.354853
0.200414,-0.073209,2.552717
0.202675,-0.131221,2.488635
0.130620,-0.198893,2.464755
0.277633,-0.196255,2.470239
0.146130,-0.585008,2.494754
0.296085,-0.574233,2.397964
0.173392,-0.821824,2.520645
0.307020,-0.821066,2.401505
0.097596,-0.806263,2.520318
0.310623,-0.768110,2.372524
0.189197,0.479974,2.583375
0.194310,0.303455,2.602228
0.045812,0.180111,2.542459
0.351694,0.176613,2.543644
-0.101757,0.121430,2.340948
0.416280,-0.081029,2.490471
0.198702,0.173303,2.490471
0.415931,-0.299104,2.276561
0.256277,0.200511,2.267633
0.413206,-0.379258,2.354842
0.200637,-0.073155,2.552574
0.202797,-0.131154,2.488465
0.130733,-0.198857,2.464641
0.277755,-0.196194,2.469972
0.146137,-0.585011,2.494733
0.296214,-0.574246,2.398251
0.173569,-0.821984,2.521091
0.307168,-0.821241,2.401951
0.097854,-0.805848,2.520302
0.310603,-0.768176,2.372891
0.189384,0.480005,2.583513
0.194545,0.303476,2.602260
0.045991,0.179981,2.543074
0.352046,0.176566,2.543610
-0.101247,0.121109,2.342052
0.416660,-0.081116,2.490345
0.197993,0.171791,2.490345
0.416330,-0.299265,2.276511
0.257166,0.199177,2.267203
0.413797,-0.379374,2.354861
0.200856,-0.073105,2.552447
0.202918,-0.131090,2.488311
0.130847,-0.198823,2.464540
0.277873,-0.196137,2.469728
0.146147,-0.585015,2.494720
0.296348,-0.574256,2.398530
0.173746,-0.822152,2.521526
0.307299,-0.821407,2.402373
0.098109,-0.805457,2.520290
0.310577,-0.768189,2.373273
0.189579,0.480032,2.583667
0.194781,0.303494,2.602306
0.046168,0.179860,2.543678
0.352403,0.176515,2.543607
-0.100769,0.120802,2.343075
0.417037,-0.081211,2.490247
0.197245,0.170349,2.490247
0.416725,-0.299416,2.276383
0.257962,0.197885,2.266710
0.414380,-0.379490,2.354905
0.201070,-0.073058,2.552335
0.203039,-0.131029,2.488172
0.130961,-0.198790,2.464449
0.277987,-0.196084,2.469507
0.146160,-0.585018,2.494714
0.296488,-0.574263,2.398801
0.173918,-0.822318,2.521945
0.307417,-0.821566,2.402771
0.098362,-0.805087,2.520274
0.310564,-0.768167,2.373655
0.189783,0.480056,2.583836
0.195023,0.303509,2.602371
0.046340,0.179739,2.544271
0.352762,0.176461,2.543628
-0.100318,0.120508,2.344029
0.417413,-0.081306,2.490180
0.196464,0.168978,2.490180
0.417120,-0.299543,2.276191
0.258670,0.196632,2.266164
0.414952,-0.379605,2.354971
0.201284,-0.073016,2.552239
0.203161,-0.130972,2.488047
0.131078,-0.198758,2.464369
0.278103,-0.196036,2.469306
0.146175,-0.585023,2.494714
0.296629,-0.574267,2.399063
0.174086,-0.822492,2.522359
0.307523,-0.821716,2.403146
0.098627,-0.804726,2.520247
0.310561,-0.768109,2.374038
0.189993,0.480076,2.584018
0.195265,0.303519,2.602450
0.046510,0.179623,2.544851
0.353119,0.176402,2.543669
-0.099887,0.120218,2.344929
0.417785,-0.081406,2.490139
0.195663,0.167677,2.490139
0.417511,-0.299671,2.275943
0.259297,0.195423,2.265568
0.415516,-0.379720,2.355058
0.201494,-0.072977,2.552156
0.203284,-0.130918,2.487936
0.131196,-0.198729,2.464298
0.278216,-0.195992,2.469123
0.146193,-0.585028,2.494720
0.296774,-0.574264,2.399317
0.174258,-0.822666,2.522759
0.307619,-0.821854,2.403492
0.098912,-0.804374,2.520200
0.310568,-0.768008,2.374423
0.190230,0.480088,2.584229
0.195511,0.303526,2.602546
0.046688,0.179522,2.545398
0.353477,0.176334,2.543725
-0.099479,0.119938,2.345768
0.418159,-0.081509,2.490128
0.194842,0.166446,2.490128
0.417898,-0.299774,2.275653
0.259846,0.194258,2.264942
0.416073,-0.379831,2.355169
0.201704,-0.072943,2.552088
0.203410,-0.130869,2.487837
0.131322,-0.198703,2.464239
0.278329,-0.195953,2.468958
0.146214,-0.585036,2.494736
0.296924,-0.574254,2.399563
0.174432,-0.822855,2.523156
0.307705,-0.821983,2.403819
0.099208,-0.804032,2.520159
0.310585,-0.767880,2.374803
0.190475,0.480098,2.584455
0.195759,0.303530,2.602654
0.046905,0.179437,2.545953
0.353849,0.176258,2.543808
-0.099092,0.119668,2.346553
0.418528,-0.081615,2.490138
0.194014,0.165283,2.490138
0.418280,-0.299871,2.275326
0.260266,0.192860,2.263932
0.416622,-0.379947,2.355298
0.201928,-0.072916,2.552033
0.203557,-0.130825,2.487751
0.131484,-0.198682,2.464184
0.278459,-0.195921,2.468814
0.146237,-0.585040,2.494754
0.297078,-0.574237,2.399803
0.174604,-0.823035,2.523550
0.307783,-0.822101,2.404108
0.099502,-0.803708,2.520108
0.310619,-0.767705,2.375199
0.190726,0.480105,2.584691
0.196011,0.303529,2.602775
0.047119,0.179354,2.546498
0.354225,0.176177,2.543911
-0.098726,0.119407,2.347283
0.418892,-0.081722,2.490166
0.193185,0.164188,2.490166
0.418658,-0.299981,2.274969
0.260674,0.191737,2.263197
0.417157,-0.380060,2.355440
0.202152,-0.072892,2.551991
0.203706,-0.130785,2.487675
0.131651,-0.198661,2.464136
0.278590,-0.195892,2.468686
0.146264,-0.585049,2.494780
0.297237,-0.574213,2.400036
0.174778,-0.823229,2.523942
0.307853,-0.822209,2.404376
0.099804,-0.803395,2.520062
0.310660,-0.767496,2.375596
0.190979,0.480109,2.584934
0.196268,0.303523,2.602907
0.047335,0.179278,2.547031
0.354596,0.176093,2.544027
-0.098379,0.119155,2.347965
0.419252,-0.081830,2.490216
0.192370,0.163157,2.490216
0.419036,-0.300081,2.274586
0.261032,0.190659,2.262447
0.417685,-0.380170,2.355602
0.202376,-0.072872,2.551958
0.203858,-0.130747,2.487609
0.131821,-0.198642,2.464097
0.278720,-0.195865,2.468572
0.146293,-0.585063,2.494813
0.297398,-0.574185,2.400262
0.174949,-0.823435,2.524346
0.307916,-0.822309,2.404624
0.100124,-0.803088,2.520005
0.310714,-0.767264,2.375994
0.191237,0.480110,2.585182
0.196538,0.303513,2.603054
0.047551,0.179206,2.547549
0.354964,0.176008,2.544154
-0.098051,0.118913,2.348602
0.419607,-0.081939,2.490283
0.191567,0.162188,2.490283
0.419411,-0.300176,2.274186
0.261342,0.189627,2.261692
0.418204,-0.380276,2.355780
0.202601,-0.072856,2.551936
0.204012,-0.130712,2.487554
0.131996,-0.198625,2.464064
0.278850,-0.195843,2.468472
0.146324,-0.585077,2.494850
0.297559,-0.574152,2.400481
0.175117,-0.823646,2.524748
0.307972,-0.822403,2.404853
0.100447,-0.802791,2.519949
0.310776,-0.767010,2.376394
0.191494,0.480107,2.585433
0.196807,0.303498,2.603208
0.047766,0.179141,2.548051
0.355330,0.175919,2.544293
-0.097743,0.118688,2.349187
0.419956,-0.082048,2.490367
0.190777,0.161280,2.490367
0.419780,-0.300267,2.273772
0.261607,0.188639,2.260937
0.418717,-0.380383,2.355974
0.202825,-0.072843,2.551923
0.204168,-0.130681,2.487506
0.132173,-0.198609,2.464037
0.278980,-0.195824,2.468384
0.146357,-0.585095,2.494894
0.297720,-0.574117,2.400694
0.175284,-0.823865,2.525147
0.308023,-0.822492,2.405071
0.100779,-0.802502,2.519889
0.310849,-0.766749,2.376779
0.191755,0.480101,2.585686
0.197090,0.303477,2.603374
0.047982,0.179076,2.548535
0.355696,0.175830,2.544444
-0.097453,0.118473,2.349730
0.420300,-0.082157,2.490465
0.190007,0.160426,2.490465
0.420150,-0.300347,2.273347
0.261833,0.187691,2.260181
0.419220,-0.380489,2.356181
0.203054,-0.072834,2.551920
0.204330,-0.130653,2.487469
0.132354,-0.198596,2.464015
0.279118,-0.195809,2.468312
0.146393,-0.585111,2.494941
0.297880,-0.574080,2.400900
0.175445,-0.824079,2.525535
0.308068,-0.822576,2.405275
0.101109,-0.802219,2.519828
0.310931,-0.766479,2.377156
0.192015,0.480093,2.585941
0.197371,0.303451,2.603545
0.048196,0.179015,2.549011
0.356058,0.175739,2.544603
-0.097173,0.118264,2.350244
0.420637,-0.082266,2.490575
0.189254,0.159622,2.490575
0.420515,-0.300420,2.272899
0.262022,0.186777,2.259405
0.419712,-0.380593,2.356397
0.203282,-0.072828,2.551926
0.204492,-0.130626,2.487439
0.132536,-0.198583,2.463999
0.279256,-0.195796,2.468252
0.146431,-0.585129,2.494993
0.298041,-0.574039,2.401099
0.175602,-0.824296,2.525918
0.308109,-0.822654,2.405465
0.101438,-0.801949,2.519769
0.311020,-0.766201,2.377522
0.192276,0.480084,2.586197
0.197652,0.303423,2.603721
0.048407,0.178954,2.549469
0.356415,0.175649,2.544768
-0.096907,0.118062,2.350721
0.420970,-0.082379,2.490697
0.188518,0.158865,2.490697
0.420872,-0.300513,2.272431
0.262176,0.185895,2.258615
0.420192,-0.380696,2.356622
0.203509,-0.072824,2.551938
0.204655,-0.130602,2.487416
0.132718,-0.198572,2.463987
0.279393,-0.195787,2.468201
0.146472,-0.585151,2.495050
0.298201,-0.573996,2.401293
0.175757,-0.824523,2.526306
0.308147,-0.822727,2.405640
0.101774,-0.801693,2.519695
0.311112,-0.765912,2.377882
0.192546,0.480074,2.586465
0.197929,0.303391,2.603899
0.048616,0.178898,2.549914
0.356766,0.175557,2.544938
-0.096656,0.117869,2.351164
0.421303,-0.082524,2.490828
0.187759,0.158154,2.490828
0.421223,-0.300613,2.271929
0.262271,0.185051,2.257805
0.420659,-0.380798,2.356851
0.203733,-0.072823,2.551956
0.204817,-0.130580,2.487399
0.132900,-0.198561,2.463979
0.279530,-0.195781,2.468160
0.146515,-0.585174,2.495110
0.298359,-0.573950,2.401480
0.175911,-0.824753,2.526688
0.308181,-0.822797,2.405805
0.102113,-0.801447,2.519620
0.311208,-0.765620,2.378235
0.192817,0.480061,2.586736
0.198203,0.303357,2.604078
0.048819,0.178848,2.550353
0.357113,0.175465,2.545115
-0.096420,0.117685,2.351570
0.421635,-0.082699,2.490966
0.186998,0.157484,2.490966
0.421566,-0.300720,2.271383
0.262325,0.184234,2.256958
0.421113,-0.380898,2.357085
0.203955,-0.072823,2.551980
0.204979,-0.130560,2.487388
0.133080,-0.198552,2.463975
0.279666,-0.195776,2.468127
0.146558,-0.585199,2.495174
0.298512,-0.573908,2.401660
0.176065,-0.824986,2.527067
0.308212,-0.822866,2.405962
0.102443,-0.801217,2.519553
0.311300,-0.765333,2.378580
0.193087,0.480048,2.587008
0.198473,0.303321,2.604260
0.049023,0.178803,2.550785
0.357453,0.175377,2.545301
-0.096197,0.117508,2.351947
0.421959,-0.082875,2.491114
0.186241,0.156850,2.491114
0.421905,-0.300810,2.270805
0.262342,0.183442,2.256085
0.421553,-0.380996,2.357321
0.204175,-0.072825,2.552009
0.205141,-0.130541,2.487381
0.133262,-0.198542,2.463974
0.279803,-0.195772,2.468102
0.146612,-0.585240,2.495252
0.298661,-0.573870,2.401835
0.176221,-0.825252,2.527450
0.308237,-0.822938,2.406123
0.102800,-0.800989,2.519491
0.311390,-0.765068,2.378901
0.193351,0.480038,2.587283
0.198742,0.303285,2.604445
0.049222,0.178761,2.551205
0.357784,0.175292,2.545490
-0.095985,0.117338,2.352298
0.422277,-0.083054,2.491268
0.185459,0.156248,2.491268
0.422241,-0.300893,2.270183
0.262172,0.182483,2.254803
0.421980,-0.381095,2.357559
0.204393,-0.072828,2.552042
0.205302,-0.130523,2.487380
0.133443,-0.198533,2.463976
0.279938,-0.195769,2.468084
0.146655,-0.585271,2.495327
0.298809,-0.573834,2.402003
0.176374,-0.825495,2.527812
0.308257,-0.823011,2.406279
0.103148,-0.800760,2.519435
0.311482,-0.764811,2.379209
0.193618,0.480025,2.587562
0.199007,0.303249,2.604629
0.049421,0.178723,2.551617
0.358111,0.175203,2.545682
-0.095784,0.117174,2.352623
0.422593,-0.083236,2.491429
0.184665,0.155669,2.491429
0.422569,-0.300980,2.269528
0.262065,0.181695,2.253803
0.422395,-0.381193,2.357799
0.204608,-0.072832,2.552079
0.205464,-0.130507,2.487382
0.133625,-0.198525,2.463981
0.280073,-0.195768,2.468071
0.146697,-0.585291,2.495397
0.298951,-0.573796,2.402166
0.176511,-0.825708,2.528150
0.308274,-0.823081,2.406430
0.103463,-0.800544,2.519377
0.311571,-0.764559,2.379504
0.193895,0.480006,2.587856
0.199264,0.303213,2.604811
0.049621,0.178691,2.552027
0.358429,0.175113,2.545875
-0.095593,0.117017,2.352925
0.422903,-0.083420,2.491593
0.183844,0.155112,2.491593
0.422886,-0.301072,2.268839
0.261903,0.180922,2.252783
0.422798,-0.381289,2.358039
0.204820,-0.072838,2.552120
0.205623,-0.130492,2.487389
0.133804,-0.198518,2.463988
0.280205,-0.195769,2.468065
0.146739,-0.585311,2.495468
0.299091,-0.573760,2.402324
0.176646,-0.825920,2.528476
0.308289,-0.823151,2.406573
0.103774,-0.800335,2.519323
0.311663,-0.764313,2.379790
0.194168,0.479987,2.588149
0.199515,0.303176,2.604992
0.049809,0.178669,2.552425
0.358739,0.175024,2.546069
-0.095412,0.116866,2.353204
0.423201,-0.083600,2.491758
0.183042,0.154580,2.491758
0.423194,-0.301167,2.268127
0.261564,0.179977,2.251353
0.423186,-0.381382,2.358276
0.205028,-0.072844,2.552163
0.205781,-0.130477,2.487398
0.133982,-0.198509,2.463997
0.280336,-0.195769,2.468064
0.146784,-0.585336,2.495541
0.299227,-0.573727,2.402477
0.176778,-0.826143,2.528807
0.308299,-0.823224,2.406714
0.104078,-0.800141,2.519272
0.311751,-0.764081,2.380060
0.194435,0.479969,2.588436
0.199758,0.303140,2.605171
0.049994,0.178652,2.552817
0.359038,0.174938,2.546264
-0.095239,0.116721,2.353453
0.423492,-0.083777,2.491925
0.182268,0.154067,2.491925
0.423492,-0.301263,2.267394
0.261348,0.179209,2.250246
0.423558,-0.381470,2.358512
0.205230,-0.072849,2.552209
0.205935,-0.130462,2.487411
0.134157,-0.198501,2.464009
0.280461,-0.195770,2.468067
0.146828,-0.585361,2.495615
0.299361,-0.573690,2.402625
0.176909,-0.826364,2.529125
0.308306,-0.823291,2.406847
0.104376,-0.799964,2.519215
0.311845,-0.763846,2.380324
0.194693,0.479953,2.588716
0.199994,0.303105,2.605347
0.050183,0.178640,2.553186
0.359329,0.174851,2.546460
-0.095074,0.116580,2.353683
0.423773,-0.083955,2.492091
0.181475,0.153571,2.492091
0.423781,-0.301375,2.266627
0.261089,0.178458,2.249125
0.423916,-0.381555,2.358744
0.205426,-0.072857,2.552256
0.206086,-0.130450,2.487426
0.134329,-0.198493,2.464021
0.280583,-0.195772,2.468075
0.146872,-0.585388,2.495689
0.299490,-0.573655,2.402768
0.177038,-0.826585,2.529433
0.308311,-0.823359,2.406975
0.104673,-0.799791,2.519162
0.311941,-0.763622,2.380577
0.194947,0.479937,2.588993
0.200220,0.303072,2.605518
0.050369,0.178630,2.553540
0.359612,0.174765,2.546657
-0.094910,0.116435,2.353891
0.424046,-0.084133,2.492257
0.178777,0.153393,2.492257
0.424059,-0.301482,2.265480
0.259344,0.177913,2.247685
0.424259,-0.381639,2.358975
0.205614,-0.072864,2.552304
0.206233,-0.130439,2.487443
0.134497,-0.198485,2.464034
0.280700,-0.195775,2.468086
0.146916,-0.585415,2.495764
0.299615,-0.573623,2.402906
0.177162,-0.826806,2.529735
0.308315,-0.823427,2.407095
0.104972,-0.799620,2.519107
0.312035,-0.763403,2.380826
0.195189,0.479923,2.589262
0.200437,0.303039,2.605685
0.050556,0.178627,2.553880
0.359886,0.174681,2.546855
-0.094747,0.116280,2.354083
0.424310,-0.084302,2.492423
0.177633,0.152895,2.492423
0.424326,-0.301592,2.264051
0.258615,0.176813,2.244934
0.424591,-0.381721,2.359204
0.205791,-0.072871,2.552351
0.206371,-0.130427,2.487461
0.134658,-0.198476,2.464050
0.280806,-0.195778,2.468097
0.146959,-0.585444,2.495841
0.299730,-0.573609,2.403041
0.177284,-0.827027,2.530027
0.308318,-0.823524,2.407222
0.105279,-0.799447,2.519053
0.312113,-0.763216,2.381068
0.195424,0.479909,2.589527
0.200646,0.303007,2.605846
0.050740,0.178629,2.554205
0.360144,0.174601,2.547052
-0.094584,0.116113,2.354260
0.424547,-0.084454,2.492573
0.176552,0.152401,2.492573
0.424583,-0.301680,2.262563
0.257903,0.175706,2.242046
0.424909,-0.381801,2.359430
0.205962,-0.072878,2.552400
0.206506,-0.130417,2.487480
0.134815,-0.198466,2.464066
0.280908,-0.195781,2.468111
0.147003,-0.585476,2.495918
0.299839,-0.573597,2.403169
0.177406,-0.827254,2.530315
0.308320,-0.823622,2.407344
0.105597,-0.799274,2.519000
0.312188,-0.763036,2.381301
0.195642,0.479897,2.589780
0.200848,0.302977,2.606007
0.050923,0.178635,2.554517
0.360393,0.174524,2.547247
-0.094418,0.115899,2.354411
0.424773,-0.084600,2.492720
0.175532,0.151877,2.492720
0.424830,-0.301751,2.260974
0.257348,0.174832,2.239868
0.425213,-0.381881,2.359653
0.206124,-0.072886,2.552448
0.206634,-0.130408,2.487500
0.134965,-0.198455,2.464083
0.281002,-0.195783,2.468125
0.147041,-0.585501,2.495993
0.299942,-0.573588,2.403293
0.177524,-0.827463,2.530581
0.308322,-0.823725,2.407461
0.105917,-0.799094,2.518946
0.312263,-0.762866,2.381531
0.195851,0.479888,2.590028
0.201042,0.302948,2.606166
0.051112,0.178663,2.554837
0.360597,0.174450,2.547412
-0.094239,0.115585,2.354571
0.424990,-0.084741,2.492865
0.174564,0.151252,2.492865
0.425063,-0.301839,2.259136
0.256715,0.173570,2.236407
0.425509,-0.381958,2.359879
0.206278,-0.072896,2.552496
0.206751,-0.130401,2.487519
0.135107,-0.198445,2.464103
0.281083,-0.195786,2.468137
0.147077,-0.585526,2.496066
0.300042,-0.573582,2.403412
0.177639,-0.827668,2.530835
0.308324,-0.823832,2.407576
0.106230,-0.798919,2.518896
0.312338,-0.762705,2.381754
0.196053,0.479880,2.590268
0.201229,0.302920,2.606321
0.051300,0.178704,2.555151
0.360761,0.174383,2.547559
-0.094052,0.115183,2.354715
0.425198,-0.084873,2.493009
0.173723,0.150406,2.493009
0.425286,-0.301923,2.256923
0.256280,0.172417,2.233526
0.425795,-0.382033,2.360103
0.206427,-0.072907,2.552543
0.206863,-0.130396,2.487538
0.135246,-0.198434,2.464123
0.281158,-0.195789,2.468148
0.147111,-0.585550,2.496139
0.300136,-0.573576,2.403527
0.177752,-0.827869,2.531080
0.308324,-0.823939,2.407690
0.106535,-0.798750,2.518851
0.312402,-0.762549,2.381972
0.196246,0.479874,2.590501
0.201408,0.302893,2.606473
0.051488,0.178769,2.555450
0.360899,0.174318,2.547695
-0.093845,0.114547,2.354844
0.425399,-0.084997,2.493154
0.169448,0.148881,2.493154
0.425497,-0.302010,2.253740
0.251626,0.169054,2.229434
0.426069,-0.382103,2.360328
0.206569,-0.072919,2.552590
0.206970,-0.130394,2.487557
0.135384,-0.198423,2.464143
0.281227,-0.195792,2.468160
0.147143,-0.585573,2.496209
0.300226,-0.573569,2.403639
0.177861,-0.828063,2.531312
0.308323,-0.824043,2.407799
0.106832,-0.798585,2.518808
0.312461,-0.762398,2.382180
0.196431,0.479869,2.590726
0.201582,0.302866,2.606622
0.051664,0.178884,2.555735
0.361029,0.174251,2.547833
-0.093486,0.112783,2.355115
0.425594,-0.085112,2.493301
0.162750,0.144158,2.493301
0.425698,-0.302087,2.248757
0.244242,0.163101,2.223581
0.426333,-0.382169,2.360556
0.206697,-0.072928,2.552635
0.207068,-0.130388,2.487576
0.135514,-0.198406,2.464168
0.281288,-0.195792,2.468171
0.147175,-0.585599,2.496281
0.300311,-0.573565,2.403747
0.177965,-0.828265,2.531543
0.308018,-0.824179,2.408299
0.107125,-0.798427,2.518772
0.312547,-0.762350,2.382379
0.196608,0.479865,2.590944
0.201749,0.302841,2.606768
0.051822,0.178993,2.555991
0.361115,0.174180,2.547954
-0.093009,0.109784,2.355632
0.425782,-0.085219,2.493447
0.155398,0.136711,2.493447
0.425890,-0.302155,2.243071
0.234595,0.153420,2.216246
0.426582,-0.382229,2.360780
0.206816,-0.072937,2.552680
0.207157,-0.130383,2.487596
0.135637,-0.198387,2.464197
0.281341,-0.195792,2.468179
0.147206,-0.585624,2.496351
0.300390,-0.573561,2.403852
0.178060,-0.828461,2.531761
0.307905,-0.824307,2.408558
0.107408,-0.798270,2.518738
0.312590,-0.762244,2.382563
0.196791,0.479864,2.591167
0.201906,0.302820,2.606907
0.051947,0.179043,2.556191
0.361218,0.174121,2.548070
-0.089775,0.101368,2.359298
0.425967,-0.085313,2.493603
0.137325,0.110977,2.493603
0.426071,-0.302230,2.236363
0.210876,0.118383,2.205206
0.426824,-0.382286,2.361012
0.206924,-0.072943,2.552721
0.207242,-0.130376,2.487614
0.135763,-0.198367,2.464228
0.281389,-0.195791,2.468187
0.147237,-0.585646,2.496418
0.300463,-0.573557,2.403952
0.178143,-0.828650,2.531969
0.307833,-0.824428,2.408760
0.107680,-0.798114,2.518695
0.312743,-0.762150,2.382765
0.196965,0.479858,2.591377
0.202054,0.302800,2.607038
0.052061,0.179089,2.556372
0.361315,0.174061,2.548182
-0.086258,0.092409,2.363277
0.426145,-0.085400,2.493758
0.119246,0.084091,2.493758
0.426246,-0.302310,2.230365
0.185781,0.080238,2.195706
0.427055,-0.382340,2.361241
0.207024,-0.072949,2.552759
0.207323,-0.130369,2.487631
0.135886,-0.198346,2.464259
0.281434,-0.195790,2.468194
0.147267,-0.585669,2.496483
0.300535,-0.573553,2.404047
0.178221,-0.828842,2.532174
0.307768,-0.824542,2.408940
0.107964,-0.797951,2.518651
0.312898,-0.762051,2.382970
0.197125,0.479846,2.591566
0.202196,0.302784,2.607162
0.052167,0.179132,2.556537
0.361406,0.174004,2.548288
-0.082408,0.083027,2.367629
0.426318,-0.085480,2.493912
0.101141,0.054458,2.493912
0.426418,-0.302390,2.226079
0.159260,0.039003,2.189101
0.427279,-0.382393,2.361468
0.207119,-0.072953,2.552796
0.207399,-0.130362,2.487647
0.136006,-0.198324,2.464288
0.281474,-0.195788,2.468200
0.147297,-0.585696,2.496549
0.300605,-0.573546,2.404137
0.178299,-0.829038,2.532372
0.307708,-0.824648,2.409106
0.108249,-0.797792,2.518611
0.313051,-0.761946,2.383171
0.197281,0.479837,2.591747
0.202331,0.302770,2.607273
0.052267,0.179173,2.556687
0.361492,0.173950,2.548389
-0.076686,0.070709,2.373777
0.426486,-0.085558,2.494066
0.083460,0.022858,2.494066
0.426592,-0.302460,2.223651
0.134374,-0.001105,2.183989
0.427502,-0.382450,2.361700
0.207209,-0.072956,2.552830
0.207474,-0.130354,2.487661
0.136125,-0.198302,2.464317
0.281512,-0.195785,2.468206
0.147328,-0.585726,2.496614
0.300676,-0.573536,2.404225
0.178368,-0.829243,2.532572
0.307650,-0.824749,2.409264
0.108528,-0.797639,2.518569
0.313175,-0.761839,2.383366
0.197425,0.479831,2.591911
0.202469,0.302758,2.607376
0.052368,0.179215,2.556823
0.361574,0.173896,2.548484
-0.070779,0.058219,2.380123
0.426652,-0.085633,2.494219
0.067096,-0.007505,2.494219
0.426768,-0.302541,2.222206
0.110677,-0.041901,2.181140
0.427721,-0.382512,2.361931
0.207294,-0.072959,2.552860
0.207545,-0.130345,2.487674
0.136241,-0.198279,2.464345
0.281547,-0.195781,2.468211
0.147358,-0.585759,2.496679
0.300747,-0.573527,2.404309
0.178436,-0.829453,2.532768
0.307595,-0.824847,2.409415
0.108817,-0.797486,2.518527
0.313296,-0.761736,2.383552
0.197574,0.479840,2.592052
0.202606,0.302752,2.607459
0.052502,0.179280,2.556948
0.361663,0.173845,2.548569
-0.064229,0.044837,2.387137
0.426820,-0.085706,2.494369
0.051131,-0.049527,2.494369
0.426956,-0.302608,2.230269
0.086231,-0.095652,2.185505
0.427953,-0.382587,2.362174
0.207383,-0.072958,2.552882
0.207623,-0.130334,2.487678
0.136365,-0.198253,2.464364
0.281584,-0.195773,2.468206
0.147389,-0.585807,2.496748
0.300824,-0.573513,2.404393
0.178518,-0.829692,2.532971
0.307495,-0.824950,2.409657
0.109132,-0.797344,2.518489
0.313415,-0.761666,2.383703
0.197718,0.479851,2.592180
0.202752,0.302752,2.607515
0.052664,0.179361,2.557061
0.361755,0.173795,2.548644
-0.057315,0.031244,2.394493
0.427013,-0.085770,2.494529
0.036954,-0.088252,2.494529
0.427147,-0.302673,2.238539
0.064231,-0.148235,2.193682
0.428184,-0.382664,2.362414
0.207489,-0.072953,2.552890
0.207721,-0.130319,2.487667
0.136518,-0.198220,2.464373
0.281634,-0.195759,2.468189
0.147422,-0.585861,2.496819
0.300907,-0.573500,2.404477
0.178604,-0.829943,2.533174
0.307413,-0.825056,2.409879
0.109453,-0.797212,2.518450
0.313524,-0.761598,2.383847
0.197865,0.479867,2.592288
0.202903,0.302757,2.607544
0.052841,0.179454,2.557163
0.361850,0.173745,2.548707
-0.050500,0.018124,2.401766
0.427214,-0.085828,2.494690
0.024676,-0.126877,2.494690
0.427339,-0.302735,2.250858
0.045190,-0.199341,2.207046
0.428414,-0.382745,2.362651
0.207601,-0.072945,2.552887
0.207825,-0.130303,2.487647
0.136677,-0.198186,2.464378
0.281687,-0.195743,2.468162
0.147459,-0.585929,2.496892
0.300996,-0.573488,2.404563
0.178692,-0.830219,2.533384
0.307337,-0.825164,2.410098
0.109794,-0.797086,2.518412
0.313631,-0.761535,2.383983
0.198028,0.479900,2.592369
0.203092,0.302770,2.607498
0.053277,0.179615,2.557123
0.361956,0.173693,2.548756
-0.043882,0.005678,2.408790
0.427422,-0.085879,2.494844
0.014076,-0.162349,2.494844
0.427562,-0.302850,2.263875
0.028386,-0.246086,2.222280
0.428665,-0.382824,2.362889
0.207734,-0.072938,2.552853
0.207967,-0.130292,2.487592
0.136893,-0.198146,2.464355
0.281753,-0.195725,2.468118
0.147500,-0.586009,2.496966
0.301091,-0.573475,2.404652
0.178779,-0.830512,2.533597
0.307273,-0.825269,2.410309
0.110142,-0.796967,2.518375
0.313727,-0.761474,2.384113
0.198217,0.479953,2.592405
0.203324,0.302802,2.607363
0.053738,0.179799,2.557058
0.362068,0.173643,2.548780
-0.037526,-0.005988,2.415477
0.427653,-0.085914,2.494981
0.004954,-0.194818,2.494981
0.427797,-0.302950,2.277563
0.014042,-0.288228,2.238554
0.428944,-0.382901,2.363118
0.207883,-0.072924,2.552796
0.208121,-0.130278,2.487520
0.137122,-0.198101,2.464322
0.281827,-0.195703,2.468060
0.147557,-0.586106,2.497034
0.301208,-0.573511,2.404750
0.178861,-0.830827,2.533820
0.307322,-0.825471,2.410468
0.110529,-0.796839,2.518336
0.313787,-0.761432,2.384310
0.198436,0.480009,2.592396
0.203586,0.302843,2.607150
0.054311,0.180014,2.556906
0.362205,0.173593,2.548761
-0.031452,-0.016804,2.421895
0.427905,-0.085945,2.495092
-0.002846,-0.224155,2.495092
0.428076,-0.303007,2.291595
0.001743,-0.325691,2.255065
0.429252,-0.382950,2.363332
0.208052,-0.072907,2.552711
0.208293,-0.130266,2.487423
0.137371,-0.198054,2.464278
0.281910,-0.195678,2.467979
0.147653,-0.586238,2.497080
0.301335,-0.573564,2.404856
0.178925,-0.831172,2.534039
0.307376,-0.825695,2.410629
0.110993,-0.796686,2.518276
0.313859,-0.761402,2.384530
0.198685,0.480093,2.592308
0.203884,0.302904,2.606846
0.055123,0.180292,2.556552
0.362376,0.173542,2.548682
-0.025724,-0.026723,2.428042
0.428208,-0.086006,2.495135
-0.009346,-0.250709,2.495135
0.428385,-0.303045,2.306483
-0.008533,-0.359226,2.272840
0.429576,-0.382983,2.363526
0.208238,-0.072892,2.552592
0.208491,-0.130262,2.487293
0.137645,-0.198006,2.464221
0.282007,-0.195653,2.467862
0.147787,-0.586410,2.497066
0.301486,-0.573643,2.404977
0.178983,-0.831561,2.534159
0.307423,-0.825951,2.410826
0.111520,-0.796509,2.518165
0.313941,-0.761394,2.384767
0.199012,0.480227,2.592041
0.204218,0.303000,2.606443
0.056028,0.180603,2.556109
0.362592,0.173517,2.548480
-0.020294,-0.035861,2.434098
0.428571,-0.086047,2.495128
-0.014802,-0.274262,2.495128
0.428739,-0.303057,2.320994
-0.017156,-0.388628,2.290116
0.429928,-0.383018,2.363697
0.208468,-0.072869,2.552423
0.208724,-0.130258,2.487121
0.137963,-0.197950,2.464146
0.282129,-0.195620,2.467695
0.148060,-0.586674,2.496805
0.301696,-0.573829,2.405157
0.178984,-0.832114,2.533940
0.307581,-0.826243,2.411032
0.112927,-0.796184,2.517062
0.314108,-0.761429,2.385011
0.199377,0.480387,2.591698
0.204684,0.303170,2.605820
0.057011,0.180938,2.555573
0.362874,0.173547,2.548001
-0.015136,-0.044262,2.440147
0.429046,-0.086065,2.495036
-0.019396,-0.295002,2.495036
0.429166,-0.303053,2.334841
-0.024378,-0.414241,2.306650
0.430330,-0.383054,2.363838
0.208794,-0.072828,2.552161
0.209017,-0.130252,2.486878
0.138331,-0.197884,2.464047
0.282301,-0.195573,2.467432
0.148449,-0.587018,2.495930
0.301997,-0.574117,2.405411
0.178905,-0.832907,2.532791
0.307652,-0.826585,2.411398
0.114461,-0.795632,2.515799
0.314274,-0.761529,2.385346
0.199803,0.480584,2.591181
0.205247,0.303397,2.605011
0.057922,0.181294,2.555081
0.363253,0.173638,2.547205
-0.010216,-0.051934,2.446208
0.429726,-0.086035,2.494783
-0.023289,-0.313169,2.494783
0.429706,-0.303002,2.348201
-0.030350,-0.436366,2.322703
0.430888,-0.383037,2.363940
0.209234,-0.072735,2.551797
0.209373,-0.130209,2.486561
0.138734,-0.197803,2.463931
0.282547,-0.195480,2.467036
0.148874,-0.587425,2.494058
0.302377,-0.574472,2.405732
0.178852,-0.833697,2.530838
0.307715,-0.826961,2.411819
0.115824,-0.795174,2.514101
0.314456,-0.761663,2.385736
0.200276,0.480821,2.590484
0.205915,0.303678,2.603959
0.058815,0.181657,2.554590
0.363743,0.173820,2.545898
-0.005597,-0.058953,2.452156
0.430679,-0.086030,2.494184
-0.026373,-0.329103,2.494184
0.430352,-0.302963,2.361381
-0.035026,-0.454607,2.338572
0.431566,-0.383012,2.364012
0.209817,-0.072585,2.551292
0.209802,-0.130128,2.486146
0.139180,-0.197706,2.463794
0.282890,-0.195338,2.466433
0.149377,-0.587751,2.490096
0.302848,-0.574938,2.406142
0.178506,-0.834571,2.526726
0.307813,-0.827419,2.412430
0.120463,-0.794112,2.507785
0.314121,-0.767085,2.385155
0.200851,0.481136,2.589473
0.206832,0.304070,2.602465
0.059707,0.182029,2.554077
0.364405,0.174086,2.544179
-0.001293,-0.065338,2.457910
0.431877,-0.085943,2.493205
-0.028768,-0.342924,2.493205
0.431210,-0.302867,2.374147
-0.038544,-0.469811,2.353889
0.432515,-0.383002,2.364015
0.210598,-0.072324,2.550567
0.210353,-0.129966,2.485563
0.139683,-0.197579,2.463620
0.283380,-0.195111,2.465515
0.149978,-0.587780,2.483394
0.303543,-0.575487,2.406685
0.178025,-0.835321,2.521172
0.307868,-0.827885,2.413061
0.125697,-0.792310,2.497267
0.313782,-0.770562,2.384804
0.201521,0.481536,2.588116
0.208163,0.304556,2.599732
0.060635,0.182427,2.553481
0.365113,0.174469,2.541660
0.002715,-0.071101,2.463416
0.433366,-0.085752,2.491712
-0.030445,-0.354726,2.491712
0.432312,-0.302698,2.386588
-0.040924,-0.481994,2.369063
0.433693,-0.382937,2.363882
0.211623,-0.071942,2.549489
0.211018,-0.129750,2.484755
0.140258,-0.197420,2.463388
0.283963,-0.194829,2.464284
0.150684,-0.587162,2.474420
0.304484,-0.576309,2.407397
0.176883,-0.835734,2.508192
0.307878,-0.828471,2.413769
0.131415,-0.789575,2.483691
0.315003,-0.772558,2.386841
0.202291,0.482017,2.586163
0.209680,0.305120,2.596497
0.061596,0.182853,2.552796
0.366078,0.174984,2.538210
0.006459,-0.076284,2.468661
0.435213,-0.085487,2.489213
-0.031437,-0.364620,2.489213
0.433601,-0.302543,2.398607
-0.042333,-0.492235,2.383748
0.435173,-0.382781,2.363478
0.212873,-0.071436,2.548029
0.211802,-0.129437,2.483653
0.140899,-0.197214,2.463064
0.284665,-0.194464,2.462593
0.151472,-0.585838,2.462978
0.305529,-0.577218,2.408164
0.175714,-0.835457,2.491974
0.307989,-0.829128,2.414618
0.137511,-0.785898,2.466922
0.316105,-0.774327,2.388955
0.203192,0.482708,2.583367
0.211427,0.305819,2.592386
0.063217,0.183352,2.550790
0.367289,0.175707,2.533869
0.009965,-0.080911,2.473608
0.437316,-0.085176,2.485929
-0.031688,-0.372671,2.485929
0.435218,-0.302352,2.410244
-0.042729,-0.499966,2.397961
0.436912,-0.382524,2.362783
0.214230,-0.070798,2.546088
0.212748,-0.129004,2.482090
0.141655,-0.196932,2.462562
0.285520,-0.193972,2.460215
0.152347,-0.583678,2.449545
0.306501,-0.577696,2.408736
0.175128,-0.834963,2.478263
0.308256,-0.829611,2.415695
0.144439,-0.781071,2.446642
0.317495,-0.775446,2.391135
0.204267,0.483430,2.579775
0.213317,0.306596,2.587255
0.064875,0.183935,2.548602
0.368729,0.176655,2.528009
0.013198,-0.085036,2.478194
0.439678,-0.084802,2.481586
-0.031349,-0.379066,2.481586
0.437127,-0.302103,2.421241
-0.042237,-0.505462,2.411401
0.438911,-0.382232,2.361551
0.215858,-0.069978,2.543494
0.213835,-0.128428,2.479993
0.142527,-0.196552,2.461806
0.286504,-0.193362,2.457141
0.153276,-0.580860,2.434300
0.307466,-0.578102,2.409245
0.174557,-0.834050,2.463060
0.308584,-0.830031,2.416808
0.152309,-0.775817,2.423680
0.318929,-0.776292,2.393316
0.205441,0.484229,2.575295
0.215519,0.307623,2.580392
0.066919,0.184620,2.545225
0.370368,0.177809,2.520603
0.016202,-0.088642,2.482318
0.442358,-0.084346,2.475919
-0.030466,-0.383721,2.475919
0.439245,-0.301793,2.431636
-0.040665,-0.508545,2.424229
0.441180,-0.382279,2.358910
0.217812,-0.068993,2.539932
0.215192,-0.127751,2.477045
0.143655,-0.196075,2.460588
0.287712,-0.192676,2.453073
0.154311,-0.577558,2.417583
0.308426,-0.578497,2.409665
0.174448,-0.831036,2.432000
0.308973,-0.830445,2.417913
0.159877,-0.770130,2.399421
0.320200,-0.776972,2.395307
0.206802,0.485299,2.569410
0.218174,0.308735,2.571244
0.068946,0.185363,2.541488
0.372211,0.179113,2.511555
0.018968,-0.091734,2.485819
0.445372,-0.083735,2.468629
-0.028546,-0.386373,2.468629
0.441588,-0.301318,2.441011
-0.037935,-0.509056,2.436097
0.443492,-0.382005,2.355721
0.220161,-0.067719,2.535054
0.216776,-0.126853,2.472995
0.144958,-0.195454,2.458723
0.289135,-0.191854,2.447741
0.155647,-0.574009,2.399863
0.309383,-0.578729,2.409878
0.173730,-0.827429,2.397468
0.309393,-0.830674,2.418848
0.168880,-0.776083,2.364453
0.321294,-0.777354,2.396850
0.208227,0.486326,2.561996
0.220921,0.309852,2.560866
0.070972,0.186187,2.536805
0.374158,0.180391,2.500468
0.021545,-0.094417,2.488857
0.448582,-0.083158,2.459743
-0.026147,-0.387632,2.459743
0.444009,-0.300881,2.449260
-0.034586,-0.507866,2.446665
0.445920,-0.382118,2.350583
0.222737,-0.066300,2.528826
0.218498,-0.125794,2.467642
0.146416,-0.194701,2.455933
0.290662,-0.190953,2.440840
0.157162,-0.570282,2.381548
0.310402,-0.578841,2.409876
0.172922,-0.823448,2.361836
0.309904,-0.830793,2.419704
0.177879,-0.781545,2.325091
0.322403,-0.777429,2.398316
0.209781,0.487330,2.552478
0.223613,0.310882,2.548161
0.073897,0.186777,2.527622
0.376087,0.181654,2.487571
0.023974,-0.096672,2.491286
0.451876,-0.082548,2.449203
-0.023252,-0.387724,2.449203
0.446601,-0.300327,2.456085
-0.030672,-0.505365,2.455613
0.448290,-0.382027,2.343733
0.225326,-0.064990,2.520698
0.220463,-0.124860,2.460287
0.148262,-0.193944,2.451479
0.292311,-0.190145,2.432124
0.159005,-0.566830,2.361566
0.311462,-0.578774,2.409481
0.172197,-0.819999,2.325117
0.310457,-0.830763,2.420463
0.185069,-0.785959,2.280599
0.324249,-0.777096,2.399842
0.211542,0.488301,2.541243
0.226385,0.311837,2.533347
0.076951,0.187281,2.516925
0.378061,0.182716,2.472828
0.026304,-0.098369,2.492494
0.455175,-0.081916,2.435863
-0.019311,-0.386136,2.435863
0.449074,-0.299794,2.459434
-0.026220,-0.501261,2.461719
0.450597,-0.382033,2.334414
0.228121,-0.063731,2.510386
0.222588,-0.123994,2.450757
0.150387,-0.193148,2.444865
0.294038,-0.189415,2.421326
0.160922,-0.563542,2.341545
0.312675,-0.578458,2.408417
0.170841,-0.816198,2.286849
0.311019,-0.830632,2.420969
0.192009,-0.784875,2.237451
0.326544,-0.776544,2.401546
0.213467,0.488987,2.527706
0.229132,0.312626,2.516650
0.079963,0.187957,2.503965
0.379937,0.183694,2.456376
0.028492,-0.099530,2.492044
0.458415,-0.081625,2.420568
-0.015334,-0.383675,2.420568
0.451397,-0.299470,2.460834
-0.021186,-0.494811,2.464405
0.452677,-0.382195,2.323258
0.230931,-0.062505,2.497637
0.224764,-0.123111,2.438655
0.152687,-0.192273,2.435575
0.295727,-0.188659,2.408092
0.162744,-0.560578,2.320788
0.313941,-0.577953,2.406312
0.169288,-0.812991,2.250001
0.311693,-0.830324,2.421293
0.196433,-0.783413,2.195433
0.327699,-0.775817,2.402019
0.215274,0.489681,2.511162
0.231506,0.313236,2.496744
0.083170,0.188062,2.486480
0.381398,0.184091,2.436459
0.030424,-0.099943,2.488828
0.461439,-0.081401,2.403127
-0.011282,-0.380011,2.403127
0.453463,-0.299196,2.458717
-0.015741,-0.486997,2.461726
0.454474,-0.382343,2.307920
0.233539,-0.061552,2.481762
0.226821,-0.122556,2.423390
0.155059,-0.191495,2.422962
0.297211,-0.188147,2.392344
0.164259,-0.557740,2.299052
0.315343,-0.577839,2.403342
0.168061,-0.812484,2.219560
0.312387,-0.830284,2.420963
0.198343,-0.788454,2.158388
0.328920,-0.775473,2.402767
0.217158,0.490092,2.492043
0.233583,0.313780,2.475581
0.086168,0.188166,2.467081
0.382699,0.184218,2.414935
0.031971,-0.099762,2.481668
0.463304,-0.081447,2.381213
-0.007283,-0.374409,2.381213
0.455114,-0.299398,2.450473
-0.010098,-0.477965,2.451886
0.455941,-0.382461,2.290898
0.235847,-0.060704,2.463089
0.228596,-0.122021,2.405031
0.157240,-0.190606,2.407304
0.298316,-0.187837,2.372550
0.165258,-0.555267,2.274118
0.316867,-0.577820,2.398559
0.167089,-0.812408,2.191158
0.313131,-0.830137,2.420405
0.199800,-0.793786,2.123787
0.330214,-0.774764,2.402633
