0.017939,0.785775,2.628816
0.034700,0.612881,2.643568
-0.116233,0.508212,2.646733
0.186424,0.500176,2.656062
-0.182360,0.254219,2.641959
0.292329,0.287568,2.667741
-0.212904,0.044233,2.667741
0.284875,0.139545,2.531279
-0.210707,-0.030845,2.511876
0.236341,0.092206,2.417508
0.031794,0.257843,2.651842
0.032124,0.188780,2.627422
-0.039158,0.120625,2.623929
0.102402,0.121309,2.621675
0.013053,-0.397278,2.645892
0.116446,-0.399511,2.537617
0.014963,-0.751704,2.740017
0.139221,-0.704528,2.446642
-0.023033,-0.822586,2.719450
0.151529,-0.780436,2.372216
0.019058,0.783281,2.607901
0.038974,0.608041,2.625904
-0.110818,0.509826,2.621779
0.193710,0.497710,2.642490
-0.181422,0.248738,2.630005
0.324514,0.307325,2.649875
-0.208906,0.035489,2.649875
0.298080,0.168569,2.526450
-0.209064,-0.042263,2.504217
0.262991,0.150358,2.408462
0.033227,0.258327,2.632269
0.034192,0.190747,2.606468
-0.037760,0.121713,2.600827
0.104460,0.122412,2.600861
0.012377,-0.397155,2.635331
0.115380,-0.396540,2.520725
0.012692,-0.751347,2.736831
0.136765,-0.705736,2.443616
-0.019618,-0.824906,2.717045
0.149917,-0.778636,2.370802
0.021956,0.783835,2.601734
0.041136,0.603772,2.609334
-0.107968,0.511210,2.608623
0.199726,0.496108,2.621570
-0.178405,0.245980,2.623883
0.336054,0.312912,2.642463
-0.209145,0.031769,2.642463
0.294074,0.208574,2.524519
-0.209314,-0.042860,2.503389
0.248641,0.185752,2.367127
0.035716,0.258796,2.616808
0.036044,0.192162,2.590487
-0.036000,0.123292,2.584028
0.106327,0.123062,2.586012
0.013386,-0.395919,2.614103
0.114838,-0.390822,2.508080
0.011138,-0.750904,2.733713
0.134673,-0.707294,2.441796
-0.021396,-0.826662,2.736374
0.149772,-0.778761,2.370545
0.024254,0.787755,2.588046
0.045208,0.607628,2.590639
-0.102313,0.512374,2.590795
0.203980,0.498681,2.604012
-0.175908,0.245612,2.618484
0.369503,0.338705,2.612902
-0.208474,0.030687,2.612902
0.257257,0.230418,2.522351
-0.209774,-0.043441,2.503501
0.254692,0.239908,2.362553
0.041034,0.260505,2.600289
0.041625,0.193323,2.574028
-0.030177,0.124859,2.569092
0.112152,0.124204,2.568987
0.010263,-0.394797,2.595652
0.115853,-0.389393,2.495960
0.010938,-0.751052,2.733633
0.133627,-0.710222,2.439256
-0.018932,-0.827611,2.736479
0.149207,-0.778412,2.371063
0.027899,0.788107,2.565280
0.048656,0.607807,2.577019
-0.101047,0.508447,2.583699
0.204795,0.500032,2.584365
-0.171508,0.243829,2.607470
0.378109,0.351738,2.603600
-0.206905,0.026843,2.603600
0.313251,0.259282,2.519075
-0.210211,-0.046893,2.505213
0.277172,0.263762,2.364046
0.046223,0.258599,2.583943
0.045874,0.191333,2.556194
-0.025646,0.123477,2.553606
0.116330,0.122078,2.547478
0.005568,-0.397569,2.578034
0.118776,-0.393696,2.484496
0.003924,-0.744149,2.714115
0.132604,-0.714114,2.436380
-0.014330,-0.813926,2.675202
0.151136,-0.784496,2.364041
0.029366,0.787188,2.554983
0.055155,0.606810,2.553062
-0.097319,0.507553,2.572705
0.212206,0.503254,2.568103
-0.166539,0.244191,2.600288
0.403499,0.378480,2.583961
-0.206844,0.026257,2.583961
0.333199,0.275565,2.518426
-0.209274,-0.047188,2.505504
0.302425,0.280906,2.368544
0.053928,0.261665,2.565205
0.053225,0.194725,2.538273
-0.019579,0.125509,2.539662
0.125351,0.125091,2.527132
0.004422,-0.393973,2.546184
0.110626,-0.383682,2.476661
0.001997,-0.743798,2.708051
0.132032,-0.714036,2.435076
-0.009101,-0.818828,2.676992
0.148671,-0.776045,2.379415
0.032939,0.783757,2.540775
0.058019,0.605739,2.542901
-0.084234,0.509509,2.546405
0.228306,0.495982,2.546198
-0.163973,0.241857,2.595224
0.417809,0.373758,2.574318
-0.204936,0.023274,2.574318
0.331641,0.281224,2.516979
-0.207116,-0.049281,2.505303
0.266502,0.273641,2.327676
0.056299,0.260940,2.554683
0.056007,0.194162,2.527690
-0.016794,0.125219,2.529321
0.128134,0.122861,2.516124
-0.000195,-0.384513,2.517234
0.106568,-0.381383,2.466847
-0.003843,-0.734026,2.681480
0.133042,-0.713334,2.431846
-0.004249,-0.777067,2.595178
0.147974,-0.777393,2.382927
0.034428,0.786272,2.528302
0.062567,0.606550,2.530263
-0.081155,0.511049,2.533317
0.254130,0.514286,2.536984
-0.158307,0.238713,2.587098
0.434673,0.369896,2.523171
-0.201589,0.018970,2.523171
0.306658,0.274673,2.515671
-0.202810,-0.050356,2.504733
0.240422,0.261264,2.307303
0.061652,0.267340,2.541105
0.061887,0.202125,2.513442
-0.013544,0.130233,2.514281
0.136231,0.126348,2.503571
0.014441,-0.333875,2.456976
0.102776,-0.378368,2.453678
-0.007108,-0.695258,2.641829
0.133059,-0.712651,2.430404
-0.006821,-0.738206,2.555426
0.147636,-0.777830,2.382804
0.036842,0.786576,2.512143
0.066610,0.606212,2.515079
-0.080034,0.509969,2.527493
0.249860,0.501235,2.518102
-0.152927,0.237217,2.579826
0.440828,0.374056,2.520839
-0.198813,0.016847,2.520839
0.308674,0.278572,2.514258
-0.195619,-0.057367,2.506975
0.271440,0.290616,2.278962
0.066699,0.266278,2.528706
0.065851,0.200540,2.501870
-0.009660,0.128673,2.505836
0.140926,0.124788,2.487684
0.008843,-0.344316,2.454458
0.104201,-0.375081,2.443269
-0.010077,-0.715964,2.621280
0.132508,-0.712813,2.429650
-0.062098,-0.777505,2.605755
0.146422,-0.778293,2.382181
0.038881,0.784438,2.501249
0.069148,0.609563,2.501827
-0.077223,0.510605,2.516681
0.251278,0.503138,2.507564
-0.145803,0.230743,2.569215
0.446806,0.380628,2.491333
-0.192489,0.008985,2.491333
0.299142,0.273884,2.511903
-0.192020,-0.061930,2.505472
0.240514,0.255424,2.292268
0.068722,0.266705,2.518285
0.067806,0.200069,2.492518
-0.007804,0.127972,2.498003
0.142808,0.124355,2.478583
0.003673,-0.356379,2.446133
0.108155,-0.374887,2.436121
-0.009008,-0.715751,2.603095
0.131924,-0.713159,2.428186
-0.053129,-0.774300,2.566913
0.146294,-0.778845,2.381681
0.040027,0.788052,2.483049
0.073844,0.607860,2.486282
-0.076435,0.510810,2.511821
0.241643,0.510244,2.483299
-0.140933,0.231841,2.562772
0.434707,0.384466,2.469795
-0.189008,0.009408,2.469795
0.289098,0.266385,2.511765
-0.188380,-0.061261,2.504647
0.230476,0.236779,2.284915
0.071446,0.266288,2.506152
0.068356,0.199358,2.482317
-0.006625,0.127861,2.489683
0.141556,0.125600,2.468337
0.009582,-0.359068,2.435274
0.110140,-0.377135,2.431492
-0.009120,-0.717711,2.535597
0.131828,-0.713564,2.428376
-0.057853,-0.783014,2.537523
0.146737,-0.780517,2.376127
0.040095,0.790937,2.478504
0.075578,0.607775,2.478094
-0.076469,0.507138,2.505165
0.240752,0.512734,2.473135
-0.136247,0.234426,2.555232
0.419307,0.367636,2.432609
-0.183893,0.011094,2.432609
0.249904,0.252968,2.510405
-0.183437,-0.060725,2.502345
0.183941,0.220383,2.296254
0.072892,0.266172,2.495996
0.069383,0.199268,2.472855
-0.005117,0.127248,2.481912
0.141604,0.126507,2.456941
0.015715,-0.363801,2.427076
0.111416,-0.380770,2.427740
0.018521,-0.720392,2.465338
0.130162,-0.713929,2.429147
-0.041451,-0.775298,2.468502
0.146746,-0.782750,2.373414
0.039776,0.793902,2.465776
0.075070,0.609441,2.464110
-0.075602,0.506475,2.494857
0.238168,0.514269,2.457984
-0.134539,0.233741,2.549600
0.410989,0.362113,2.423281
-0.178791,0.009501,2.423281
0.243516,0.244707,2.507272
-0.178712,-0.059525,2.496053
0.177450,0.212508,2.286934
0.071321,0.266130,2.484396
0.067272,0.198592,2.462978
-0.006863,0.126901,2.472810
0.138808,0.126869,2.448002
0.021588,-0.365887,2.421338
0.109699,-0.379702,2.425654
0.013405,-0.720718,2.457991
0.126297,-0.716853,2.431620
-0.031660,-0.783534,2.415503
0.144968,-0.781435,2.385670
0.040251,0.797341,2.453931
0.076064,0.610255,2.455341
-0.075781,0.505033,2.478590
0.237748,0.513922,2.444976
-0.131157,0.234641,2.542455
0.410540,0.361647,2.420655
-0.169260,0.010179,2.420655
0.242622,0.241469,2.494715
-0.174113,-0.060371,2.491567
0.175485,0.212354,2.287309
0.069850,0.265948,2.475027
0.065704,0.198113,2.454712
-0.008732,0.126322,2.463826
0.136657,0.126802,2.440649
0.024864,-0.367741,2.417837
0.114019,-0.383358,2.423954
0.012786,-0.720207,2.432442
0.124814,-0.716686,2.430856
-0.006335,-0.789152,2.394305
0.145958,-0.784412,2.382122
0.039754,0.796856,2.440896
0.074159,0.609957,2.443832
-0.076301,0.502788,2.465257
0.235846,0.513499,2.432174
-0.128597,0.236507,2.536722
0.402578,0.354836,2.409763
-0.166958,0.012112,2.409763
0.220478,0.244146,2.489757
-0.168950,-0.057959,2.482786
0.152704,0.218609,2.288782
0.070138,0.265078,2.463430
0.066546,0.196972,2.444376
-0.007287,0.124840,2.454583
0.137726,0.126565,2.429724
0.025882,-0.367717,2.415956
0.115640,-0.382908,2.422818
0.009771,-0.720300,2.421548
0.123260,-0.717339,2.430147
-0.028561,-0.782745,2.381958
0.145141,-0.784034,2.387341
0.040060,0.796522,2.434375
0.072427,0.610709,2.434236
-0.076658,0.499456,2.457432
0.233595,0.512676,2.423428
-0.127345,0.236981,2.533381
0.399285,0.353268,2.405525
-0.165171,0.013122,2.405525
0.216517,0.241961,2.483336
-0.167157,-0.056352,2.476005
0.148776,0.216437,2.287137
0.069211,0.263942,2.454387
0.065815,0.195311,2.436790
-0.007303,0.123270,2.447348
0.136642,0.125631,2.422743
0.026420,-0.368798,2.414553
0.115073,-0.383425,2.421878
0.009322,-0.722182,2.418834
0.122568,-0.718372,2.430259
0.015321,-0.787380,2.370792
0.145244,-0.784289,2.387510
0.039692,0.795141,2.404873
0.065506,0.606817,2.403888
-0.081537,0.493149,2.418314
0.219066,0.508511,2.394174
-0.140971,0.238030,2.488797
0.357878,0.326782,2.386236
-0.179333,0.015836,2.386236
0.178901,0.211717,2.433944
-0.181930,-0.047293,2.424489
0.111391,0.186279,2.266751
0.057403,0.258536,2.415349
0.053881,0.189859,2.399835
-0.017781,0.121441,2.406733
0.121350,0.121832,2.386868
0.023670,-0.374134,2.414756
0.110973,-0.382426,2.417780
0.009029,-0.725172,2.416889
0.117854,-0.719042,2.430833
-0.022547,-0.785334,2.374614
0.148674,-0.785924,2.389455
0.038551,0.795033,2.399919
0.065284,0.608569,2.401195
-0.082135,0.494452,2.415221
0.215946,0.508512,2.388368
-0.146038,0.234895,2.480195
0.351959,0.325164,2.383619
-0.187580,0.015215,2.383619
0.175847,0.206724,2.416693
-0.189493,-0.046449,2.408422
0.108379,0.181303,2.263150
0.056621,0.258991,2.410954
0.052788,0.190092,2.394884
-0.018460,0.122405,2.402213
0.119586,0.122095,2.380732
0.020774,-0.375856,2.416507
0.110872,-0.383620,2.417866
0.008863,-0.725874,2.416966
0.116982,-0.717993,2.429574
-0.032534,-0.786855,2.385485
0.148673,-0.785987,2.389455
0.036837,0.794178,2.388158
0.060544,0.610838,2.388142
-0.091450,0.489031,2.398051
0.207071,0.506830,2.370728
-0.154450,0.240328,2.463380
0.316345,0.306493,2.359094
-0.198997,0.026965,2.359094
0.183297,0.142412,2.381477
-0.206016,-0.039070,2.363003
0.115990,0.117051,2.237859
0.052123,0.259076,2.393193
0.048155,0.190298,2.373518
-0.023121,0.122222,2.380488
0.115468,0.122105,2.357430
0.010418,-0.381261,2.429257
0.108316,-0.385300,2.418777
0.010311,-0.726196,2.418704
0.119983,-0.717167,2.430056
-0.030692,-0.784411,2.383563
0.146908,-0.790369,2.392475
0.034891,0.794240,2.385220
0.060246,0.610104,2.385506
-0.092101,0.497861,2.392990
0.205577,0.504564,2.366546
-0.155041,0.242077,2.460035
0.305061,0.298918,2.344455
-0.199378,0.030450,2.344455
0.178164,0.126296,2.373297
-0.214868,-0.065588,2.345037
0.110879,0.100943,2.231283
0.049500,0.258355,2.390149
0.044935,0.189796,2.369267
-0.026612,0.122784,2.376009
0.111125,0.121131,2.352762
0.008128,-0.382065,2.432398
0.108136,-0.385677,2.418766
0.010835,-0.726001,2.419218
0.119938,-0.717187,2.429834
-0.030431,-0.784209,2.383851
0.138207,-0.788578,2.385785
0.034583,0.794137,2.384231
0.059958,0.609813,2.383183
-0.084592,0.531019,2.386582
0.198903,0.496418,2.357049
-0.154880,0.245893,2.457579
0.295959,0.289613,2.331893
-0.199061,0.034560,2.331893
0.165146,0.118955,2.369982
-0.214746,-0.060894,2.340030
0.097885,0.093612,2.220931
0.046937,0.257862,2.387673
0.041581,0.189452,2.365640
-0.028690,0.124495,2.373000
0.104662,0.120986,2.348027
0.005579,-0.382540,2.434686
0.105188,-0.385355,2.418400
0.011323,-0.725774,2.419505
0.119258,-0.717256,2.430002
-0.030048,-0.783867,2.384118
0.141007,-0.789021,2.385789
0.034390,0.792509,2.379534
0.058324,0.610213,2.380728
-0.080930,0.546399,2.380481
0.194019,0.492018,2.350218
-0.152162,0.261174,2.450642
0.295098,0.287151,2.329011
-0.199552,0.050358,2.329011
0.161877,0.121757,2.363436
-0.212389,-0.046671,2.337532
0.094630,0.096419,2.210928
0.044400,0.257154,2.385579
0.038859,0.188622,2.362594
-0.029518,0.125240,2.370946
0.099681,0.120365,2.344306
0.004500,-0.382731,2.435613
0.103518,-0.386528,2.418261
0.011678,-0.725623,2.419828
0.118714,-0.716399,2.428935
-0.033113,-0.786609,2.390235
0.146942,-0.791863,2.386856
0.033340,0.791376,2.377278
0.057948,0.610120,2.379341
-0.081894,0.544290,2.379756
0.191953,0.490417,2.347383
-0.153339,0.259004,2.449660
0.293395,0.285667,2.323035
-0.200096,0.048406,2.323035
0.158084,0.124348,2.361381
-0.213318,-0.048119,2.333921
0.090851,0.099016,2.200453
0.043293,0.255848,2.383861
0.037283,0.187214,2.359640
-0.030668,0.125191,2.367148
0.098066,0.119344,2.342311
0.003928,-0.383154,2.435920
0.102826,-0.387040,2.417964
0.011758,-0.725262,2.420281
0.118823,-0.716583,2.429292
-0.033843,-0.786592,2.391026
0.147555,-0.791868,2.385819
0.033569,0.791537,2.376061
0.057838,0.609078,2.376582
-0.082239,0.543416,2.379300
0.191219,0.489494,2.345867
-0.154795,0.257997,2.447984
0.293233,0.285025,2.319222
-0.200729,0.047180,2.319222
0.154572,0.126722,2.359796
-0.213933,-0.049249,2.332076
0.087354,0.101395,2.196372
0.042568,0.255411,2.382090
0.036265,0.187005,2.357055
-0.031638,0.125778,2.363966
0.096962,0.119279,2.340249
0.002726,-0.382611,2.435644
0.101809,-0.384786,2.416149
0.007857,-0.726222,2.421169
0.119150,-0.715449,2.428886
-0.032409,-0.785765,2.388507
0.149200,-0.790008,2.388798
0.032225,0.790634,2.372613
0.057043,0.608068,2.374163
-0.080776,0.548198,2.374111
0.190605,0.488843,2.344357
-0.154905,0.262955,2.442230
0.292462,0.284266,2.317166
-0.201656,0.049957,2.317166
0.155061,0.126970,2.360910
-0.212944,-0.047470,2.336088
0.087863,0.101651,2.190583
0.041503,0.254817,2.379953
0.035518,0.186645,2.353937
-0.031794,0.126244,2.359623
0.095977,0.119232,2.337979
0.001624,-0.383483,2.435040
0.101415,-0.384923,2.415191
0.007573,-0.726130,2.421940
0.119182,-0.715644,2.428904
-0.031179,-0.785698,2.387785
0.142630,-0.788890,2.390968
0.031772,0.790602,2.370493
0.056542,0.607642,2.372942
-0.102372,0.493435,2.375394
0.190258,0.488609,2.343738
-0.162750,0.237675,2.444920
0.291315,0.283836,2.314844
-0.206236,0.027487,2.314844
0.154175,0.126303,2.353962
-0.216485,-0.070443,2.330848
0.086996,0.100990,2.188677
0.041400,0.252566,2.378161
0.034963,0.184152,2.350893
-0.033693,0.121756,2.355173
0.096485,0.116780,2.335136
0.001272,-0.383863,2.433916
0.100460,-0.384630,2.413566
0.007276,-0.726138,2.421931
0.118894,-0.716102,2.428962
-0.031364,-0.785420,2.387381
0.144459,-0.788827,2.386954
0.031331,0.789926,2.369551
0.055826,0.607384,2.371556
-0.102490,0.493508,2.375384
0.190148,0.488636,2.343578
-0.164395,0.234248,2.441887
0.292199,0.284509,2.314900
-0.206298,0.021110,2.314900
0.157492,0.126135,2.358875
-0.211183,-0.048773,2.347138
0.090337,0.100832,2.186957
0.041223,0.251873,2.376928
0.034795,0.183564,2.348577
-0.034176,0.120393,2.352481
0.096893,0.116146,2.332775
0.000584,-0.384069,2.432708
0.099276,-0.384329,2.411748
0.006881,-0.725906,2.421940
0.118368,-0.715537,2.428059
-0.032643,-0.785724,2.389593
0.111576,-0.796139,2.389791
0.030556,0.789693,2.368376
0.055196,0.606636,2.369444
-0.106317,0.489342,2.375554
0.190428,0.489115,2.343856
-0.166059,0.231480,2.438908
0.296395,0.287147,2.318206
-0.206646,0.016085,2.318206
0.163917,0.129251,2.362892
-0.210660,-0.049631,2.354015
0.101830,0.099291,2.178893
0.041690,0.251375,2.375103
0.035413,0.183310,2.345677
-0.034818,0.118242,2.347776
0.099274,0.115335,2.330139
0.000710,-0.383666,2.430361
0.098777,-0.383795,2.410177
0.006461,-0.725901,2.421778
0.117514,-0.715891,2.427810
-0.035788,-0.786416,2.392107
0.109558,-0.795790,2.395682
0.029168,0.789664,2.365670
0.053236,0.605815,2.366811
-0.106057,0.490855,2.372166
0.190930,0.489234,2.344302
-0.168304,0.229290,2.434582
0.302819,0.290828,2.327175
-0.207279,0.010585,2.327175
0.172789,0.138501,2.370630
-0.209348,-0.056259,2.365410
0.111991,0.107920,2.174822
0.041253,0.251029,2.373484
0.035578,0.183108,2.343172
-0.034964,0.117621,2.343605
0.100039,0.115098,2.329054
-0.000284,-0.383409,2.427948
0.097603,-0.382374,2.408242
0.005570,-0.725925,2.421934
0.117259,-0.716011,2.427678
-0.036357,-0.786497,2.392835
0.141738,-0.785389,2.400499
0.028300,0.789469,2.364450
0.052691,0.605696,2.365438
-0.106629,0.493484,2.368979
0.190699,0.489686,2.344990
-0.170152,0.229452,2.430397
0.307071,0.294906,2.339736
-0.207638,0.009466,2.339736
0.170930,0.161124,2.371749
-0.208688,-0.059613,2.370718
0.111809,0.129866,2.169485
0.040406,0.251127,2.371842
0.035091,0.183492,2.340412
-0.035735,0.118134,2.339458
0.099939,0.115369,2.327729
-0.001164,-0.383247,2.425225
0.097575,-0.381595,2.406550
0.004919,-0.725838,2.421895
0.116387,-0.716746,2.427691
-0.036217,-0.784583,2.386605
0.143816,-0.784256,2.398441
0.025929,0.789694,2.362613
0.051351,0.606628,2.361900
-0.107941,0.494723,2.368600
0.190860,0.491558,2.347751
-0.172642,0.230462,2.423556
0.312476,0.301554,2.352894
-0.208166,0.008781,2.352894
0.180485,0.172495,2.372899
-0.208884,-0.060339,2.373408
0.121586,0.141131,2.173546
0.039862,0.252215,2.369211
0.035018,0.184677,2.337040
-0.036174,0.118621,2.334950
0.100476,0.116197,2.325906
-0.005317,-0.382133,2.421384
0.097821,-0.380819,2.404892
0.004742,-0.725847,2.421578
0.116362,-0.716848,2.427619
-0.035931,-0.784866,2.386738
0.146098,-0.784765,2.402779
0.024755,0.788823,2.360256
0.049518,0.605838,2.360233
-0.108978,0.495092,2.367388
0.193932,0.496115,2.355570
-0.173516,0.231570,2.416589
0.315727,0.306625,2.362146
-0.208323,0.008693,2.362146
0.184146,0.184977,2.373996
-0.209196,-0.060901,2.375254
0.125557,0.153422,2.175562
0.038426,0.252634,2.367955
0.034664,0.185475,2.334797
-0.036936,0.118781,2.330871
0.100741,0.116447,2.324933
-0.005488,-0.382507,2.419313
0.097391,-0.380123,2.403352
0.005209,-0.725602,2.421699
0.115933,-0.716855,2.427309
-0.032912,-0.783802,2.383125
0.147332,-0.784847,2.398875
0.024640,0.788649,2.359733
0.047927,0.604728,2.357947
-0.111196,0.495087,2.363589
0.193207,0.496381,2.356147
-0.174520,0.232779,2.411036
0.319487,0.311548,2.370623
-0.208927,0.009270,2.370623
0.201904,0.192922,2.374375
-0.209038,-0.062367,2.376011
0.143714,0.161283,2.169418
0.036983,0.252027,2.366829
0.033792,0.184957,2.333212
-0.037845,0.118029,2.328537
0.100257,0.116047,2.324347
-0.005893,-0.382601,2.417406
0.097221,-0.379906,2.402161
0.004782,-0.725384,2.421448
0.115241,-0.717274,2.426836
-0.033126,-0.784167,2.383236
0.147352,-0.784617,2.399101
0.024236,0.788653,2.359498
0.047277,0.604543,2.356964
-0.113727,0.498983,2.360469
0.191929,0.496419,2.357651
-0.176594,0.233417,2.404630
0.330197,0.323371,2.383140
-0.209237,0.009234,2.383140
0.201021,0.232045,2.373433
-0.208707,-0.063237,2.375782
0.142992,0.200369,2.172889
0.035270,0.252441,2.365931
0.032479,0.185647,2.331604
-0.039467,0.118836,2.325987
0.099254,0.116424,2.323626
-0.006741,-0.382006,2.414099
0.097111,-0.379609,2.400839
0.004257,-0.724852,2.421067
0.114787,-0.717434,2.426590
-0.031803,-0.783346,2.380314
0.146756,-0.784063,2.399224
0.023763,0.788808,2.359311
0.044368,0.604028,2.354369
-0.115382,0.501011,2.357699
0.190959,0.496796,2.359943
-0.179280,0.235047,2.398850
0.334031,0.329728,2.391325
-0.210371,0.010950,2.391325
0.208048,0.238319,2.365316
-0.209537,-0.064405,2.371407
0.150059,0.206665,2.178804
0.032880,0.252885,2.364271
0.030846,0.186231,2.329552
-0.041214,0.119407,2.323008
0.098240,0.116616,2.322725
-0.008374,-0.382317,2.410923
0.096772,-0.380232,2.399511
0.003151,-0.724678,2.420581
0.114559,-0.717734,2.426207
-0.031704,-0.783001,2.379273
0.147053,-0.784546,2.399507
0.022324,0.789971,2.357343
0.040841,0.604346,2.351612
-0.117610,0.502191,2.351470
0.189501,0.497770,2.362026
-0.181929,0.236010,2.389278
0.330405,0.324450,2.377334
-0.211236,0.012087,2.377334
0.226809,0.249330,2.352804
-0.211960,-0.069132,2.354829
0.192278,0.224290,2.114298
0.031111,0.253727,2.362477
0.030368,0.187132,2.327440
-0.041530,0.120303,2.318550
0.098238,0.117111,2.322244
-0.007815,-0.381853,2.408618
0.096671,-0.379453,2.397983
0.002204,-0.724239,2.420117
0.114413,-0.717841,2.425841
-0.031592,-0.782566,2.377077
0.146281,-0.783349,2.398998
0.020831,0.791357,2.357085
0.038901,0.604220,2.350161
-0.118849,0.501572,2.346030
0.187539,0.503068,2.368488
-0.183833,0.236413,2.373779
0.326968,0.328897,2.384449
-0.211264,0.012429,2.384449
0.229467,0.263556,2.336985
-0.214997,-0.087706,2.334032
0.196966,0.241776,2.112561
0.030268,0.254266,2.361323
0.031365,0.187952,2.325747
-0.039390,0.120641,2.314173
0.099780,0.118197,2.321992
-0.007782,-0.381385,2.407273
0.096513,-0.379321,2.397232
0.001743,-0.724209,2.419736
0.113290,-0.718266,2.425612
-0.032301,-0.782828,2.376965
0.145676,-0.783316,2.398596
0.020259,0.792100,2.356892
0.034604,0.604947,2.348907
-0.122804,0.500327,2.340239
0.186431,0.503357,2.371652
-0.187034,0.236571,2.355042
0.330774,0.337076,2.400143
-0.212892,0.012623,2.400143
0.312630,0.364287,2.318205
-0.211205,-0.075053,2.323786
0.222864,0.318006,2.190527
0.028498,0.254854,2.360097
0.030987,0.188590,2.324252
-0.040081,0.120569,2.311614
0.100116,0.118632,2.321513
-0.008957,-0.380273,2.405028
0.096512,-0.379266,2.396312
0.001556,-0.724200,2.419473
0.113273,-0.718381,2.425617
-0.033111,-0.782007,2.375488
0.145656,-0.783291,2.398588
0.017330,0.793813,2.356694
0.029769,0.605009,2.346155
-0.123050,0.499078,2.335596
0.182316,0.508525,2.375304
-0.189061,0.232336,2.341454
0.342986,0.337720,2.406878
-0.213226,0.010441,2.406878
0.314496,0.415090,2.289164
-0.210921,-0.089684,2.290006
0.268869,0.412542,2.124569
0.026066,0.255512,2.358075
0.030037,0.189265,2.322308
-0.040677,0.121165,2.308311
0.099736,0.119531,2.321088
-0.009347,-0.379780,2.403637
0.096751,-0.378966,2.395508
0.001318,-0.724159,2.418274
0.113159,-0.718731,2.424849
-0.033662,-0.782252,2.375197
0.145716,-0.783793,2.398728
0.017085,0.793633,2.356275
0.028231,0.604971,2.344742
-0.124177,0.497080,2.330307
0.182059,0.508880,2.381903
-0.190100,0.234196,2.331074
0.343428,0.338485,2.409958
-0.213016,0.013601,2.409958
0.316218,0.451415,2.271745
-0.210976,-0.086225,2.269874
0.299955,0.449042,2.191061
0.024594,0.255819,2.356964
0.030127,0.189626,2.321246
-0.040158,0.120883,2.304112
0.100059,0.119745,2.321361
-0.007632,-0.380737,2.402082
0.096605,-0.378947,2.395205
0.001551,-0.724247,2.417692
0.113137,-0.718752,2.424817
-0.033502,-0.782372,2.374650
0.145795,-0.782266,2.395524
0.016801,0.794029,2.356798
0.027167,0.605152,2.344352
-0.120509,0.498745,2.321120
0.180166,0.509854,2.387751
-0.190180,0.232085,2.312303
0.342231,0.344142,2.414692
-0.212082,0.013122,2.414692
0.331689,0.494013,2.245641
-0.208539,-0.085336,2.229643
0.302853,0.488076,2.196517
0.023484,0.255851,2.355837
0.031568,0.189828,2.319810
-0.035687,0.121503,2.299373
0.101384,0.120446,2.321822
-0.006031,-0.380271,2.400750
0.096587,-0.378999,2.394965
0.002511,-0.724954,2.417704
0.111844,-0.719973,2.425550
-0.033886,-0.782102,2.372772
0.145431,-0.783461,2.397552
0.015605,0.794194,2.356703
0.023654,0.606103,2.342601
-0.119950,0.498779,2.316519
0.179096,0.509611,2.390056
-0.191259,0.229398,2.293478
0.340766,0.346778,2.417959
-0.205253,0.012606,2.417959
0.346514,0.528336,2.216600
-0.201466,-0.077646,2.213953
0.310346,0.537162,2.225285
0.023152,0.255782,2.354885
0.032768,0.189652,2.318738
-0.032628,0.120847,2.295937
0.103082,0.120589,2.322951
-0.005625,-0.381156,2.400286
0.096567,-0.379042,2.394900
0.002274,-0.725022,2.417677
0.111682,-0.720534,2.425900
-0.033929,-0.782076,2.372780
0.145718,-0.783470,2.397502
0.014858,0.793493,2.355322
0.017014,0.608341,2.340652
-0.121406,0.493431,2.309719
0.176799,0.510899,2.394737
-0.189436,0.231723,2.280087
0.352823,0.345682,2.421377
-0.198619,0.016796,2.421377
0.336097,0.535676,2.196562
-0.190475,-0.070954,2.170657
0.306835,0.579463,2.255959
0.021825,0.255750,2.353526
0.033163,0.189510,2.317667
-0.031434,0.119862,2.292861
0.103757,0.120672,2.323390
-0.004929,-0.381526,2.399672
0.096580,-0.378944,2.394831
0.001865,-0.724786,2.417261
0.111597,-0.720724,2.425336
-0.033728,-0.781734,2.372326
0.145772,-0.783448,2.396925
0.015427,0.793448,2.355865
0.014351,0.608659,2.339541
-0.120016,0.492082,2.305344
0.187929,0.502226,2.418269
-0.189107,0.235942,2.266809
0.354249,0.346552,2.420197
-0.192704,0.023276,2.420197
0.325914,0.552512,2.176615
-0.188603,-0.066031,2.161555
0.305113,0.604964,2.277318
0.020201,0.256019,2.352104
0.035468,0.190075,2.317029
-0.028394,0.119455,2.290796
0.110111,0.120464,2.326800
-0.004738,-0.381839,2.399526
0.096125,-0.378618,2.394812
0.002054,-0.724828,2.416838
0.111723,-0.719927,2.424536
-0.033888,-0.781838,2.372249
0.145620,-0.781271,2.393193
0.015639,0.792992,2.356298
0.014298,0.607725,2.339391
-0.119810,0.486673,2.298795
0.187173,0.500595,2.418080
-0.187540,0.236794,2.250907
0.352393,0.348120,2.416323
-0.189026,0.025729,2.416323
0.314495,0.560233,2.156989
-0.182752,-0.067132,2.136730
0.295421,0.625072,2.299307
0.022157,0.254763,2.351459
0.039221,0.188710,2.316776
-0.023544,0.115969,2.287977
0.115509,0.118440,2.330544
-0.004258,-0.382237,2.399516
0.095550,-0.378740,2.394944
0.002013,-0.725069,2.416640
0.112045,-0.719752,2.425044
-0.034598,-0.782423,2.372694
0.145321,-0.782397,2.395925
0.021641,0.788110,2.357983
0.014134,0.606245,2.339339
-0.119442,0.485203,2.295210
0.187413,0.495609,2.419812
-0.188138,0.238062,2.235829
0.361737,0.352986,2.410438
-0.180413,0.030017,2.410438
0.315291,0.570491,2.135436
-0.170079,-0.066569,2.112247
0.281401,0.655336,2.319662
0.022651,0.254294,2.350914
0.040556,0.188460,2.316434
-0.021914,0.114974,2.285500
0.117455,0.117283,2.332300
-0.004193,-0.382301,2.399482
0.095247,-0.378756,2.395246
0.001547,-0.724961,2.416240
0.111923,-0.719803,2.425109
-0.034609,-0.782372,2.372537
0.145114,-0.782489,2.396222
0.023791,0.788894,2.359065
0.013225,0.606545,2.338781
-0.118262,0.485184,2.293365
0.181609,0.522498,2.422662
-0.185762,0.240927,2.226873
0.353100,0.375857,2.398916
-0.173992,0.036445,2.398916
0.310076,0.594268,2.119243
-0.163511,-0.055994,2.095577
0.274259,0.659544,2.332824
0.024464,0.255950,2.350476
0.044013,0.190883,2.316514
-0.016735,0.116920,2.283823
0.120774,0.120647,2.335427
-0.002954,-0.382595,2.399547
0.094560,-0.378449,2.395871
0.001628,-0.724893,2.416062
0.111763,-0.719893,2.425262
-0.034692,-0.782307,2.372619
0.144841,-0.782320,2.395481
0.024755,0.788171,2.359530
0.012616,0.606716,2.338915
-0.113311,0.483606,2.288751
0.160913,0.541794,2.405689
-0.181267,0.241704,2.218667
0.354974,0.391240,2.390295
-0.166406,0.038769,2.390295
0.303894,0.609789,2.108370
-0.151947,-0.048878,2.084055
0.256617,0.671206,2.346054
0.027493,0.256254,2.351095
0.047712,0.191165,2.317350
-0.007838,0.117101,2.280847
0.123267,0.122944,2.341060
-0.002961,-0.382738,2.399554
0.094200,-0.378289,2.396516
0.001638,-0.724904,2.416049
0.111607,-0.719904,2.425137
-0.033573,-0.781963,2.372117
0.144806,-0.781582,2.394523
0.020829,0.790162,2.362702
0.012609,0.606696,2.338890
-0.108798,0.480045,2.284674
0.171467,0.541024,2.414416
-0.177979,0.250937,2.212058
0.375880,0.446449,2.392206
-0.155789,0.047117,2.392206
0.237227,0.655382,2.100390
-0.136264,-0.041599,2.073644
0.245166,0.680609,2.355754
0.033517,0.258950,2.351833
0.056337,0.194947,2.319454
-0.000403,0.117773,2.279936
0.133898,0.127538,2.348436
-0.002549,-0.382511,2.399489
0.093781,-0.378856,2.397230
0.001613,-0.724894,2.416090
0.111917,-0.719958,2.425792
-0.032973,-0.781958,2.372261
0.144868,-0.781285,2.394187
0.017771,0.791665,2.365231
0.012634,0.606792,2.338890
-0.107597,0.479831,2.283655
0.182259,0.513571,2.424630
-0.175905,0.252697,2.207911
0.398745,0.453954,2.386791
-0.146344,0.052911,2.386791
0.237551,0.654748,2.096036
-0.121911,-0.038359,2.066976
0.232774,0.692837,2.361999
0.034806,0.259839,2.351582
0.058350,0.195820,2.319972
0.001955,0.118159,2.279058
0.135445,0.127531,2.350231
-0.002072,-0.380765,2.399155
0.093459,-0.379514,2.398429
0.001861,-0.724708,2.416010
0.111716,-0.719393,2.425669
-0.033219,-0.781948,2.372146
0.144525,-0.782064,2.397258
0.019172,0.792269,2.365503
0.012482,0.608003,2.339487
-0.105560,0.481965,2.283506
0.180690,0.546613,2.422457
-0.173484,0.256196,2.205845
0.387659,0.460375,2.385037
-0.137958,0.058121,2.385037
0.238603,0.652064,2.093291
-0.110764,-0.032867,2.063643
0.227526,0.694670,2.365621
0.038861,0.265553,2.353580
0.062269,0.202288,2.322525
0.006668,0.123261,2.279563
0.138323,0.132907,2.354545
-0.001200,-0.379346,2.399129
0.093119,-0.379531,2.399211
0.001536,-0.724654,2.415824
0.111813,-0.718453,2.425485
-0.033147,-0.781712,2.371998
0.144312,-0.781775,2.397367
0.022244,0.791801,2.369376
0.013712,0.607221,2.340611
-0.103884,0.481894,2.283576
0.180222,0.521828,2.420550
-0.169648,0.261607,2.205272
0.398490,0.471725,2.385040
-0.127885,0.061254,2.385040
0.246518,0.636680,2.092877
-0.092662,-0.027541,2.065288
0.222086,0.704839,2.368849
0.040677,0.265490,2.353868
0.063851,0.202329,2.323094
0.007989,0.123487,2.279354
0.139897,0.133066,2.355863
-0.001298,-0.378322,2.399224
0.092559,-0.379671,2.400103
0.001419,-0.724532,2.415840
0.111463,-0.718259,2.425486
-0.031970,-0.781871,2.372973
0.143688,-0.780721,2.393430
0.022977,0.791091,2.369577
0.013030,0.605757,2.340660
-0.103180,0.481485,2.283785
0.184753,0.517845,2.422184
-0.164536,0.268643,2.208673
0.404477,0.478057,2.382185
-0.114669,0.064256,2.382185
0.240278,0.629671,2.099002
-0.077896,-0.024611,2.073876
0.213055,0.697326,2.371581
0.040943,0.267334,2.353973
0.063996,0.205555,2.323855
0.007751,0.125644,2.279033
0.140847,0.135177,2.357608
-0.001934,-0.378028,2.399310
0.092577,-0.376281,2.400532
0.001394,-0.724547,2.415856
0.111701,-0.718338,2.425079
-0.033494,-0.781451,2.372243
0.143638,-0.780379,2.392713
0.024235,0.791126,2.371607
0.012693,0.606906,2.341752
-0.102456,0.480810,2.284114
0.184925,0.515333,2.421821
-0.162064,0.266048,2.209339
0.405286,0.482548,2.380330
-0.105118,0.064151,2.380330
0.238151,0.630166,2.104690
-0.066236,-0.024753,2.083267
0.210365,0.697617,2.371840
0.041301,0.267760,2.354180
0.064160,0.205761,2.324150
0.007724,0.126054,2.279189
0.141234,0.135473,2.358102
-0.002663,-0.376397,2.399207
0.092198,-0.375348,2.400800
0.001393,-0.724837,2.415640
0.111579,-0.718418,2.425278
-0.033392,-0.781928,2.373883
0.143440,-0.780225,2.392399
0.026382,0.789468,2.372907
0.012430,0.607399,2.342267
-0.101853,0.480792,2.284836
0.183330,0.506950,2.418228
-0.159652,0.269677,2.216948
0.405501,0.492681,2.380452
-0.095853,0.062329,2.380452
0.232731,0.633030,2.112998
-0.057386,-0.027280,2.094073
0.204671,0.700357,2.372194
0.041601,0.267601,2.354370
0.064164,0.205250,2.324552
0.007594,0.126052,2.279440
0.141236,0.135088,2.358486
-0.002674,-0.375725,2.399531
0.091409,-0.375096,2.401287
0.001854,-0.725029,2.415948
0.111512,-0.718355,2.425533
-0.033501,-0.781164,2.374137
0.143265,-0.780159,2.393013
0.026507,0.789238,2.372892
0.012332,0.607991,2.343924
-0.102706,0.480895,2.287994
0.183532,0.505897,2.418054
-0.158584,0.269170,2.222739
0.405390,0.493876,2.379434
-0.088857,0.061980,2.379434
0.231259,0.632060,2.129438
-0.050235,-0.028073,2.113269
0.202799,0.699259,2.369788
0.041897,0.267753,2.355097
0.064054,0.205294,2.325037
0.006957,0.126204,2.279980
0.141326,0.135084,2.358811
-0.004130,-0.374861,2.400597
0.091233,-0.374123,2.401805
0.001875,-0.724814,2.416080
0.111210,-0.718434,2.425348
-0.034178,-0.780856,2.373934
0.142416,-0.780113,2.392852
0.028437,0.785421,2.373560
0.011600,0.608173,2.346104
-0.103762,0.480889,2.290712
0.195004,0.571683,2.418423
-0.159047,0.268919,2.228272
0.385944,0.459033,2.378398
-0.087800,0.060408,2.378398
0.240467,0.626675,2.145295
-0.047894,-0.029014,2.128852
0.211837,0.693809,2.367575
0.043679,0.274849,2.359812
0.064544,0.213938,2.329932
0.006386,0.130531,2.284318
0.144122,0.142456,2.362172
-0.008592,-0.372496,2.401481
0.091848,-0.371827,2.402398
0.001425,-0.724263,2.416224
0.111042,-0.717679,2.425179
-0.032973,-0.781007,2.374811
0.142319,-0.779705,2.392376
0.028873,0.787129,2.374831
0.011007,0.610427,2.348958
-0.108828,0.487012,2.298536
0.191666,0.571549,2.416285
-0.158722,0.272784,2.244710
0.381476,0.458114,2.373642
-0.090732,0.059662,2.373642
0.238621,0.627252,2.155484
-0.051246,-0.031170,2.148636
0.209895,0.694347,2.366523
0.044002,0.277283,2.361533
0.063890,0.215965,2.331110
0.004869,0.133848,2.288184
0.143476,0.145380,2.361953
-0.009727,-0.372528,2.402420
0.091775,-0.371842,2.402781
0.001139,-0.724032,2.416543
0.111054,-0.717720,2.425219
-0.034368,-0.781473,2.377565
0.142020,-0.779923,2.394139
0.028590,0.787432,2.374967
0.010961,0.610837,2.349560
-0.111176,0.486505,2.302564
0.188601,0.569240,2.414088
-0.160599,0.272395,2.249956
0.379671,0.459941,2.364757
-0.096530,0.056460,2.364757
0.232766,0.624387,2.166932
-0.059288,-0.035467,2.163253
0.203861,0.691396,2.364530
0.044129,0.277559,2.362071
0.063334,0.216041,2.331592
0.003047,0.134414,2.290746
0.143086,0.145575,2.361750
-0.010971,-0.372293,2.403205
0.091400,-0.372022,2.403198
0.000907,-0.724055,2.416677
0.111008,-0.717793,2.425187
-0.036132,-0.782233,2.380584
0.141833,-0.779756,2.393852
0.028251,0.787753,2.374724
0.010871,0.611162,2.350205
-0.111953,0.486996,2.305319
0.189724,0.569377,2.413838
-0.163238,0.273188,2.257143
0.379584,0.460986,2.355791
-0.107050,0.056413,2.355791
0.233113,0.624182,2.179129
-0.076523,-0.037958,2.177023
0.204186,0.691158,2.363436
0.043706,0.278696,2.363076
0.062329,0.217110,2.332691
0.000505,0.135726,2.294217
0.142784,0.146133,2.361585
-0.011388,-0.372764,2.404442
0.091585,-0.372357,2.403765
0.001494,-0.724512,2.417127
0.110845,-0.717794,2.425030
-0.035579,-0.782756,2.383750
0.142063,-0.780381,2.396264
0.023337,0.786856,2.374896
0.010775,0.610834,2.351887
-0.115466,0.488778,2.311038
0.190736,0.569256,2.413420
-0.169517,0.250340,2.264917
0.378522,0.461421,2.345245
-0.122463,0.044789,2.345245
0.234160,0.625053,2.186720
-0.097882,-0.045975,2.188690
0.205188,0.691980,2.358473
0.043490,0.279519,2.364382
0.061176,0.218046,2.333834
-0.002129,0.136332,2.297565
0.142354,0.146838,2.361111
-0.012561,-0.372352,2.405278
0.092124,-0.374192,2.404966
0.000312,-0.724012,2.417634
0.110936,-0.717564,2.425211
-0.034762,-0.783170,2.384267
0.142811,-0.780928,2.397245
0.024301,0.782650,2.374974
0.011037,0.609709,2.354248
-0.121400,0.491179,2.317675
0.190407,0.568209,2.412623
-0.174071,0.243697,2.266994
0.376936,0.464724,2.331698
-0.142879,0.033815,2.331698
0.232195,0.625723,2.194331
-0.125588,-0.063758,2.192489
0.203206,0.692611,2.353132
0.042351,0.278286,2.365851
0.058528,0.216442,2.334900
-0.007595,0.134073,2.302407
0.139620,0.145524,2.358513
-0.013915,-0.372632,2.407090
0.091649,-0.374223,2.405255
0.000365,-0.724115,2.417824
0.110973,-0.717841,2.424869
-0.035445,-0.783309,2.386127
0.142745,-0.780977,2.397465
0.017853,0.788636,2.375867
0.013470,0.614971,2.359643
-0.124780,0.496732,2.323654
0.190026,0.568245,2.408909
-0.180987,0.247382,2.277048
0.374300,0.468527,2.315968
-0.167072,0.035923,2.315968
0.229863,0.627186,2.204433
-0.153064,-0.062049,2.199671
0.200855,0.694046,2.345297
0.038470,0.278958,2.368314
0.051430,0.216366,2.336394
-0.018566,0.135924,2.307720
0.129303,0.145330,2.354084
-0.016739,-0.373116,2.409019
0.091424,-0.374422,2.405390
0.000639,-0.724037,2.417972
0.110857,-0.717418,2.424437
-0.034520,-0.783294,2.386483
0.142111,-0.780497,2.397338
0.017778,0.788971,2.376246
0.013484,0.614969,2.360850
-0.126578,0.501789,2.330481
0.189941,0.567296,2.406494
-0.187300,0.248419,2.289507
0.372926,0.468928,2.309047
-0.178588,0.038138,2.309047
0.227983,0.628028,2.211458
-0.170687,-0.060241,2.202977
0.198966,0.694865,2.334187
0.033113,0.277524,2.371067
0.043826,0.213987,2.338520
-0.026826,0.135668,2.313471
0.120587,0.142210,2.351697
-0.019391,-0.373366,2.410607
0.091460,-0.374564,2.405541
0.000721,-0.724706,2.418560
0.111092,-0.717262,2.424375
-0.034186,-0.783754,2.387290
0.141356,-0.780092,2.396605
0.018008,0.788915,2.376836
0.013116,0.615310,2.361791
-0.135355,0.509166,2.344272
0.188712,0.563202,2.399333
-0.191261,0.247386,2.300831
0.372797,0.470519,2.298031
-0.195195,0.036153,2.298031
0.227317,0.627579,2.224252
-0.186031,-0.061393,2.209795
0.198301,0.694398,2.327169
0.030796,0.277669,2.373054
0.039114,0.213809,2.339739
-0.032928,0.136438,2.317991
0.116214,0.141391,2.349878
-0.020477,-0.373379,2.411945
0.090802,-0.375202,2.406006
0.000585,-0.724724,2.418841
0.111137,-0.717260,2.424409
-0.034422,-0.783740,2.387349
0.141403,-0.780216,2.396646
0.016722,0.789853,2.378289
0.013930,0.613386,2.363925
-0.135876,0.509470,2.346173
0.187956,0.563116,2.394865
-0.197728,0.242724,2.312252
0.369700,0.470972,2.288150
-0.214411,0.031485,2.288150
0.226550,0.629387,2.241483
-0.217707,-0.064931,2.223541
0.197546,0.696167,2.318718
0.029904,0.277286,2.374770
0.037400,0.213744,2.341024
-0.034681,0.136748,2.319967
0.114717,0.141173,2.350100
-0.022431,-0.373594,2.413640
0.090940,-0.374756,2.406228
0.000553,-0.724740,2.418825
0.111154,-0.717208,2.424449
-0.034692,-0.783962,2.387844
0.141137,-0.780267,2.397389
0.015839,0.789962,2.378550
0.016931,0.611777,2.366966
-0.135097,0.507513,2.347808
0.187096,0.563681,2.390675
-0.202786,0.245500,2.326478
0.364035,0.468043,2.278266
-0.226986,0.034547,2.278266
0.222991,0.629752,2.250787
-0.230441,-0.060582,2.231895
0.193999,0.696492,2.302938
0.030597,0.277065,2.376142
0.037430,0.213865,2.341617
-0.034450,0.137063,2.320690
0.114635,0.141298,2.350214
-0.022640,-0.372568,2.414658
0.091798,-0.373660,2.406261
-0.000536,-0.724485,2.419200
0.111366,-0.717234,2.424582
-0.034171,-0.784302,2.388107
0.140896,-0.780204,2.397063
0.014570,0.790659,2.379278
0.017003,0.611939,2.367664
-0.136607,0.507305,2.352179
0.184713,0.556690,2.382990
-0.209585,0.247145,2.335679
0.358343,0.465007,2.260788
-0.248715,0.034080,2.260788
0.224400,0.627478,2.262894
-0.251030,-0.057600,2.251152
0.195430,0.694166,2.300807
0.031214,0.276666,2.377730
0.036895,0.213337,2.342641
-0.035016,0.136798,2.322855
0.114335,0.141051,2.350323
-0.022828,-0.372015,2.415735
0.092106,-0.373643,2.406543
-0.000616,-0.723856,2.419568
0.111013,-0.717325,2.424606
-0.033311,-0.783602,2.388858
0.140855,-0.779976,2.396931
0.014771,0.790531,2.379340
0.016841,0.611180,2.368699
-0.136807,0.508685,2.356089
0.181986,0.553625,2.378549
-0.214596,0.250760,2.346707
0.356008,0.465203,2.254548
-0.257403,0.034551,2.254548
0.221312,0.625306,2.273268
-0.262359,-0.056814,2.261763
0.192365,0.691941,2.298313
0.031258,0.275882,2.379055
0.036141,0.212665,2.343373
-0.035518,0.136809,2.324203
0.113479,0.140728,2.350216
-0.025602,-0.372861,2.418425
0.092800,-0.372729,2.406805
-0.000557,-0.723713,2.419512
0.112972,-0.715002,2.423749
-0.032337,-0.783671,2.388472
0.141308,-0.778886,2.396044
0.014190,0.789712,2.380694
0.016516,0.610169,2.370024
-0.140082,0.507515,2.365980
0.178170,0.490968,2.368184
-0.219837,0.251042,2.360224
0.370444,0.489164,2.239165
-0.267234,0.032981,2.239165
0.216461,0.625559,2.283190
-0.270806,-0.055966,2.271771
0.187540,0.692133,2.292751
0.029237,0.271277,2.381003
0.031726,0.206993,2.344744
-0.041020,0.132921,2.328204
0.108665,0.133738,2.347939
-0.026613,-0.372532,2.419492
0.092916,-0.372638,2.406914
-0.000549,-0.723452,2.419724
0.113079,-0.714443,2.423731
-0.032082,-0.783613,2.389050
0.135337,-0.779577,2.395153
0.014277,0.789861,2.381194
0.017537,0.609187,2.371964
-0.140365,0.512376,2.373162
0.177102,0.499451,2.363332
-0.221239,0.256149,2.376082
0.361773,0.484583,2.222735
-0.275306,0.038234,2.222735
0.218128,0.626550,2.304403
-0.286465,-0.052556,2.299435
0.187103,0.692454,2.293611
0.029889,0.270384,2.382255
0.030805,0.206262,2.345435
-0.042421,0.133055,2.330862
0.107149,0.133009,2.347142
-0.027822,-0.372126,2.421215
0.093173,-0.372412,2.407046
-0.000636,-0.723388,2.419740
0.113105,-0.714457,2.423708
-0.032363,-0.783434,2.389270
0.136492,-0.779820,2.396851
0.013588,0.789675,2.381303
0.020484,0.609767,2.374073
-0.137511,0.519516,2.378535
0.176023,0.501194,2.359771
-0.221548,0.255489,2.384453
0.353632,0.485120,2.209105
-0.279101,0.038763,2.209105
0.208835,0.626261,2.319166
-0.289690,-0.054249,2.309709
0.192680,0.694340,2.297695
0.028670,0.269122,2.383634
0.026884,0.204519,2.346334
-0.047641,0.133542,2.334974
0.099313,0.131181,2.344203
-0.028391,-0.372560,2.422853
0.093009,-0.372260,2.407205
-0.000544,-0.722873,2.419660
0.112691,-0.714912,2.424153
-0.032221,-0.782892,2.389312
0.137100,-0.779641,2.396933
0.013639,0.789821,2.381357
0.021781,0.609950,2.375072
-0.133531,0.526313,2.380374
0.172900,0.503659,2.357985
-0.221433,0.255767,2.396958
0.338107,0.483083,2.192243
-0.277410,0.040633,2.192243
0.200196,0.645274,2.337365
-0.290948,-0.053232,2.320173
0.184297,0.711363,2.298603
0.028545,0.268416,2.384859
0.026106,0.203791,2.347054
-0.047782,0.134057,2.337462
0.097744,0.131395,2.343870
-0.029770,-0.372631,2.424676
0.092895,-0.371733,2.407253
-0.000751,-0.722496,2.419871
0.112322,-0.715140,2.424248
-0.032088,-0.782504,2.389358
0.137183,-0.779557,2.396927
0.013271,0.790269,2.381946
0.024033,0.609418,2.376433
-0.131525,0.529013,2.381783
0.169790,0.506070,2.355286
-0.220066,0.253452,2.406143
0.328462,0.478086,2.183659
-0.277174,0.039033,2.183659
0.197519,0.647649,2.351628
-0.288645,-0.057108,2.334765
0.182272,0.713396,2.297307
0.027930,0.267633,2.386121
0.024261,0.203093,2.347852
-0.049575,0.134953,2.340280
0.093992,0.131971,2.342797
-0.030182,-0.372652,2.426241
0.091511,-0.372250,2.407722
-0.000655,-0.722621,2.419834
0.112375,-0.714841,2.424112
-0.029707,-0.783075,2.388183
0.137051,-0.779060,2.396408
0.012115,0.791704,2.383038
0.024905,0.609316,2.376699
-0.131766,0.533134,2.387734
0.166414,0.506224,2.350631
-0.217332,0.256903,2.417300
0.320940,0.474986,2.175473
-0.272521,0.039337,2.175473
0.194155,0.648925,2.369302
-0.284690,-0.055715,2.347808
0.179254,0.714404,2.293095
0.027636,0.267374,2.387309
0.021907,0.202883,2.348972
-0.052540,0.135994,2.345565
0.090129,0.132496,2.341304
-0.030307,-0.373504,2.428644
0.090568,-0.372683,2.407982
-0.000605,-0.722168,2.420046
0.112324,-0.714730,2.423974
-0.029770,-0.782065,2.387657
0.137619,-0.778819,2.394400
0.010700,0.791484,2.383488
0.025056,0.609240,2.377111
-0.131183,0.534568,2.390665
0.163959,0.506611,2.345672
-0.214370,0.259314,2.427264
0.304943,0.504045,2.154969
-0.265259,0.039519,2.154969
0.191416,0.650207,2.383653
-0.274456,-0.056870,2.376829
0.176589,0.715562,2.290269
0.026595,0.267212,2.388549
0.019451,0.202832,2.350049
-0.054752,0.136993,2.349477
0.086641,0.133014,2.339765
-0.030072,-0.374121,2.429675
0.088729,-0.372581,2.407865
-0.000125,-0.722214,2.420318
0.111677,-0.714978,2.424411
-0.030583,-0.781795,2.388737
0.137895,-0.778564,2.393642
0.008727,0.791678,2.383886
0.025248,0.609590,2.377559
-0.131102,0.535373,2.392225
0.159489,0.496987,2.343844
-0.209635,0.261186,2.438129
0.300211,0.504263,2.153234
-0.258534,0.040426,2.153234
0.164881,0.637753,2.395542
-0.267622,-0.056920,2.388005
0.149990,0.702947,2.273550
0.024085,0.266554,2.389861
0.015775,0.201868,2.351321
-0.058338,0.136778,2.353458
0.082134,0.132178,2.338224
-0.030466,-0.374907,2.430615
0.087479,-0.372843,2.407601
-0.000222,-0.722220,2.420027
0.111601,-0.715679,2.424836
-0.029885,-0.783334,2.390898
0.137314,-0.778725,2.395306
0.008807,0.791828,2.384426
0.025929,0.609622,2.378333
-0.130024,0.536935,2.392389
0.157837,0.499021,2.335026
-0.206353,0.263343,2.442297
0.298856,0.482693,2.145461
-0.246876,0.039397,2.145461
0.181966,0.640526,2.406873
-0.254522,-0.058148,2.401453
0.167085,0.705676,2.263186
0.020625,0.266102,2.392068
0.009545,0.201313,2.354186
-0.064943,0.136995,2.360195
0.073730,0.132586,2.337899
-0.030123,-0.375093,2.431343
0.085341,-0.372331,2.407128
0.000284,-0.722700,2.420048
0.111446,-0.715596,2.424759
-0.008107,-0.787577,2.385832
0.137298,-0.779022,2.397205
0.008014,0.792909,2.384626
0.027011,0.609755,2.378880
-0.129530,0.538500,2.393788
0.151980,0.495713,2.333375
-0.203455,0.264760,2.445146
0.290880,0.477262,2.142345
-0.236973,0.037730,2.142345
0.175936,0.649321,2.418928
-0.239090,-0.060118,2.422596
0.161063,0.714435,2.266257
0.018024,0.265496,2.393289
0.005529,0.200525,2.355885
-0.067858,0.137067,2.363465
0.067150,0.132903,2.337885
-0.030290,-0.374747,2.432255
0.084028,-0.371914,2.406621
0.005734,-0.721879,2.420641
0.110857,-0.717383,2.426461
-0.006764,-0.785964,2.386367
0.137459,-0.779515,2.396972
0.006956,0.792604,2.385292
0.027333,0.610235,2.379291
-0.129631,0.538589,2.394277
0.151251,0.497269,2.332134
-0.199777,0.264542,2.447677
0.285470,0.482662,2.137022
-0.228392,0.038582,2.137022
0.175919,0.649350,2.429899
-0.232764,-0.059195,2.431885
0.161053,0.714433,2.266284
0.012913,0.265593,2.395556
-0.000912,0.200297,2.359074
-0.074963,0.137427,2.368950
0.060237,0.132763,2.339631
-0.030620,-0.374813,2.433169
0.083311,-0.372069,2.406519
0.003611,-0.720082,2.421572
0.110749,-0.717130,2.426574
-0.011565,-0.782713,2.385905
0.136411,-0.779165,2.396275
0.006393,0.793039,2.385617
0.026955,0.612241,2.379237
-0.129518,0.539098,2.394527
0.147896,0.494845,2.331671
-0.197190,0.265205,2.450279
0.282041,0.476341,2.136968
-0.223672,0.042465,2.136968
0.173328,0.652588,2.434401
-0.226143,-0.055237,2.439667
0.158465,0.717659,2.268309
0.007715,0.265007,2.397105
-0.006855,0.198689,2.361847
-0.079849,0.137012,2.373257
0.052906,0.131269,2.341679
-0.030601,-0.375316,2.434316
0.082490,-0.372185,2.406517
0.003155,-0.720207,2.421463
0.110407,-0.717269,2.426345
-0.013205,-0.782418,2.385773
0.117351,-0.782953,2.393954
0.006129,0.792956,2.385561
0.026453,0.612470,2.379407
-0.129712,0.539916,2.395522
0.147131,0.501165,2.329066
-0.196942,0.279416,2.458753
0.279741,0.479793,2.133649
-0.221167,0.046171,2.133649
0.170726,0.655221,2.436154
-0.223006,-0.051472,2.442516
0.155864,0.720286,2.270472
0.006086,0.265863,2.397342
-0.008628,0.199674,2.362876
-0.081668,0.138535,2.375512
0.051520,0.131699,2.341859
-0.030882,-0.375516,2.435341
0.082035,-0.372006,2.406524
0.003078,-0.720232,2.421546
0.093133,-0.715766,2.423569
-0.025416,-0.779899,2.389351
0.115055,-0.779212,2.391868
0.004514,0.793308,2.385813
0.026350,0.612520,2.379523
-0.130017,0.540353,2.396429
0.140604,0.523361,2.329365
-0.196339,0.285697,2.458334
0.272711,0.462242,2.143612
-0.219608,0.051152,2.143612
0.170034,0.656437,2.438514
-0.221186,-0.046440,2.445446
0.155174,0.721491,2.270836
0.005394,0.266683,2.397385
-0.009634,0.200718,2.363815
-0.082115,0.140008,2.377145
0.049802,0.133348,2.342442
-0.031522,-0.375657,2.436198
0.081737,-0.372001,2.406588
0.002685,-0.720228,2.421788
0.097267,-0.716368,2.425065
-0.025399,-0.779985,2.389343
0.129461,-0.781832,2.393429
0.004526,0.792902,2.385748
0.026162,0.612988,2.379777
-0.130007,0.540478,2.396289
0.140851,0.526752,2.329057
-0.196030,0.269446,2.461050
0.272240,0.468913,2.141616
-0.219243,0.054102,2.141616
0.168141,0.659681,2.439508
-0.222610,-0.043528,2.444828
0.153285,0.724723,2.272587
0.004598,0.267234,2.397287
-0.010252,0.201228,2.364367
-0.082466,0.140681,2.377478
0.048965,0.134250,2.343349
-0.031861,-0.375459,2.436612
0.081666,-0.371983,2.406543
0.001860,-0.720024,2.422131
0.102246,-0.717778,2.426753
-0.027752,-0.779213,2.388266
0.130858,-0.779857,2.392909
0.004179,0.792534,2.385749
0.024010,0.613047,2.380541
-0.130045,0.540516,2.396286
0.140927,0.527690,2.330628
-0.196161,0.269501,2.460644
0.274747,0.483537,2.141006
-0.219271,0.054326,2.141006
0.166432,0.659962,2.440001
-0.222069,-0.043204,2.446774
0.151580,0.724986,2.272818
0.003662,0.267043,2.397135
-0.010554,0.201048,2.364574
-0.082471,0.140623,2.377491
0.048764,0.134218,2.343587
-0.031915,-0.375503,2.436749
0.080278,-0.373279,2.407326
0.002691,-0.720570,2.422525
0.104162,-0.717916,2.425426
-0.026922,-0.778649,2.388044
0.118465,-0.780166,2.389439
0.001467,0.791458,2.385367
0.023185,0.612537,2.380635
-0.130777,0.539624,2.395303
0.146411,0.514994,2.328888
-0.197404,0.268317,2.458015
0.283568,0.477235,2.140546
-0.219330,0.053024,2.140546
0.166058,0.660183,2.440037
-0.221654,-0.044547,2.445934
0.151210,0.725188,2.273058
0.002575,0.266995,2.397079
-0.011155,0.201033,2.364970
-0.083565,0.140465,2.377496
0.048653,0.133793,2.344473
-0.033061,-0.375962,2.437752
0.079909,-0.372833,2.407275
0.002385,-0.720511,2.422641
0.104123,-0.717818,2.425360
-0.028302,-0.779593,2.388706
0.115941,-0.780400,2.389190
-0.000767,0.792028,2.385947
0.021829,0.612939,2.380798
-0.133857,0.525239,2.390790
0.147612,0.498409,2.335704
-0.199882,0.257006,2.458233
0.288583,0.469085,2.149036
-0.220809,0.041800,2.149036
0.165837,0.661132,2.437625
-0.225075,-0.044272,2.438860
0.150996,0.726107,2.273663
0.001237,0.265888,2.396775
-0.010535,0.199079,2.364621
-0.082880,0.136980,2.376238
0.051005,0.131330,2.344353
-0.033276,-0.375830,2.437893
0.079972,-0.372867,2.407219
0.004443,-0.718768,2.422824
0.104491,-0.717641,2.425802
-0.028105,-0.779277,2.388645
0.125029,-0.779000,2.391621
-0.004439,0.793926,2.385166
0.020360,0.614146,2.381271
-0.134101,0.525973,2.390579
0.147739,0.500294,2.337563
-0.200913,0.256197,2.456834
0.292308,0.466762,2.155098
-0.221228,0.041131,2.155098
0.167649,0.661590,2.434018
-0.227832,-0.056339,2.434839
0.152812,0.726543,2.276503
0.000956,0.265916,2.396485
-0.010438,0.199030,2.364578
-0.082659,0.136840,2.375833
0.051646,0.131245,2.344522
-0.033620,-0.375999,2.438201
0.079119,-0.373187,2.407498
0.003349,-0.718530,2.423003
0.104632,-0.717791,2.426035
-0.027468,-0.778931,2.386525
0.120574,-0.781012,2.392953
-0.005330,0.794277,2.385463
0.018855,0.612533,2.381710
-0.134800,0.532518,2.391830
0.147302,0.506207,2.340109
-0.200757,0.260461,2.451348
0.295522,0.464120,2.163316
-0.226196,0.038900,2.163316
0.185770,0.625368,2.422206
-0.229406,-0.058605,2.426126
0.172389,0.691363,2.269634
0.000932,0.265908,2.396251
-0.009790,0.199231,2.364467
-0.081054,0.136757,2.374647
0.053017,0.132155,2.345005
-0.033917,-0.376365,2.438545
0.078461,-0.372744,2.407376
0.002699,-0.718017,2.422990
0.104712,-0.717382,2.425777
-0.028781,-0.779287,2.386006
0.125887,-0.780926,2.396634
-0.005385,0.794101,2.385435
0.018131,0.611321,2.381748
-0.135120,0.533743,2.391560
0.147440,0.503171,2.341964
-0.202913,0.260194,2.444198
0.302729,0.456652,2.173903
-0.234126,0.039529,2.173903
0.189652,0.622171,2.411251
-0.239594,-0.057836,2.407877
0.176278,0.688125,2.267737
0.003438,0.265114,2.395332
-0.005077,0.198687,2.363048
-0.074664,0.135688,2.370113
0.060537,0.131592,2.345224
-0.034195,-0.376468,2.438682
0.078258,-0.372156,2.407270
0.002102,-0.717921,2.422708
0.104830,-0.717399,2.426110
-0.028021,-0.779293,2.385232
0.129288,-0.779675,2.396948
-0.006636,0.794276,2.385491
0.017605,0.610884,2.381647
-0.135702,0.533401,2.391297
0.148099,0.503016,2.342592
-0.204722,0.258605,2.437788
0.309957,0.457124,2.181943
-0.240754,0.039200,2.181943
0.196162,0.624162,2.396610
-0.248089,-0.057542,2.386951
0.173834,0.689226,2.266832
0.004181,0.264883,2.395144
-0.003823,0.198509,2.362897
-0.073550,0.135078,2.369373
0.062505,0.131326,2.345833
-0.034455,-0.376673,2.438829
0.078122,-0.371998,2.407330
0.001111,-0.718051,2.422790
0.105159,-0.717462,2.425877
-0.028812,-0.778589,2.386085
0.130064,-0.779536,2.396814
-0.007227,0.794099,2.385610
0.017254,0.610576,2.381872
-0.140010,0.518247,2.386389
0.156570,0.489200,2.347683
-0.211058,0.248775,2.432067
0.334650,0.503395,2.201357
-0.248136,0.039045,2.201357
0.185079,0.669887,2.384115
-0.257475,-0.056382,2.366934
0.155639,0.733766,2.283681
0.003962,0.264343,2.395185
-0.002456,0.197903,2.362680
-0.072774,0.133343,2.368037
0.065922,0.129455,2.346560
-0.034983,-0.375694,2.438740
0.078285,-0.371656,2.407470
-0.000325,-0.715916,2.422876
0.105416,-0.717350,2.425732
-0.028119,-0.776756,2.386451
0.131133,-0.778818,2.396247
-0.007019,0.794242,2.386108
0.016305,0.610418,2.382286
-0.151762,0.521235,2.393806
0.157739,0.495165,2.348930
-0.215303,0.246897,2.424871
0.341254,0.484684,2.210888
-0.254767,0.038076,2.210888
0.222691,0.642864,2.367521
-0.262726,-0.057224,2.348339
0.161039,0.718130,2.291282
0.006274,0.265351,2.394983
0.000418,0.199677,2.362275
-0.071565,0.133104,2.366515
0.071901,0.130465,2.347369
-0.034830,-0.378013,2.439503
0.078277,-0.371614,2.407521
-0.000424,-0.715956,2.422856
0.105369,-0.717293,2.425731
-0.027878,-0.776854,2.386259
0.130931,-0.778344,2.395408
-0.007666,0.794520,2.386133
0.012940,0.610300,2.381531
-0.152371,0.520754,2.393590
0.159104,0.496589,2.351159
-0.217415,0.245893,2.418440
0.348445,0.471067,2.226111
-0.262223,0.032972,2.226111
0.229318,0.636732,2.350578
-0.267040,-0.063068,2.333782
0.180141,0.694996,2.284768
0.006336,0.265555,2.394791
0.001043,0.199875,2.361985
-0.071065,0.132483,2.365350
0.073465,0.130238,2.347621
-0.034287,-0.376018,2.439181
0.078255,-0.371558,2.407768
-0.000535,-0.715172,2.423241
0.106104,-0.716082,2.425384
-0.029285,-0.776234,2.386682
0.131220,-0.777267,2.395101
-0.008502,0.794607,2.385771
0.011365,0.610050,2.380854
-0.156641,0.518993,2.394925
0.162389,0.495930,2.354779
-0.219538,0.246131,2.412163
0.354399,0.469278,2.235574
-0.263461,0.040239,2.235574
0.243832,0.639521,2.339488
-0.271838,-0.049629,2.307862
0.197898,0.695114,2.296799
0.006092,0.265773,2.394665
0.001189,0.200096,2.361892
-0.071659,0.131964,2.364456
0.074713,0.129357,2.348209
-0.034364,-0.376432,2.439134
0.078435,-0.372116,2.408100
-0.000475,-0.715348,2.423231
0.106705,-0.715616,2.425400
-0.028608,-0.776123,2.386538
0.132236,-0.776897,2.394818
-0.008518,0.794300,2.385611
0.011130,0.609986,2.380599
-0.158775,0.519300,2.396498
0.166219,0.495508,2.359207
-0.220229,0.248379,2.408026
0.359341,0.453418,2.248596
-0.265106,0.047293,2.248596
0.252168,0.635783,2.328171
-0.271962,-0.040412,2.295282
0.208560,0.693148,2.307855
0.006390,0.266394,2.394340
0.002055,0.200940,2.361611
-0.071666,0.131771,2.362981
0.076820,0.128903,2.349208
-0.035514,-0.375262,2.439027
0.078273,-0.372304,2.408373
-0.000020,-0.715688,2.423100
0.106996,-0.715951,2.425550
-0.028604,-0.776172,2.386961
0.133546,-0.776872,2.394557
-0.008895,0.793435,2.384841
0.010438,0.609690,2.379703
-0.159384,0.518218,2.395398
0.168752,0.495307,2.362880
-0.220875,0.249538,2.401927
0.362143,0.443871,2.258534
-0.264760,0.047551,2.258534
0.257263,0.640873,2.315434
-0.270376,-0.040191,2.284130
0.211794,0.696814,2.314738
0.006343,0.266408,2.393906
0.002624,0.200896,2.361294
-0.071466,0.130790,2.361327
0.078526,0.127633,2.349895
-0.036031,-0.376443,2.439253
0.078509,-0.372254,2.408541
-0.001162,-0.716594,2.422431
0.106912,-0.716061,2.425591
-0.031599,-0.777055,2.383583
0.133505,-0.776775,2.394633
-0.008888,0.793437,2.384684
0.009675,0.609525,2.378960
-0.160313,0.517598,2.394966
0.169780,0.492471,2.365224
-0.220077,0.250678,2.397847
0.369143,0.450065,2.271405
-0.263365,0.049549,2.271405
0.261840,0.642663,2.308751
-0.269157,-0.039197,2.276914
0.214105,0.696435,2.317281
0.006295,0.266446,2.393492
0.002979,0.200878,2.361037
-0.071396,0.130034,2.360001
0.079468,0.126837,2.350333
-0.036060,-0.376243,2.439222
0.078565,-0.372451,2.408783
-0.001204,-0.716622,2.422430
0.108012,-0.715722,2.424891
-0.030832,-0.777219,2.383708
0.134178,-0.776501,2.394425
-0.008706,0.793269,2.384610
0.009311,0.608686,2.378598
-0.160812,0.516102,2.393357
0.169865,0.492479,2.367071
-0.219780,0.250838,2.391968
0.370382,0.445875,2.280100
-0.260935,0.051502,2.280100
0.265745,0.641404,2.298650
-0.265721,-0.037608,2.269842
0.217497,0.694815,2.324662
0.006503,0.266116,2.393119
0.003655,0.200558,2.360819
-0.070794,0.128979,2.358820
0.080429,0.126171,2.350920
-0.035835,-0.376554,2.438984
0.078701,-0.372495,2.408991
-0.001344,-0.717278,2.422075
0.107766,-0.715350,2.424918
-0.030302,-0.777289,2.385704
0.134645,-0.776385,2.393698
-0.009013,0.792173,2.383351
0.008794,0.607919,2.378200
-0.161317,0.506259,2.388844
0.172085,0.489644,2.370136
-0.219742,0.250742,2.387594
0.372617,0.439201,2.286901
-0.256536,0.049648,2.286901
0.245508,0.661100,2.292738
-0.257762,-0.042614,2.261776
0.203420,0.714059,2.312184
0.006408,0.265270,2.392656
0.004454,0.199595,2.360485
-0.070405,0.126041,2.357167
0.081936,0.124716,2.351542
-0.035344,-0.376558,2.438562
0.078962,-0.372682,2.409180
-0.000106,-0.718141,2.421992
0.108025,-0.715676,2.425289
-0.030284,-0.777328,2.385638
0.137274,-0.778634,2.395864
-0.009026,0.791363,2.383083
0.008477,0.607513,2.377832
-0.161630,0.506931,2.388736
0.172722,0.488434,2.371181
-0.219554,0.250607,2.384718
0.373568,0.433472,2.294029
-0.253037,0.050086,2.294029
0.243777,0.662024,2.288149
-0.254515,-0.042546,2.259191
0.204578,0.714524,2.309069
0.006376,0.265198,2.392351
0.004564,0.199530,2.360357
-0.070567,0.125677,2.356785
0.082163,0.124452,2.351592
-0.035286,-0.376531,2.438446
0.079441,-0.373105,2.409424
-0.000139,-0.718315,2.422217
0.109688,-0.716047,2.425012
-0.029872,-0.777791,2.386635
0.138426,-0.779586,2.397882
-0.008862,0.791805,2.383112
0.008459,0.607668,2.377612
-0.161574,0.507823,2.388425
0.172873,0.495719,2.375302
-0.215827,0.251894,2.380618
0.369862,0.428723,2.298133
-0.249750,0.050030,2.298133
0.243734,0.662024,2.285156
-0.249294,-0.043043,2.258624
0.205282,0.714860,2.308979
0.007366,0.265734,2.391828
0.006320,0.200171,2.359967
-0.068851,0.125949,2.355705
0.084009,0.125281,2.352184
-0.035127,-0.376726,2.438322
0.079879,-0.372984,2.409808
-0.000181,-0.718158,2.422195
0.109690,-0.716011,2.425025
-0.029695,-0.777831,2.385412
0.138445,-0.779371,2.397391
-0.008795,0.790513,2.382416
0.008235,0.607706,2.377474
-0.161697,0.508132,2.387580
0.173627,0.495356,2.376127
-0.213881,0.251290,2.378536
0.369612,0.423369,2.302575
-0.243903,0.052788,2.302575
0.243695,0.662169,2.284224
-0.245102,-0.040517,2.258178
0.236776,0.717190,2.294059
0.007681,0.265613,2.391527
0.007004,0.199982,2.359737
-0.068283,0.125367,2.354901
0.085229,0.124777,2.352555
-0.034899,-0.376875,2.438165
0.080004,-0.373115,2.409969
-0.000276,-0.717928,2.421825
0.110067,-0.716032,2.425529
-0.029544,-0.777964,2.385702
0.138546,-0.779535,2.397971
-0.007862,0.789818,2.380944
0.008168,0.607199,2.377051
-0.160951,0.507466,2.386754
0.175153,0.496404,2.377598
-0.211790,0.250688,2.376873
0.369688,0.420979,2.304085
-0.238071,0.051196,2.304085
0.243457,0.662083,2.286212
-0.236226,-0.041734,2.259573
0.241524,0.714859,2.291466
0.007735,0.265339,2.391130
0.007245,0.199740,2.359489
-0.068250,0.124978,2.354241
0.085503,0.124392,2.352644
-0.034917,-0.376688,2.437953
0.080117,-0.373109,2.409995
-0.000533,-0.717799,2.421727
0.110278,-0.716344,2.426250
-0.029495,-0.778003,2.385695
0.138571,-0.779508,2.398142
-0.007136,0.790338,2.380737
0.008201,0.607191,2.376707
-0.159062,0.506973,2.384666
0.175996,0.497027,2.378891
-0.210070,0.250062,2.375229
0.370258,0.420862,2.306094
-0.230353,0.047103,2.306094
0.268796,0.605835,2.290215
-0.232385,-0.043028,2.260482
0.226927,0.692623,2.337161
0.007893,0.265105,2.390824
0.007758,0.199419,2.359347
-0.067689,0.124641,2.353639
0.085910,0.124066,2.353123
-0.034657,-0.376317,2.437462
0.081476,-0.372743,2.409986
-0.000638,-0.717850,2.421858
0.110278,-0.716360,2.426222
-0.028057,-0.779220,2.386530
0.138581,-0.779420,2.397957
-0.006675,0.790082,2.380115
0.008362,0.606994,2.376245
-0.158442,0.506992,2.383762
0.175996,0.497055,2.378944
-0.208600,0.249764,2.374382
0.369181,0.417257,2.308419
-0.226661,0.046428,2.308419
0.270609,0.604488,2.291608
-0.226839,-0.045933,2.263100
0.228117,0.691077,2.333163
0.008179,0.264689,2.390398
0.008111,0.198941,2.359102
-0.067442,0.124394,2.353257
0.086058,0.123618,2.353249
-0.034539,-0.376462,2.437244
0.081704,-0.372659,2.410136
-0.000554,-0.718426,2.421574
0.110263,-0.716009,2.426351
-0.028072,-0.779450,2.387318
0.137258,-0.777374,2.396233
-0.006653,0.790219,2.379925
0.007527,0.607062,2.375366
-0.158502,0.506726,2.383524
0.177214,0.499639,2.381590
-0.206578,0.249503,2.373353
0.367946,0.415838,2.308679
-0.220704,0.043757,2.308679
0.270883,0.603899,2.295257
-0.219937,-0.048910,2.267824
0.226313,0.689515,2.330662
0.008029,0.264856,2.389875
0.008283,0.199069,2.358779
-0.067314,0.124414,2.352535
0.086252,0.123624,2.353238
-0.034280,-0.376821,2.436733
0.081838,-0.372624,2.410122
-0.001018,-0.718460,2.421527
0.110372,-0.715977,2.426664
-0.030245,-0.780018,2.386429
0.137348,-0.777431,2.396133
-0.006758,0.790294,2.378361
0.007352,0.607106,2.374902
-0.157766,0.508638,2.383720
0.177696,0.505852,2.382596
-0.205693,0.249445,2.372832
0.365133,0.415321,2.309511
-0.218281,0.042494,2.309511
0.269612,0.604322,2.297083
-0.216989,-0.050387,2.270468
0.221234,0.687960,2.323567
0.008240,0.265242,2.389440
0.008625,0.199528,2.358556
-0.066833,0.124951,2.352158
0.086461,0.124061,2.353318
-0.033980,-0.376922,2.436284
0.082916,-0.374024,2.410706
-0.001745,-0.718060,2.421404
0.111516,-0.714338,2.427400
-0.029438,-0.779991,2.387580
0.138057,-0.777172,2.395707
-0.006406,0.790591,2.377844
0.008194,0.607436,2.374138
-0.155948,0.509541,2.382634
0.179130,0.520604,2.379518
-0.204164,0.249259,2.372253
0.358695,0.412635,2.313453
-0.216500,0.041632,2.313453
0.244044,0.608013,2.298805
-0.213181,-0.051515,2.278636
0.219472,0.674975,2.306670
0.009904,0.266624,2.388503
0.010065,0.201143,2.357842
-0.065239,0.126867,2.350790
0.087563,0.125853,2.353426
-0.033954,-0.376746,2.436037
0.083509,-0.373733,2.410612
-0.001739,-0.718137,2.421467
0.111621,-0.714232,2.427464
-0.028765,-0.779621,2.389187
0.138092,-0.777455,2.395778
-0.005450,0.792139,2.377155
0.008120,0.607873,2.373706
-0.156110,0.509612,2.382609
0.177835,0.522868,2.378033
-0.202959,0.248757,2.371857
0.353814,0.407143,2.318824
-0.214563,0.040927,2.318824
0.243149,0.589457,2.300719
-0.212965,-0.052391,2.280174
0.221109,0.629100,2.280344
0.011135,0.267921,2.387733
0.011468,0.202687,2.357183
-0.063752,0.127969,2.349786
0.089330,0.128080,2.353312
-0.033714,-0.376451,2.435607
0.084204,-0.373208,2.410422
-0.001810,-0.718138,2.421550
0.111527,-0.714117,2.426853
-0.013346,-0.783746,2.394413
0.139926,-0.778310,2.396169
-0.005966,0.793586,2.376434
0.008684,0.608167,2.372935
-0.153440,0.508717,2.379762
0.178126,0.523449,2.377525
-0.201652,0.249335,2.372399
0.349239,0.399461,2.323803
-0.213070,0.041860,2.323803
0.240719,0.582293,2.305193
-0.212176,-0.051128,2.286936
0.216980,0.621048,2.274676
0.011767,0.268816,2.387065
0.012296,0.203649,2.356733
-0.062584,0.129181,2.348946
0.089826,0.129314,2.353370
-0.032431,-0.375977,2.435133
0.084227,-0.373218,2.410418
-0.002170,-0.717884,2.421680
0.111408,-0.714376,2.426458
-0.015565,-0.782843,2.393986
0.138957,-0.777702,2.396854
-0.005823,0.794281,2.375495
0.010637,0.609719,2.371203
-0.153111,0.508367,2.379334
0.178633,0.523690,2.377071
-0.200614,0.250599,2.373331
0.350004,0.399643,2.326247
-0.213189,0.040453,2.326247
0.220117,0.563217,2.308044
-0.212724,-0.052375,2.292655
0.183659,0.618650,2.245072
0.013003,0.270112,2.386077
0.013334,0.204724,2.356162
-0.061984,0.129820,2.348401
0.090721,0.130388,2.353242
-0.032158,-0.376016,2.435005
0.084496,-0.373173,2.410444
-0.000648,-0.718138,2.420756
0.111402,-0.714465,2.426468
-0.016930,-0.782855,2.394203
0.138541,-0.777567,2.396992
-0.005959,0.794033,2.375160
0.010685,0.609390,2.370424
-0.152723,0.507873,2.378147
0.178423,0.522567,2.375300
-0.200260,0.251887,2.374160
0.350333,0.398684,2.328677
-0.215225,0.039228,2.328677
0.222009,0.561256,2.313506
-0.213677,-0.056177,2.299642
0.185562,0.616671,2.240151
0.013261,0.270219,2.385535
0.013556,0.204814,2.355954
-0.061709,0.129990,2.348057
0.090891,0.130516,2.353240
-0.031882,-0.375926,2.434903
0.085509,-0.372864,2.410316
-0.001192,-0.717888,2.420815
0.111230,-0.714881,2.426843
-0.026377,-0.780094,2.386267
0.138325,-0.777463,2.396744
-0.006571,0.794959,2.374908
0.011506,0.609864,2.369162
-0.152662,0.507114,2.377084
0.176002,0.511099,2.366517
-0.200046,0.252484,2.375242
0.356142,0.397748,2.337330
-0.216866,0.038909,2.337330
0.232674,0.543904,2.315506
-0.215736,-0.056660,2.303038
0.196240,0.599300,2.205146
0.013932,0.269878,2.384840
0.013488,0.204135,2.355671
-0.061859,0.129725,2.347966
0.090641,0.129874,2.353133
-0.031733,-0.376020,2.434798
0.085703,-0.372791,2.410146
-0.001103,-0.719480,2.421421
0.111248,-0.714464,2.426169
-0.026053,-0.783334,2.392307
0.138311,-0.777222,2.396810
-0.007079,0.795348,2.374207
0.012476,0.611398,2.367601
-0.152467,0.505788,2.375834
0.174740,0.496290,2.360149
-0.200311,0.252207,2.376534
0.363011,0.397346,2.340747
-0.219132,0.037372,2.340747
0.241254,0.526863,2.317436
-0.218147,-0.057127,2.307550
0.204834,0.582239,2.184982
0.014212,0.268877,2.383874
0.013119,0.202094,2.355168
-0.062365,0.128654,2.347869
0.089836,0.127483,2.352800
-0.031678,-0.376043,2.434749
0.085700,-0.372861,2.410137
-0.001071,-0.719515,2.421496
0.111458,-0.714527,2.426276
-0.027098,-0.783223,2.391258
0.138766,-0.777917,2.398620
-0.007202,0.795680,2.373608
0.012666,0.610328,2.365898
-0.152472,0.506183,2.375763
0.174626,0.484464,2.363379
-0.201438,0.252075,2.377859
0.368922,0.398068,2.340613
-0.224160,0.039234,2.340613
0.209827,0.493376,2.319401
-0.224392,-0.056539,2.309940
0.144319,0.473860,2.179749
0.013353,0.267540,2.382722
0.012469,0.200626,2.354754
-0.063212,0.127654,2.348050
0.088809,0.125251,2.352163
-0.031679,-0.376049,2.434727
0.085550,-0.372688,2.409935
-0.001895,-0.718639,2.421688
0.111509,-0.714110,2.426170
-0.025286,-0.781903,2.391262
0.138255,-0.777252,2.395927
-0.007026,0.794946,2.370678
0.012854,0.609750,2.365467
-0.152510,0.506277,2.375303
0.173508,0.494449,2.365271
-0.202152,0.251919,2.379436
0.364847,0.402058,2.346254
-0.227064,0.038784,2.346254
0.224700,0.474167,2.320852
-0.228444,-0.056576,2.311489
0.182749,0.458705,2.187142
0.013372,0.267081,2.382131
0.012629,0.200182,2.354745
-0.062958,0.126981,2.348215
0.088825,0.125210,2.352177
-0.031445,-0.376321,2.434623
0.085697,-0.372801,2.409882
-0.001938,-0.718639,2.421535
0.111366,-0.714126,2.425884
-0.026865,-0.781917,2.386264
0.138318,-0.777367,2.395884
-0.007030,0.794644,2.370375
0.012869,0.609522,2.364871
-0.152566,0.506480,2.374389
0.181991,0.507761,2.372473
-0.203743,0.254322,2.382376
0.367441,0.404039,2.346302
-0.231469,0.040898,2.346302
0.198896,0.381527,2.323062
-0.233002,-0.051612,2.313080
0.203348,0.387250,2.178915
0.013049,0.267539,2.381571
0.013100,0.200872,2.354834
-0.062808,0.127115,2.348314
0.089621,0.125698,2.352499
-0.030271,-0.377345,2.434273
0.085642,-0.373130,2.409832
-0.001972,-0.718699,2.421593
0.111407,-0.714189,2.425961
-0.026393,-0.781580,2.387089
0.131427,-0.778401,2.394377
-0.007150,0.795027,2.368888
0.012751,0.609688,2.364097
-0.152308,0.506909,2.372759
0.183665,0.508695,2.372607
-0.205058,0.254344,2.384510
0.379209,0.409042,2.304102
-0.233003,0.041271,2.304102
0.201759,0.370845,2.324536
-0.235036,-0.050823,2.314368
0.208317,0.366824,2.188282
0.013260,0.268334,2.380919
0.013593,0.201848,2.354909
-0.062631,0.127409,2.348568
0.090551,0.126538,2.352647
-0.030319,-0.377375,2.434355
0.085723,-0.373240,2.409842
-0.002021,-0.719349,2.421663
0.111385,-0.714367,2.425664
-0.026121,-0.781841,2.386995
0.135050,-0.779332,2.396822
-0.007308,0.795574,2.368592
0.013315,0.609931,2.363405
-0.151581,0.506646,2.371354
0.190182,0.509342,2.374037
-0.205921,0.254490,2.385942
0.384271,0.429550,2.316238
-0.236579,0.043161,2.316238
0.227730,0.341248,2.326975
-0.237144,-0.050029,2.315384
0.217310,0.340310,2.200650
0.013811,0.269438,2.380308
0.014405,0.203111,2.355085
-0.062491,0.127751,2.348712
0.091861,0.127072,2.353130
-0.029951,-0.377776,2.434389
0.085649,-0.373171,2.409846
-0.002294,-0.719844,2.422069
0.111081,-0.714472,2.425618
-0.027192,-0.781509,2.384815
0.135421,-0.779073,2.395538
-0.007347,0.794918,2.367342
0.014447,0.609806,2.362422
-0.151828,0.506798,2.371024
0.193332,0.509007,2.373699
-0.207060,0.254515,2.387639
0.387059,0.428467,2.316078
-0.238586,0.045371,2.316078
0.231451,0.327808,2.330853
-0.240981,-0.047069,2.319077
0.172353,0.291456,2.185000
0.014179,0.270712,2.379637
0.014627,0.204752,2.355275
-0.063053,0.128675,2.349170
0.092244,0.127358,2.353288
-0.029927,-0.377777,2.434407
0.085281,-0.373157,2.409881
-0.002207,-0.719861,2.421982
0.110832,-0.714803,2.425806
-0.029180,-0.781426,2.383368
0.128371,-0.779320,2.394161
-0.006920,0.794947,2.364630
0.013642,0.611044,2.360123
-0.151492,0.506667,2.370367
0.194467,0.509771,2.372227
-0.207456,0.254223,2.388919
0.370964,0.396567,2.314211
-0.239321,0.045626,2.314211
0.211883,0.305534,2.332207
-0.242026,-0.046399,2.320792
0.158201,0.260152,2.185292
0.014124,0.271541,2.378506
0.014545,0.205278,2.355139
-0.063200,0.129069,2.349465
0.092322,0.127580,2.353155
-0.029473,-0.377552,2.434340
0.084689,-0.373281,2.409986
-0.001744,-0.720510,2.421979
0.110804,-0.715110,2.425928
-0.029492,-0.781379,2.383333
0.122245,-0.779716,2.393513
-0.007007,0.795346,2.363721
0.014810,0.611575,2.357328
-0.151311,0.508926,2.369404
0.194985,0.510509,2.369801
-0.207471,0.255276,2.391270
0.378762,0.405989,2.326748
-0.240263,0.047088,2.326748
0.228079,0.293779,2.335334
-0.243037,-0.045762,2.324337
0.218715,0.260691,2.247275
0.014213,0.272517,2.377114
0.014387,0.206092,2.354976
-0.063638,0.130005,2.350134
0.092161,0.127988,2.352944
-0.029611,-0.377282,2.434267
0.084908,-0.373133,2.410045
-0.001689,-0.720580,2.422087
0.109801,-0.716380,2.426574
-0.028634,-0.781358,2.383131
0.127663,-0.777759,2.393173
-0.007068,0.795049,2.362750
0.014108,0.610844,2.353694
-0.151217,0.508425,2.367487
0.193690,0.511111,2.364655
-0.207359,0.256033,2.392951
0.368575,0.391626,2.327887
-0.240334,0.047172,2.327887
0.220959,0.270160,2.337971
-0.242342,-0.043945,2.330037
0.171754,0.229671,2.192510
0.014368,0.272859,2.375552
0.014358,0.206168,2.354899
-0.063651,0.130168,2.350527
0.092149,0.128081,2.352842
-0.029599,-0.377278,2.434268
0.085053,-0.373204,2.410092
-0.001722,-0.720879,2.422031
0.109722,-0.716189,2.426706
-0.028645,-0.781450,2.383002
0.124870,-0.777842,2.394212
-0.006714,0.794285,2.362244
0.015331,0.610947,2.351661
-0.151312,0.508230,2.367081
0.191308,0.510692,2.359951
-0.207038,0.256205,2.393932
0.366672,0.386317,2.329838
-0.239984,0.046646,2.329838
0.200281,0.255860,2.339976
-0.240632,-0.045192,2.333952
0.145769,0.199213,2.250390
0.014719,0.272967,2.373712
0.014343,0.206135,2.354659
-0.063665,0.130172,2.350554
0.092000,0.128131,2.352529
-0.029468,-0.377371,2.434190
0.085160,-0.373517,2.410484
-0.001560,-0.720991,2.421914
0.110315,-0.715710,2.426158
-0.027626,-0.781765,2.384549
0.128858,-0.778824,2.393220
-0.006124,0.793437,2.360351
0.014490,0.610192,2.348127
-0.149949,0.508024,2.363009
0.190185,0.509143,2.356923
-0.206464,0.256521,2.394938
0.361830,0.378902,2.333848
-0.239189,0.046427,2.333848
0.218637,0.240199,2.343955
-0.239249,-0.047278,2.337881
0.170905,0.193964,2.224764
0.014493,0.272580,2.371112
0.014256,0.205648,2.354004
-0.063579,0.130017,2.350537
0.091807,0.128006,2.352090
-0.029347,-0.377196,2.434299
0.085081,-0.373622,2.410907
-0.001554,-0.721029,2.421973
0.110950,-0.715477,2.425616
-0.026426,-0.781283,2.385637
0.131504,-0.779048,2.395250
-0.004517,0.793758,2.359122
0.013754,0.610580,2.345641
-0.149557,0.508080,2.359072
0.187353,0.507089,2.352202
-0.206474,0.255637,2.396041
0.353813,0.367612,2.336773
-0.238506,0.045511,2.336773
0.210297,0.233791,2.346979
-0.233680,-0.050342,2.346636
0.160261,0.184358,2.234512
0.013924,0.271554,2.368233
0.013634,0.204199,2.352866
-0.063692,0.129487,2.350426
0.090884,0.127059,2.351031
-0.029265,-0.377231,2.434313
0.085165,-0.373599,2.411089
-0.001597,-0.721238,2.421854
0.111022,-0.715541,2.425507
-0.026862,-0.781100,2.384513
0.132893,-0.778727,2.394375
-0.003691,0.793596,2.357322
0.013351,0.609108,2.342056
-0.149855,0.507931,2.358556
0.185928,0.507230,2.350120
-0.206421,0.255645,2.396145
0.349432,0.360180,2.339263
-0.236281,0.045874,2.339263
0.201663,0.231811,2.350728
-0.232494,-0.050009,2.349791
0.152157,0.182849,2.231598
0.013716,0.271000,2.365043
0.013400,0.203662,2.351742
-0.063768,0.129053,2.350042
0.090591,0.126944,2.350205
-0.029015,-0.377213,2.434213
0.084953,-0.373598,2.411315
-0.001827,-0.721044,2.421868
0.110822,-0.715825,2.425811
-0.027499,-0.781330,2.384695
0.133915,-0.778544,2.394316
-0.002900,0.793764,2.354952
0.013062,0.609904,2.339695
-0.148980,0.507999,2.354054
0.176520,0.506748,2.341985
-0.206343,0.255539,2.396294
0.342035,0.352436,2.342255
-0.233490,0.046791,2.342255
0.180095,0.240073,2.354880
-0.231629,-0.048309,2.352311
0.129552,0.196843,2.226925
0.012771,0.269584,2.361733
0.012011,0.201568,2.350014
-0.063999,0.128552,2.349331
0.087812,0.126135,2.348865
-0.028263,-0.377335,2.434147
0.084976,-0.373644,2.411375
-0.001815,-0.721123,2.421939
0.110771,-0.715886,2.425843
-0.028883,-0.781828,2.385473
0.129764,-0.779240,2.393522
-0.003312,0.793192,2.352664
0.013527,0.609676,2.338787
-0.148486,0.507820,2.352023
0.173081,0.504348,2.338264
-0.206092,0.255408,2.396242
0.325066,0.345231,2.348658
-0.231333,0.046531,2.348658
0.170991,0.231246,2.357861
-0.230998,-0.048335,2.354755
0.120467,0.188032,2.220805
0.011548,0.267789,2.359079
0.010153,0.199260,2.348614
-0.064968,0.127576,2.348413
0.084061,0.124687,2.347518
-0.028477,-0.377514,2.433998
0.084409,-0.373664,2.411527
-0.001657,-0.721307,2.422171
0.110728,-0.715823,2.425822
-0.027568,-0.782415,2.386267
0.130346,-0.779018,2.393086
-0.003547,0.793192,2.350882
0.012292,0.608740,2.335241
-0.150331,0.507815,2.352120
0.171149,0.505046,2.336251
-0.205700,0.255007,2.395977
0.306515,0.334928,2.348167
-0.229961,0.045849,2.348167
0.175365,0.190642,2.359177
-0.229895,-0.049982,2.356838
0.124857,0.147443,2.227795
0.010529,0.267508,2.355880
0.009261,0.199056,2.347229
-0.065787,0.127261,2.347288
0.083221,0.124768,2.346451
-0.028304,-0.377416,2.433348
0.084064,-0.374197,2.411522
0.000723,-0.722580,2.422337
0.110676,-0.715808,2.425812
-0.028658,-0.782955,2.390582
0.131299,-0.779473,2.395269
-0.003746,0.793519,2.346715
0.012949,0.608805,2.333714
-0.151223,0.507948,2.351922
0.170426,0.504916,2.334757
-0.205227,0.253555,2.394776
0.300804,0.328273,2.347748
-0.228490,0.044124,2.347748
0.164726,0.189778,2.359567
-0.228616,-0.051672,2.356961
0.114232,0.146591,2.225515
0.010076,0.267204,2.352828
0.008611,0.198731,2.345372
-0.066695,0.126737,2.346097
0.082270,0.124734,2.343520
-0.028517,-0.377548,2.432378
0.083127,-0.374607,2.410919
0.000729,-0.722703,2.422288
0.110612,-0.715377,2.425503
-0.028859,-0.782800,2.389982
0.132669,-0.779408,2.394055
-0.004391,0.793964,2.343139
0.013270,0.609125,2.331413
-0.151472,0.507553,2.350031
0.168535,0.504617,2.332731
-0.205061,0.253299,2.394047
0.288900,0.322396,2.347070
-0.227757,0.043766,2.347070
0.172760,0.168472,2.359388
-0.227383,-0.051946,2.355121
0.122279,0.125296,2.221895
0.008935,0.266036,2.349338
0.007201,0.197245,2.342927
-0.067935,0.125730,2.343925
0.080269,0.123961,2.341295
-0.027978,-0.377761,2.430162
0.082489,-0.374970,2.410277
0.000524,-0.722743,2.422210
0.110602,-0.715382,2.425492
-0.029374,-0.782715,2.389247
0.132851,-0.779523,2.394000
-0.004202,0.793770,2.340811
0.012520,0.608771,2.329683
-0.152131,0.507376,2.349104
0.167010,0.504317,2.330946
-0.204982,0.253113,2.392682
0.283267,0.318762,2.344803
-0.224860,0.043504,2.344803
0.174386,0.158914,2.356240
-0.225231,-0.052173,2.351787
0.123919,0.115749,2.220968
0.007489,0.265363,2.346010
0.005706,0.196594,2.340458
-0.069608,0.125409,2.340917
0.078708,0.123472,2.339189
-0.027831,-0.377380,2.427044
0.081752,-0.375044,2.409263
0.000530,-0.722891,2.422067
0.110495,-0.715441,2.425465
-0.028941,-0.782899,2.389298
0.132944,-0.779292,2.393557
-0.003883,0.792879,2.336734
0.012623,0.608264,2.327921
-0.152949,0.506340,2.346248
0.165978,0.503749,2.329475
-0.204615,0.252457,2.389972
0.270416,0.310351,2.336949
-0.223354,0.042910,2.336949
0.169336,0.143915,2.352254
-0.223916,-0.052748,2.347973
0.118882,0.100762,2.216176
0.006272,0.264227,2.342516
0.004274,0.195383,2.337425
-0.071321,0.124223,2.337447
0.076889,0.122609,2.336192
-0.027992,-0.377477,2.422952
0.080816,-0.375237,2.407559
0.000958,-0.722756,2.421708
0.110121,-0.715869,2.425500
-0.030160,-0.782978,2.389819
0.124037,-0.778139,2.390779
-0.003889,0.792065,2.334956
0.012299,0.608054,2.327095
-0.154576,0.506118,2.343575
0.165331,0.501651,2.327745
-0.204521,0.251093,2.385391
0.261616,0.309024,2.331297
-0.221950,0.041564,2.331297
0.168433,0.136757,2.346573
-0.222292,-0.054058,2.341997
0.117992,0.093615,2.213290
0.004796,0.263195,2.339174
0.002597,0.194243,2.333888
-0.073561,0.122945,2.333068
0.075088,0.121005,2.332154
-0.027955,-0.376232,2.417790
0.075524,-0.378466,2.404625
0.001104,-0.723029,2.421320
0.109756,-0.715948,2.425480
-0.030609,-0.783042,2.390232
0.128228,-0.779327,2.390861
-0.005232,0.788750,2.328741
0.012001,0.605619,2.325428
-0.156201,0.504410,2.341326
0.163681,0.500262,2.326096
-0.204116,0.248972,2.378224
0.253474,0.304871,2.325671
-0.221629,0.038569,2.325671
0.167845,0.128709,2.337929
-0.221452,-0.057050,2.333821
0.117417,0.085578,2.207794
0.002418,0.261725,2.335248
-0.000289,0.193150,2.329384
-0.077292,0.122017,2.327752
0.071712,0.119957,2.327021
-0.026603,-0.375192,2.412755
0.072394,-0.379951,2.402054
0.000882,-0.723115,2.421096
0.109365,-0.715489,2.424941
-0.030679,-0.782869,2.390083
0.125607,-0.779217,2.388251
-0.005014,0.788843,2.326672
0.011844,0.605116,2.324896
-0.156577,0.502925,2.338793
0.162563,0.497413,2.324145
-0.205233,0.247054,2.373259
0.248193,0.302501,2.320079
-0.221173,0.037424,2.320079
0.167351,0.122874,2.332044
-0.219599,-0.058077,2.326329
0.116935,0.079753,2.205063
0.001779,0.260325,2.332169
-0.000960,0.191690,2.325251
-0.077790,0.120804,2.323069
0.070923,0.118624,2.322237
-0.026551,-0.374968,2.409282
0.070950,-0.381097,2.400195
0.000754,-0.722978,2.420719
0.108656,-0.716602,2.425545
-0.029593,-0.782886,2.390125
0.130553,-0.780367,2.392500
-0.007430,0.789595,2.320604
0.008901,0.606880,2.319378
-0.158580,0.502614,2.334886
0.160570,0.495002,2.320208
-0.207649,0.245038,2.361279
0.241396,0.299726,2.312066
-0.222346,0.037295,2.312066
0.164657,0.118038,2.310614
-0.219828,-0.056717,2.293228
0.114265,0.074938,2.197913
-0.002703,0.259960,2.325087
-0.005650,0.190987,2.316907
-0.082756,0.120405,2.314978
0.066281,0.117670,2.313143
-0.027103,-0.376097,2.402804
0.066236,-0.381990,2.395073
-0.000244,-0.723509,2.419287
0.106957,-0.717707,2.425835
-0.031172,-0.783405,2.390784
0.132133,-0.780494,2.391790
-0.008085,0.789604,2.319035
0.007410,0.605950,2.318027
-0.159511,0.502663,2.333519
0.159015,0.493863,2.317838
-0.207978,0.244148,2.356872
0.240793,0.298417,2.310582
-0.223132,0.037774,2.310582
0.163022,0.117665,2.299687
-0.220210,-0.056230,2.282449
0.112642,0.074575,2.195383
-0.004037,0.258898,2.322611
-0.006984,0.190030,2.313312
-0.083895,0.119583,2.311100
0.064925,0.116777,2.309028
-0.027345,-0.374194,2.398576
0.064822,-0.382001,2.392977
0.000245,-0.721576,2.417989
0.106354,-0.717878,2.424968
-0.033462,-0.783295,2.390546
0.132194,-0.780515,2.391961
-0.009942,0.789039,2.316782
0.002736,0.603200,2.314380
-0.163020,0.502736,2.332282
0.157917,0.492701,2.316118
-0.211187,0.244238,2.351967
0.239822,0.297508,2.309052
-0.225524,0.037943,2.309052
0.161725,0.117378,2.294333
-0.221770,-0.055727,2.275640
0.111359,0.074300,2.192859
-0.006237,0.258907,2.319982
-0.008887,0.190480,2.310145
-0.085937,0.119791,2.308321
0.063767,0.116597,2.305459
-0.027587,-0.375032,2.396114
0.063260,-0.381119,2.389184
0.002006,-0.724108,2.416375
0.097492,-0.719574,2.420794
-0.033788,-0.783559,2.390329
0.132946,-0.781056,2.391881
-0.011771,0.788880,2.315162
0.000928,0.602430,2.312176
-0.164786,0.501856,2.329307
0.153696,0.492151,2.312914
-0.213174,0.243183,2.348258
0.239279,0.296288,2.308223
-0.228296,0.037932,2.308223
0.159859,0.117500,2.286443
-0.221827,-0.056293,2.271846
0.109504,0.074432,2.190412
-0.008261,0.257975,2.317790
-0.010911,0.189631,2.307352
-0.087263,0.119459,2.306298
0.061169,0.116060,2.302045
-0.027022,-0.376717,2.393332
0.061130,-0.380776,2.384727
0.002540,-0.724402,2.415462
0.100193,-0.721648,2.420487
-0.034019,-0.783731,2.390563
0.134042,-0.781575,2.389837
-0.015923,0.788572,2.312061
-0.000728,0.602631,2.310380
-0.166162,0.498330,2.323086
0.152056,0.491136,2.311527
-0.215236,0.242353,2.344863
0.236516,0.295227,2.306193
-0.228817,0.036869,2.306193
0.160295,0.114465,2.283744
-0.221341,-0.057176,2.268598
0.109950,0.071405,2.189812
-0.009570,0.257171,2.315766
-0.011936,0.188682,2.304473
-0.088305,0.118542,2.302190
0.060526,0.115649,2.300097
-0.030230,-0.373184,2.388107
0.057722,-0.378950,2.377346
0.003603,-0.724372,2.414926
0.100265,-0.723261,2.420098
-0.035045,-0.784432,2.390807
0.134876,-0.781861,2.388582
-0.019534,0.786694,2.309007
-0.003499,0.600989,2.308529
-0.167775,0.497598,2.320541
0.150671,0.491044,2.310571
-0.217247,0.241170,2.341941
0.234406,0.294667,2.305618
-0.229683,0.035356,2.305618
0.160343,0.112566,2.282098
-0.223952,-0.058397,2.264673
0.110008,0.069514,2.190373
-0.011626,0.256553,2.314012
-0.013808,0.188334,2.301983
-0.090381,0.118076,2.299101
0.059042,0.115555,2.297893
-0.031148,-0.374918,2.386435
0.054661,-0.375740,2.366508
0.009628,-0.723954,2.412616
0.100269,-0.725541,2.417796
-0.035264,-0.784513,2.389437
0.135225,-0.782392,2.385527
-0.023121,0.785910,2.303697
-0.005422,0.599882,2.306197
-0.169688,0.496201,2.317353
0.149068,0.490634,2.309565
-0.219583,0.240765,2.339537
0.231437,0.293534,2.305263
-0.232073,0.034934,2.305263
0.160496,0.110305,2.279961
-0.226479,-0.058950,2.263345
0.110174,0.067264,2.189870
-0.013262,0.256144,2.312341
-0.015277,0.188102,2.299791
-0.091781,0.117739,2.296834
0.057681,0.115550,2.295876
-0.033150,-0.375893,2.382759
0.052668,-0.374518,2.353834
0.009359,-0.723753,2.412029
0.101822,-0.727950,2.414650
-0.035255,-0.784484,2.389140
0.135522,-0.782818,2.383076
-0.025639,0.784791,2.301432
-0.007847,0.599411,2.303309
-0.172315,0.495943,2.315040
0.146356,0.488720,2.307596
-0.222135,0.240452,2.337495
0.230227,0.292847,2.305444
-0.233268,0.034442,2.305444
0.159799,0.109583,2.278537
-0.227202,-0.059558,2.262909
0.109489,0.066553,2.189777
-0.016331,0.256045,2.310247
-0.018452,0.188115,2.297310
-0.095224,0.117625,2.294381
0.054531,0.115547,2.293561
-0.036154,-0.376923,2.378822
0.048363,-0.372519,2.337945
0.008519,-0.724052,2.411718
0.107676,-0.727747,2.407235
-0.033300,-0.787303,2.395539
0.136766,-0.783629,2.375641
-0.028915,0.783059,2.297577
-0.011004,0.596513,2.299557
-0.175620,0.495574,2.312461
0.144407,0.486563,2.306631
-0.224631,0.239735,2.335658
0.227408,0.292189,2.306067
-0.234381,0.033394,2.306067
0.160543,0.107801,2.278071
-0.229493,-0.060646,2.262419
0.110246,0.064782,2.190035
-0.019383,0.255645,2.308674
-0.021464,0.188026,2.295803
-0.098858,0.117316,2.292732
0.051847,0.115182,2.292615
-0.043420,-0.373882,2.374002
0.061657,-0.353752,2.291475
0.006494,-0.724121,2.411270
0.109251,-0.725201,2.393608
-0.033661,-0.787194,2.394886
0.139497,-0.785771,2.374158
-0.031398,0.781742,2.294442
-0.012807,0.595439,2.297561
-0.177104,0.495572,2.308172
0.142732,0.485920,2.305188
-0.227356,0.240081,2.333967
0.224277,0.291692,2.307428
-0.236865,0.033560,2.307428
0.161828,0.105450,2.277353
-0.232428,-0.060563,2.262235
0.111544,0.062443,2.192248
-0.021228,0.255044,2.307309
-0.023108,0.187528,2.294473
-0.100281,0.116999,2.291300
0.050172,0.114716,2.291715
-0.049689,-0.376242,2.373483
0.061164,-0.351600,2.281619
0.006930,-0.723433,2.410333
0.108583,-0.724537,2.389558
-0.034131,-0.787246,2.394435
0.113220,-0.787875,2.359209
-0.034920,0.779378,2.288916
-0.017101,0.593387,2.292931
-0.179775,0.494886,2.305930
0.140880,0.484368,2.303827
-0.230937,0.238033,2.331907
0.220934,0.286550,2.309206
-0.239696,0.031380,2.309206
0.163094,0.099439,2.275903
-0.234652,-0.062889,2.262094
0.112823,0.056443,2.192650
-0.024806,0.254594,2.304513
-0.026488,0.187270,2.292162
-0.104485,0.116102,2.289018
0.047760,0.114591,2.290034
-0.054999,-0.378230,2.373211
0.059508,-0.347536,2.257265
0.002005,-0.725685,2.411559
0.112730,-0.711642,2.360286
-0.035655,-0.787808,2.397742
0.130956,-0.779193,2.353104
-0.038945,0.776627,2.281735
-0.020433,0.591472,2.288620
-0.182170,0.493068,2.302281
0.137056,0.481787,2.300191
-0.233235,0.236033,2.330093
0.218652,0.287522,2.311264
-0.243776,0.029043,2.311264
0.165133,0.099938,2.276311
-0.238718,-0.065270,2.262989
0.114875,0.056953,2.192905
-0.029350,0.253107,2.301371
-0.031278,0.185825,2.289635
-0.109615,0.114711,2.286607
0.042978,0.113453,2.288175
-0.058637,-0.379958,2.372468
0.058834,-0.346346,2.239179
0.001797,-0.725945,2.411052
0.113938,-0.714364,2.352453
-0.036747,-0.788086,2.399158
0.139470,-0.776592,2.332062
-0.039902,0.774380,2.277798
-0.022264,0.589646,2.285953
-0.185474,0.490902,2.297544
0.135294,0.480850,2.297889
-0.236005,0.233644,2.328778
0.217851,0.288806,2.313062
-0.246672,0.026383,2.313062
0.166307,0.101694,2.276594
-0.242310,-0.067804,2.262323
0.116062,0.058719,2.192456
-0.031434,0.252883,2.298391
-0.033300,0.185926,2.286891
-0.112032,0.114548,2.283292
0.041237,0.113500,2.285904
-0.062415,-0.379855,2.370248
0.058444,-0.346462,2.214866
-0.004440,-0.727115,2.409698
0.111256,-0.701942,2.318265
0.033858,-0.784589,2.346020
0.133296,-0.767276,2.296918
