0.114030,0.373531,2.613089
0.138170,0.200115,2.647393
-0.033646,0.077834,2.616070
0.276552,0.136327,2.606332
-0.087352,-0.168498,2.590868
0.324778,-0.154714,2.534951
-0.151290,-0.373282,2.534951
0.349117,-0.385865,2.486948
-0.154272,-0.438506,2.458239
0.345797,-0.462915,2.413986
0.150227,-0.124018,2.634054
0.146475,-0.175889,2.579757
0.077400,-0.245361,2.563031
0.216312,-0.241281,2.561905
0.062154,-0.629950,2.474024
0.188671,-0.653567,2.483305
0.069605,-0.997811,2.399703
0.216242,-1.013199,2.586380
0.060010,-1.033215,2.310831
0.208537,-1.039920,2.499850
0.108988,0.366849,2.582689
0.130727,0.193791,2.624136
-0.040016,0.076081,2.597489
0.270550,0.134846,2.587614
-0.093983,-0.167700,2.577468
0.317112,-0.157989,2.517370
-0.159484,-0.372230,2.517370
0.341988,-0.391010,2.472988
-0.162346,-0.437951,2.444084
0.338940,-0.469780,2.397099
0.144333,-0.124774,2.620056
0.141198,-0.176677,2.567168
0.072159,-0.246204,2.550898
0.211363,-0.242450,2.550464
0.057490,-0.629647,2.463207
0.176785,-0.651955,2.462343
0.066507,-0.998728,2.391216
0.208678,-1.011350,2.564728
0.057495,-1.034676,2.303219
0.200474,-1.037198,2.477065
0.105290,0.357742,2.552491
0.124209,0.185462,2.601088
-0.045768,0.072666,2.579418
0.265325,0.132477,2.570083
-0.100313,-0.168041,2.565476
0.310043,-0.162100,2.500722
-0.167327,-0.373586,2.500722
0.335549,-0.399005,2.462234
-0.170039,-0.440103,2.433541
0.332883,-0.479327,2.381145
0.138799,-0.126519,2.606755
0.136254,-0.178373,2.555559
0.067190,-0.247941,2.540008
0.206694,-0.244642,2.540058
0.053192,-0.630261,2.453090
0.165975,-0.650756,2.443639
0.063695,-1.000387,2.384312
0.202038,-1.010028,2.545104
0.055352,-1.037021,2.297514
0.193449,-1.035138,2.456463
0.103850,0.340906,2.518111
0.118407,0.169374,2.574793
-0.050515,0.065378,2.560077
0.261684,0.120852,2.548251
-0.106867,-0.171897,2.554814
0.303412,-0.168569,2.483672
-0.175152,-0.379604,2.483672
0.329735,-0.412365,2.456051
-0.177620,-0.447344,2.429166
0.327455,-0.496182,2.364119
0.133220,-0.132727,2.592710
0.131096,-0.184574,2.544111
0.061871,-0.254140,2.530359
0.201697,-0.251765,2.530166
0.049137,-0.634503,2.440968
0.154122,-0.652717,2.424581
0.061117,-1.003311,2.379924
0.198216,-1.008942,2.525823
0.053175,-1.039651,2.293906
0.189180,-1.033566,2.436516
0.104877,0.316316,2.480614
0.114636,0.144429,2.544461
-0.053943,0.052229,2.539443
0.260555,0.100399,2.523372
-0.113393,-0.179771,2.545731
0.297691,-0.190334,2.461592
-0.183190,-0.390248,2.461592
0.325020,-0.438642,2.453682
-0.185557,-0.460292,2.429807
0.323028,-0.522205,2.346230
0.128243,-0.144300,2.577880
0.126331,-0.196148,2.532973
0.056673,-0.265521,2.522250
0.196988,-0.264722,2.521151
0.046504,-0.644226,2.429127
0.141361,-0.658138,2.404774
0.058291,-1.007591,2.380640
0.196461,-1.007437,2.507064
0.050708,-1.044619,2.296067
0.186897,-1.031880,2.417475
0.108169,0.282988,2.441041
0.111804,0.111010,2.512163
-0.056171,0.031636,2.517213
0.261946,0.068495,2.495110
-0.119759,-0.192355,2.537781
0.292304,-0.223394,2.438111
-0.191411,-0.405670,2.438111
0.320622,-0.471837,2.454773
-0.193252,-0.474645,2.433701
0.318687,-0.554591,2.328058
0.123412,-0.162866,2.561952
0.121537,-0.214689,2.521745
0.050890,-0.283971,2.515344
0.192466,-0.285333,2.512341
0.044794,-0.657799,2.414289
0.130173,-0.668367,2.382501
0.056261,-1.009907,2.376902
0.196911,-1.005800,2.489317
0.049404,-1.045039,2.295139
0.186753,-1.030315,2.399710
0.112490,0.247930,2.404580
0.110643,0.074861,2.481565
-0.057536,0.008586,2.496187
0.264242,0.035926,2.468133
-0.125817,-0.207519,2.531062
0.287515,-0.256944,2.416049
-0.199016,-0.423521,2.416049
0.317048,-0.504440,2.457785
-0.200388,-0.490586,2.439785
0.314870,-0.586112,2.311429
0.119452,-0.182975,2.546726
0.117489,-0.234478,2.511451
0.045684,-0.303713,2.509684
0.188754,-0.307313,2.504285
0.043876,-0.672207,2.399900
0.119885,-0.679582,2.361560
0.054679,-1.012351,2.373811
0.198256,-1.004296,2.472795
0.048599,-1.045402,2.294782
0.187517,-1.029041,2.383342
0.117312,0.212563,2.371127
0.110126,0.037782,2.452758
-0.058025,-0.016080,2.476186
0.267378,0.003056,2.442413
-0.131270,-0.223797,2.525323
0.283842,-0.290634,2.395262
-0.205640,-0.442150,2.395262
0.313895,-0.534859,2.461799
-0.207815,-0.511208,2.448917
0.311916,-0.619587,2.296413
0.116363,-0.206040,2.531509
0.114279,-0.256977,2.501461
0.041269,-0.326180,2.504932
0.185960,-0.332036,2.496350
0.043530,-0.688729,2.385205
0.110272,-0.692638,2.340641
0.053491,-1.015299,2.371070
0.200276,-1.002934,2.457163
0.048090,-1.045646,2.294904
0.188970,-1.028030,2.368014
0.123766,0.171603,2.337634
0.116970,-0.003918,2.422022
-0.056975,-0.047021,2.455427
0.271908,-0.032681,2.414336
-0.136664,-0.248203,2.520176
0.280820,-0.325645,2.375381
-0.213188,-0.467366,2.375381
0.310661,-0.570184,2.468331
-0.214531,-0.534204,2.458253
0.309073,-0.657955,2.281974
0.116032,-0.235506,2.515153
0.112966,-0.286027,2.491120
0.037744,-0.354983,2.500742
0.183903,-0.361651,2.488562
0.042833,-0.701431,2.373063
0.100752,-0.706473,2.318847
0.052169,-1.016518,2.368099
0.200186,-1.000718,2.444343
0.047103,-1.046191,2.293284
0.190343,-1.023781,2.354727
0.130292,0.130144,2.308216
0.118954,-0.048094,2.394968
-0.055259,-0.077379,2.436339
0.275394,-0.076938,2.387529
-0.141414,-0.272002,2.515817
0.278049,-0.369650,2.357198
-0.219856,-0.491506,2.357198
0.308576,-0.609538,2.474838
-0.220414,-0.556274,2.467387
0.306791,-0.693441,2.269441
0.114941,-0.268182,2.499766
0.111451,-0.317504,2.481721
0.034873,-0.384191,2.497508
0.181930,-0.395030,2.481100
0.043438,-0.715948,2.360899
0.092340,-0.721797,2.296177
0.051147,-1.017725,2.365340
0.199976,-0.998743,2.432580
0.046303,-1.046790,2.291783
0.191921,-1.019542,2.342555
0.137813,0.084918,2.279977
0.121585,-0.095391,2.368958
-0.052473,-0.113675,2.416923
0.279030,-0.119204,2.363332
-0.145440,-0.300931,2.510867
0.275808,-0.411569,2.341302
-0.226243,-0.519047,2.341302
0.306281,-0.647221,2.480510
-0.226790,-0.585162,2.475825
0.305182,-0.729386,2.258346
0.113949,-0.303979,2.484922
0.110019,-0.352731,2.472854
0.032127,-0.417638,2.495013
0.180214,-0.430802,2.474422
0.044575,-0.729976,2.349678
0.086063,-0.730529,2.281146
0.050398,-1.018788,2.362830
0.198716,-0.996917,2.418822
0.045773,-1.047382,2.290449
0.193091,-1.016135,2.330447
0.145353,0.039385,2.254570
0.124073,-0.142099,2.345775
-0.049133,-0.149526,2.399042
0.282444,-0.159137,2.341308
-0.148960,-0.328641,2.506453
0.274284,-0.451447,2.327322
-0.230956,-0.545894,2.327322
0.304245,-0.683333,2.484752
-0.232134,-0.613259,2.483268
0.303871,-0.764048,2.249388
0.113250,-0.341923,2.471108
0.108916,-0.389653,2.464885
0.029932,-0.452220,2.493165
0.178785,-0.467781,2.468530
0.045996,-0.743049,2.339340
0.080781,-0.740185,2.267416
0.049895,-1.019683,2.360528
0.197558,-0.996037,2.405912
0.045414,-1.047923,2.289233
0.194347,-1.013628,2.319439
0.152979,-0.004729,2.231885
0.126306,-0.186657,2.325044
-0.045428,-0.186084,2.382566
0.286627,-0.207808,2.320585
-0.152273,-0.356847,2.502368
0.272863,-0.491858,2.315468
-0.234821,-0.573270,2.315468
0.302664,-0.720040,2.488387
-0.236742,-0.641827,2.489394
0.303297,-0.799505,2.242444
0.112387,-0.377886,2.458850
0.107576,-0.424728,2.458072
0.027450,-0.484798,2.492112
0.176935,-0.504150,2.463794
0.047291,-0.762857,2.330882
0.078458,-0.752610,2.245113
0.049531,-1.021498,2.358822
0.197423,-0.993695,2.395233
0.045204,-1.049950,2.288733
0.197931,-1.008281,2.309745
0.160382,-0.051659,2.211262
0.129437,-0.233903,2.306331
-0.041330,-0.223249,2.367254
0.290263,-0.254240,2.302024
-0.155590,-0.389404,2.498335
0.271579,-0.529583,2.305284
-0.238708,-0.604310,2.305284
0.301315,-0.754605,2.492157
-0.241427,-0.674179,2.495145
0.302368,-0.827369,2.236174
0.112621,-0.417107,2.445923
0.107343,-0.462516,2.450188
0.026027,-0.519213,2.489546
0.176399,-0.543195,2.457752
0.048083,-0.777887,2.323380
0.077995,-0.767215,2.232673
0.049357,-1.023656,2.357343
0.197149,-0.993677,2.383868
0.045140,-1.052498,2.288352
0.200730,-1.006213,2.300289
0.166927,-0.092820,2.193758
0.132263,-0.275398,2.290372
-0.037224,-0.256970,2.353700
0.293319,-0.295165,2.286008
-0.158441,-0.419172,2.494885
0.270473,-0.563644,2.296608
-0.241865,-0.632733,2.296608
0.299248,-0.786245,2.495377
-0.245121,-0.703779,2.500063
0.303430,-0.854788,2.231312
0.112984,-0.452393,2.434563
0.107309,-0.496590,2.443279
0.025001,-0.550374,2.487293
0.176054,-0.578170,2.452456
0.048959,-0.792693,2.316591
0.078659,-0.780872,2.221966
0.049390,-1.026135,2.356063
0.197079,-0.993753,2.373261
0.045247,-1.055563,2.288094
0.203889,-1.004328,2.291569
0.172697,-0.129153,2.178790
0.134730,-0.311970,2.276701
-0.033457,-0.287316,2.341888
0.295872,-0.331181,2.272090
-0.160803,-0.445853,2.491885
0.269556,-0.594127,2.289193
-0.244400,-0.658191,2.289193
0.297464,-0.814669,2.498196
-0.248177,-0.730228,2.504323
0.304619,-0.879715,2.227339
0.113406,-0.483918,2.424603
0.107401,-0.527073,2.437238
0.024265,-0.578405,2.485349
0.175866,-0.609363,2.447788
0.051293,-0.803361,2.308696
0.078405,-0.791453,2.212198
0.050352,-1.026632,2.353985
0.197200,-0.994000,2.363348
0.045939,-1.056510,2.287010
0.207388,-1.002690,2.283541
0.177785,-0.161208,2.165876
0.136815,-0.344131,2.264891
-0.030051,-0.314404,2.331590
0.298067,-0.362793,2.259983
-0.162924,-0.470177,2.489259
0.268761,-0.621156,2.282801
-0.246477,-0.681466,2.282801
0.295891,-0.839947,2.500628
-0.250645,-0.754367,2.508045
0.305795,-0.902496,2.224462
0.113874,-0.512053,2.415807
0.107635,-0.554383,2.431862
0.023910,-0.603908,2.483517
0.175942,-0.637233,2.443496
0.053850,-0.812940,2.301314
0.078722,-0.801396,2.203656
0.051657,-1.026855,2.351897
0.197449,-0.994385,2.354116
0.046896,-1.057261,2.285851
0.211097,-1.001274,2.276186
0.182316,-0.189612,2.154594
0.138676,-0.372577,2.254550
-0.026991,-0.338497,2.322565
0.299852,-0.391164,2.249429
-0.164754,-0.492006,2.486928
0.268078,-0.645270,2.277271
-0.248181,-0.702362,2.277271
0.294519,-0.862531,2.502745
-0.252700,-0.775992,2.511306
0.306313,-0.921964,2.221332
0.114307,-0.537145,2.408034
0.107861,-0.578775,2.427118
0.023646,-0.626663,2.481861
0.175969,-0.662089,2.439731
0.056430,-0.821485,2.294480
0.079519,-0.810727,2.196238
0.053168,-1.026848,2.349828
0.197790,-0.994897,2.345528
0.047989,-1.057845,2.284654
0.214933,-1.000072,2.269466
0.186362,-0.214947,2.144739
0.140363,-0.397947,2.245461
-0.024243,-0.359990,2.314558
0.301370,-0.416486,2.240147
-0.166416,-0.511912,2.484848
0.267485,-0.666789,2.272446
-0.249565,-0.721465,2.272446
0.293301,-0.882684,2.504643
-0.254348,-0.795728,2.514235
0.306833,-0.939589,2.218691
0.114727,-0.559560,2.401119
0.108104,-0.600575,2.422890
0.023458,-0.647014,2.480390
0.176025,-0.684271,2.436313
0.061609,-0.831823,2.279780
0.080699,-0.819460,2.189882
0.072281,-1.026588,2.285970
0.198176,-0.995505,2.337596
0.065837,-1.060018,2.221891
0.218792,-0.999068,2.263371
0.189977,-0.237681,2.136208
0.141913,-0.420736,2.237500
-0.021783,-0.379410,2.307476
0.302776,-0.438955,2.231807
-0.167848,-0.529905,2.483029
0.266964,-0.686097,2.268256
-0.250765,-0.738682,2.268256
0.292228,-0.900755,2.506328
-0.255788,-0.813494,2.516773
0.307365,-0.955557,2.216494
0.115103,-0.579511,2.394949
0.108324,-0.619970,2.419121
0.023277,-0.665178,2.479078
0.176079,-0.703985,2.433264
0.064288,-0.838806,2.272638
0.082193,-0.827615,2.184489
0.076652,-1.026206,2.273776
0.198591,-0.996196,2.330272
0.069656,-1.060608,2.210349
0.222629,-0.998245,2.257854
0.193214,-0.258047,2.128970
0.143335,-0.441178,2.230650
-0.019564,-0.396820,2.301187
0.304032,-0.459072,2.224385
-0.169091,-0.545862,2.481333
0.266537,-0.703506,2.264687
-0.251799,-0.753955,2.264687
0.291285,-0.917043,2.507796
-0.257051,-0.829236,2.519011
0.307913,-0.970048,2.214715
0.115528,-0.597444,2.389344
0.108647,-0.637429,2.415646
0.023368,-0.681729,2.477756
0.176288,-0.721700,2.430396
0.066936,-0.844932,2.266066
0.084270,-0.835391,2.179930
0.080768,-1.025689,2.262855
0.199219,-0.997114,2.323336
0.073227,-1.061041,2.199969
0.226779,-0.997717,2.252758
0.196096,-0.276201,2.123066
0.144663,-0.459448,2.224957
-0.017556,-0.412533,2.295615
0.305116,-0.477088,2.217926
-0.170174,-0.560212,2.479792
0.266206,-0.719109,2.261751
-0.252716,-0.767676,2.261751
0.290476,-0.931632,2.509064
-0.258149,-0.843390,2.520946
0.308409,-0.983138,2.213198
0.115895,-0.613525,2.384294
0.108919,-0.653075,2.412517
0.023422,-0.696560,2.476527
0.176451,-0.737576,2.427826
0.069540,-0.850321,2.260059
0.088360,-0.843805,2.177641
0.084650,-1.025085,2.253129
0.199803,-0.998067,2.317030
0.076578,-1.061362,2.190684
0.230761,-0.997342,2.248237
0.198630,-0.292164,2.118535
0.145902,-0.475594,2.220431
-0.015722,-0.426697,2.290711
0.306055,-0.493100,2.212532
-0.171150,-0.573072,2.478374
0.266001,-0.733024,2.259472
-0.253488,-0.780023,2.259472
0.289791,-0.944666,2.510144
-0.259082,-0.856129,2.522594
0.308841,-0.994977,2.211957
0.116207,-0.628012,2.379731
0.109124,-0.667154,2.409689
0.023378,-0.709839,2.475434
0.176538,-0.751879,2.425527
0.072344,-0.854811,2.254407
0.091018,-0.850736,2.174996
0.088418,-1.024296,2.244467
0.200357,-0.999059,2.311295
0.079809,-1.061508,2.182383
0.234598,-0.997117,2.244244
0.200811,-0.305900,2.115334
0.147085,-0.489606,2.217036
-0.014033,-0.439444,2.286473
0.306815,-0.507032,2.208242
-0.172010,-0.584667,2.477071
0.265917,-0.745272,2.257882
-0.254109,-0.791166,2.257882
0.289247,-0.956176,2.511015
-0.259796,-0.867624,2.523920
0.309246,-1.005638,2.211037
0.116521,-0.641101,2.375635
0.109330,-0.679883,2.407137
0.023344,-0.721833,2.474443
0.176658,-0.764802,2.423449
0.076890,-0.858704,2.248640
0.093787,-0.857144,2.173013
0.092802,-1.023540,2.236745
0.200915,-1.000076,2.306047
0.083604,-1.061666,2.174981
0.238348,-0.997016,2.240698
0.202648,-0.317397,2.113488
0.148197,-0.501463,2.214818
-0.012472,-0.450835,2.282913
0.307399,-0.518871,2.205050
-0.172780,-0.595145,2.475877
0.265956,-0.755875,2.256947
-0.254564,-0.801202,2.256947
0.288846,-0.966189,2.511705
-0.260281,-0.877946,2.524924
0.309641,-1.015189,2.210458
0.116873,-0.652859,2.372025
0.109583,-0.691342,2.404868
0.023355,-0.732665,2.473532
0.176857,-0.776386,2.421592
0.080322,-0.861975,2.243723
0.096633,-0.863042,2.171626
0.096550,-1.022680,2.230026
0.201473,-1.001105,2.301255
0.086816,-1.061689,2.168490
0.241998,-0.997018,2.237567
0.204164,-0.326684,2.112889
0.149240,-0.511165,2.213725
-0.011019,-0.460903,2.280025
0.307812,-0.528618,2.202937
-0.173439,-0.604620,2.474788
0.266122,-0.764865,2.256645
-0.254805,-0.810200,2.256645
0.288568,-0.974734,2.512194
-0.260550,-0.887157,2.525646
0.310057,-1.023674,2.210193
0.117281,-0.663294,2.368913
0.109907,-0.701546,2.402889
0.023446,-0.742385,2.472690
0.177156,-0.786625,2.419955
0.083502,-0.864670,2.239279
0.099530,-0.868456,2.170785
0.100033,-1.021738,2.224186
0.202024,-1.002136,2.296889
0.089793,-1.061609,2.162808
0.245535,-0.997111,2.234823
0.205374,-0.333809,2.113427
0.150246,-0.518763,2.213662
-0.009648,-0.469611,2.277786
0.308088,-0.536334,2.201811
-0.173981,-0.613150,2.473797
0.266416,-0.772268,2.256895
-0.254837,-0.818207,2.256895
0.288444,-0.981830,2.512481
-0.260498,-0.895273,2.525926
0.310437,-1.031167,2.210221
0.117755,-0.672381,2.366302
0.110315,-0.710467,2.401205
0.023641,-0.750966,2.471926
0.177558,-0.795491,2.418530
0.086594,-0.866821,2.235277
0.102458,-0.873397,2.170454
0.103354,-1.020716,2.219204
0.202564,-1.003152,2.292926
0.092629,-1.061432,2.157922
0.248956,-0.997274,2.232446
0.206282,-0.338760,2.114959
0.151225,-0.524264,2.214492
-0.008370,-0.476990,2.276193
0.308329,-0.542017,2.201527
-0.174390,-0.620753,2.472899
0.266840,-0.778147,2.257626
-0.254655,-0.825240,2.257626
0.288465,-0.987518,2.512574
-0.260086,-0.902272,2.525720
0.310788,-1.037711,2.210535
0.118336,-0.680051,2.364164
0.110853,-0.718027,2.399791
0.023989,-0.758359,2.471202
0.178118,-0.802895,2.417308
0.089500,-0.868509,2.231696
0.105453,-0.877875,2.170560
0.106463,-1.019637,2.215007
0.203120,-1.004150,2.289320
0.095281,-1.061176,2.153766
0.252315,-0.997495,2.230394
0.206940,-0.341508,2.117340
0.152216,-0.527693,2.216030
-0.007131,-0.482920,2.275165
0.308510,-0.545817,2.202058
-0.174643,-0.627424,2.472074
0.267387,-0.782562,2.258762
-0.254172,-0.831289,2.258762
0.288618,-0.991833,2.512402
-0.259398,-0.908213,2.525176
0.311152,-1.043334,2.211076
0.119010,-0.686298,2.362467
0.111503,-0.724228,2.398625
0.024472,-0.764554,2.470524
0.178808,-0.808864,2.416246
0.092260,-0.869760,2.228505
0.108441,-0.881919,2.171027
0.109386,-1.018503,2.211546
0.203670,-1.005128,2.286044
0.097775,-1.060844,2.150299
0.255557,-0.997762,2.228631
0.207327,-0.342060,2.120486
0.153143,-0.529106,2.218147
-0.005936,-0.487460,2.274662
0.308555,-0.547890,2.203296
-0.174732,-0.633142,2.471317
0.268050,-0.785494,2.260281
-0.253404,-0.836339,2.260281
0.288887,-0.994745,2.511968
-0.258374,-0.913059,2.524253
0.311541,-1.048024,2.211895
0.119763,-0.691160,2.361199
0.112251,-0.729118,2.397710
0.025122,-0.769507,2.469882
0.179609,-0.813399,2.415357
0.094190,-0.871433,2.225748
0.111396,-0.885515,2.171806
0.111548,-1.017784,2.208954
0.204202,-1.006052,2.283072
0.099581,-1.060866,2.147714
0.258666,-0.998034,2.227126
0.207516,-0.340701,2.124218
0.154150,-0.528695,2.220791
-0.004733,-0.490267,2.274606
0.308492,-0.548443,2.205122
-0.174522,-0.637671,2.470545
0.268899,-0.787048,2.262079
-0.252247,-0.840131,2.262079
0.289438,-0.996361,2.511255
-0.256857,-0.916526,2.522931
0.311849,-1.051866,2.212876
0.120656,-0.694551,2.360361
0.113154,-0.732594,2.397050
0.026040,-0.773015,2.469257
0.180541,-0.816447,2.414665
0.095604,-0.873037,2.223457
0.114377,-0.888684,2.172884
0.113080,-1.017404,2.207286
0.204743,-1.006931,2.280379
0.100775,-1.061222,2.146057
0.261707,-0.998313,2.225869
0.207467,-0.337384,2.128548
0.155120,-0.526416,2.223930
-0.003550,-0.491441,2.274966
0.308376,-0.547652,2.207432
-0.174021,-0.640986,2.469737
0.269826,-0.787069,2.264153
-0.250646,-0.842665,2.264153
0.290121,-0.996465,2.510248
-0.255094,-0.918764,2.521556
0.312118,-1.054783,2.214138
0.121503,-0.696217,2.360046
0.114005,-0.734369,2.396751
0.026878,-0.774820,2.468857
0.181352,-0.817815,2.414254
0.097633,-0.873206,2.221614
0.118187,-0.891096,2.175154
0.115195,-1.016191,2.206163
0.205243,-1.007696,2.277894
0.102549,-1.060769,2.144829
0.264558,-0.998500,2.224709
0.207277,-0.331709,2.133278
0.156153,-0.521902,2.227342
-0.002340,-0.490470,2.275740
0.308178,-0.545693,2.210152
-0.172910,-0.641693,2.468467
0.271009,-0.785353,2.266546
-0.248075,-0.842489,2.266546
0.290904,-0.994924,2.508588
-0.252250,-0.918106,2.519237
0.312047,-1.049030,2.218220
0.122422,-0.696046,2.360185
0.114935,-0.734392,2.396759
0.027888,-0.774817,2.468651
0.182177,-0.817479,2.414043
0.098270,-0.875224,2.221333
0.121455,-0.893031,2.176531
0.116026,-1.016940,2.207372
0.205869,-1.008318,2.275554
0.103029,-1.062328,2.146044
0.267585,-0.998465,2.223643
0.207006,-0.320996,2.138048
0.156754,-0.510818,2.231128
-0.001179,-0.486934,2.276864
0.307797,-0.542605,2.213341
-0.171339,-0.640611,2.467089
0.272345,-0.782172,2.269078
-0.244976,-0.840519,2.269078
0.291845,-0.991925,2.506625
-0.248907,-0.915631,2.516747
0.311986,-1.041875,2.222425
0.123053,-0.693534,2.360887
0.115616,-0.732518,2.397169
0.028761,-0.772896,2.468632
0.182646,-0.815319,2.414149
0.098589,-0.875043,2.221301
0.124401,-0.892731,2.179182
0.116639,-1.016009,2.208740
0.206212,-1.008697,2.273458
0.103354,-1.062130,2.147257
0.269923,-0.998105,2.222726
0.206328,-0.305561,2.143076
0.161220,-0.493602,2.234441
-0.000121,-0.480111,2.278302
0.306945,-0.533107,2.217527
-0.169173,-0.637024,2.465461
0.274050,-0.775995,2.271723
-0.241054,-0.836071,2.271723
0.293177,-0.985897,2.504190
-0.244925,-0.910650,2.513722
0.312078,-1.033827,2.226505
0.125259,-0.686640,2.361506
0.117364,-0.727122,2.397433
0.030284,-0.768446,2.468194
0.184238,-0.808485,2.413847
0.098604,-0.874437,2.221692
0.127958,-0.893168,2.181873
0.116976,-1.014972,2.210673
0.206640,-1.009184,2.271563
0.103509,-1.061791,2.148939
0.272384,-0.998007,2.221970
0.205350,-0.286288,2.148091
0.162328,-0.474880,2.238317
0.000820,-0.469214,2.279989
0.306605,-0.516081,2.221269
-0.166575,-0.631050,2.463565
0.276249,-0.764371,2.274111
-0.236755,-0.829255,2.274111
0.294707,-0.974626,2.500546
-0.239391,-0.898741,2.508896
0.312223,-1.024703,2.230140
0.127359,-0.676937,2.362236
0.119401,-0.718075,2.397553
0.032585,-0.760542,2.467260
0.186231,-0.798524,2.413382
0.098325,-0.873521,2.222469
0.131395,-0.891852,2.185302
0.117042,-1.013888,2.213119
0.207025,-1.009462,2.269871
0.103421,-1.061375,2.151113
0.274627,-0.995249,2.221967
0.203632,-0.265242,2.153317
0.163536,-0.455069,2.242236
0.001532,-0.454530,2.281895
0.306219,-0.498288,2.224955
-0.163371,-0.622090,2.461457
0.278719,-0.751840,2.276355
-0.231721,-0.819558,2.276355
0.296583,-0.962211,2.496172
-0.234383,-0.888112,2.504003
0.312379,-1.016610,2.233079
0.129213,-0.663952,2.363231
0.121267,-0.705917,2.397770
0.034739,-0.749723,2.466184
0.187943,-0.785286,2.412953
0.098297,-0.872572,2.223406
0.134802,-0.891520,2.189453
0.117240,-1.012869,2.215875
0.207420,-1.009891,2.268461
0.103441,-1.060977,2.153606
0.276245,-0.993328,2.222449
0.198534,-0.221608,2.158702
0.163448,-0.412788,2.246996
0.000394,-0.423457,2.284201
0.305830,-0.456652,2.228374
-0.157322,-0.599067,2.457704
0.282350,-0.717265,2.278060
-0.222907,-0.795961,2.278060
0.299401,-0.932631,2.488128
-0.225366,-0.863742,2.494708
0.312872,-0.990293,2.235217
0.131468,-0.631312,2.363831
0.123991,-0.674584,2.396977
0.038104,-0.722391,2.463139
0.191169,-0.752620,2.411223
0.098099,-0.871152,2.225069
0.139096,-0.887914,2.195918
0.116811,-1.013579,2.224174
0.206829,-1.007291,2.268400
0.103774,-1.058226,2.163121
0.276270,-0.987965,2.223850
0.192654,-0.173494,2.163349
0.161314,-0.360892,2.250857
-0.001430,-0.387434,2.286577
0.305572,-0.415168,2.231606
-0.151217,-0.574274,2.453888
0.285924,-0.682012,2.279255
-0.214016,-0.770870,2.279255
0.302298,-0.898651,2.479966
-0.216106,-0.838046,2.485215
0.313788,-0.959371,2.236741
0.133456,-0.593726,2.364164
0.126675,-0.639311,2.395949
0.041612,-0.691363,2.459679
0.194747,-0.716434,2.409302
0.097457,-0.868589,2.227444
0.141541,-0.884846,2.200747
0.115903,-1.014052,2.232589
0.206536,-1.008042,2.268015
0.100852,-1.049765,2.185201
0.276141,-0.986328,2.225185
0.185751,-0.123074,2.167335
0.158918,-0.309352,2.254626
-0.003626,-0.349004,2.288880
0.304457,-0.372221,2.234863
-0.145044,-0.546522,2.449847
0.289628,-0.644583,2.279953
-0.205422,-0.742849,2.279953
0.306009,-0.860591,2.470769
-0.205260,-0.802177,2.472915
0.315071,-0.924233,2.237337
0.134602,-0.554026,2.364775
0.128493,-0.601602,2.395216
0.044481,-0.656803,2.456249
0.197116,-0.677466,2.407684
0.096321,-0.864067,2.230554
0.143921,-0.880061,2.206482
0.114229,-1.015055,2.247626
0.206239,-1.008603,2.268157
0.099036,-1.049469,2.201131
0.270882,-0.983095,2.233862
0.177404,-0.070489,2.170467
0.155588,-0.256497,2.258144
-0.006510,-0.307392,2.290945
0.301951,-0.316871,2.236538
-0.138736,-0.514287,2.445187
0.293513,-0.593929,2.278894
-0.195142,-0.710750,2.278894
0.309694,-0.815044,2.460303
-0.195748,-0.769760,2.461214
0.316552,-0.882685,2.236984
0.135483,-0.510548,2.364608
0.130249,-0.559707,2.393537
0.047811,-0.619097,2.451761
0.199441,-0.633546,2.404785
0.094893,-0.859088,2.234854
0.146585,-0.872042,2.214045
0.112572,-1.017393,2.262249
0.206574,-1.010903,2.273887
0.097327,-1.050627,2.216219
0.268413,-0.985792,2.241113
0.168609,-0.018263,2.173163
0.151907,-0.203632,2.261282
-0.009362,-0.263698,2.292453
0.299276,-0.264470,2.237754
-0.132106,-0.476689,2.439490
0.297154,-0.542231,2.276816
-0.184799,-0.674847,2.276816
0.313102,-0.767075,2.448887
-0.186201,-0.734272,2.449192
0.318087,-0.836928,2.235216
0.135616,-0.466579,2.363556
0.131202,-0.517312,2.390921
0.050218,-0.578164,2.445394
0.200885,-0.590218,2.401073
0.092887,-0.849351,2.238676
0.149725,-0.862230,2.222859
0.110402,-1.018362,2.273654
0.206303,-1.013499,2.279736
0.095205,-1.050550,2.227917
0.264813,-0.989934,2.248828
0.159170,0.032944,2.175516
0.147655,-0.153742,2.263945
-0.013331,-0.219475,2.293730
0.296270,-0.213219,2.238586
-0.125992,-0.439818,2.433665
0.300399,-0.491042,2.273452
-0.176468,-0.638488,2.273452
0.316149,-0.715140,2.437868
-0.177364,-0.696487,2.436319
0.319379,-0.791851,2.232725
0.134935,-0.422075,2.361641
0.131341,-0.473780,2.387319
0.051872,-0.537802,2.438602
0.201787,-0.546516,2.396379
0.090499,-0.837478,2.242675
0.152657,-0.849658,2.232578
0.108436,-1.019509,2.282316
0.205754,-1.015579,2.285199
0.093276,-1.050702,2.237113
0.260805,-0.994017,2.255821
0.149578,0.081582,2.177470
0.143662,-0.103198,2.265139
-0.017405,-0.175557,2.294363
0.293113,-0.161852,2.239160
-0.120272,-0.402363,2.427169
0.303143,-0.441958,2.269545
-0.168656,-0.601822,2.269545
0.318830,-0.666060,2.427434
-0.169595,-0.662233,2.424681
0.320594,-0.745023,2.228385
0.134053,-0.378244,2.358713
0.131190,-0.431226,2.382894
0.052936,-0.496802,2.430588
0.202266,-0.503444,2.390896
0.086219,-0.821886,2.245707
0.156008,-0.834133,2.243984
0.107210,-1.020173,2.288774
0.205189,-1.017272,2.290084
0.092030,-1.050444,2.244457
0.256909,-0.997938,2.262232
0.139742,0.127698,2.178782
0.139613,-0.057370,2.265791
-0.021909,-0.134347,2.294612
0.289834,-0.115449,2.239288
-0.115345,-0.366059,2.420528
0.305522,-0.397095,2.265152
-0.161662,-0.566387,2.265152
0.321221,-0.619737,2.417387
-0.162801,-0.627931,2.412998
0.321629,-0.700847,2.223214
0.132672,-0.336467,2.354934
0.130464,-0.390248,2.377551
0.053282,-0.457463,2.421874
0.202262,-0.462527,2.384690
0.081402,-0.804653,2.248427
0.159543,-0.816815,2.255750
0.105472,-1.020710,2.293671
0.204702,-1.018540,2.295003
0.090177,-1.050500,2.249761
0.253211,-1.001436,2.268131
0.130365,0.169982,2.179808
0.135329,-0.013887,2.265685
-0.026394,-0.096607,2.294549
0.286330,-0.072312,2.239097
-0.111210,-0.332654,2.414186
0.307247,-0.355153,2.260268
-0.155615,-0.533804,2.260268
0.323112,-0.576241,2.408001
-0.156889,-0.596977,2.402498
0.322471,-0.659831,2.217209
0.131007,-0.297460,2.350544
0.129421,-0.352129,2.371737
0.053177,-0.420698,2.412842
0.201852,-0.424244,2.377841
0.076367,-0.786559,2.250591
0.163172,-0.798254,2.267492
0.103154,-1.020871,2.296537
0.204231,-1.019412,2.299826
0.087720,-1.050539,2.252367
0.249692,-1.004515,2.273502
0.120700,0.210095,2.180507
0.131176,0.025541,2.265166
-0.030853,-0.061947,2.294114
0.282732,-0.033634,2.238513
-0.107792,-0.302364,2.408064
0.308529,-0.317192,2.254889
-0.150316,-0.504339,2.254889
0.324467,-0.536201,2.399303
-0.151762,-0.569097,2.393040
0.322866,-0.619440,2.209643
0.129123,-0.261337,2.345569
0.128092,-0.316705,2.365327
0.052661,-0.386014,2.403169
0.201099,-0.388674,2.370312
0.070780,-0.767416,2.251876
0.166774,-0.778961,2.278680
0.100089,-1.020099,2.296040
0.203740,-1.019870,2.304558
0.084532,-1.049952,2.250582
0.246316,-1.007158,2.278401
0.111853,0.245957,2.181043
0.127161,0.061213,2.264304
-0.035246,-0.030576,2.293416
0.278258,0.002994,2.236661
-0.105109,-0.273975,2.401703
0.309111,-0.280883,2.248626
-0.145734,-0.477168,2.248626
0.325382,-0.499168,2.391168
-0.147392,-0.543989,2.384443
0.322950,-0.582418,2.201452
0.127045,-0.228325,2.340104
0.126490,-0.284261,2.358420
0.051783,-0.354087,2.393030
0.199943,-0.355916,2.362150
0.065267,-0.748601,2.252680
0.170067,-0.760788,2.288749
0.096141,-1.018266,2.291931
0.203246,-1.020136,2.309209
0.080233,-1.048403,2.244095
0.243034,-1.009415,2.282893
0.103355,0.278479,2.181262
0.123212,0.093518,2.263014
-0.039642,-0.002125,2.292388
0.273679,0.036293,2.234457
-0.103111,-0.247424,2.394904
0.309188,-0.247688,2.242205
-0.142117,-0.452312,2.242205
0.325531,-0.463723,2.383173
-0.143867,-0.520853,2.376295
0.322652,-0.548642,2.192502
0.124669,-0.198016,2.333931
0.124518,-0.254412,2.350779
0.050478,-0.324742,2.382284
0.198282,-0.325592,2.353093
0.059483,-0.730148,2.252624
0.173012,-0.744008,2.297320
0.091367,-1.015213,2.284047
0.202310,-1.015077,2.315413
0.075093,-1.045565,2.232922
0.238512,-1.008745,2.287074
0.095494,0.307612,2.181244
0.119080,0.123041,2.261320
-0.043830,0.023392,2.291089
0.269275,0.066120,2.232068
-0.101678,-0.223223,2.387951
0.308871,-0.217717,2.235432
-0.139239,-0.429878,2.235432
0.325329,-0.432075,2.375460
-0.141127,-0.499770,2.368252
0.321939,-0.517686,2.182690
0.122078,-0.170571,2.327361
0.122298,-0.227415,2.342760
0.048890,-0.298146,2.371180
0.196287,-0.298124,2.343562
0.053550,-0.712437,2.251546
0.175596,-0.728353,2.304359
0.085983,-1.011309,2.273149
0.201300,-1.009194,2.321372
0.069393,-1.041872,2.218187
0.233896,-1.007372,2.290778
0.088179,0.333784,2.181058
0.114938,0.149757,2.259329
-0.047992,0.046278,2.289358
0.264937,0.093026,2.229431
-0.100825,-0.201344,2.380885
0.308037,-0.190473,2.228203
-0.136991,-0.409656,2.228203
0.324729,-0.403493,2.367689
-0.138957,-0.480715,2.360634
0.320754,-0.489306,2.171910
0.119163,-0.145528,2.319869
0.119700,-0.202767,2.333643
0.046769,-0.273943,2.358632
0.193946,-0.272940,2.332792
0.047723,-0.695951,2.249677
0.177839,-0.714076,2.310155
0.080275,-1.006648,2.259177
0.200298,-1.002900,2.326994
0.063473,-1.037078,2.199644
0.229349,-1.005475,2.293996
0.081190,0.357436,2.180558
0.110735,0.174076,2.256875
-0.052147,0.066936,2.287026
0.260320,0.117504,2.226164
-0.100543,-0.181543,2.373546
0.306619,-0.165561,2.220266
-0.135423,-0.391307,2.220266
0.323182,-0.376629,2.360003
-0.137505,-0.463477,2.353097
0.319137,-0.463521,2.160355
0.115913,-0.122888,2.311518
0.116715,-0.180568,2.323635
0.044280,-0.252215,2.345445
0.191037,-0.250153,2.320843
0.041530,-0.680045,2.246197
0.179717,-0.700900,2.314681
0.074102,-1.001332,2.242210
0.199215,-0.996138,2.331928
0.057235,-1.031662,2.177900
0.224699,-1.002880,2.296488
0.074447,0.378812,2.179716
0.106428,0.196004,2.253997
-0.056483,0.085905,2.283374
0.255562,0.139597,2.222398
-0.101180,-0.163225,2.364823
0.304581,-0.142984,2.211603
-0.134688,-0.374673,2.211603
0.321383,-0.352654,2.352022
-0.136885,-0.447841,2.345225
0.316875,-0.439901,2.147114
0.112070,-0.102477,2.301717
0.113011,-0.160586,2.311795
0.040991,-0.232535,2.329966
0.187265,-0.229572,2.306855
0.035141,-0.664663,2.240982
0.181144,-0.688220,2.317518
0.067277,-0.995516,2.222835
0.198061,-0.989069,2.336096
0.050474,-1.025635,2.153637
0.220058,-0.999604,2.298127
0.067897,0.398010,2.178416
0.101830,0.215853,2.250273
-0.061245,0.102880,2.278912
0.250561,0.159479,2.217811
-0.102541,-0.146746,2.355435
0.301827,-0.122620,2.201881
-0.135311,-0.359171,2.201881
0.319016,-0.331175,2.342761
-0.137551,-0.433567,2.335955
0.314251,-0.418746,2.133180
0.107620,-0.084122,2.290318
0.108594,-0.142667,2.298086
0.036859,-0.215039,2.312665
0.182881,-0.211283,2.291181
0.027761,-0.649181,2.232137
0.181699,-0.675331,2.317422
0.061791,-0.990558,2.205488
0.196550,-0.981052,2.338887
0.045327,-1.021074,2.132587
0.214786,-0.994878,2.298061
0.061208,0.415255,2.176387
0.096688,0.233746,2.245405
-0.066717,0.118009,2.272985
0.244775,0.177359,2.211627
-0.105151,-0.132022,2.344285
0.298185,-0.104242,2.190786
-0.136989,-0.345360,2.190786
0.316092,-0.312341,2.332807
-0.139010,-0.420994,2.326183
0.311104,-0.399728,2.117803
0.102348,-0.067928,2.276875
0.103153,-0.126961,2.281690
0.031708,-0.199927,2.292801
0.177187,-0.195108,2.271903
0.020007,-0.634615,2.221264
0.181210,-0.662396,2.313324
0.055996,-0.985289,2.185820
0.194179,-0.971032,2.339112
0.039901,-1.016163,2.109091
0.208093,-0.987568,2.294580
0.054421,0.430645,2.173655
0.091097,0.249851,2.239266
-0.072844,0.131193,2.265457
0.238337,0.193099,2.204114
-0.109043,-0.118823,2.331004
0.293506,-0.088003,2.177856
-0.140448,-0.333059,2.177856
0.312281,-0.295652,2.319931
-0.142294,-0.409429,2.313575
0.307355,-0.382922,2.101188
0.096348,-0.053813,2.261635
0.096777,-0.113411,2.262956
0.025514,-0.186945,2.270519
0.170587,-0.181145,2.250680
0.010982,-0.619900,2.204782
0.179186,-0.648591,2.302692
0.051106,-0.980548,2.168777
0.190984,-0.958338,2.335143
0.035220,-1.011947,2.089374
0.200198,-0.977163,2.285897
