-0.094565,0.422665,2.328897
-0.059416,0.252418,2.286009
-0.178276,0.140030,2.331462
0.042881,0.121832,2.174115
-0.205304,-0.137863,2.349418
0.116293,-0.040334,2.049470
-0.243860,-0.350335,2.049470
-0.037120,0.091896,2.280737
-0.245213,-0.426048,2.251570
-0.053100,0.151514,2.144725
-0.021688,-0.099980,2.278700
-0.042544,-0.162274,2.229043
-0.086652,-0.238152,2.251517
0.002431,-0.211137,2.182487
-0.077112,-0.603111,2.149245
0.050540,-0.517278,1.938442
-0.020554,-1.005175,2.278423
0.152609,-0.801843,2.022511
-0.051438,-1.042763,2.212350
0.121935,-0.848917,1.970066
-0.109277,0.424588,2.298607
-0.071969,0.252498,2.254087
-0.188528,0.144774,2.303230
0.027124,0.124708,2.142633
-0.211812,-0.133331,2.321436
0.103990,-0.034626,2.014633
-0.249765,-0.351023,2.014633
-0.050805,0.091691,2.259243
-0.252094,-0.426125,2.231177
-0.063322,0.152230,2.110789
-0.031855,-0.098542,2.245065
-0.053520,-0.160969,2.195671
-0.095410,-0.237083,2.217806
-0.010324,-0.208701,2.149167
-0.085112,-0.597600,2.116510
0.041587,-0.501185,1.884096
-0.021680,-1.000406,2.239045
0.153632,-0.782774,1.970736
-0.054058,-1.037441,2.172479
0.123211,-0.831859,1.920570
-0.123655,0.426545,2.278101
-0.084334,0.255187,2.234046
-0.198972,0.148557,2.285343
0.011801,0.126617,2.122643
-0.218464,-0.129578,2.304260
0.091677,-0.030177,1.991693
-0.255538,-0.353383,1.991693
-0.044339,0.048139,2.249670
-0.258643,-0.427573,2.222914
-0.039320,0.068678,2.094474
-0.041887,-0.097768,2.221175
-0.064296,-0.160319,2.171857
-0.104431,-0.236687,2.193398
-0.021891,-0.206140,2.124951
-0.093338,-0.593618,2.094301
0.031962,-0.485153,1.839855
-0.022689,-0.996044,2.203395
0.154299,-0.764742,1.925084
-0.056446,-1.032594,2.136343
0.124151,-0.815293,1.876202
-0.137173,0.427688,2.266902
-0.095865,0.257322,2.224127
-0.208861,0.150844,2.275419
-0.002551,0.127665,2.113305
-0.224969,-0.127069,2.297175
0.079737,-0.027039,1.980072
-0.261971,-0.353664,1.980072
-0.042422,0.006624,2.251232
-0.264785,-0.428811,2.225188
-0.023018,0.000364,2.080813
-0.051570,-0.097492,2.206819
-0.074583,-0.160153,2.157343
-0.113402,-0.236451,2.177982
-0.032716,-0.204264,2.110530
-0.101173,-0.591413,2.080912
0.022048,-0.469692,1.806368
-0.023595,-0.992126,2.171670
0.154404,-0.747094,1.884987
-0.058669,-1.028137,2.104129
0.125055,-0.799214,1.837319
-0.149393,0.428089,2.263710
-0.106271,0.258854,2.222950
-0.218080,0.151501,2.272608
-0.015573,0.127856,2.113005
-0.231162,-0.125979,2.298946
0.068683,-0.025193,1.978246
-0.267998,-0.354187,1.978246
-0.044210,-0.033053,2.260879
-0.270485,-0.430516,2.236096
-0.023935,-0.064737,2.055027
-0.060722,-0.097850,2.201216
-0.084226,-0.160574,2.151431
-0.122105,-0.236741,2.171162
-0.042607,-0.203117,2.104770
-0.108646,-0.590599,2.076285
0.012010,-0.454254,1.783561
-0.024405,-0.988624,2.143982
0.154093,-0.729715,1.850651
-0.060706,-1.024092,2.075927
0.125803,-0.782725,1.803510
-0.160182,0.427915,2.267235
-0.115332,0.259856,2.228796
-0.226580,0.150969,2.276237
-0.027098,0.127238,2.119692
-0.236862,-0.125928,2.307678
0.058577,-0.024661,1.984143
-0.273573,-0.354681,1.984143
-0.034091,-0.073631,2.276731
-0.275846,-0.432391,2.254166
-0.006240,-0.126802,2.053878
-0.069196,-0.098841,2.203142
-0.093225,-0.161673,2.153083
-0.130884,-0.237531,2.172172
-0.051579,-0.202880,2.106816
-0.115728,-0.590610,2.078542
0.000034,-0.436017,1.768435
-0.025151,-0.985474,2.120510
0.152965,-0.711953,1.821840
-0.062587,-1.020443,2.051941
0.126310,-0.766232,1.774909
-0.169400,0.427186,2.275008
-0.123124,0.260398,2.239974
-0.234297,0.150577,2.285603
-0.037748,0.126153,2.130780
-0.242446,-0.125687,2.321999
0.046625,-0.029081,2.004852
-0.280398,-0.356353,2.004852
-0.022567,-0.115895,2.295587
-0.283657,-0.435331,2.274845
0.009509,-0.181565,2.054517
-0.077426,-0.100357,2.210370
-0.102226,-0.163339,2.160064
-0.140158,-0.239529,2.179342
-0.060501,-0.202884,2.113079
-0.121520,-0.591959,2.083535
-0.013087,-0.416701,1.758960
-0.026020,-0.982940,2.101306
0.151127,-0.695112,1.791778
-0.064597,-1.017371,2.032315
0.124199,-0.745699,1.744570
-0.177227,0.426095,2.286647
-0.129654,0.260577,2.254988
-0.240593,0.150785,2.288552
-0.047483,0.124748,2.145027
-0.247520,-0.125784,2.339463
0.036346,-0.039695,2.030336
-0.286793,-0.358372,2.030336
-0.006594,-0.152850,2.316132
-0.290819,-0.438432,2.297015
0.021150,-0.222730,2.048060
-0.084860,-0.102137,2.221618
-0.110502,-0.165249,2.171184
-0.148854,-0.241849,2.190917
-0.068695,-0.203137,2.123214
-0.126686,-0.593990,2.092212
-0.025233,-0.398019,1.755384
-0.026851,-0.980822,2.086227
0.147067,-0.676047,1.762859
-0.066560,-1.014728,2.016933
0.120116,-0.723823,1.714524
-0.184269,0.424653,2.301156
-0.135676,0.260327,2.272585
-0.246450,0.150713,2.293902
-0.056842,0.123264,2.161196
-0.251730,-0.126070,2.358954
0.024570,-0.044450,2.052152
-0.291353,-0.361437,2.052152
0.003988,-0.182768,2.340289
-0.296287,-0.442189,2.321775
0.032483,-0.262451,2.046838
-0.091742,-0.103840,2.235168
-0.118209,-0.166968,2.184659
-0.156896,-0.243813,2.204656
-0.076392,-0.203422,2.135613
-0.132176,-0.594294,2.100405
-0.034284,-0.381036,1.752705
-0.028154,-0.978260,2.074398
0.136908,-0.654806,1.734352
-0.068828,-1.011869,2.005708
0.096685,-0.689537,1.680459
-0.190131,0.422899,2.317271
-0.140762,0.259682,2.291607
-0.251712,0.150326,2.301184
-0.065032,0.121601,2.178796
-0.255296,-0.126613,2.379913
0.013129,-0.049149,2.074022
-0.293270,-0.366347,2.074022
0.015163,-0.209462,2.369732
-0.298462,-0.447852,2.353492
0.041775,-0.294654,2.044054
-0.097855,-0.105689,2.250272
-0.125081,-0.168769,2.199585
-0.164108,-0.245757,2.219980
-0.083316,-0.204227,2.149131
-0.136894,-0.594619,2.109787
-0.041074,-0.365897,1.753603
-0.029802,-0.975932,2.065644
0.126717,-0.635165,1.709027
-0.071406,-1.009324,1.997826
0.087435,-0.661083,1.652827
-0.194988,0.420640,2.334195
-0.145046,0.258632,2.311271
-0.256429,0.149609,2.310040
-0.072421,0.119486,2.196933
-0.258304,-0.127403,2.401772
0.003008,-0.054461,2.096147
-0.294150,-0.372327,2.096147
0.026015,-0.233401,2.400254
-0.299523,-0.453852,2.385665
0.050496,-0.323631,2.042409
-0.102988,-0.107755,2.265457
-0.130817,-0.170739,2.214249
-0.169656,-0.247822,2.234206
-0.089256,-0.205523,2.162488
-0.140967,-0.595311,2.118957
-0.046022,-0.352608,1.757771
-0.031750,-0.974046,2.059361
0.117073,-0.617288,1.686691
-0.074222,-1.007276,1.992729
0.069908,-0.630719,1.625578
-0.198496,0.415711,2.351780
-0.148759,0.251536,2.330003
-0.260732,0.145277,2.319549
-0.078913,0.117127,2.215018
-0.260808,-0.133904,2.426324
-0.004749,-0.062859,2.119917
-0.294256,-0.378481,2.119917
0.036804,-0.255070,2.430192
-0.299978,-0.459493,2.417077
0.058405,-0.348734,2.039784
-0.107485,-0.111439,2.279923
-0.135853,-0.173623,2.228542
-0.174390,-0.250382,2.248462
-0.094773,-0.208555,2.175498
-0.144418,-0.596172,2.127190
-0.049508,-0.341688,1.762830
-0.033847,-0.972489,2.055477
0.108032,-0.601334,1.666586
-0.077195,-1.005533,1.990186
0.054024,-0.604092,1.601430
-0.201394,0.411078,2.369107
-0.151755,0.244621,2.348053
-0.264491,0.140710,2.329758
-0.084499,0.114699,2.232556
-0.262897,-0.140056,2.449585
-0.011493,-0.070794,2.142087
-0.293988,-0.384182,2.142087
0.047138,-0.274032,2.458182
-0.299997,-0.464974,2.446636
0.065196,-0.371136,2.037079
-0.111293,-0.115047,2.294212
-0.140142,-0.176402,2.242690
-0.178334,-0.252575,2.262231
-0.099583,-0.211529,2.188702
-0.147516,-0.596930,2.135670
-0.051860,-0.332426,1.769922
-0.036041,-0.971027,2.053766
0.099258,-0.586716,1.648848
-0.080173,-1.003942,1.989732
0.039569,-0.580419,1.580583
-0.203310,0.406018,2.385857
-0.154062,0.236932,2.365016
-0.267708,0.135358,2.340270
-0.089214,0.112114,2.249145
-0.264765,-0.146494,2.472559
-0.017352,-0.078160,2.162339
-0.294629,-0.390266,2.162339
0.056833,-0.290465,2.484679
-0.300544,-0.471031,2.475481
0.073033,-0.389964,2.036972
-0.114564,-0.118938,2.307932
-0.143859,-0.179400,2.256311
-0.181706,-0.255303,2.276026
-0.103885,-0.215127,2.201063
-0.150433,-0.597792,2.143411
-0.052909,-0.324729,1.779033
-0.038358,-0.969796,2.053217
0.090249,-0.572954,1.633375
-0.083228,-1.002547,1.990750
0.026001,-0.558809,1.562554
-0.204909,0.402475,2.400940
-0.155315,0.233230,2.381177
-0.270046,0.132410,2.351196
-0.093065,0.109590,2.264742
-0.266645,-0.149264,2.491339
-0.021363,-0.086316,2.182343
-0.297432,-0.394810,2.182343
0.064709,-0.306744,2.508804
-0.303766,-0.476325,2.501220
0.078918,-0.408429,2.034860
-0.117320,-0.122265,2.321028
-0.147036,-0.182151,2.269350
-0.184609,-0.257719,2.289244
-0.107646,-0.218521,2.213009
-0.152998,-0.598537,2.151177
-0.053173,-0.318481,1.789088
-0.040706,-0.968620,2.054332
0.081260,-0.560236,1.619907
-0.086217,-1.001223,1.993442
0.013406,-0.539401,1.546888
-0.205910,0.399060,2.414898
-0.156139,0.229890,2.396211
-0.271136,0.129626,2.369890
-0.096154,0.107083,2.279208
-0.268521,-0.151262,2.508531
-0.024567,-0.094270,2.200889
-0.300301,-0.398381,2.200889
0.071661,-0.321274,2.530647
-0.307373,-0.480943,2.524324
0.084263,-0.425077,2.032946
-0.119667,-0.124992,2.333420
-0.149836,-0.184361,2.281770
-0.187361,-0.259539,2.301875
-0.110900,-0.221279,2.224522
-0.155245,-0.598922,2.159074
-0.052826,-0.313544,1.799617
-0.043107,-0.967277,2.056890
0.072382,-0.548554,1.608272
-0.089254,-0.999808,1.997390
0.001748,-0.522007,1.533292
-0.206560,0.395850,2.427619
-0.156631,0.226887,2.410078
-0.271736,0.126848,2.387984
-0.098639,0.104669,2.292552
-0.270357,-0.153066,2.524094
-0.027123,-0.101666,2.217848
-0.303275,-0.401614,2.217848
0.077932,-0.334265,2.550036
-0.311066,-0.485059,2.544975
0.089176,-0.439932,2.031348
-0.121615,-0.127446,2.344998
-0.152194,-0.186344,2.293384
-0.189707,-0.261175,2.313730
-0.113634,-0.223742,2.235281
-0.157235,-0.599267,2.166785
-0.051981,-0.309737,1.810472
-0.045479,-0.966019,2.060633
0.063604,-0.537826,1.598396
-0.092176,-0.998511,2.002456
-0.009087,-0.506404,1.521636
-0.206545,0.393035,2.439183
-0.156865,0.224199,2.422763
-0.272038,0.123721,2.404204
-0.100528,0.102294,2.304753
-0.272352,-0.154809,2.538065
-0.029035,-0.108609,2.233387
-0.307029,-0.404342,2.233387
0.085090,-0.344144,2.567647
-0.315746,-0.488215,2.563547
0.093429,-0.445215,2.035859
-0.123264,-0.129650,2.355819
-0.154190,-0.188116,2.304214
-0.191772,-0.262641,2.324805
-0.115931,-0.225972,2.245373
-0.158908,-0.599632,2.174656
-0.051182,-0.307133,1.820401
-0.047871,-0.964879,2.066033
0.054819,-0.528199,1.589835
-0.095012,-0.997424,2.008547
-0.019038,-0.492756,1.511227
-0.206241,0.390486,2.449670
-0.156889,0.221800,2.434353
-0.272050,0.121275,2.419840
-0.101985,0.100075,2.315899
-0.274203,-0.156141,2.550654
-0.030452,-0.114997,2.247525
-0.310878,-0.406614,2.247525
0.091656,-0.352257,2.583421
-0.320705,-0.490746,2.580312
0.097021,-0.451714,2.038372
-0.124612,-0.131606,2.365827
-0.155851,-0.189680,2.314243
-0.193533,-0.263931,2.335034
-0.117827,-0.227935,2.254844
-0.160433,-0.600007,2.182438
-0.050204,-0.305464,1.829946
-0.050186,-0.963832,2.072638
0.046239,-0.519555,1.582621
-0.097710,-0.996473,2.015623
-0.027845,-0.481102,1.502141
-0.205347,0.388284,2.459332
-0.156762,0.219673,2.444885
-0.271880,0.118864,2.433465
-0.103079,0.098016,2.326077
-0.275897,-0.157347,2.561886
-0.031505,-0.120861,2.260310
-0.314816,-0.408504,2.260310
0.097797,-0.358754,2.597491
-0.325615,-0.492865,2.595196
0.102101,-0.457780,2.041244
-0.125742,-0.133377,2.375072
-0.157239,-0.191096,2.323477
-0.195048,-0.265095,2.344439
-0.119400,-0.229728,2.263625
-0.161741,-0.600394,2.189957
-0.049128,-0.304638,1.838977
-0.052406,-0.962902,2.080228
0.037880,-0.511873,1.576610
-0.100204,-0.995673,2.023285
-0.035969,-0.471154,1.494534
-0.204124,0.386315,2.468180
-0.156517,0.217786,2.454410
-0.271576,0.117028,2.446627
-0.103859,0.096119,2.335339
-0.277471,-0.158275,2.572049
-0.031685,-0.126258,2.272238
-0.318691,-0.409993,2.272238
0.103297,-0.363849,2.610027
-0.330523,-0.494551,2.608447
0.106744,-0.462399,2.044363
-0.126665,-0.134945,2.383552
-0.158406,-0.192344,2.331976
-0.196379,-0.266126,2.353088
-0.120709,-0.231324,2.271790
-0.162926,-0.601370,2.197252
-0.047992,-0.304515,1.847559
-0.054416,-0.962406,2.088331
0.029726,-0.505076,1.571770
-0.102524,-0.995062,2.031329
-0.043465,-0.462793,1.488453
-0.203196,0.384547,2.476011
-0.156198,0.216122,2.463022
-0.271198,0.115505,2.458978
-0.104384,0.094369,2.343758
-0.278936,-0.159038,2.581234
-0.031600,-0.131202,2.283007
-0.322607,-0.411136,2.283007
0.108428,-0.367587,2.621197
-0.335496,-0.495854,2.620132
0.110024,-0.464287,2.048762
-0.127425,-0.136322,2.391311
-0.159383,-0.193435,2.339771
-0.197534,-0.267035,2.360998
-0.121785,-0.232726,2.279364
-0.163934,-0.602435,2.204178
-0.047096,-0.304699,1.856530
-0.056329,-0.962041,2.096875
0.023276,-0.499364,1.568680
-0.104716,-0.994567,2.039709
-0.048920,-0.458069,1.486674
-0.202367,0.382966,2.483051
-0.155825,0.214670,2.470802
-0.270744,0.114205,2.470210
-0.104686,0.092770,2.351385
-0.280288,-0.159658,2.589509
-0.031292,-0.135708,2.292711
-0.326523,-0.411956,2.292711
0.113121,-0.370089,2.631046
-0.340483,-0.496760,2.630192
0.112991,-0.464763,2.053675
-0.128042,-0.137527,2.398391
-0.160190,-0.194390,2.346890
-0.198531,-0.267832,2.368216
-0.122642,-0.233947,2.286320
-0.164767,-0.603635,2.210772
-0.046139,-0.305806,1.864605
-0.058137,-0.961808,2.105659
0.019365,-0.496725,1.570180
-0.106763,-0.994191,2.048233
-0.049728,-0.459291,1.488943
-0.201553,0.381535,2.489382
-0.155409,0.213405,2.477817
-0.270228,0.113136,2.480361
-0.104781,0.091324,2.358288
-0.281548,-0.160102,2.596951
-0.030771,-0.139823,2.301446
-0.330456,-0.412416,2.301446
0.117363,-0.371515,2.639565
-0.345477,-0.497225,2.638640
0.115598,-0.463969,2.058825
-0.128539,-0.138572,2.404844
-0.160850,-0.195211,2.353385
-0.199388,-0.268529,2.374796
-0.123315,-0.234998,2.292703
-0.165441,-0.604891,2.217008
-0.045176,-0.307437,1.872165
-0.059824,-0.961681,2.114564
0.017455,-0.497660,1.572978
-0.108648,-0.993912,2.056789
-0.048849,-0.464203,1.492290
-0.200730,0.380272,2.495072
-0.154965,0.212315,2.484143
-0.269955,0.112124,2.488985
-0.104685,0.090011,2.364518
-0.282731,-0.160360,2.603620
-0.030482,-0.143352,2.309059
-0.334415,-0.412535,2.309059
0.121164,-0.371768,2.646714
-0.350389,-0.497365,2.645652
0.117757,-0.461784,2.064571
-0.128933,-0.139487,2.410717
-0.161382,-0.195931,2.359300
-0.200127,-0.269141,2.380775
-0.123824,-0.235917,2.298553
-0.165934,-0.606219,2.222941
-0.044224,-0.309531,1.879268
-0.061384,-0.961681,2.123597
0.017498,-0.502877,1.576154
-0.110372,-0.993753,2.065406
-0.046053,-0.472086,1.498258
-0.199899,0.379150,2.500173
-0.154492,0.211391,2.489838
-0.269659,0.111088,2.496961
-0.104418,0.088817,2.370117
-0.283843,-0.160695,2.609606
-0.030051,-0.146494,2.315828
-0.338368,-0.412345,2.315828
0.124460,-0.371157,2.652459
-0.355169,-0.497204,2.651263
0.119779,-0.461124,2.068984
-0.129248,-0.140289,2.416064
-0.161804,-0.196561,2.364681
-0.200774,-0.269691,2.386200
-0.124173,-0.236718,2.303902
-0.166261,-0.607571,2.228610
-0.043320,-0.312015,1.885988
-0.062737,-0.961796,2.132678
0.019545,-0.510047,1.584604
-0.111830,-0.993699,2.073966
-0.040395,-0.483441,1.508946
-0.199041,0.378176,2.504719
-0.153983,0.210628,2.494937
-0.269659,0.109806,2.504644
-0.104017,0.087739,2.375124
-0.284908,-0.161184,2.615055
-0.029482,-0.149271,2.321769
-0.342241,-0.411915,2.321769
0.126982,-0.369865,2.657011
-0.359702,-0.496716,2.655348
0.121339,-0.458102,2.074620
-0.129472,-0.140973,2.420918
-0.162126,-0.197099,2.369576
-0.201346,-0.270188,2.391127
-0.124352,-0.237379,2.308794
-0.166424,-0.608971,2.234084
-0.043169,-0.313934,1.893814
-0.063891,-0.962030,2.141634
0.022303,-0.517977,1.595955
-0.113101,-0.993768,2.082426
-0.032703,-0.497145,1.523082
-0.198161,0.377347,2.508708
-0.153441,0.210023,2.499454
-0.269640,0.108751,2.511322
-0.103502,0.086776,2.379575
-0.285929,-0.161652,2.619901
-0.028560,-0.151887,2.326930
-0.345941,-0.411083,2.326930
0.129365,-0.368397,2.660129
-0.364026,-0.495748,2.657340
0.122859,-0.456583,2.078691
-0.129610,-0.141515,2.425329
-0.162341,-0.197510,2.374037
-0.201845,-0.270613,2.395596
-0.124330,-0.237846,2.313327
-0.166445,-0.610369,2.239299
-0.043143,-0.315883,1.901313
-0.064875,-0.962305,2.150349
0.026221,-0.527519,1.609844
-0.114193,-0.993887,2.090646
-0.023663,-0.512243,1.539838
-0.197251,0.376660,2.512147
-0.152896,0.209588,2.503430
-0.269609,0.108024,2.517521
-0.102902,0.085945,2.383498
-0.286922,-0.161710,2.623940
-0.027671,-0.154057,2.331310
-0.349410,-0.410007,2.331310
0.131075,-0.366144,2.661396
-0.368037,-0.494358,2.657242
0.123937,-0.454562,2.082568
-0.129687,-0.141905,2.429345
-0.162477,-0.197787,2.378106
-0.202271,-0.270935,2.399660
-0.124202,-0.238126,2.317528
-0.166343,-0.611761,2.244280
-0.043317,-0.317876,1.908376
-0.065651,-0.962517,2.158866
0.031602,-0.538766,1.626776
-0.115058,-0.993953,2.098660
-0.013015,-0.529323,1.559745
-0.196314,0.376132,2.515043
-0.152321,0.209341,2.506829
-0.269557,0.107296,2.522975
-0.102227,0.085246,2.386906
-0.287849,-0.161703,2.627300
-0.026639,-0.155922,2.334972
-0.352478,-0.408416,2.334972
0.132368,-0.363443,2.661063
-0.371531,-0.492646,2.655583
0.122772,-0.446121,2.090310
-0.129711,-0.142197,2.432983
-0.162548,-0.197991,2.381795
-0.202633,-0.271205,2.403347
-0.124005,-0.238298,2.321378
-0.166101,-0.613193,2.249043
-0.043664,-0.319930,1.915312
-0.066303,-0.962777,2.167042
0.038183,-0.550930,1.647084
-0.115779,-0.994076,2.106335
-0.001547,-0.546416,1.581789
-0.195383,0.375764,2.517391
-0.151741,0.209249,2.509687
-0.269513,0.106618,2.527898
-0.101492,0.084671,2.389831
-0.288698,-0.161637,2.629956
-0.025488,-0.157477,2.337923
-0.355156,-0.406634,2.337923
0.133385,-0.360452,2.659329
-0.374429,-0.490793,2.652462
0.121177,-0.437560,2.097762
-0.129692,-0.142413,2.436268
-0.162573,-0.198150,2.385135
-0.202963,-0.271473,2.406710
-0.123753,-0.238414,2.324865
-0.165779,-0.614561,2.253544
-0.044297,-0.322064,1.922310
-0.066683,-0.963105,2.175032
0.045556,-0.563164,1.670483
-0.116226,-0.994275,2.113842
0.011699,-0.565328,1.608155
-0.194456,0.375549,2.519239
-0.151151,0.209339,2.511992
-0.269473,0.106002,2.532371
-0.100663,0.084212,2.392278
-0.289450,-0.161495,2.631941
-0.024340,-0.157134,2.339290
-0.357349,-0.404653,2.339290
0.133064,-0.355378,2.656248
-0.376703,-0.488738,2.647959
0.120164,-0.430654,2.104687
-0.129620,-0.142532,2.439226
-0.162537,-0.198240,2.388154
-0.203235,-0.271689,2.409754
-0.123426,-0.238419,2.328061
-0.165379,-0.615891,2.257784
-0.045144,-0.324237,1.929057
-0.066884,-0.963413,2.182663
0.053487,-0.575384,1.696495
-0.116484,-0.994466,2.121015
0.025495,-0.583934,1.636691
-0.193542,0.375536,2.520574
-0.150550,0.209644,2.513660
-0.269444,0.105444,2.536415
-0.099751,0.083881,2.394263
-0.290093,-0.161366,2.633245
-0.023147,-0.156269,2.339902
-0.359007,-0.402609,2.339902
0.132329,-0.350054,2.652106
-0.378252,-0.486526,2.642306
0.118942,-0.423910,2.111305
-0.129502,-0.142551,2.441875
-0.162453,-0.198266,2.390873
-0.203467,-0.271869,2.412514
-0.123044,-0.238349,2.330961
-0.164863,-0.617268,2.261844
-0.046164,-0.326601,1.935596
-0.066949,-0.963739,2.189886
0.061723,-0.587443,1.724515
-0.116599,-0.994688,2.127809
0.040234,-0.603402,1.668192
-0.192651,0.375701,2.521371
-0.149991,0.210161,2.514691
-0.269431,0.104934,2.540076
-0.098776,0.083662,2.395786
-0.290628,-0.161248,2.633867
-0.021930,-0.154960,2.339843
-0.360074,-0.400402,2.339843
0.131296,-0.344604,2.646713
-0.379049,-0.484256,2.635653
0.117699,-0.417412,2.117512
-0.129345,-0.142494,2.444236
-0.162328,-0.198252,2.393317
-0.203662,-0.272036,2.415011
-0.122616,-0.238232,2.333594
-0.164220,-0.618706,2.265725
-0.047376,-0.329349,1.942074
-0.066890,-0.964129,2.196741
0.070252,-0.599192,1.753690
-0.116579,-0.994988,2.134265
0.054145,-0.621551,1.699274
-0.191792,0.376059,2.521650
-0.149517,0.210852,2.515091
-0.269452,0.104463,2.543351
-0.097786,0.083543,2.396843
-0.291028,-0.161169,2.633659
-0.020542,-0.154897,2.340117
-0.360658,-0.398121,2.340117
0.130936,-0.340654,2.640506
-0.379185,-0.482061,2.628262
0.117245,-0.413108,2.121944
-0.129169,-0.142380,2.446337
-0.162184,-0.198217,2.395517
-0.203833,-0.272200,2.417281
-0.122179,-0.238101,2.335990
-0.163166,-0.620689,2.269598
-0.048701,-0.332367,1.948409
-0.066722,-0.964604,2.203179
0.079107,-0.610921,1.784854
-0.116440,-0.995385,2.140339
0.068196,-0.639923,1.732608
-0.190993,0.376577,2.521439
-0.149085,0.211716,2.514899
-0.269501,0.104033,2.546261
-0.096762,0.083532,2.397470
-0.291276,-0.161098,2.632662
-0.019122,-0.154752,2.340019
-0.360755,-0.395797,2.340019
0.130483,-0.336876,2.633665
-0.378454,-0.479800,2.619980
0.117203,-0.408363,2.126701
-0.128957,-0.142186,2.448188
-0.162001,-0.198138,2.397482
-0.203969,-0.272335,2.419337
-0.121699,-0.237920,2.338159
-0.161918,-0.622906,2.273358
-0.049600,-0.337554,1.955351
-0.066500,-0.965083,2.209212
0.087786,-0.622371,1.815353
-0.116238,-0.995798,2.146039
0.081121,-0.657115,1.764154
-0.190251,0.377235,2.520620
-0.148710,0.212723,2.514142
-0.269657,0.103757,2.548512
-0.095732,0.083594,2.397633
-0.291363,-0.160734,2.630902
-0.017683,-0.154544,2.339603
-0.360295,-0.393432,2.339603
0.129933,-0.333270,2.626167
-0.377097,-0.477582,2.611368
0.117228,-0.403875,2.131167
-0.128757,-0.142027,2.449819
-0.161831,-0.198121,2.399248
-0.204048,-0.272508,2.421177
-0.121290,-0.237824,2.340145
-0.160518,-0.625262,2.276979
-0.050415,-0.343013,1.962055
-0.066134,-0.965727,2.214957
0.096200,-0.633648,1.845588
-0.115875,-0.996388,2.151476
0.093536,-0.674054,1.795798
-0.189608,0.378069,2.519221
-0.148368,0.213963,2.512756
-0.269866,0.103658,2.550186
-0.094690,0.083746,2.397385
-0.291304,-0.160113,2.628409
-0.015886,-0.154468,2.337922
-0.359467,-0.391083,2.337922
0.129878,-0.330387,2.618439
-0.375138,-0.475389,2.602581
0.117466,-0.400034,2.135298
-0.128500,-0.141682,2.451176
-0.161582,-0.197963,2.400779
-0.203960,-0.272369,2.422716
-0.120830,-0.237616,2.341970
-0.158729,-0.628085,2.280578
-0.051005,-0.349128,1.968790
-0.065868,-0.966070,2.220168
0.104608,-0.645019,1.875335
-0.115603,-0.996688,2.156397
0.105282,-0.690278,1.826620
-0.189031,0.379014,2.517349
-0.148057,0.215379,2.510851
-0.270136,0.103698,2.551412
-0.093639,0.083982,2.396789
-0.291154,-0.159339,2.625322
-0.014603,-0.152115,2.334591
-0.358304,-0.388797,2.334591
0.128824,-0.325945,2.610670
-0.372699,-0.473282,2.593963
0.117442,-0.393964,2.141108
-0.128095,-0.140888,2.452172
-0.161121,-0.197366,2.401998
-0.203524,-0.271389,2.423829
-0.120268,-0.237261,2.343638
-0.156887,-0.630945,2.283986
-0.051333,-0.355918,1.975639
-0.065601,-0.966087,2.225101
0.112747,-0.656234,1.904175
-0.115318,-0.996675,2.161062
0.116531,-0.706392,1.857303
-0.188548,0.380133,2.514549
-0.147859,0.217114,2.508113
-0.270595,0.104062,2.551408
-0.092583,0.084371,2.395599
-0.290929,-0.158160,2.621187
-0.013142,-0.151432,2.333004
-0.356697,-0.386556,2.333004
0.128552,-0.322855,2.602915
-0.369692,-0.471188,2.585407
0.117640,-0.390046,2.145164
-0.127592,-0.139744,2.452833
-0.160481,-0.196457,2.402897
-0.202897,-0.270273,2.424593
-0.119510,-0.236620,2.345120
-0.155575,-0.632639,2.287336
-0.050412,-0.366438,1.984403
-0.065123,-0.963860,2.231292
0.121222,-0.671421,1.937089
-0.114665,-0.994513,2.166872
0.128001,-0.726952,1.893136
-0.188149,0.381309,2.511296
-0.147735,0.218972,2.504895
-0.271117,0.104536,2.550920
-0.091533,0.084842,2.394035
-0.290672,-0.156903,2.616688
-0.011741,-0.150694,2.331296
-0.354932,-0.384458,2.331296
0.128243,-0.319952,2.595358
-0.366529,-0.469168,2.577157
0.117809,-0.386415,2.148955
-0.127032,-0.138396,2.453200
-0.159766,-0.195389,2.403545
-0.202174,-0.268985,2.425103
-0.118689,-0.235867,2.346409
-0.154310,-0.634173,2.290495
-0.048937,-0.378333,1.993549
-0.064637,-0.961355,2.237253
0.128735,-0.686689,1.968523
-0.113995,-0.992090,2.172481
0.138615,-0.748417,1.930120
-0.187855,0.382584,2.507568
-0.147662,0.220915,2.501348
-0.271720,0.105098,2.549953
-0.090511,0.085376,2.392160
-0.290389,-0.155609,2.611885
-0.010331,-0.149868,2.329428
-0.352964,-0.382646,2.329428
0.126958,-0.317330,2.587804
-0.363265,-0.467283,2.569221
0.116112,-0.382845,2.151491
-0.126401,-0.136885,2.453279
-0.158947,-0.194184,2.403923
-0.201332,-0.267552,2.425339
-0.117760,-0.234991,2.347486
-0.152494,-0.636807,2.293701
-0.047088,-0.390990,2.002870
-0.063878,-0.960295,2.242443
0.134960,-0.701675,1.998222
-0.111084,-0.984479,2.183624
0.147378,-0.769586,1.967031
-0.187644,0.383902,2.503511
-0.147662,0.222927,2.497451
-0.272203,0.105479,2.549434
-0.089510,0.085940,2.389931
-0.290090,-0.154295,2.606870
-0.008964,-0.149033,2.327501
-0.350933,-0.381166,2.327501
0.126183,-0.315630,2.580568
-0.359927,-0.465854,2.561640
0.113960,-0.380026,2.153852
-0.125726,-0.135254,2.453109
-0.158064,-0.192885,2.404074
-0.200415,-0.266022,2.425352
-0.116765,-0.234042,2.348380
-0.151234,-0.638060,2.296451
-0.044702,-0.404962,2.012488
-0.063383,-0.956980,2.248028
0.139771,-0.715867,2.025414
-0.110094,-0.980502,2.189694
0.152004,-0.785131,1.993985
-0.187510,0.385252,2.499228
-0.147722,0.224954,2.493312
-0.272945,0.106151,2.547516
-0.088550,0.086528,2.387411
-0.289761,-0.152963,2.601611
-0.007655,-0.148176,2.325475
-0.348893,-0.380003,2.325475
0.120444,-0.315165,2.573406
-0.356609,-0.464505,2.554211
0.105980,-0.377873,2.154024
-0.124949,-0.133590,2.452634
-0.157018,-0.191578,2.403906
-0.199329,-0.264518,2.425102
-0.115555,-0.233069,2.348939
-0.149566,-0.640354,2.299155
-0.041999,-0.420195,2.023200
-0.062850,-0.955848,2.252255
0.142615,-0.728201,2.049426
-0.109164,-0.978475,2.194547
0.154308,-0.798839,2.018179
-0.187447,0.386642,2.494688
-0.147830,0.227007,2.488920
-0.273505,0.106649,2.546184
-0.087585,0.087156,2.384595
-0.289412,-0.151599,2.596130
-0.006362,-0.147381,2.323443
-0.346859,-0.379219,2.323443
0.111852,-0.316371,2.566361
-0.353450,-0.463293,2.547101
0.099452,-0.376450,2.154575
-0.124087,-0.131871,2.451875
-0.155845,-0.190230,2.403454
-0.198140,-0.262999,2.424638
-0.114151,-0.232068,2.349181
-0.148307,-0.641566,2.301482
-0.039086,-0.435190,2.033944
-0.062281,-0.954805,2.256216
0.144467,-0.740665,2.072056
-0.108236,-0.976647,2.199038
0.155099,-0.812037,2.040545
-0.187461,0.388011,2.490011
-0.148003,0.229023,2.484292
-0.274297,0.107437,2.543413
-0.086627,0.087827,2.381545
-0.289061,-0.150235,2.590519
-0.005128,-0.146583,2.321345
-0.344847,-0.378655,2.321345
0.106651,-0.316798,2.559143
-0.350423,-0.462152,2.540250
0.094885,-0.374900,2.155113
-0.123201,-0.130194,2.450934
-0.154633,-0.188947,2.402829
-0.196899,-0.261534,2.424017
-0.112722,-0.231150,2.349277
-0.147116,-0.642628,2.303627
-0.036034,-0.450291,2.045462
-0.061656,-0.953859,2.259922
0.145683,-0.752077,2.092271
-0.107287,-0.975017,2.203194
0.154799,-0.824014,2.060488
-0.187554,0.389347,2.485190
-0.148237,0.230981,2.479416
-0.275219,0.107805,2.540082
-0.085707,0.088475,2.378229
-0.288754,-0.149327,2.584963
-0.003854,-0.145690,2.319013
-0.342917,-0.378385,2.319013
0.101505,-0.317739,2.552016
-0.347583,-0.461175,2.533442
0.090373,-0.373746,2.155376
-0.122280,-0.128527,2.449793
-0.153362,-0.187683,2.402009
-0.195622,-0.260129,2.423275
-0.111170,-0.230255,2.349111
-0.145988,-0.643551,2.305605
-0.032710,-0.465022,2.056290
-0.061001,-0.953009,2.263373
0.145581,-0.763803,2.111013
-0.106334,-0.973575,2.207025
0.152503,-0.835849,2.078569
-0.187689,0.390674,2.480256
-0.148454,0.232934,2.474239
-0.276203,0.108437,2.536298
-0.084751,0.089137,2.374669
-0.288454,-0.148243,2.579055
-0.002237,-0.140852,2.311733
-0.341102,-0.378176,2.311733
0.098197,-0.317532,2.545163
-0.345064,-0.460235,2.527025
0.087010,-0.372180,2.156161
-0.121350,-0.126853,2.448500
-0.152070,-0.186426,2.401049
-0.194326,-0.258746,2.422421
-0.109594,-0.229375,2.348803
-0.144915,-0.644355,2.307426
-0.029506,-0.479541,2.068339
-0.060302,-0.950357,2.267270
0.146070,-0.775616,2.127350
-0.105519,-0.971573,2.210617
0.151632,-0.847646,2.094398
-0.187875,0.391966,2.475108
-0.148675,0.234825,2.468919
-0.277413,0.111699,2.530292
-0.083785,0.089778,2.370874
-0.288198,-0.144636,2.571264
-0.001002,-0.139223,2.308099
-0.339195,-0.376632,2.308099
0.094356,-0.318848,2.537960
-0.342811,-0.459320,2.520424
0.083393,-0.371498,2.156522
-0.120491,-0.125208,2.447136
-0.150773,-0.185174,2.399957
-0.193021,-0.257390,2.421462
-0.108032,-0.228521,2.348376
-0.143887,-0.645046,2.309098
-0.026450,-0.493757,2.080836
-0.059665,-0.949337,2.270356
0.146261,-0.786985,2.141830
-0.104608,-0.970311,2.213849
0.150464,-0.858786,2.108205
-0.188077,0.393205,2.469921
-0.148847,0.236644,2.463468
-0.278592,0.115242,2.524014
-0.082725,0.090411,2.366811
-0.288007,-0.140781,2.562850
0.000169,-0.137697,2.304576
-0.337423,-0.375063,2.304576
0.091075,-0.320185,2.530865
-0.340746,-0.458415,2.513918
0.080178,-0.370949,2.156876
-0.119633,-0.123560,2.445624
-0.149477,-0.183929,2.398745
-0.191707,-0.256036,2.420376
-0.106492,-0.227702,2.347852
-0.142885,-0.645628,2.310626
-0.022427,-0.511077,2.092651
-0.059053,-0.946797,2.273726
0.146078,-0.797826,2.154662
-0.103842,-0.968567,2.216835
0.148740,-0.869317,2.120226
-0.188001,0.394640,2.464654
-0.148975,0.238382,2.457836
-0.279682,0.115876,2.517567
-0.081620,0.091043,2.362621
-0.287860,-0.139722,2.555516
0.001869,-0.133690,2.298360
-0.335931,-0.374547,2.298360
0.087949,-0.320638,2.523926
-0.338886,-0.457545,2.507398
0.076991,-0.370048,2.157089
-0.118729,-0.122020,2.443866
-0.148102,-0.182802,2.397286
-0.190363,-0.254848,2.419104
-0.104851,-0.226974,2.347114
-0.141908,-0.646114,2.312018
-0.019020,-0.524477,2.104791
-0.058437,-0.945744,2.276458
0.145488,-0.808534,2.165709
-0.102976,-0.967539,2.219565
0.146417,-0.879570,2.130233
-0.188034,0.395930,2.459000
-0.149048,0.240045,2.452048
-0.280809,0.119652,2.509954
-0.080446,0.091691,2.358310
-0.287777,-0.135768,2.546533
0.003542,-0.129629,2.292095
-0.334425,-0.372700,2.292095
0.085414,-0.320999,2.515771
-0.337065,-0.456782,2.499979
0.074313,-0.369231,2.157436
-0.117871,-0.120492,2.441985
-0.146729,-0.181683,2.395699
-0.189032,-0.253643,2.417705
-0.103224,-0.226292,2.346281
-0.140953,-0.646498,2.313282
-0.015870,-0.536590,2.116090
-0.057881,-0.944785,2.278946
0.144554,-0.818754,2.175219
-0.102158,-0.966619,2.222035
0.143664,-0.889243,2.138475
-0.188064,0.397168,2.453205
-0.149067,0.241678,2.446214
-0.281800,0.123520,2.501965
-0.079187,0.092334,2.353816
-0.287730,-0.131769,2.537175
0.005240,-0.125595,2.285839
-0.332973,-0.370860,2.285839
0.083152,-0.321323,2.507425
-0.335359,-0.455958,2.492152
0.071901,-0.368498,2.157779
-0.117021,-0.118987,2.439941
-0.145347,-0.180594,2.393980
-0.187686,-0.252465,2.416159
-0.101609,-0.225652,2.345356
-0.140012,-0.646784,2.314425
-0.012682,-0.547718,2.126438
-0.057379,-0.943928,2.281210
0.143173,-0.828555,2.183263
-0.101397,-0.965819,2.224271
0.140307,-0.898401,2.145009
-0.188062,0.398318,2.447262
-0.149020,0.243201,2.440103
-0.282548,0.127408,2.493824
-0.077825,0.092939,2.349109
-0.287661,-0.127790,2.527694
0.006938,-0.121707,2.279667
-0.331556,-0.368976,2.279667
0.081113,-0.321630,2.498685
-0.333726,-0.455112,2.483998
0.069717,-0.367846,2.158095
-0.116147,-0.117543,2.437643
-0.143933,-0.179583,2.392083
-0.186318,-0.251346,2.414484
-0.099969,-0.225120,2.344272
-0.139087,-0.646992,2.315451
-0.009530,-0.557869,2.135773
-0.056921,-0.943168,2.283264
0.141406,-0.838029,2.189969
-0.100685,-0.965139,2.226290
0.136433,-0.907130,2.150025
-0.187886,0.399402,2.440770
-0.148662,0.244695,2.433222
-0.282919,0.131878,2.484809
-0.075948,0.093554,2.343538
-0.287434,-0.123119,2.515610
0.008775,-0.118034,2.273375
-0.329988,-0.366584,2.273375
0.079293,-0.321969,2.487383
-0.331777,-0.453471,2.472366
0.067751,-0.367277,2.158384
-0.115211,-0.116020,2.434847
-0.142445,-0.178533,2.389853
-0.184916,-0.250217,2.412564
-0.098285,-0.224624,2.342954
-0.138139,-0.647080,2.316352
-0.006536,-0.567024,2.144174
-0.056514,-0.942481,2.285123
0.139285,-0.847064,2.195381
-0.100032,-0.964549,2.228107
0.132107,-0.915329,2.153565
-0.187621,0.400400,2.434138
-0.148071,0.246074,2.425961
-0.283035,0.133801,2.476349
-0.073837,0.094134,2.337649
-0.287221,-0.121354,2.504512
0.010686,-0.114514,2.267127
-0.328461,-0.365062,2.267127
0.077680,-0.322321,2.475106
-0.329774,-0.451872,2.460287
0.065966,-0.366771,2.158641
-0.114096,-0.114594,2.431408
-0.140757,-0.177602,2.387117
-0.183386,-0.249203,2.410197
-0.096356,-0.224241,2.341188
-0.137166,-0.647012,2.317109
-0.003722,-0.575264,2.151734
-0.056132,-0.941902,2.286828
0.136842,-0.855827,2.199578
-0.099412,-0.964102,2.229754
0.127379,-0.923152,2.155780
-0.186688,0.401649,2.426481
-0.146870,0.247323,2.417489
-0.282304,0.138341,2.465700
-0.070997,0.094696,2.330690
-0.286441,-0.116765,2.490341
0.013001,-0.111120,2.260478
-0.326275,-0.362017,2.260478
0.076304,-0.322746,2.458425
-0.326780,-0.449022,2.443277
0.064341,-0.366345,2.158837
-0.112876,-0.113084,2.427103
-0.138907,-0.176605,2.383715
-0.181760,-0.248144,2.407263
-0.094279,-0.223907,2.338860
-0.136060,-0.646667,2.317603
-0.001104,-0.582692,2.158489
-0.055794,-0.941375,2.288374
0.134112,-0.864192,2.202608
-0.098833,-0.963722,2.231227
0.122420,-0.930476,2.156687
-0.185382,0.402884,2.418425
-0.145407,0.248484,2.408832
-0.281001,0.142575,2.455071
-0.067721,0.095194,2.323303
-0.285361,-0.112545,2.476051
0.015551,-0.107867,2.253636
-0.324040,-0.359317,2.253636
0.074971,-0.323388,2.441688
-0.323886,-0.446757,2.425971
0.062648,-0.366107,2.158555
-0.111221,-0.111633,2.421711
-0.136516,-0.175668,2.379245
-0.179552,-0.247063,2.403152
-0.091628,-0.223695,2.335493
-0.134837,-0.646054,2.317818
0.001294,-0.589392,2.164567
-0.055488,-0.940906,2.289778
0.131159,-0.872327,2.204382
-0.098288,-0.963434,2.232542
0.117244,-0.937456,2.156249
-0.183982,0.403943,2.410315
-0.143601,0.249613,2.399864
-0.279370,0.146597,2.444545
-0.063922,0.095821,2.315511
-0.283969,-0.108576,2.461485
0.018330,-0.104728,2.246552
-0.321283,-0.356586,2.246552
0.074011,-0.323998,2.422902
-0.320428,-0.444038,2.406922
0.061235,-0.365886,2.158385
-0.109437,-0.110166,2.415726
-0.133997,-0.174710,2.374289
-0.177278,-0.245957,2.398565
-0.088827,-0.223478,2.331655
-0.133523,-0.645214,2.317695
0.003352,-0.595276,2.170070
-0.055216,-0.940480,2.291050
0.128247,-0.879687,2.205192
-0.097796,-0.963191,2.233716
0.112153,-0.943847,2.154645
-0.182459,0.404817,2.402157
-0.141456,0.250637,2.390707
-0.277348,0.150532,2.433940
-0.059798,0.096416,2.307442
-0.282333,-0.104752,2.446947
0.021456,-0.101567,2.238935
-0.318229,-0.353725,2.238935
0.073243,-0.324582,2.403368
-0.316137,-0.440702,2.384753
0.059955,-0.365701,2.158147
-0.107450,-0.108673,2.409009
-0.131255,-0.173686,2.368623
-0.174797,-0.244763,2.393170
-0.085821,-0.223228,2.327155
-0.132139,-0.644173,2.317179
0.005251,-0.600533,2.175018
-0.054965,-0.940096,2.292194
0.125287,-0.886462,2.205051
-0.097323,-0.962991,2.234730
0.107095,-0.949652,2.152006
-0.179740,0.406008,2.392671
-0.138910,0.251650,2.381252
-0.274864,0.154364,2.422993
-0.055187,0.097080,2.299012
-0.280314,-0.101101,2.432122
0.024879,-0.098487,2.230928
-0.314762,-0.350604,2.230928
0.072741,-0.325177,2.382947
-0.311640,-0.437207,2.362569
0.058826,-0.365561,2.157814
-0.105202,-0.107142,2.401380
-0.128203,-0.172584,2.361986
-0.172066,-0.243490,2.386703
-0.082466,-0.222928,2.321669
-0.130677,-0.642960,2.316060
0.007037,-0.605221,2.179424
-0.054737,-0.939742,2.293230
0.122250,-0.892782,2.203956
-0.096874,-0.962819,2.235611
0.102086,-0.954916,2.148393
-0.176529,0.407285,2.383025
-0.135697,0.252585,2.371045
-0.272094,0.158015,2.412106
-0.049895,0.097774,2.290021
-0.277999,-0.097666,2.417192
0.028500,-0.095582,2.222807
-0.311005,-0.347351,2.222807
0.072538,-0.325810,2.362113
-0.306818,-0.433268,2.339645
0.057851,-0.365482,2.157345
-0.102693,-0.105589,2.392810
-0.124920,-0.171425,2.354452
-0.169216,-0.242165,2.379277
-0.078857,-0.222622,2.315323
-0.129215,-0.641549,2.314355
0.008762,-0.609325,2.183212
-0.054529,-0.939425,2.294147
0.119156,-0.898672,2.201720
-0.096441,-0.962689,2.236324
0.097122,-0.959666,2.143636
-0.172530,0.408575,2.372752
-0.131910,0.253361,2.360356
-0.269148,0.161274,2.401488
-0.044239,0.098402,2.280775
-0.275416,-0.094678,2.402125
0.032472,-0.092803,2.214040
-0.306887,-0.343845,2.214040
0.072821,-0.326511,2.340788
-0.301362,-0.429109,2.315912
0.057090,-0.365478,2.156585
-0.099980,-0.104123,2.383473
-0.121485,-0.170307,2.346156
-0.166362,-0.240859,2.371096
-0.075013,-0.222405,2.308102
-0.127697,-0.639968,2.311752
0.010550,-0.612776,2.186122
-0.054343,-0.939142,2.294936
0.116027,-0.904185,2.198891
-0.096032,-0.962594,2.236857
0.092240,-0.964032,2.138406
-0.168004,0.409861,2.362156
-0.127723,0.254047,2.349565
-0.265852,0.164277,2.390764
-0.038222,0.099058,2.271319
-0.272562,-0.092010,2.386858
0.036770,-0.090113,2.204829
-0.302629,-0.340423,2.204829
0.073495,-0.327234,2.320030
-0.296000,-0.425179,2.293328
0.056517,-0.365532,2.155498
-0.097100,-0.102683,2.373458
-0.117899,-0.169132,2.337019
-0.163486,-0.239471,2.361940
-0.070972,-0.222152,2.299942
-0.126154,-0.638021,2.307988
0.012444,-0.615519,2.187970
-0.054159,-0.938879,2.295515
0.112766,-0.909285,2.195393
-0.095592,-0.962522,2.237079
0.087358,-0.967923,2.132597
-0.162574,0.411272,2.351052
-0.123060,0.254651,2.338608
-0.262017,0.167156,2.379676
-0.031453,0.099698,2.261362
-0.269524,-0.089517,2.371724
0.041352,-0.087694,2.195298
-0.298105,-0.337191,2.195298
0.074625,-0.328053,2.299162
-0.290638,-0.421211,2.271212
0.056172,-0.365679,2.154145
-0.093903,-0.101297,2.362645
-0.113995,-0.167925,2.326838
-0.160430,-0.238035,2.351633
-0.066512,-0.221945,2.290546
-0.124617,-0.635689,2.303018
0.014421,-0.617744,2.188734
-0.053982,-0.938620,2.295909
0.109526,-0.914099,2.191277
-0.095127,-0.962446,2.237037
0.082668,-0.971434,2.126294
-0.156814,0.412740,2.340038
-0.117887,0.255305,2.327487
-0.258215,0.169750,2.369158
-0.024558,0.100396,2.251442
-0.266361,-0.087325,2.356812
0.046319,-0.085256,2.185178
-0.293672,-0.334179,2.185178
0.076420,-0.328792,2.279270
-0.285541,-0.417458,2.250448
0.056150,-0.365833,2.152309
-0.090407,-0.099873,2.351199
-0.109862,-0.166602,2.315808
-0.157269,-0.236511,2.340412
-0.061776,-0.221633,2.280133
-0.122982,-0.633120,2.296340
0.016501,-0.619304,2.188384
-0.053814,-0.938330,2.295951
0.106263,-0.918482,2.186771
-0.094647,-0.962340,2.236540
0.078064,-0.974498,2.119740
-0.150500,0.414287,2.328798
-0.112417,0.255944,2.316367
-0.253637,0.172023,2.357805
-0.017283,0.101167,2.241274
-0.263063,-0.085498,2.342171
0.051631,-0.082915,2.174732
-0.289381,-0.331413,2.174732
0.078608,-0.329528,2.260477
-0.280668,-0.413853,2.230665
0.056351,-0.366037,2.149913
-0.086725,-0.098541,2.339367
-0.105534,-0.165311,2.304121
-0.153911,-0.234963,2.328263
-0.056879,-0.221313,2.269108
-0.121357,-0.630308,2.287489
0.018762,-0.620835,2.186668
-0.053723,-0.937978,2.295616
0.103028,-0.922557,2.182212
-0.094202,-0.962163,2.235559
0.073669,-0.977178,2.113296
-0.143749,0.415914,2.317332
-0.106484,0.256669,2.304976
-0.248768,0.173782,2.346308
-0.009621,0.102046,2.230814
-0.259710,-0.084182,2.327824
0.057076,-0.080682,2.163927
-0.285139,-0.329015,2.163927
0.081265,-0.330192,2.242240
-0.276084,-0.410489,2.212061
0.056831,-0.366251,2.147098
-0.082658,-0.097148,2.326880
-0.100852,-0.163890,2.291554
-0.150162,-0.233166,2.314830
-0.051687,-0.220844,2.257343
-0.119843,-0.627219,2.276406
0.021125,-0.622118,2.183903
-0.053852,-0.937508,2.294498
0.099855,-0.926214,2.177608
-0.093944,-0.961881,2.233661
0.069462,-0.979455,2.106952
-0.136801,0.417489,2.305974
-0.100191,0.257279,2.293420
-0.243968,0.174996,2.335129
-0.001892,0.102879,2.220281
-0.256422,-0.083410,2.313937
0.063157,-0.078323,2.151723
-0.281159,-0.326816,2.151723
0.084371,-0.330613,2.225357
-0.271891,-0.407184,2.194592
0.057593,-0.366383,2.143663
-0.078260,-0.095934,2.313940
-0.095903,-0.162600,2.278362
-0.146249,-0.231541,2.300748
-0.046128,-0.220437,2.244815
-0.118502,-0.623523,2.262001
0.023589,-0.622938,2.180163
-0.054570,-0.936994,2.291679
0.096783,-0.929574,2.172995
-0.094230,-0.961602,2.229870
0.065467,-0.981469,2.100765
-0.129580,0.419097,2.294469
-0.093851,0.257863,2.282072
-0.239077,0.175627,2.323935
0.005739,0.103762,2.209756
-0.253224,-0.083160,2.300625
0.069081,-0.076166,2.139822
-0.277420,-0.324867,2.139822
0.087752,-0.331006,2.209111
-0.268056,-0.404208,2.178508
0.058580,-0.366541,2.139775
-0.073811,-0.095028,2.300966
-0.090966,-0.161646,2.264956
-0.142411,-0.230229,2.286672
-0.040518,-0.220352,2.231742
-0.117687,-0.619239,2.244807
0.026113,-0.623385,2.175502
-0.055628,-0.936331,2.287765
0.093771,-0.932732,2.168443
-0.094826,-0.961182,2.224891
0.061650,-0.983326,2.094810
-0.122432,0.420690,2.283209
-0.087537,0.258435,2.270962
-0.234300,0.175813,2.313067
0.013208,0.104648,2.199408
-0.250136,-0.083312,2.288001
0.075041,-0.074049,2.127645
-0.273971,-0.323148,2.127645
0.091382,-0.331224,2.193954
-0.264639,-0.401426,2.163648
0.059790,-0.366638,2.135424
-0.069372,-0.094349,2.288075
-0.086118,-0.160920,2.251524
-0.138681,-0.229184,2.272473
-0.034989,-0.220431,2.218614
-0.117121,-0.614187,2.225364
0.028856,-0.623253,2.169731
-0.056743,-0.935231,2.283226
0.090718,-0.935583,2.164011
-0.095431,-0.960432,2.219384
0.057890,-0.984919,2.089119
-0.115100,0.422282,2.271951
-0.081344,0.259004,2.260115
-0.229493,0.175623,2.302224
0.020557,0.105536,2.189115
-0.247154,-0.083736,2.276040
0.080667,-0.072229,2.116052
-0.270823,-0.321599,2.116052
0.095144,-0.331512,2.180087
-0.261566,-0.398841,2.150077
0.061179,-0.366812,2.130603
-0.064790,-0.093866,2.275119
-0.081127,-0.160396,2.237862
-0.134721,-0.228349,2.257841
-0.029309,-0.220623,2.205285
-0.116767,-0.608936,2.203681
0.031671,-0.622807,2.163225
-0.058569,-0.934045,2.275534
0.087666,-0.938182,2.159461
-0.096637,-0.959747,2.210645
0.054241,-0.986302,2.083446
-0.107746,0.423745,2.260894
-0.075266,0.259586,2.249438
-0.224851,0.175170,2.291701
0.027716,0.106443,2.178953
-0.244282,-0.084394,2.264650
0.086011,-0.070596,2.104852
-0.267929,-0.320192,2.104852
0.099018,-0.331778,2.167438
-0.258751,-0.396473,2.137662
0.062744,-0.367006,2.125331
-0.060359,-0.093466,2.262551
-0.076377,-0.159955,2.224594
-0.131000,-0.227612,2.243745
-0.023879,-0.220872,2.192240
-0.116386,-0.604363,2.181377
0.034595,-0.621366,2.155603
-0.060453,-0.932864,2.266966
0.084594,-0.940225,2.154921
-0.097934,-0.958892,2.200818
0.050651,-0.987413,2.077965
-0.100454,0.425167,2.250067
-0.069263,0.260127,2.238803
-0.220065,0.174158,2.280676
0.034590,0.107355,2.168985
-0.241532,-0.085378,2.253816
0.091112,-0.069121,2.094054
-0.265292,-0.318905,2.094054
0.102761,-0.332037,2.155942
-0.256224,-0.394325,2.126428
0.064349,-0.367229,2.119487
-0.056075,-0.093189,2.250221
-0.071805,-0.159636,2.211518
-0.127437,-0.226970,2.229947
-0.018673,-0.221194,2.179368
-0.116138,-0.600217,2.158320
0.037398,-0.619715,2.147655
-0.062470,-0.931680,2.255466
0.081521,-0.942009,2.150207
-0.099233,-0.958052,2.187900
0.047180,-0.988350,2.072448
-0.093346,0.426430,2.239340
-0.063499,0.260632,2.228403
-0.215481,0.172990,2.269909
0.041240,0.108218,2.159121
-0.238901,-0.086491,2.243514
0.095942,-0.067886,2.083792
-0.262903,-0.317718,2.083792
0.106385,-0.332214,2.145529
-0.253958,-0.392373,2.116247
0.066012,-0.367424,2.113492
-0.051841,-0.093022,2.238057
-0.067317,-0.159420,2.198556
-0.123929,-0.226429,2.216248
-0.013515,-0.221607,2.166545
-0.115776,-0.596399,2.134611
0.039913,-0.620171,2.139188
-0.064320,-0.930340,2.242282
0.078855,-0.943849,2.145864
-0.100329,-0.957046,2.173294
0.044186,-0.989201,2.067351
-0.086058,0.427845,2.227201
-0.057606,0.261269,2.216386
-0.211203,0.172073,2.258858
0.047859,0.109141,2.147827
-0.236323,-0.087469,2.233135
0.101026,-0.066657,2.071670
-0.260707,-0.316596,2.071670
0.110000,-0.331560,2.135981
-0.251923,-0.390608,2.107024
0.067777,-0.367121,2.106933
-0.047797,-0.092607,2.224978
-0.063229,-0.158920,2.184780
-0.120955,-0.225560,2.201822
-0.008757,-0.221836,2.153015
-0.115333,-0.591289,2.105321
0.042515,-0.619175,2.129843
-0.067093,-0.927782,2.211896
0.076209,-0.945320,2.141741
-0.102264,-0.954931,2.141266
0.041232,-0.989738,2.062566
-0.079169,0.429235,2.215217
-0.052137,0.261915,2.204668
-0.207173,0.171295,2.247787
0.054013,0.110064,2.136746
-0.233860,-0.088326,2.223132
0.105974,-0.065395,2.059248
-0.258663,-0.315573,2.059248
0.113471,-0.330761,2.127129
-0.250079,-0.388991,2.098621
0.069578,-0.366722,2.100186
-0.044093,-0.092105,2.212279
-0.059505,-0.158298,2.171367
-0.118279,-0.224612,2.187971
-0.004417,-0.221900,2.139658
-0.114966,-0.586580,2.077859
0.044657,-0.619305,2.120517
-0.069480,-0.924864,2.178571
0.073901,-0.946592,2.137710
-0.103735,-0.952437,2.106351
0.038681,-0.990123,2.057943
-0.073048,0.430833,2.202039
-0.047173,0.262653,2.192100
-0.203454,0.170612,2.235642
0.059579,0.111160,2.124609
-0.231448,-0.089148,2.212561
0.110436,-0.064178,2.046485
-0.256796,-0.314706,2.046485
0.116883,-0.329787,2.118776
-0.248427,-0.387504,2.090936
0.071466,-0.366207,2.093220
-0.040737,-0.091583,2.199071
-0.056188,-0.157679,2.157498
-0.115946,-0.223619,2.173721
-0.000513,-0.221935,2.125947
-0.114712,-0.581897,2.050798
0.046603,-0.619625,2.111355
-0.072447,-0.919338,2.130859
0.071788,-0.947693,2.133573
-0.105721,-0.947381,2.057125
0.036383,-0.990374,2.053307
-0.067509,0.432350,2.187889
-0.042703,0.263352,2.177919
-0.199949,0.169773,2.221149
0.064582,0.112278,2.111301
-0.229244,-0.090012,2.201407
0.114440,-0.063120,2.033060
-0.255160,-0.314027,2.033060
0.120262,-0.328642,2.110683
-0.246984,-0.386174,2.083672
0.073454,-0.365580,2.085813
-0.037895,-0.090988,2.184448
-0.053392,-0.156941,2.142128
-0.114050,-0.222447,2.158135
0.002784,-0.221824,2.110582
-0.114879,-0.576871,2.023600
0.048365,-0.620152,2.102233
-0.074119,-0.912831,2.079746
0.069786,-0.948556,2.129280
-0.106215,-0.941384,2.004455
0.034294,-0.990408,2.048569
-0.063677,0.433506,2.169495
-0.039670,0.263851,2.159010
-0.197642,0.167915,2.200956
0.068143,0.113381,2.093040
-0.227842,-0.091796,2.185815
0.117568,-0.061936,2.013495
-0.254043,-0.313697,2.013495
0.122988,-0.324163,2.100857
-0.246213,-0.385045,2.075052
0.075144,-0.362977,2.076382
-0.036408,-0.090591,2.165667
-0.052024,-0.156418,2.122654
-0.113523,-0.221445,2.138747
0.004625,-0.221898,2.091039
-0.116357,-0.571418,1.992326
0.049637,-0.620897,2.091374
-0.073116,-0.903186,2.018924
0.067459,-0.949174,2.124192
-0.103870,-0.932541,1.941887
0.031990,-0.990205,2.043168
-0.060583,0.434556,2.151623
-0.037316,0.264375,2.140525
-0.195968,0.166244,2.181222
0.070927,0.114528,2.074971
-0.227232,-0.092774,2.169250
0.120164,-0.060806,1.994740
-0.253231,-0.313559,1.994740
0.125937,-0.322326,2.091109
-0.245757,-0.384103,2.066536
0.077117,-0.361938,2.065273
-0.035396,-0.090166,2.147286
-0.051150,-0.155863,2.103629
-0.113363,-0.220453,2.119769
0.005900,-0.221869,2.071946
-0.118011,-0.566527,1.963012
0.050598,-0.621545,2.080106
-0.071815,-0.894293,1.961738
0.065226,-0.949572,2.119003
-0.101422,-0.924249,1.883450
0.029827,-0.989819,2.037736
-0.060679,0.435205,2.127356
-0.038113,0.265024,2.115206
-0.197745,0.163977,2.154964
0.070428,0.116419,2.048962
-0.228408,-0.093677,2.146510
0.120406,-0.058803,1.968029
-0.254443,-0.313893,1.968029
0.125862,-0.318719,2.075300
-0.247703,-0.383422,2.052255
0.077460,-0.359844,2.049183
-0.036861,-0.089558,2.121295
-0.052846,-0.155040,2.076838
-0.115581,-0.219501,2.093262
0.004591,-0.221461,2.044508
-0.121528,-0.562306,1.928366
0.050309,-0.621351,2.063769
-0.066296,-0.883002,1.900462
0.062963,-0.949292,2.112928
-0.095064,-0.913399,1.821418
0.027656,-0.988752,2.031503
-0.065351,0.435987,2.096821
-0.042640,0.266611,2.082494
-0.201350,0.168127,2.121267
0.065320,0.119085,2.013624
-0.232401,-0.089728,2.114188
0.117184,-0.055504,1.931019
-0.258645,-0.312620,1.931019
0.123696,-0.314037,2.049356
-0.253129,-0.382668,2.026949
0.076742,-0.357066,2.027377
-0.041985,-0.087578,2.087585
-0.058455,-0.152679,2.042308
-0.120898,-0.216908,2.059704
-0.001543,-0.219492,2.008471
-0.127161,-0.556581,1.891192
0.048084,-0.619428,2.039117
-0.060087,-0.873151,1.855857
0.060098,-0.947686,2.102493
-0.088293,-0.903950,1.776247
0.024947,-0.986290,2.021126
-0.072107,0.437318,2.064352
-0.049606,0.268881,2.047315
-0.209733,0.167806,2.085097
0.058248,0.122360,1.975988
-0.239697,-0.090600,2.076612
0.112077,-0.051732,1.892042
-0.265853,-0.312531,1.892042
0.116288,-0.309468,2.015115
-0.261521,-0.383233,1.992061
0.073051,-0.354246,1.998683
-0.048671,-0.085247,2.051536
-0.065474,-0.150047,2.005429
-0.128215,-0.214489,2.022686
-0.008375,-0.217121,1.970725
-0.133102,-0.551689,1.855558
0.044588,-0.615326,2.005556
-0.051903,-0.862027,1.808270
0.053179,-0.944954,2.084643
-0.079443,-0.892780,1.728322
0.018425,-0.982629,2.003602
-0.079969,0.438885,2.032296
-0.057319,0.271368,2.013082
-0.218137,0.169306,2.049690
0.050530,0.125555,1.939464
-0.247403,-0.089498,2.039325
0.106449,-0.048314,1.855337
-0.273731,-0.312278,1.855337
0.108852,-0.305356,1.980153
-0.270594,-0.382758,1.956231
0.069000,-0.351524,1.969938
-0.055939,-0.082786,2.016570
-0.073001,-0.147326,1.969765
-0.135798,-0.211963,1.987240
-0.015718,-0.214605,1.934370
-0.139047,-0.547086,1.822449
0.040756,-0.610566,1.970405
-0.045380,-0.853153,1.769695
0.042655,-0.941070,2.058505
-0.072350,-0.883871,1.689445
0.008488,-0.977769,1.977979
-0.088581,0.440561,2.001023
-0.065754,0.273950,1.979726
-0.227685,0.169287,2.014121
0.042178,0.128814,1.904209
-0.255212,-0.088337,2.004023
0.100413,-0.044859,1.820359
-0.282865,-0.312356,1.820359
0.100317,-0.301612,1.942095
-0.280413,-0.382180,1.918160
0.064084,-0.348872,1.936372
-0.063715,-0.080274,1.982464
-0.080911,-0.144567,1.934985
-0.143619,-0.209574,1.953013
-0.023480,-0.211859,1.898480
-0.145024,-0.543015,1.791742
0.036175,-0.604564,1.931574
-0.039117,-0.844151,1.736649
0.024642,-0.933609,2.021541
-0.065574,-0.875033,1.656021
-0.008630,-0.969295,1.941648
-0.098113,0.442180,1.970529
-0.074581,0.276574,1.947889
-0.237045,0.169066,1.980794
0.033807,0.131972,1.871124
-0.264104,-0.088977,1.967421
0.094088,-0.041606,1.787580
-0.292281,-0.311688,1.787580
0.087014,-0.297673,1.904325
-0.290513,-0.381327,1.879807
0.055791,-0.345955,1.902541
-0.071519,-0.077801,1.950068
-0.088789,-0.141895,1.902026
-0.151403,-0.207304,1.920293
-0.031087,-0.209131,1.864861
-0.150657,-0.539495,1.763889
0.031348,-0.597758,1.892126
-0.032157,-0.834441,1.706591
0.003060,-0.923475,1.983302
-0.058176,-0.865478,1.625665
-0.029303,-0.958225,1.904039
