-0.008112,0.423368,2.785658
0.019703,0.214294,2.761652
-0.131109,0.075514,2.710830
0.203598,0.114367,2.755859
-0.148613,-0.179326,2.570978
0.307950,-0.161595,2.706312
-0.164740,-0.364294,2.706312
0.351974,-0.386846,2.417048
-0.165842,-0.379906,2.371882
0.360278,-0.466727,2.545077
0.051258,-0.117501,2.717809
0.063041,-0.165725,2.655868
0.001962,-0.244710,2.624506
0.141068,-0.230883,2.640897
-0.029032,-0.683993,2.610840
0.184748,-0.637602,2.460578
-0.025763,-1.020831,2.647969
0.274552,-0.988919,2.304667
-0.046801,-1.097313,2.610260
0.283027,-1.014835,2.205000
-0.002093,0.423952,2.764341
0.026639,0.217100,2.748180
-0.122070,0.075407,2.697330
0.195819,0.108754,2.694837
-0.147271,-0.178703,2.571723
0.321791,-0.180335,2.656186
-0.152361,-0.357637,2.656186
0.365321,-0.391082,2.408752
-0.154201,-0.378301,2.366732
0.378206,-0.462727,2.529797
0.064514,-0.127422,2.693166
0.069666,-0.178666,2.628149
0.008684,-0.253692,2.609080
0.142737,-0.237273,2.605089
-0.024741,-0.686016,2.602582
0.191336,-0.624402,2.442009
-0.024151,-1.021008,2.645391
0.275482,-0.973684,2.276637
-0.041625,-1.099966,2.611231
0.276041,-1.018925,2.168883
0.004324,0.423578,2.743791
0.039464,0.219669,2.732987
-0.110798,0.073711,2.680305
0.202765,0.106165,2.677517
-0.142510,-0.177661,2.571720
0.332254,-0.181519,2.633305
-0.138529,-0.355139,2.633305
0.376691,-0.391853,2.406522
-0.146425,-0.384858,2.363969
0.396665,-0.467895,2.509200
0.070235,-0.127866,2.679303
0.074089,-0.179392,2.615207
0.013581,-0.255924,2.595794
0.146133,-0.236565,2.589849
-0.017952,-0.689204,2.593642
0.196511,-0.622327,2.419537
-0.017111,-1.022103,2.640852
0.328573,-0.956915,2.256803
-0.030481,-1.104929,2.615220
0.330274,-0.997480,2.150918
0.006407,0.419806,2.723386
0.049465,0.217508,2.702238
-0.102469,0.065061,2.665037
0.216458,0.109951,2.635936
-0.123155,-0.182619,2.564597
0.348791,-0.175899,2.580441
-0.127434,-0.369906,2.580441
0.390600,-0.395314,2.411255
-0.131353,-0.402281,2.369000
0.415006,-0.462513,2.479452
0.081519,-0.126712,2.656391
0.080472,-0.178972,2.593891
0.017628,-0.258023,2.585533
0.154869,-0.236403,2.554488
-0.012518,-0.690761,2.586090
0.210069,-0.618412,2.386458
-0.009889,-1.019600,2.634132
0.361026,-0.951952,2.243258
-0.022174,-1.046102,2.534947
0.356026,-0.994552,2.138434
0.013550,0.416268,2.709910
0.068295,0.217216,2.672817
-0.091634,0.068368,2.655967
0.218631,0.113054,2.607088
-0.102818,-0.204301,2.552609
0.360769,-0.166865,2.547559
-0.115876,-0.400110,2.547559
0.412937,-0.381110,2.412953
-0.124042,-0.427262,2.379248
0.427926,-0.453389,2.458417
0.097204,-0.125043,2.634467
0.092021,-0.178198,2.573603
0.031950,-0.258881,2.570177
0.160258,-0.235011,2.537450
-0.003888,-0.690659,2.577905
0.213916,-0.615410,2.371026
-0.000549,-1.017351,2.628817
0.362757,-0.953754,2.241026
-0.018490,-1.044657,2.530402
0.352467,-0.998154,2.137418
0.023040,0.415625,2.679172
0.073292,0.217038,2.652913
-0.077064,0.067451,2.636239
0.224109,0.116638,2.573072
-0.092492,-0.200794,2.556189
0.371976,-0.157845,2.501619
-0.102179,-0.424913,2.501619
0.422480,-0.378468,2.438122
-0.102704,-0.491641,2.415085
0.460170,-0.445753,2.415835
0.107817,-0.123084,2.614947
0.100624,-0.176280,2.554770
0.041509,-0.258746,2.557982
0.169361,-0.232769,2.509286
0.005435,-0.685260,2.573960
0.225146,-0.612686,2.345304
0.020156,-1.005205,2.620207
0.359595,-0.961628,2.234232
-0.002568,-1.032864,2.522953
0.345801,-1.006746,2.134158
0.022114,0.408100,2.652098
0.088599,0.215185,2.617288
-0.064890,0.065118,2.623000
0.226926,0.116306,2.526605
-0.078925,-0.205008,2.556058
0.380274,-0.156322,2.468836
-0.098192,-0.437906,2.468836
0.441721,-0.379058,2.438917
-0.097663,-0.508586,2.431247
0.484363,-0.445497,2.390125
0.123566,-0.119552,2.597833
0.110532,-0.175289,2.541408
0.049625,-0.258700,2.555143
0.180517,-0.235845,2.485543
0.025795,-0.670427,2.567265
0.237399,-0.617619,2.329422
0.022252,-1.007953,2.615655
0.358192,-0.973831,2.230577
-0.009537,-1.037798,2.521710
0.335742,-1.021776,2.135816
0.023491,0.406517,2.629485
0.093493,0.216274,2.599047
-0.049074,0.063985,2.612323
0.228090,0.117014,2.505828
-0.026124,-0.212803,2.565752
0.385807,-0.148015,2.422406
-0.077923,-0.487136,2.422406
0.455616,-0.375860,2.464470
-0.064563,-0.555681,2.476734
0.504064,-0.430212,2.342122
0.138264,-0.120027,2.580476
0.124521,-0.177251,2.525761
0.070171,-0.266184,2.552262
0.193922,-0.240953,2.458303
0.038035,-0.675130,2.558084
0.247644,-0.627581,2.317317
0.024002,-1.007460,2.609665
0.352391,-0.988607,2.218832
-0.011676,-1.038229,2.517536
0.326337,-1.038493,2.126393
0.024165,0.408724,2.604362
0.095726,0.220098,2.569889
-0.030086,0.122711,2.589909
0.225878,0.116223,2.462626
-0.016258,-0.189710,2.565487
0.391653,-0.145864,2.395904
-0.061929,-0.491767,2.395904
0.473723,-0.414737,2.485157
-0.064005,-0.561553,2.481012
0.540675,-0.434188,2.311109
0.145707,-0.115441,2.574045
0.129109,-0.176382,2.522410
0.080484,-0.265163,2.556192
0.195992,-0.242706,2.455094
0.045258,-0.673355,2.557304
0.261935,-0.625826,2.311510
0.097338,-0.988847,2.591056
0.357433,-0.987186,2.205312
0.025246,-1.044919,2.605903
0.322487,-1.041440,2.112319
0.012291,0.404396,2.574176
0.097820,0.222896,2.536408
-0.021822,0.120210,2.573072
0.226211,0.107038,2.440128
0.009784,-0.189648,2.562496
0.400669,-0.145757,2.359738
-0.009208,-0.500223,2.359738
0.495254,-0.366690,2.528021
-0.059620,-0.582176,2.506576
0.533738,-0.423671,2.267413
0.153935,-0.115585,2.562437
0.137418,-0.181108,2.516738
0.097279,-0.269046,2.559241
0.200443,-0.256041,2.450324
0.060286,-0.676237,2.546424
0.269696,-0.636809,2.305011
0.110536,-0.976388,2.578615
0.360882,-0.998324,2.197861
0.067907,-1.013632,2.492631
0.323542,-1.056074,2.107499
0.012453,0.391535,2.544444
0.102086,0.213554,2.514601
-0.012296,0.122256,2.557372
0.220173,0.101640,2.411559
0.017551,-0.185864,2.560515
0.407455,-0.140797,2.331899
0.000272,-0.496305,2.331899
0.506962,-0.358905,2.552063
-0.036701,-0.586854,2.554730
0.557752,-0.425718,2.224548
0.165482,-0.121482,2.543893
0.148367,-0.188759,2.505823
0.113434,-0.274854,2.556120
0.205360,-0.267828,2.441111
0.093095,-0.681990,2.553513
0.275177,-0.646504,2.293469
0.170876,-1.053409,2.558110
0.377095,-1.005829,2.193288
0.132353,-1.110033,2.478997
0.335528,-1.065008,2.108062
0.001242,0.365819,2.517036
0.102041,0.195101,2.485143
0.002430,0.026396,2.541663
0.226665,0.087017,2.384736
0.039554,-0.257500,2.564461
0.416938,-0.150532,2.298818
0.045014,-0.540692,2.298818
0.524911,-0.362138,2.599108
-0.005293,-0.586635,2.583991
0.567682,-0.428044,2.208779
0.188198,-0.146952,2.517575
0.179107,-0.220851,2.484637
0.148163,-0.312154,2.543615
0.241725,-0.296577,2.422022
0.103139,-0.715579,2.556901
0.307982,-0.671610,2.265599
0.177306,-1.087474,2.554374
0.347148,-1.048656,2.213272
0.147459,-1.143046,2.476236
0.299019,-1.109464,2.135928
-0.020331,0.342281,2.484073
0.101154,0.187432,2.470647
0.002917,0.019762,2.531966
0.223904,0.078337,2.368523
0.060349,-0.263372,2.557176
0.420083,-0.154762,2.286869
0.057406,-0.539986,2.286869
0.533135,-0.364964,2.599682
-0.002286,-0.597230,2.586218
0.583169,-0.435017,2.168870
0.193844,-0.149248,2.506972
0.186498,-0.222723,2.479304
0.154017,-0.314482,2.543312
0.257930,-0.296756,2.408647
0.189063,-0.745996,2.486952
0.315458,-0.716462,2.258350
0.155955,-1.094140,2.577932
0.353087,-1.073901,2.179812
0.105561,-1.138540,2.500791
0.302693,-1.118301,2.102671
-0.019450,0.328278,2.467307
0.105705,0.175148,2.446136
0.003961,0.008812,2.506676
0.228461,0.049253,2.342518
0.069309,-0.284950,2.550771
0.437398,-0.171597,2.260554
0.071137,-0.545525,2.260554
0.569269,-0.391694,2.600576
0.084260,-0.604600,2.644684
0.605776,-0.449770,2.155246
0.200242,-0.165210,2.496280
0.195920,-0.240264,2.474993
0.165199,-0.337044,2.549653
0.269287,-0.324104,2.403477
0.206919,-0.852968,2.493687
0.315520,-0.717019,2.257881
0.151771,-1.122473,2.572561
0.364623,-1.090636,2.181564
0.102304,-1.169228,2.496290
0.316500,-1.147614,2.103926
0.001331,0.305615,2.458506
0.096953,0.131344,2.420437
0.014812,-0.066461,2.495231
0.229088,0.025326,2.328669
0.075018,-0.286204,2.528533
0.448903,-0.184067,2.243258
0.094441,-0.557731,2.243258
0.579684,-0.396467,2.597157
0.075315,-0.630481,2.645936
0.621980,-0.465185,2.147361
0.203353,-0.172569,2.484553
0.202965,-0.245498,2.468252
0.178760,-0.346477,2.551340
0.282529,-0.333664,2.389433
0.204402,-0.759282,2.462710
0.317433,-0.720478,2.254734
0.172891,-1.105451,2.581985
0.370390,-1.093289,2.175462
0.126414,-1.156267,2.506456
0.326751,-1.164078,2.097095
-0.017992,0.278318,2.430051
0.098755,0.118747,2.411687
-0.000899,-0.010977,2.470660
0.226413,-0.003359,2.314530
0.077427,-0.282760,2.521752
0.454171,-0.203374,2.229593
0.105085,-0.564391,2.229593
0.598599,-0.409894,2.583706
0.090538,-0.639366,2.639472
0.638663,-0.474224,2.144149
0.204498,-0.179169,2.471743
0.206120,-0.248492,2.459792
0.186591,-0.350304,2.554270
0.287451,-0.358146,2.362089
0.204283,-0.799600,2.455676
0.317119,-0.750197,2.246947
0.194286,-1.115346,2.572771
0.424056,-1.109177,2.154876
0.147118,-1.166770,2.498154
0.386686,-1.178182,2.078603
0.031150,0.214411,2.430609
0.117870,0.015487,2.394933
0.020578,-0.090886,2.475084
0.233411,-0.034499,2.301789
0.084247,-0.301496,2.509089
0.472147,-0.222551,2.221567
0.121721,-0.581942,2.221567
0.604273,-0.412289,2.567235
0.119007,-0.660445,2.619679
0.651061,-0.479519,2.145469
0.241750,-0.239026,2.452497
0.249947,-0.299524,2.443801
0.247599,-0.396707,2.528133
0.329223,-0.385814,2.380132
0.210420,-0.805962,2.460043
0.311597,-0.769587,2.238039
0.199182,-1.143240,2.607360
0.585445,-1.031898,2.185699
0.152308,-1.199484,2.536309
0.541847,-1.065149,2.118513
0.001726,0.137983,2.392619
0.138449,-0.024861,2.388684
0.041325,-0.182352,2.479840
0.240492,-0.067268,2.292197
0.107757,-0.395712,2.498201
0.481413,-0.253980,2.219533
0.187823,-0.625411,2.219533
0.626421,-0.430772,2.551492
0.138951,-0.683532,2.607903
0.669536,-0.488250,2.154553
0.280500,-0.270616,2.442237
0.294399,-0.329037,2.435164
0.300738,-0.432358,2.512472
0.376981,-0.399361,2.377036
0.209402,-0.824094,2.460672
0.309618,-0.774316,2.228938
0.220618,-1.156373,2.618492
0.601541,-0.957454,2.235690
0.179675,-1.213191,2.556620
0.556673,-1.015961,2.165025
-0.005269,0.126996,2.378504
0.097440,-0.036778,2.380167
0.028468,-0.149630,2.450418
0.248054,-0.093342,2.287404
0.089251,-0.366252,2.475891
0.498243,-0.266493,2.216255
0.128180,-0.582263,2.216255
0.648756,-0.446323,2.521673
0.080953,-0.646393,2.572745
0.683220,-0.503479,2.155614
0.228468,-0.282667,2.434512
0.242879,-0.339915,2.429246
0.237809,-0.431268,2.517911
0.335176,-0.426265,2.361924
0.214086,-0.856863,2.480379
0.310475,-0.805238,2.212727
0.259039,-1.179430,2.627847
0.405218,-1.065822,2.142417
0.215973,-1.236641,2.555396
0.403710,-0.951833,2.169395
-0.023518,0.106415,2.363427
0.103625,-0.035556,2.373059
0.024795,-0.147725,2.444116
0.259475,-0.116992,2.281818
0.092103,-0.375567,2.474669
0.513233,-0.285618,2.218874
0.130897,-0.590333,2.218874
0.693319,-0.471108,2.523101
0.083613,-0.654541,2.574234
0.736343,-0.531369,2.170150
0.232402,-0.286310,2.429855
0.247638,-0.343845,2.426761
0.240104,-0.434597,2.514142
0.338668,-0.428921,2.362328
0.220546,-0.914861,2.496987
0.312054,-0.805368,2.208141
0.216627,-1.180153,2.562218
0.419609,-1.061965,2.145106
0.234539,-1.072476,2.520049
0.411296,-0.947824,2.169523
-0.023491,0.082187,2.354419
0.110985,-0.052849,2.364071
0.025003,-0.146872,2.441467
0.267175,-0.141933,2.277773
0.091385,-0.394406,2.463589
0.528682,-0.298284,2.220577
0.131358,-0.607619,2.220577
0.710129,-0.489852,2.514902
0.084012,-0.671911,2.566103
0.750931,-0.549154,2.168517
0.232829,-0.292967,2.422767
0.247793,-0.348746,2.422060
0.239055,-0.437679,2.513657
0.340699,-0.441096,2.349877
0.248920,-0.839095,2.479451
0.313734,-0.819079,2.202103
0.128340,-1.164912,2.606226
0.449476,-1.061916,2.139440
0.069265,-1.210966,2.555745
0.432285,-0.949251,2.165504
-0.008061,0.057915,2.357145
0.125096,-0.080383,2.357563
0.032131,-0.150422,2.434399
0.277776,-0.159870,2.273024
0.104944,-0.411516,2.461856
0.543453,-0.308684,2.220464
0.145326,-0.624395,2.220464
0.712391,-0.491402,2.512475
0.097909,-0.688782,2.563751
0.754150,-0.553368,2.170323
0.255393,-0.318145,2.416420
0.271989,-0.372196,2.417819
0.273755,-0.463715,2.505197
0.359845,-0.456830,2.355546
0.242319,-0.863934,2.493735
0.305184,-0.892750,2.168838
0.134008,-1.181856,2.644275
0.527210,-0.775370,2.267614
0.087421,-1.249625,2.579589
0.456980,-0.847364,2.208202
0.001880,0.042141,2.355182
0.127428,-0.100949,2.359550
0.071442,-0.276655,2.444432
0.286413,-0.182903,2.268455
0.118094,-0.493761,2.459014
0.559009,-0.318991,2.220578
0.157268,-0.705688,2.220578
0.738961,-0.518369,2.512944
0.109857,-0.770068,2.564215
0.776630,-0.569523,2.168985
0.266391,-0.327703,2.410091
0.287725,-0.380196,2.410182
0.289699,-0.470169,2.498885
0.390160,-0.459534,2.338620
0.253624,-0.869069,2.477350
0.299162,-0.895644,2.171482
0.115233,-1.169208,2.637581
0.531059,-0.779003,2.251508
0.043721,-1.193151,2.595695
0.456327,-0.852476,2.200142
0.003692,0.019612,2.354035
0.136978,-0.116148,2.359271
0.076784,-0.291983,2.441260
0.290795,-0.188981,2.268692
0.132420,-0.507337,2.453742
0.566429,-0.318667,2.220221
0.172262,-0.720006,2.220221
0.739285,-0.516276,2.504838
0.124852,-0.784386,2.556108
0.776695,-0.567230,2.170574
0.316477,-0.354080,2.414205
0.344844,-0.405881,2.417000
0.351253,-0.510784,2.502842
0.456265,-0.464475,2.357234
0.249831,-0.897682,2.487036
0.312696,-0.808652,2.199294
0.156216,-1.146279,2.550907
0.176487,-1.135187,2.035934
0.194121,-1.040826,2.518462
0.140133,-1.197935,1.964997
-0.002545,0.005082,2.352836
0.162685,-0.090821,2.355175
0.077377,-0.293819,2.441325
0.301733,-0.198585,2.269627
0.126897,-0.512588,2.440217
0.577490,-0.315290,2.220381
0.166770,-0.725027,2.220381
0.739050,-0.514134,2.491850
0.119356,-0.789412,2.543124
0.781898,-0.565631,2.182318
0.282438,-0.369601,2.397944
0.293930,-0.431577,2.397035
0.281617,-0.533296,2.486158
0.373808,-0.513785,2.323497
0.263024,-0.961238,2.491710
0.309974,-0.951710,2.152050
0.060336,-1.094606,2.606401
0.501625,-0.781452,2.239862
0.150991,-1.049504,2.548514
0.410942,-0.837841,2.192953
0.045069,-0.011710,2.377901
0.204295,-0.124274,2.331691
0.077586,-0.289046,2.450948
0.307123,-0.205432,2.270692
0.099029,-0.510526,2.390918
0.563786,-0.255368,2.210880
0.178865,-0.704156,2.210880
0.735420,-0.506845,2.460066
0.131453,-0.768539,2.511338
0.777515,-0.558432,2.181602
0.288783,-0.367027,2.395152
0.303480,-0.422988,2.397779
0.289697,-0.517915,2.497084
0.388727,-0.508359,2.325995
0.279463,-0.916764,2.487852
0.314125,-0.945149,2.157787
0.124361,-1.137096,2.539624
0.503834,-0.772857,2.245672
0.192638,-1.046211,2.513952
0.415738,-0.831952,2.197425
0.021360,-0.019959,2.377538
0.198109,-0.102394,2.347230
0.079332,-0.287939,2.458136
0.322300,-0.219319,2.272446
0.106850,-0.508980,2.399941
0.616961,-0.291029,2.219147
0.174309,-0.716220,2.219147
0.741607,-0.515162,2.442765
0.126903,-0.780594,2.494031
0.786172,-0.564653,2.182197
0.296289,-0.366338,2.394753
0.312732,-0.422307,2.398181
0.295926,-0.518367,2.494459
0.401814,-0.505539,2.325756
0.283303,-0.916771,2.486114
0.338068,-0.948244,2.171428
0.120815,-1.131870,2.537677
0.491544,-0.731594,2.235936
0.193854,-1.044780,2.512087
0.414956,-0.808961,2.194430
0.013299,-0.062837,2.373234
0.201589,-0.114108,2.343361
0.088363,-0.289596,2.465251
0.335629,-0.231596,2.276191
0.108827,-0.509688,2.397394
0.631531,-0.293829,2.219623
0.176427,-0.716791,2.219623
0.751054,-0.518511,2.440200
0.129025,-0.781158,2.491461
0.762444,-0.582505,2.174249
0.306503,-0.375094,2.390386
0.323098,-0.429829,2.395259
0.304263,-0.524195,2.488964
0.410439,-0.508400,2.324739
0.290060,-0.922221,2.478205
0.327813,-0.947059,2.168946
0.149981,-1.151293,2.533647
0.503898,-0.743451,2.222110
0.148829,-1.129170,2.435975
0.420754,-0.816203,2.185177
0.097501,-0.068725,2.369493
0.199353,-0.224147,2.388567
0.100540,-0.293521,2.472012
0.387788,-0.247856,2.276330
0.113568,-0.511293,2.392323
0.638471,-0.292141,2.219870
0.179745,-0.719397,2.219870
0.751373,-0.520150,2.431901
0.132342,-0.783767,2.483163
0.773871,-0.581093,2.174122
0.300746,-0.425123,2.399015
0.317834,-0.458796,2.396398
0.296991,-0.562805,2.466519
0.414663,-0.528098,2.324684
0.301883,-0.977172,2.450628
0.319030,-0.960531,2.159810
0.153201,-1.196194,2.517387
0.478009,-0.746321,2.220532
0.210073,-1.134545,2.498319
0.399683,-0.822389,2.180267
0.135102,-0.107100,2.387925
0.202470,-0.277331,2.414214
0.132459,-0.347274,2.464923
0.388806,-0.248847,2.277322
0.169201,-0.587858,2.387827
0.645308,-0.288060,2.219944
0.180156,-0.807121,2.219944
0.760457,-0.519615,2.419864
0.132754,-0.871490,2.471125
0.771698,-0.585236,2.173157
0.305619,-0.431229,2.403262
0.321344,-0.465568,2.397388
0.311864,-0.569265,2.471020
0.430738,-0.541773,2.306533
0.304565,-0.978957,2.447773
0.301092,-0.970317,2.157938
0.155990,-1.197821,2.514552
0.477396,-0.769539,2.216720
0.183625,-1.085669,2.501596
0.393054,-0.839028,2.177129
0.169738,-0.103030,2.393121
0.212958,-0.281589,2.416382
0.152898,-0.395306,2.446282
0.398830,-0.254505,2.283234
0.116108,-0.601337,2.341511
0.690379,-0.328318,2.223730
0.144603,-0.389681,2.223730
0.772029,-0.535890,2.394848
0.154101,-0.319129,2.417015
0.781733,-0.601685,2.171437
0.314589,-0.457512,2.405010
0.327134,-0.497047,2.393223
0.310397,-0.604292,2.457560
0.429538,-0.560083,2.301014
0.316712,-1.001266,2.437770
0.294262,-0.985545,2.150324
0.168285,-1.219913,2.504529
0.471689,-0.788778,2.215116
0.183246,-1.104813,2.499692
0.386002,-0.854987,2.173049
0.196503,-0.111422,2.400183
0.248826,-0.288635,2.419184
0.169781,-0.392731,2.450897
0.432294,-0.262557,2.291946
0.120202,-0.594252,2.343147
0.709255,-0.318052,2.226132
0.144547,-0.384385,2.226132
0.776854,-0.529876,2.401839
0.152662,-0.314429,2.425775
0.781494,-0.596736,2.173879
0.330885,-0.456425,2.411509
0.340248,-0.493050,2.397841
0.319723,-0.594371,2.465561
0.444667,-0.559868,2.303853
0.210465,-0.979785,2.500168
0.290048,-0.977219,2.149987
0.062227,-1.198153,2.566903
0.480800,-0.795214,2.217515
0.069086,-1.082446,2.566586
0.391963,-0.856336,2.174999
0.204920,-0.082471,2.400350
0.310118,-0.235538,2.413574
0.195722,-0.393703,2.457289
0.459120,-0.269737,2.298321
0.150991,-0.597668,2.354953
0.750076,-0.316758,2.234269
0.114310,-0.380383,2.234269
0.782472,-0.535861,2.372224
0.053365,-0.383941,2.338335
0.777436,-0.600765,2.175349
0.348499,-0.457958,2.408684
0.349260,-0.497108,2.394471
0.314524,-0.599309,2.462445
0.445777,-0.567024,2.301826
0.210979,-0.985362,2.500652
0.288069,-0.982599,2.147583
0.062967,-1.203397,2.567315
0.480067,-0.803971,2.217838
0.069701,-1.087978,2.567072
0.390574,-0.862847,2.174346
0.237698,-0.081890,2.416152
0.340600,-0.240457,2.411901
0.242767,-0.400147,2.457606
0.507042,-0.286238,2.307626
0.164494,-0.594764,2.359440
0.767653,-0.327603,2.237988
0.131016,-0.384455,2.237988
0.789390,-0.547925,2.408984
0.119857,-0.314352,2.429846
0.775431,-0.606987,2.174874
0.386018,-0.468234,2.406461
0.383261,-0.512157,2.389688
0.320842,-0.608138,2.458057
0.466978,-0.582176,2.301418
0.209269,-0.984164,2.504222
0.193440,-0.935076,2.155391
0.061483,-1.201865,2.570816
0.420154,-0.799853,2.219509
0.068092,-1.086734,2.570647
0.334418,-0.834762,2.183064
0.278156,-0.123486,2.431224
0.361975,-0.300124,2.435432
0.257085,-0.458645,2.481555
0.523492,-0.287781,2.316091
0.166030,-0.603232,2.315418
0.777303,-0.327047,2.242368
0.196183,-0.463871,2.242368
0.792509,-0.547249,2.471658
0.206234,-0.417418,2.528070
0.777292,-0.607495,2.182441
0.393734,-0.478343,2.409752
0.385672,-0.514917,2.389975
0.324881,-0.632865,2.443860
0.472286,-0.583455,2.299702
0.197979,-0.999668,2.506867
0.198601,-0.933831,2.149449
0.050329,-1.217169,2.573466
0.423155,-0.796725,2.215422
0.059726,-1.102254,2.571300
0.344821,-0.827820,2.181410
0.326835,-0.080248,2.446333
0.404688,-0.252279,2.438242
0.299798,-0.410801,2.484365
0.550055,-0.294440,2.324961
0.254703,-0.652483,2.408936
0.789618,-0.329060,2.246973
0.167437,-0.853598,2.246973
0.795299,-0.548748,2.421554
0.108166,-0.862626,2.386788
0.778453,-0.608512,2.182707
0.420625,-0.487577,2.414214
0.409910,-0.528911,2.390487
0.333702,-0.633744,2.443394
0.488856,-0.594926,2.301108
0.198709,-0.997956,2.502210
0.196592,-0.925269,2.141838
0.051223,-1.215217,2.568782
0.424319,-0.796118,2.210639
0.061577,-1.100393,2.566271
0.349877,-0.821456,2.177756
0.355716,-0.065656,2.459691
0.433646,-0.238389,2.441361
0.328757,-0.396910,2.487484
0.586423,-0.288025,2.337550
0.296075,-0.646920,2.423421
0.801796,-0.330632,2.253740
0.185947,-0.833489,2.253740
0.797974,-0.548946,2.371788
0.126812,-0.842496,2.337102
0.779511,-0.608442,2.183263
0.446432,-0.486289,2.421679
0.431025,-0.529774,2.394859
0.355687,-0.628959,2.444619
0.508767,-0.595223,2.312133
0.148283,-1.035836,2.513497
0.211896,-0.906783,2.125844
-0.028701,-1.158527,2.663343
0.002902,-1.126118,1.978425
0.012725,-1.127913,2.560471
-0.046755,-1.156540,1.897081
0.378707,-0.052272,2.476280
0.466593,-0.220456,2.444006
0.361704,-0.378977,2.490129
0.594047,-0.287596,2.341002
0.300508,-0.643868,2.441428
0.812251,-0.330218,2.257807
0.231908,-0.836719,2.257807
0.799784,-0.547072,2.349634
0.172915,-0.845705,2.315032
0.780599,-0.606708,2.185374
0.468497,-0.498129,2.433726
0.452624,-0.550337,2.408849
0.386632,-0.647108,2.457591
0.515801,-0.613103,2.337204
0.161304,-0.965937,2.493854
0.214807,-0.889168,2.106341
0.128054,-1.229152,2.548688
0.002807,-1.083610,1.927492
0.139871,-1.115521,2.538140
-0.048648,-1.115181,1.848066
0.402334,-0.042644,2.491664
0.491299,-0.209528,2.449275
0.386409,-0.368049,2.495398
0.615459,-0.287812,2.350107
0.311671,-0.646364,2.450714
0.831406,-0.330991,2.256436
0.198882,-0.833870,2.256436
0.801153,-0.547170,2.439575
0.140037,-0.842834,2.405059
0.781423,-0.607693,2.187470
0.478505,-0.489911,2.444840
0.457658,-0.540852,2.418327
0.381476,-0.622345,2.491391
0.517768,-0.611479,2.337839
0.165412,-0.950379,2.480872
0.224759,-0.889639,2.100617
0.138684,-1.216549,2.526975
0.018233,-1.085699,1.917214
0.168353,-1.107088,2.511089
-0.032936,-1.116359,1.837477
0.407144,-0.046433,2.504828
0.508848,-0.204611,2.454814
0.408916,-0.301601,2.598688
0.635009,-0.283885,2.359534
0.363747,-0.582056,2.492714
0.838659,-0.332035,2.256388
0.296596,-0.784478,2.256388
0.817172,-0.544724,2.433350
0.237817,-0.793432,2.398873
0.781419,-0.628953,2.182833
0.504751,-0.457429,2.461823
0.477428,-0.501136,2.443070
0.396068,-0.594762,2.508829
0.527336,-0.594345,2.351607
0.180339,-0.921694,2.478600
0.252102,-0.881910,2.105692
0.150671,-1.189302,2.516650
0.541675,-1.000430,2.169798
0.178136,-1.078875,2.505804
0.476766,-1.033297,2.102075
0.423817,-0.042772,2.505741
0.530925,-0.196884,2.465646
0.423377,-0.297159,2.604224
0.643314,-0.281927,2.364795
0.395664,-0.565677,2.523360
0.844828,-0.332282,2.256050
0.298554,-0.748936,2.256050
0.815399,-0.542801,2.444027
0.239835,-0.757880,2.409585
0.778566,-0.626548,2.179663
0.517770,-0.456100,2.469373
0.488759,-0.500785,2.449848
0.419433,-0.589157,2.519084
0.540610,-0.588982,2.366566
0.186414,-0.902247,2.477779
0.264713,-0.866287,2.110990
0.157565,-1.170739,2.511351
0.539897,-1.018075,2.169113
0.184391,-1.060144,2.502702
0.474047,-1.049893,2.102026
0.479496,-0.020881,2.531047
0.551892,-0.192861,2.479859
0.441934,-0.315973,2.611982
0.657680,-0.279513,2.373713
0.399798,-0.565295,2.527537
0.851606,-0.335409,2.255798
0.298750,-0.749959,2.255798
0.810873,-0.541072,2.459347
0.240079,-0.758896,2.424934
0.771130,-0.623723,2.170198
0.529506,-0.463669,2.482130
0.499093,-0.510893,2.463382
0.433341,-0.616562,2.535504
0.541391,-0.595262,2.377453
0.176728,-0.906009,2.470952
0.267117,-0.859748,2.108470
0.145552,-1.174502,2.502971
0.533470,-1.019570,2.179024
0.179313,-1.065606,2.500296
0.466380,-1.050889,2.113054
0.496892,-0.016874,2.537701
0.572931,-0.187012,2.491703
0.453747,-0.326050,2.616948
0.667759,-0.280821,2.381191
0.403576,-0.590473,2.541753
0.854166,-0.337771,2.259430
0.297045,-0.769795,2.259430
0.803245,-0.535176,2.467074
0.238397,-0.778728,2.432673
0.759996,-0.615122,2.152045
0.551182,-0.451844,2.492761
0.519636,-0.498067,2.473001
0.447601,-0.602929,2.547399
0.555839,-0.588222,2.378812
0.190994,-0.888815,2.470217
0.312640,-0.811490,2.159315
0.191651,-1.160750,2.493020
0.348448,-1.078147,2.072149
0.194735,-1.047054,2.499287
0.355215,-0.971553,2.111738
0.525319,-0.012297,2.552078
0.588882,-0.186690,2.502120
0.471568,-0.334242,2.632133
0.684073,-0.282126,2.391415
0.439384,-0.547207,2.578113
0.870023,-0.392928,2.237568
0.331889,-0.732996,2.237568
0.769807,-0.569078,2.498360
0.273266,-0.741925,2.463975
0.721168,-0.644126,2.121787
0.573545,-0.445120,2.507103
0.543516,-0.490501,2.488698
0.474542,-0.598988,2.574070
0.580616,-0.585300,2.386765
0.206560,-0.866197,2.471862
0.322366,-0.796385,2.174092
0.381347,-1.101204,2.575244
0.510011,-0.995266,2.186330
0.313331,-1.133066,2.510848
0.469194,-0.940831,2.136905
0.535609,-0.018417,2.558485
0.613455,-0.186669,2.514966
0.495732,-0.341170,2.641664
0.701367,-0.280512,2.403174
0.444412,-0.549601,2.584546
0.869461,-0.394435,2.239212
0.357518,-0.744289,2.239212
0.752138,-0.556315,2.531131
0.298953,-0.753209,2.496780
0.692949,-0.624604,2.121566
0.579306,-0.450564,2.509916
0.546929,-0.494110,2.491380
0.475504,-0.600232,2.573941
0.581877,-0.586379,2.389693
0.208399,-0.868963,2.476859
0.321382,-0.794275,2.177967
0.406501,-1.089997,2.559587
0.506513,-0.996811,2.181192
0.336659,-1.120109,2.496460
0.465439,-0.941343,2.133287
0.579235,-0.005267,2.582412
0.645780,-0.176782,2.526133
0.507509,-0.343022,2.652722
0.713190,-0.281839,2.409890
0.473823,-0.556110,2.607100
0.870186,-0.399261,2.245948
0.365609,-0.736436,2.245948
0.747841,-0.553376,2.542035
0.307071,-0.745352,2.507699
0.674991,-0.619513,2.120591
0.639064,-0.453098,2.541766
0.608676,-0.504623,2.525028
0.542647,-0.607029,2.606935
0.649149,-0.597824,2.433687
0.244830,-0.833124,2.491464
0.358988,-0.753128,2.215889
0.336643,-1.151209,2.532096
0.518597,-1.025684,2.181153
0.268146,-1.185001,2.469494
0.450101,-1.059476,2.118551
0.585324,-0.006417,2.583342
0.654208,-0.176703,2.530122
0.517719,-0.350962,2.662843
0.726352,-0.286251,2.415701
0.485997,-0.563746,2.615185
0.868641,-0.409450,2.253523
0.367453,-0.735816,2.253523
0.728005,-0.560131,2.546463
0.308976,-0.744723,2.512165
0.657225,-0.630755,2.120752
0.640569,-0.453566,2.541634
0.609799,-0.504270,2.524915
0.542771,-0.607024,2.607014
0.650942,-0.597899,2.431860
0.243353,-0.830956,2.492536
0.356856,-0.751639,2.219081
0.331224,-1.147226,2.543295
0.515861,-1.024101,2.181036
0.262214,-1.180129,2.480922
0.446851,-1.057004,2.118662
0.614070,-0.006789,2.590727
0.674746,-0.180049,2.542951
0.540445,-0.354159,2.679847
0.738870,-0.289709,2.422829
0.499694,-0.563741,2.622731
0.863945,-0.429184,2.273355
0.382767,-0.739569,2.273355
0.723535,-0.565622,2.564926
0.324316,-0.748472,2.530641
0.640530,-0.641289,2.115393
0.687734,-0.466682,2.580021
0.659959,-0.523246,2.567459
0.603433,-0.622995,2.658691
0.702896,-0.620311,2.479850
0.255070,-0.823283,2.496863
0.376048,-0.739855,2.236927
0.130253,-1.125687,2.565845
0.442535,-1.056403,2.140939
0.061269,-1.163744,2.506495
0.373551,-1.094459,2.081589
0.628716,-0.009475,2.603343
0.686820,-0.182944,2.552816
0.559298,-0.368255,2.681626
0.754175,-0.287249,2.435098
0.548338,-0.583423,2.652824
0.857793,-0.438736,2.276953
0.390129,-0.709931,2.276953
0.717834,-0.572553,2.566686
0.331620,-0.718843,2.532368
0.616307,-0.672943,2.116415
0.690941,-0.469309,2.581105
0.663085,-0.524812,2.568081
0.607590,-0.625263,2.657943
0.704960,-0.619945,2.480195
0.260367,-0.816470,2.505600
0.373573,-0.740803,2.240840
0.258103,-1.153005,2.511153
0.435954,-1.057839,2.142425
0.188814,-1.189432,2.451185
0.366665,-1.094266,2.082457
0.640888,-0.012996,2.606531
0.702954,-0.184826,2.560136
0.578262,-0.365284,2.684023
0.764680,-0.290236,2.439437
0.550102,-0.578457,2.655444
0.852694,-0.445817,2.279585
0.397702,-0.713969,2.279585
0.725518,-0.572407,2.574529
0.339218,-0.722877,2.540226
0.603533,-0.687605,2.119584
0.696035,-0.471864,2.578629
0.666913,-0.525914,2.565241
0.610812,-0.626333,2.654053
0.707571,-0.619425,2.473127
0.270993,-0.809388,2.514436
0.373699,-0.741657,2.240859
0.137084,-1.128438,2.566120
0.437678,-1.058346,2.142395
0.065863,-1.163106,2.507438
0.366457,-1.093014,2.083714
0.652119,-0.015765,2.609693
0.712109,-0.188014,2.566400
0.590977,-0.370465,2.684596
0.773125,-0.290067,2.443912
0.551568,-0.581451,2.656536
0.849024,-0.451455,2.286906
0.397230,-0.716542,2.286906
0.661029,-0.627708,2.580591
0.357941,-0.757671,2.543040
0.596229,-0.697355,2.116133
0.699743,-0.473713,2.574535
0.670010,-0.526397,2.558779
0.611529,-0.629647,2.644977
0.709406,-0.617806,2.452400
0.272373,-0.808325,2.514349
0.372681,-0.744558,2.240410
0.187894,-1.145646,2.548553
0.445190,-1.059491,2.143614
0.115640,-1.179057,2.490484
0.372935,-1.092901,2.085545
0.690546,-0.009104,2.626912
0.728972,-0.186193,2.572316
0.629298,-0.314008,2.683999
0.781273,-0.291885,2.448469
0.573768,-0.565177,2.669482
0.845244,-0.453824,2.288809
0.423221,-0.704255,2.288809
0.662268,-0.634614,2.593499
0.378330,-0.741132,2.557979
0.598082,-0.729137,2.113844
0.701672,-0.454135,2.548295
0.664848,-0.491880,2.521441
0.589271,-0.586251,2.607398
0.695431,-0.580751,2.395175
0.272416,-0.809404,2.512273
0.371467,-0.751115,2.239156
0.147300,-1.140689,2.576498
0.451519,-1.071527,2.149699
0.071760,-1.170949,2.521050
0.375979,-1.101787,2.094251
0.694016,-0.012053,2.628184
0.739205,-0.187116,2.573800
0.638808,-0.349265,2.693524
0.798983,-0.293217,2.453233
0.581492,-0.566156,2.672611
0.841026,-0.455721,2.291043
0.428842,-0.702103,2.291043
0.664483,-0.640676,2.595894
0.394010,-0.748539,2.560305
0.629257,-0.725492,2.134759
0.699051,-0.459104,2.469074
0.659767,-0.498292,2.435145
0.583458,-0.609727,2.472976
0.686663,-0.554010,2.314820
0.261415,-0.817488,2.511656
0.364987,-0.758554,2.237478
0.170891,-1.172980,2.554065
0.478490,-1.061145,2.129557
0.103946,-1.203462,2.500127
0.401826,-1.092218,2.076159
0.704116,-0.011505,2.633860
0.752416,-0.184967,2.576565
0.648749,-0.355862,2.680771
0.806621,-0.291550,2.458152
0.585902,-0.561410,2.671774
0.839507,-0.457204,2.292979
0.437723,-0.705058,2.292979
0.671468,-0.650204,2.602840
0.404431,-0.753035,2.567858
0.637350,-0.734279,2.129368
0.698967,-0.460232,2.468993
0.659867,-0.498808,2.435185
0.583597,-0.609595,2.472951
0.686516,-0.553903,2.316257
0.261758,-0.817094,2.511672
0.329250,-0.742737,2.241321
0.195389,-1.180706,2.536816
0.358293,-1.070726,2.130630
0.130494,-1.207424,2.481521
0.282211,-1.102511,2.076856
0.711783,-0.009753,2.634996
0.770204,-0.180014,2.581549
0.670555,-0.332699,2.660731
0.813340,-0.289219,2.460981
0.592512,-0.556564,2.672920
0.837897,-0.455811,2.292665
0.447884,-0.704700,2.292665
0.690035,-0.654442,2.607157
0.415174,-0.753217,2.572461
0.650542,-0.733932,2.115945
0.702717,-0.460623,2.471164
0.662802,-0.498793,2.436527
0.588202,-0.605116,2.476005
0.689135,-0.552873,2.319219
0.267229,-0.814393,2.510989
0.333287,-0.728477,2.256537
0.190347,-1.173462,2.551074
0.393334,-1.043313,2.131666
0.123117,-1.203049,2.494494
0.319160,-1.075880,2.075849
0.732580,-0.009717,2.643795
0.778317,-0.182298,2.581450
0.670836,-0.371434,2.703427
0.817218,-0.291838,2.459885
0.592244,-0.569817,2.675017
0.837332,-0.455179,2.292416
0.446701,-0.716769,2.292416
0.691536,-0.652976,2.609809
0.414426,-0.765691,2.575340
0.654684,-0.733703,2.116026
0.716892,-0.459997,2.472057
0.675056,-0.499159,2.440705
0.600092,-0.608001,2.482092
0.697990,-0.551691,2.321693
0.273170,-0.808913,2.510875
0.330698,-0.731870,2.253927
0.192063,-1.163068,2.548280
0.370337,-1.048083,2.121892
0.112098,-1.196313,2.501694
0.290372,-1.081329,2.075306
0.737927,-0.012658,2.645020
0.786100,-0.184102,2.582530
0.674610,-0.369139,2.703399
0.823659,-0.295586,2.459183
0.601014,-0.569092,2.677744
0.837283,-0.455235,2.292302
0.450462,-0.710578,2.292302
0.694241,-0.651191,2.613061
0.399042,-0.755000,2.614333
0.660817,-0.732301,2.111220
0.724025,-0.458700,2.475514
0.682321,-0.497188,2.444173
0.605992,-0.608802,2.487598
0.702332,-0.551189,2.321335
0.273197,-0.799931,2.514107
0.328718,-0.733683,2.252659
0.182355,-1.157877,2.540693
0.512029,-0.984984,2.164164
0.111814,-1.187274,2.491993
0.432837,-1.018185,2.116326
0.747572,-0.014925,2.647920
0.794715,-0.186063,2.584271
0.676995,-0.366631,2.702388
0.830854,-0.297422,2.457952
0.606221,-0.567241,2.678600
0.837492,-0.455227,2.290752
0.463152,-0.720999,2.290752
0.722503,-0.611967,2.632197
0.415463,-0.772252,2.620923
0.685966,-0.690838,2.118076
0.731491,-0.457870,2.478737
0.689926,-0.495622,2.447140
0.611056,-0.609585,2.491318
0.709418,-0.551031,2.320801
0.276798,-0.798404,2.513116
0.360217,-0.713172,2.290008
0.188160,-1.150733,2.541355
0.423671,-1.013695,2.138557
0.109969,-1.183934,2.491976
0.345480,-1.046895,2.089178
0.758469,-0.015065,2.651858
0.802470,-0.186443,2.587117
0.689600,-0.361529,2.685635
0.837067,-0.298173,2.457513
0.620347,-0.562251,2.681569
0.839209,-0.455254,2.289845
0.472230,-0.711076,2.289845
0.723732,-0.611829,2.636818
0.397350,-0.764289,2.636122
0.687365,-0.689897,2.117451
0.738514,-0.459084,2.480673
0.696991,-0.496889,2.448509
0.625514,-0.614106,2.496720
0.712803,-0.551598,2.319436
0.284701,-0.790835,2.516682
0.324456,-0.739774,2.252966
0.173263,-1.143301,2.536556
0.560910,-0.877092,2.197098
0.104633,-1.173834,2.485542
0.448349,-0.884820,2.193306
0.766681,-0.017069,2.653910
0.804159,-0.189656,2.589543
0.696463,-0.373225,2.707017
0.839435,-0.299408,2.457222
0.623396,-0.572300,2.683565
0.841715,-0.455452,2.288959
0.469031,-0.713926,2.288959
0.736575,-0.595016,2.638066
0.415370,-0.753123,2.651853
0.697956,-0.671481,2.123173
0.744526,-0.458779,2.482313
0.703209,-0.496467,2.451762
0.633675,-0.618101,2.501047
0.716091,-0.551655,2.318382
0.291754,-0.792865,2.517906
0.324261,-0.739456,2.253618
0.162202,-1.139036,2.537870
0.562331,-0.874360,2.199800
0.093189,-1.173141,2.491965
0.450013,-0.883408,2.194991
0.771299,-0.018755,2.657361
0.810443,-0.190555,2.592772
0.697290,-0.373431,2.706705
0.844693,-0.298742,2.458558
0.627817,-0.573387,2.684505
0.843890,-0.454269,2.290260
0.474744,-0.717242,2.290260
0.711140,-0.638487,2.645669
0.423720,-0.765193,2.636915
0.673921,-0.717234,2.100862
0.750572,-0.460857,2.485506
0.709112,-0.498705,2.454409
0.638757,-0.620833,2.502571
0.721408,-0.554160,2.320560
0.294169,-0.789213,2.520410
0.369665,-0.709786,2.299295
0.164180,-1.135449,2.533845
0.423509,-1.008395,2.140549
0.093729,-1.168144,2.486656
0.344071,-1.041616,2.093789
0.774631,-0.019340,2.658389
0.815763,-0.190313,2.593919
0.701552,-0.372169,2.706686
0.847912,-0.299673,2.459070
0.630771,-0.571287,2.684592
0.846637,-0.453869,2.289875
0.482491,-0.719617,2.289875
0.711936,-0.635155,2.646019
0.433065,-0.769060,2.637352
0.673680,-0.713273,2.102494
0.751153,-0.458847,2.485122
0.709249,-0.495458,2.453955
0.637537,-0.617072,2.502393
0.719423,-0.548565,2.317186
0.294210,-0.787593,2.518697
0.370603,-0.710077,2.299808
0.165523,-1.133938,2.535368
0.481119,-0.968772,2.126234
0.094176,-1.167125,2.488451
0.401974,-1.002634,2.079627
0.782883,-0.018651,2.658365
0.819693,-0.190418,2.595174
0.711187,-0.368611,2.695014
0.852123,-0.298033,2.460860
0.636373,-0.565444,2.684136
0.848588,-0.452867,2.289890
0.489853,-0.715570,2.289890
0.707619,-0.655480,2.648647
0.441014,-0.765612,2.641008
0.666244,-0.728449,2.102607
0.753087,-0.460909,2.485243
0.711000,-0.498041,2.453791
0.639861,-0.618206,2.502120
0.720448,-0.551502,2.317913
0.293132,-0.782205,2.512269
0.322206,-0.729827,2.263714
0.168408,-1.128318,2.540895
0.454312,-1.009412,2.145462
0.098664,-1.159925,2.493743
0.375453,-1.043344,2.098595
0.787175,-0.020639,2.657755
0.827567,-0.191700,2.597860
0.716494,-0.368638,2.690454
0.855015,-0.298222,2.461759
0.638791,-0.563667,2.683845
0.852345,-0.452588,2.290801
0.506385,-0.718090,2.290801
0.715692,-0.624913,2.616293
0.446534,-0.759427,2.629594
0.675340,-0.700877,2.110078
0.765167,-0.464970,2.487872
0.723390,-0.503315,2.456046
0.659754,-0.623629,2.507715
0.730797,-0.557072,2.318703
0.301283,-0.784469,2.513461
0.323094,-0.730098,2.263766
0.166983,-1.117378,2.538854
0.362089,-1.032052,2.126060
0.088052,-1.150669,2.491838
0.283159,-1.065343,2.079044
0.791617,-0.021054,2.656104
0.831014,-0.192227,2.598106
0.720342,-0.366882,2.688237
0.861093,-0.300809,2.461167
0.647776,-0.563534,2.681758
0.855215,-0.452099,2.290377
0.512389,-0.720456,2.290377
0.752864,-0.587120,2.632918
0.457778,-0.755784,2.646323
0.705781,-0.659001,2.121296
0.764615,-0.467048,2.487851
0.722361,-0.505853,2.455536
0.656369,-0.624404,2.505396
0.729153,-0.561648,2.320641
0.301059,-0.787337,2.515704
0.368450,-0.725417,2.271092
0.167479,-1.121936,2.537231
0.413978,-1.034038,2.127493
0.089442,-1.155378,2.489041
0.335940,-1.067480,2.079303
0.798700,-0.020512,2.655697
0.836823,-0.191873,2.600182
0.723599,-0.362640,2.685782
0.866744,-0.298992,2.463362
0.652228,-0.559493,2.678273
0.857446,-0.450558,2.292204
0.519205,-0.721846,2.292204
0.754464,-0.584857,2.656376
0.500052,-0.713034,2.669486
0.705736,-0.655282,2.122828
0.764876,-0.468686,2.488637
0.722533,-0.507292,2.455963
0.656101,-0.624168,2.505220
0.729484,-0.564114,2.323949
0.302598,-0.789280,2.523206
0.368456,-0.725390,2.271176
0.170472,-1.126464,2.517425
0.414488,-1.033350,2.128269
0.093442,-1.160242,2.467950
0.337458,-1.067128,2.078794
0.800833,-0.020442,2.656448
0.841105,-0.190720,2.599045
0.729640,-0.355951,2.677409
0.868323,-0.298327,2.463601
0.658799,-0.551999,2.676648
0.859620,-0.449268,2.292850
0.524553,-0.707290,2.292850
0.755591,-0.583221,2.620595
0.459965,-0.754190,2.631556
0.706525,-0.653345,2.124423
0.765218,-0.469875,2.488437
0.722636,-0.508669,2.455568
0.655837,-0.623856,2.504500
0.729352,-0.565507,2.325209
0.299188,-0.788090,2.521369
0.337592,-0.726387,2.269030
0.173553,-1.124110,2.520111
0.378842,-1.029914,2.129170
0.097098,-1.158014,2.469906
0.302387,-1.063819,2.078965
0.805007,-0.021356,2.657749
0.844774,-0.191196,2.598726
0.728634,-0.380393,2.701461
0.869410,-0.300168,2.463858
0.652873,-0.575672,2.675112
0.860506,-0.449668,2.292512
0.531447,-0.746131,2.292512
0.755714,-0.583008,2.671211
0.490971,-0.802951,2.674106
0.706179,-0.652645,2.124481
0.769650,-0.468103,2.487820
0.725773,-0.506792,2.456871
0.656728,-0.624195,2.506101
0.731113,-0.563921,2.324047
0.302683,-0.784601,2.524075
0.334666,-0.727499,2.267358
0.176047,-1.121837,2.524420
0.373858,-1.030942,2.130764
0.096693,-1.156445,2.479603
0.294504,-1.065550,2.085948
0.809078,-0.020385,2.658249
0.849307,-0.189791,2.599724
0.740679,-0.348315,2.681487
0.874409,-0.299290,2.466082
0.665033,-0.548925,2.676034
0.866033,-0.448094,2.294542
0.536974,-0.714258,2.294542
0.758375,-0.579669,2.657259
0.479173,-0.751850,2.667425
0.708882,-0.649244,2.127420
0.771499,-0.466682,2.490484
0.728095,-0.504693,2.458040
0.657022,-0.622474,2.510491
0.733327,-0.563110,2.320949
0.303613,-0.781399,2.519219
0.334495,-0.727347,2.267336
0.179608,-1.118712,2.529965
0.372867,-1.030197,2.131676
0.103313,-1.152977,2.480011
0.296573,-1.064462,2.081722
0.812260,-0.021951,2.659821
0.852189,-0.190845,2.599707
0.740515,-0.352752,2.688159
0.875027,-0.299415,2.465998
0.665849,-0.550089,2.677483
0.871519,-0.450668,2.297162
0.555846,-0.709160,2.297162
0.710611,-0.623048,2.743999
0.520914,-0.711998,2.729386
0.667202,-0.697616,2.104758
0.772887,-0.466237,2.490252
0.729051,-0.503929,2.458313
0.656965,-0.622300,2.511328
0.734078,-0.562190,2.319337
0.305437,-0.783652,2.521429
0.333400,-0.727804,2.266625
0.177612,-1.120793,2.528185
0.371102,-1.030281,2.132359
0.100736,-1.155501,2.479576
0.294226,-1.064990,2.083750
0.814983,-0.021755,2.661144
0.855102,-0.190491,2.602939
0.740965,-0.352837,2.687757
0.876566,-0.298668,2.466945
0.667654,-0.549598,2.677359
0.872087,-0.449410,2.297983
0.554770,-0.722350,2.297983
0.710029,-0.625216,2.695816
0.530080,-0.706670,2.693364
0.667571,-0.700430,2.105607
0.774404,-0.466012,2.491491
0.730309,-0.503500,2.459224
0.657489,-0.622298,2.512504
0.734642,-0.562207,2.318805
0.309930,-0.779550,2.531044
0.332285,-0.728239,2.266248
0.178769,-1.119170,2.517179
0.369442,-1.030314,2.133139
0.102226,-1.154137,2.468367
0.292899,-1.065281,2.084327
0.818658,-0.022419,2.665533
0.856664,-0.190793,2.603764
0.741280,-0.352815,2.687431
0.877395,-0.298903,2.467160
0.668574,-0.550942,2.678501
0.871893,-0.449053,2.297992
0.550808,-0.722180,2.297992
0.710724,-0.624878,2.681702
0.526033,-0.709979,2.685459
0.668480,-0.699935,2.104774
0.774834,-0.466940,2.491187
0.730624,-0.504476,2.458656
0.658411,-0.621089,2.510768
0.734935,-0.562253,2.319413
0.309398,-0.773281,2.535569
0.332265,-0.728069,2.266170
0.175363,-1.115026,2.505337
0.369264,-1.029774,2.133466
0.108953,-1.148010,2.455136
0.292951,-1.064870,2.084481
0.821514,-0.023936,2.667098
0.858403,-0.192331,2.606250
0.742248,-0.352548,2.686846
0.877597,-0.299852,2.466215
0.668961,-0.551054,2.678416
0.873323,-0.451045,2.298462
0.549310,-0.720725,2.298462
0.711541,-0.624847,2.681016
0.522557,-0.712910,2.685336
0.669101,-0.699623,2.103892
0.775303,-0.467415,2.491399
0.730925,-0.504604,2.458765
0.658860,-0.620583,2.510589
0.735086,-0.562164,2.319568
0.309916,-0.772346,2.536037
0.332825,-0.727897,2.266418
0.174980,-1.113295,2.507818
0.370476,-1.029468,2.134612
0.108802,-1.146913,2.457726
0.294330,-1.064962,2.085765
0.824269,-0.023722,2.667293
0.858582,-0.192305,2.606323
0.743116,-0.350787,2.685774
0.878060,-0.300329,2.465698
0.670284,-0.551822,2.680202
0.872311,-0.450813,2.297590
0.546947,-0.718952,2.297590
0.712024,-0.624817,2.677081
0.518867,-0.715575,2.683604
0.669796,-0.699161,2.102216
0.774930,-0.468900,2.491486
0.730226,-0.506679,2.458639
0.658496,-0.620727,2.510067
0.734096,-0.564625,2.321776
0.309937,-0.772456,2.535918
0.374499,-0.722851,2.268665
0.174030,-1.112600,2.510734
0.429687,-1.028382,2.138413
0.107981,-1.146416,2.460356
0.353763,-1.063772,2.089274
0.826547,-0.023626,2.668585
0.859582,-0.191998,2.606668
0.743748,-0.350003,2.685943
0.878426,-0.300508,2.465562
0.670632,-0.551908,2.680266
0.872077,-0.450654,2.297450
0.545300,-0.717516,2.297450
0.713332,-0.624035,2.665146
0.517403,-0.715264,2.675607
0.670903,-0.697982,2.102031
0.775774,-0.468894,2.491652
0.731001,-0.506624,2.458736
0.659584,-0.619971,2.510017
0.734789,-0.564421,2.322016
0.303071,-0.775279,2.522486
0.326150,-0.736779,2.255467
0.184478,-1.109842,2.524865
0.361327,-1.036644,2.128046
0.108642,-1.145225,2.475708
0.285491,-1.072027,2.078889
0.829979,-0.023282,2.669270
0.859937,-0.191810,2.606743
0.744419,-0.348553,2.685581
0.878035,-0.300876,2.465116
0.671589,-0.553220,2.680898
0.871787,-0.450494,2.296752
0.545274,-0.717805,2.296752
0.714235,-0.623580,2.665596
0.531986,-0.756291,2.611933
0.671700,-0.697361,2.102070
0.776058,-0.469235,2.491765
0.731254,-0.507053,2.458830
0.659927,-0.620003,2.509927
0.734926,-0.564899,2.322638
0.300683,-0.776954,2.521335
0.361551,-0.729215,2.264044
0.183789,-1.109288,2.526980
0.409446,-1.034443,2.134451
0.108005,-1.144607,2.477835
0.333662,-1.069762,2.085306
0.833533,-0.023270,2.670677
0.860179,-0.191864,2.607043
0.744476,-0.348340,2.685199
0.878367,-0.301351,2.464806
0.672515,-0.555065,2.680831
0.870118,-0.449986,2.295802
0.544640,-0.718111,2.295802
0.711732,-0.633527,2.662404
0.530644,-0.754953,2.607826
0.632342,-0.766352,2.071085
0.776576,-0.469363,2.492273
0.731820,-0.507135,2.459265
0.660073,-0.621145,2.511950
0.735863,-0.565739,2.321005
0.299523,-0.777700,2.520727
0.337563,-0.727483,2.260920
0.184883,-1.109267,2.527353
0.377265,-1.029242,2.132751
0.109249,-1.144491,2.478055
0.301632,-1.064465,2.083453
0.832714,-0.022395,2.673171
0.861505,-0.190912,2.610445
0.744650,-0.348504,2.685219
0.879074,-0.300399,2.466641
0.672890,-0.555027,2.681147
0.870352,-0.448317,2.297193
0.545418,-0.717934,2.297193
0.716702,-0.623611,2.658334
0.530599,-0.753935,2.603438
0.673612,-0.696652,2.102591
0.777619,-0.468569,2.493707
0.732873,-0.506171,2.460397
0.660310,-0.621676,2.513279
0.736415,-0.565131,2.319695
0.300594,-0.777887,2.520911
0.347382,-0.729780,2.262240
0.186064,-1.109654,2.526585
0.389681,-1.032479,2.133626
0.110647,-1.144996,2.477185
0.314263,-1.067820,2.084226
0.832530,-0.020325,2.673674
0.863200,-0.189076,2.614022
0.744904,-0.348651,2.685325
0.878141,-0.300104,2.467852
0.673538,-0.556161,2.681091
0.870657,-0.447472,2.298035
0.544584,-0.717560,2.298035
0.769125,-0.577169,2.656804
0.529392,-0.753069,2.601716
0.719428,-0.645895,2.127134
0.778583,-0.468101,2.494289
0.733696,-0.505737,2.460757
0.661476,-0.621322,2.512892
0.737448,-0.563298,2.320423
0.300701,-0.777587,2.520859
0.339226,-0.729363,2.261241
0.185622,-1.108132,2.526700
0.378221,-1.030247,2.133348
0.110189,-1.143650,2.477601
0.302788,-1.065765,2.084249
0.832447,-0.021095,2.675381
0.863130,-0.189348,2.614707
0.744233,-0.355283,2.699243
0.877594,-0.300443,2.467706
0.673692,-0.555869,2.681002
0.870659,-0.447669,2.298034
0.545963,-0.718316,2.298034
0.713012,-0.631175,2.664199
0.533933,-0.752839,2.607768
0.632561,-0.766667,2.070926
0.779431,-0.467677,2.494328
0.734156,-0.505383,2.461511
0.661842,-0.621344,2.513035
0.737611,-0.562583,2.321173
0.299934,-0.777954,2.519682
0.360758,-0.731117,2.262576
0.185386,-1.107168,2.528200
0.406281,-1.034678,2.133554
0.108552,-1.142876,2.481627
0.329446,-1.070386,2.086981
0.832729,-0.020534,2.677176
0.862742,-0.188889,2.615331
0.752994,-0.328779,2.711688
0.876867,-0.300771,2.468199
0.673410,-0.556308,2.681644
0.870721,-0.447549,2.298217
0.545086,-0.718108,2.298217
0.722308,-0.642472,2.664479
0.533933,-0.752290,2.607679
0.674894,-0.707337,2.108523
0.779452,-0.467256,2.495788
0.734356,-0.504954,2.462852
0.662557,-0.620187,2.513732
0.737462,-0.562687,2.324303
0.299059,-0.778479,2.518136
0.339490,-0.729112,2.262854
0.184701,-1.105829,2.529402
0.378196,-1.029244,2.135231
0.108203,-1.141346,2.482290
0.301697,-1.064761,2.088119
0.831902,-0.019041,2.678570
0.861328,-0.188122,2.620247
0.753195,-0.326601,2.716459
0.876640,-0.300081,2.468931
0.673428,-0.556380,2.681520
0.870603,-0.446698,2.298938
0.539432,-0.711383,2.298938
0.710787,-0.626355,2.643643
0.529255,-0.745002,2.586309
0.680666,-0.706359,2.113102
0.778992,-0.467379,2.496266
0.733948,-0.505105,2.463074
0.662400,-0.617190,2.510628
0.736885,-0.561735,2.328901
0.298417,-0.779131,2.517727
0.358251,-0.728727,2.262817
0.183600,-1.104886,2.529569
0.402773,-1.031428,2.134295
0.107009,-1.140459,2.482786
0.326182,-1.067001,2.087513
0.832380,-0.019216,2.679512
0.859406,-0.188791,2.624989
0.735599,-0.381044,2.711665
0.876176,-0.300035,2.471353
0.666103,-0.575048,2.681227
0.870076,-0.446311,2.299558
0.524796,-0.724749,2.299558
0.717774,-0.620310,2.657578
0.515429,-0.758258,2.600076
0.675172,-0.693313,2.103348
0.778227,-0.466257,2.497659
0.732752,-0.504015,2.464894
0.656324,-0.624218,2.516143
0.734194,-0.560445,2.322399
0.296291,-0.780681,2.515933
0.338154,-0.730928,2.260056
0.188527,-1.110305,2.530221
0.376638,-1.030439,2.132621
0.110280,-1.146292,2.486785
0.298390,-1.066427,2.089184
0.832402,-0.017475,2.679611
0.857021,-0.187788,2.627748
0.742603,-0.355883,2.720807
0.875990,-0.297914,2.473829
0.672443,-0.556411,2.681348
0.869248,-0.446399,2.299690
0.542388,-0.716012,2.299690
0.718066,-0.620286,2.663575
0.533198,-0.749471,2.606041
0.675477,-0.693279,2.103407
0.779009,-0.463481,2.500230
0.734438,-0.500582,2.466980
0.661799,-0.618684,2.515486
0.738521,-0.553931,2.326423
0.301372,-0.772203,2.516248
0.336166,-0.730714,2.260219
0.188017,-1.100767,2.527653
0.368475,-1.028203,2.132764
0.110231,-1.136390,2.483153
0.290690,-1.063827,2.088264
0.832296,-0.016701,2.681171
0.855846,-0.187157,2.627768
0.742007,-0.356086,2.719259
0.874584,-0.298058,2.473740
0.672005,-0.557817,2.681229
0.868642,-0.447645,2.299038
0.539878,-0.715483,2.299038
0.710216,-0.625216,2.664162
0.530793,-0.748919,2.606571
0.680377,-0.706152,2.113190
0.778429,-0.463305,2.500342
0.733874,-0.500554,2.467022
0.661498,-0.618936,2.515264
0.737798,-0.554047,2.326302
0.303423,-0.773014,2.516081
0.334819,-0.731180,2.259961
0.181943,-1.101054,2.523842
0.365708,-1.028049,2.132267
0.104077,-1.136565,2.479386
0.287843,-1.063560,2.087811
0.831796,-0.016355,2.681553
0.855891,-0.186793,2.627407
0.741391,-0.355719,2.716089
0.874047,-0.297570,2.474032
0.671894,-0.557749,2.681197
0.868207,-0.448041,2.298407
0.540227,-0.715550,2.298407
0.710734,-0.627371,2.663666
0.531162,-0.748980,2.606068
0.681129,-0.708049,2.113216
0.778615,-0.463152,2.500560
0.734150,-0.500435,2.467158
0.662282,-0.619102,2.515418
0.737934,-0.554074,2.326327
0.303763,-0.773453,2.515652
0.368568,-0.698878,2.290655
0.188194,-1.102176,2.520935
0.413333,-0.999005,2.159152
0.110492,-1.137591,2.476144
0.335632,-1.034419,2.114361
0.830771,-0.016256,2.682067
0.856286,-0.186510,2.626920
0.742703,-0.352440,2.711581
0.873653,-0.297175,2.474960
0.672296,-0.557446,2.682412
0.867687,-0.448691,2.297603
0.542103,-0.716297,2.297603
0.713796,-0.623271,2.673145
0.533068,-0.749713,2.615557
0.672039,-0.697201,2.100577
0.778654,-0.463149,2.500762
0.734253,-0.500416,2.467209
0.662548,-0.619159,2.515438
0.737954,-0.554125,2.326366
0.303322,-0.777437,2.515274
0.329539,-0.727690,2.266509
0.184393,-1.103693,2.524236
0.357498,-1.022695,2.137999
0.107005,-1.139048,2.478908
0.280110,-1.058051,2.092671
0.826090,-0.014787,2.683106
0.854779,-0.184384,2.625683
0.744140,-0.348768,2.703381
0.871613,-0.294489,2.476249
0.673262,-0.555994,2.683114
0.868055,-0.449634,2.298314
0.541370,-0.711189,2.298314
0.766877,-0.576924,2.696114
0.532405,-0.744587,2.638538
0.717164,-0.645811,2.128116
0.778168,-0.463725,2.500031
0.733700,-0.501927,2.465953
0.663227,-0.621013,2.512216
0.737796,-0.554998,2.326677
0.299612,-0.781335,2.511774
0.328065,-0.728580,2.266496
0.182534,-1.103606,2.528682
0.355566,-1.022851,2.138244
0.105181,-1.138564,2.483053
0.278213,-1.057810,2.092616
0.825500,-0.014317,2.683964
0.848948,-0.184503,2.623950
0.740759,-0.325353,2.687128
0.871262,-0.294205,2.476316
0.672953,-0.555068,2.683513
0.863753,-0.464186,2.288128
0.542123,-0.711006,2.288128
0.703714,-0.634555,2.697273
0.533162,-0.744392,2.639718
0.633729,-0.757405,2.080471
0.776161,-0.463936,2.500490
0.733295,-0.501842,2.464320
0.665456,-0.616660,2.502815
0.737939,-0.555108,2.327020
0.306942,-0.777251,2.516532
0.326737,-0.731120,2.266189
0.178236,-1.100394,2.520165
0.355802,-1.024109,2.138346
0.104501,-1.134197,2.468241
0.282066,-1.057912,2.086422
0.822333,-0.014687,2.684310
0.840399,-0.185272,2.624932
0.738116,-0.323917,2.687245
0.869357,-0.293216,2.476695
0.672228,-0.555904,2.683913
0.864763,-0.464840,2.288716
0.541557,-0.712064,2.288716
0.703567,-0.633871,2.697045
0.532600,-0.745434,2.639517
0.631217,-0.750279,2.094392
0.772378,-0.467054,2.498263
0.730183,-0.505883,2.461181
0.661626,-0.621123,2.496483
0.738276,-0.557588,2.327574
0.305369,-0.782149,2.513552
0.342786,-0.737969,2.271417
0.176999,-1.104826,2.529837
0.354635,-1.032804,2.132915
0.103287,-1.138032,2.477637
0.280923,-1.066011,2.080714
0.815703,-0.015318,2.683402
0.838997,-0.185007,2.624456
0.737359,-0.322648,2.686557
0.861649,-0.293596,2.475713
0.672229,-0.556916,2.684124
0.866103,-0.464399,2.289433
0.539890,-0.713445,2.289433
0.694050,-0.628931,2.681780
0.530936,-0.746805,2.624269
0.627066,-0.713545,2.100532
0.767632,-0.464028,2.495858
0.724768,-0.501715,2.459105
0.650781,-0.618489,2.500106
0.732906,-0.552608,2.317556
0.304787,-0.782542,2.513329
0.354563,-0.741037,2.280437
0.180432,-1.111306,2.534410
0.348870,-1.035737,2.126369
0.106112,-1.145366,2.483796
0.274549,-1.069796,2.075755
0.810609,-0.013243,2.682620
0.834304,-0.182243,2.621426
0.708146,-0.373204,2.728722
0.856364,-0.291912,2.476068
0.668068,-0.573104,2.681962
0.868721,-0.462736,2.294225
0.522447,-0.716395,2.294225
0.691943,-0.623162,2.651745
0.513498,-0.749736,2.594266
0.627760,-0.710029,2.104425
0.769641,-0.463438,2.494075
0.726687,-0.503324,2.459121
0.661747,-0.628563,2.498812
0.737868,-0.555341,2.321948
0.302229,-0.780677,2.511230
0.356740,-0.740726,2.278603
0.180306,-1.102440,2.534784
0.347635,-1.035845,2.127883
0.102044,-1.135927,2.490249
0.269374,-1.069332,2.083348
0.797396,-0.013154,2.680300
0.828841,-0.180627,2.619328
0.707138,-0.373263,2.728657
0.852768,-0.291440,2.476092
0.666201,-0.572588,2.679986
0.872047,-0.462983,2.298167
0.525076,-0.719605,2.298167
0.691673,-0.619218,2.646277
0.516140,-0.752897,2.588884
0.637807,-0.681940,2.121815
0.768053,-0.461751,2.492890
0.725468,-0.502038,2.458250
0.659368,-0.626286,2.497025
0.737433,-0.551512,2.323037
0.296704,-0.767939,2.480526
0.368422,-0.740382,2.279413
0.192601,-1.080048,2.552330
0.357036,-1.041073,2.132019
0.113967,-1.113133,2.508329
0.278403,-1.074158,2.088017
0.790344,-0.014320,2.678218
0.813694,-0.182408,2.614305
0.696244,-0.376411,2.726089
0.841894,-0.293389,2.471982
0.664199,-0.577291,2.678583
0.873880,-0.463771,2.300857
0.534015,-0.731660,2.300857
0.693201,-0.623340,2.699310
0.525092,-0.764904,2.642000
0.638932,-0.678763,2.127149
0.765811,-0.460319,2.491555
0.724253,-0.501352,2.457148
0.658816,-0.626134,2.495633
0.737209,-0.551111,2.322733
0.296712,-0.770343,2.463100
0.374151,-0.735514,2.282236
0.193692,-1.070888,2.561059
0.352351,-1.039064,2.134036
0.114770,-1.102919,2.516963
0.273429,-1.071095,2.089940
0.781678,-0.012182,2.677570
0.803662,-0.180169,2.613595
0.688533,-0.339472,2.686696
0.839465,-0.290704,2.472726
0.662563,-0.557075,2.681047
0.879149,-0.463361,2.302202
0.551236,-0.705226,2.302202
0.704351,-0.612279,2.755052
0.542315,-0.738463,2.697753
0.643915,-0.670911,2.137601
0.757460,-0.460170,2.492736
0.719457,-0.500588,2.455422
0.653460,-0.624783,2.493790
0.736398,-0.550681,2.322386
0.281668,-0.791466,2.519111
0.375995,-0.733541,2.285562
0.180910,-1.108198,2.528368
0.351122,-1.037308,2.135683
0.107787,-1.138802,2.474484
0.277999,-1.067912,2.081799
0.774329,-0.011057,2.676155
0.797470,-0.178852,2.613579
0.688162,-0.359999,2.705042
0.833785,-0.287348,2.473866
0.657964,-0.562188,2.679702
0.881645,-0.461815,2.302095
0.547988,-0.708227,2.302095
0.704256,-0.612627,2.758534
0.539071,-0.741450,2.701259
0.649762,-0.670897,2.148423
0.754443,-0.458172,2.490132
0.715752,-0.499316,2.454568
0.651647,-0.624428,2.492826
0.733113,-0.548193,2.322200
0.281270,-0.792594,2.518045
0.376510,-0.733956,2.285840
0.180257,-1.108881,2.531553
0.349684,-1.038773,2.136282
0.103262,-1.140027,2.483820
0.272689,-1.069919,2.088550
0.765851,-0.010339,2.676360
0.791386,-0.176895,2.609798
0.685868,-0.363740,2.708288
0.823492,-0.285269,2.472600
0.653399,-0.565302,2.676476
0.886388,-0.459573,2.301493
0.519969,-0.719921,2.301493
0.693263,-0.615227,2.712458
0.511061,-0.753111,2.655240
0.659840,-0.669209,2.158355
0.753577,-0.456295,2.488615
0.714794,-0.498308,2.454095
0.651708,-0.624362,2.492735
0.732126,-0.546573,2.322131
0.281171,-0.792625,2.517429
0.379875,-0.730136,2.287687
0.180213,-1.108637,2.532043
0.312058,-1.037040,2.139696
0.101582,-1.139760,2.487173
0.233428,-1.068163,2.094826
0.752237,-0.011625,2.669533
0.766527,-0.179494,2.604208
0.676771,-0.372271,2.699767
0.813601,-0.286507,2.468350
0.646196,-0.574068,2.675941
0.888129,-0.458763,2.300191
0.515969,-0.724045,2.300191
0.706425,-0.613068,2.710264
0.507066,-0.757217,2.653078
0.661063,-0.670160,2.160483
0.740201,-0.461606,2.549056
0.705568,-0.507923,2.526692
0.657481,-0.631601,2.612591
0.722977,-0.580892,2.387958
0.281218,-0.792436,2.517206
0.380207,-0.729543,2.287886
0.176566,-1.098834,2.538342
0.355186,-1.046686,2.152025
0.098476,-1.129365,2.492257
0.277095,-1.077216,2.105940
0.739414,-0.011559,2.665026
0.757993,-0.178547,2.598375
0.670853,-0.373841,2.692550
0.804423,-0.284178,2.466577
0.642993,-0.575664,2.676803
0.890471,-0.456833,2.299732
0.505298,-0.724754,2.299732
0.712596,-0.610769,2.684236
0.496398,-0.757913,2.627073
0.662524,-0.670515,2.163718
0.738067,-0.467837,2.551452
0.703022,-0.519020,2.530894
0.657576,-0.633247,2.613285
0.719694,-0.596152,2.411002
0.280919,-0.792461,2.516637
0.378622,-0.734992,2.285120
0.177145,-1.098774,2.538586
0.358233,-1.052036,2.153488
0.099303,-1.129746,2.492476
0.280391,-1.083007,2.107378
0.723119,-0.011060,2.659046
0.750534,-0.177196,2.596175
0.666988,-0.373026,2.691189
0.793240,-0.286222,2.461157
0.639336,-0.574654,2.676540
0.892496,-0.454038,2.298650
0.503680,-0.726605,2.298650
0.756055,-0.585127,2.658507
0.494773,-0.759787,2.601304
0.688874,-0.643245,2.176904
0.737389,-0.468800,2.551315
0.702414,-0.520698,2.531302
0.657708,-0.634949,2.613962
0.719770,-0.596486,2.410963
0.282712,-0.789902,2.513114
0.375395,-0.738621,2.283250
0.178452,-1.095959,2.540939
0.372360,-1.053818,2.157545
0.099861,-1.127597,2.496687
0.293769,-1.085456,2.113292
0.706556,-0.010630,2.652860
0.735132,-0.176536,2.591435
0.653482,-0.372430,2.686754
0.785456,-0.286958,2.457736
0.636688,-0.574842,2.676128
0.893893,-0.450865,2.299713
0.501841,-0.726919,2.299713
0.756477,-0.584171,2.651609
0.492933,-0.760109,2.594391
0.685260,-0.637506,2.178283
0.732450,-0.471081,2.551641
0.699134,-0.523833,2.530947
0.656364,-0.636850,2.613308
0.718860,-0.597893,2.411226
0.285506,-0.786395,2.512525
0.373448,-0.741753,2.283464
0.177059,-1.095440,2.534259
0.370214,-1.056205,2.156379
0.099862,-1.127556,2.487876
0.293016,-1.088321,2.109996
0.665413,-0.018487,2.631876
0.728097,-0.176191,2.588234
0.643678,-0.374832,2.685519
0.779492,-0.285456,2.455850
0.628589,-0.577485,2.669942
0.894571,-0.444663,2.296011
0.496604,-0.731587,2.296011
0.756740,-0.583769,2.642747
0.487694,-0.764784,2.585517
0.685238,-0.636520,2.178336
0.727386,-0.470635,2.550082
0.695145,-0.523524,2.529372
0.652676,-0.636824,2.611793
0.717071,-0.596249,2.410090
0.284289,-0.786873,2.511691
0.372184,-0.742336,2.282417
0.192673,-1.100570,2.535273
0.370978,-1.057263,2.157451
0.115950,-1.132815,2.488084
0.294255,-1.089507,2.110262
0.659788,-0.009781,2.631397
0.709941,-0.170874,2.577296
0.628229,-0.384570,2.674051
0.761305,-0.282389,2.447793
0.617926,-0.586379,2.671241
0.893978,-0.436411,2.290170
0.488152,-0.741665,2.290170
0.757011,-0.581893,2.639735
0.479241,-0.774865,2.582501
0.685459,-0.634561,2.178963
0.718554,-0.471326,2.543876
0.687777,-0.526063,2.523700
0.648500,-0.639419,2.607557
0.712874,-0.595671,2.406388
0.281908,-0.789016,2.512524
0.369642,-0.742392,2.284196
0.193386,-1.104357,2.538358
0.377337,-1.056030,2.157260
0.116893,-1.137663,2.491400
0.300844,-1.089336,2.110302
0.651406,-0.008593,2.627079
0.695981,-0.171009,2.572606
0.614847,-0.388982,2.669117
0.750376,-0.280537,2.442234
0.612645,-0.591048,2.664785
0.891925,-0.429190,2.283501
0.483129,-0.746959,2.283501
0.757779,-0.578325,2.639226
0.474217,-0.780160,2.581990
0.686795,-0.631518,2.182030
0.711557,-0.472509,2.536786
0.682297,-0.528123,2.515881
0.644099,-0.645513,2.594406
0.710211,-0.596152,2.400137
0.281037,-0.790641,2.512306
0.368471,-0.742374,2.284199
0.176427,-1.101288,2.560673
0.385466,-1.055257,2.159470
0.100410,-1.135051,2.513103
0.309449,-1.089020,2.111899
0.624321,-0.012611,2.613294
0.677788,-0.172463,2.563245
0.600949,-0.412928,2.653553
0.736909,-0.279679,2.435459
0.610921,-0.611677,2.668451
0.889437,-0.419748,2.278171
0.467824,-0.753355,2.278171
0.767615,-0.568743,2.631009
0.458906,-0.786579,2.573732
0.699117,-0.625229,2.184364
0.705624,-0.473007,2.535043
0.678613,-0.529769,2.514266
0.642620,-0.649174,2.594989
0.708356,-0.596488,2.398513
0.278944,-0.794253,2.514504
0.366493,-0.745971,2.287045
0.213600,-1.112293,2.554774
0.390551,-1.055077,2.155258
0.139019,-1.147341,2.505714
0.315970,-1.090125,2.106198
0.616552,-0.013090,2.606895
0.668803,-0.172986,2.555874
0.590450,-0.417025,2.652995
0.725963,-0.280409,2.428896
0.604115,-0.616758,2.660001
0.884217,-0.409408,2.267217
0.458762,-0.755516,2.267217
0.765052,-0.565664,2.620935
0.449842,-0.788750,2.563642
0.697187,-0.623327,2.189327
0.700831,-0.472930,2.527915
0.675079,-0.530256,2.507861
0.641308,-0.650934,2.589687
0.707303,-0.594264,2.393574
0.279441,-0.792547,2.514382
0.365729,-0.747265,2.286087
0.225400,-1.112890,2.552182
0.393432,-1.056753,2.157890
0.150703,-1.148559,2.503736
0.318736,-1.092423,2.109444
0.606765,-0.011908,2.607841
0.639471,-0.175475,2.546516
0.580767,-0.418291,2.648545
0.710546,-0.280271,2.421897
0.597863,-0.617414,2.656384
0.875737,-0.389313,2.259921
0.455906,-0.757047,2.259921
0.772526,-0.558702,2.607103
0.446988,-0.790274,2.549820
0.711108,-0.610422,2.197562
0.693017,-0.474066,2.524017
0.670259,-0.533266,2.504466
0.640103,-0.652383,2.586969
0.706492,-0.594748,2.392954
0.278829,-0.795543,2.514267
0.365115,-0.749456,2.284852
0.226504,-1.116593,2.550585
0.402218,-1.057939,2.162272
0.153013,-1.154882,2.502274
0.328727,-1.096227,2.113961
0.560167,-0.020991,2.595938
0.621412,-0.176321,2.537443
0.565538,-0.416483,2.646406
0.696704,-0.279930,2.414641
0.595418,-0.614273,2.651764
0.871598,-0.378436,2.257064
0.444989,-0.730586,2.257064
0.792155,-0.561521,2.570256
0.436065,-0.763832,2.512942
0.722290,-0.617540,2.198875
0.673499,-0.472921,2.511314
0.652810,-0.532016,2.492026
0.629363,-0.654953,2.576600
0.692408,-0.594255,2.379433
0.277127,-0.799163,2.513640
0.360612,-0.753466,2.282782
0.228225,-1.124932,2.546295
0.427125,-1.054374,2.165019
0.154458,-1.163159,2.498399
0.353358,-1.092602,2.117122
0.550585,-0.024142,2.592506
0.606498,-0.180609,2.529800
0.534883,-0.421222,2.637805
0.668233,-0.275307,2.407668
0.586610,-0.613811,2.645857
0.865339,-0.370423,2.253670
0.437631,-0.730833,2.253670
0.783089,-0.553082,2.562998
0.428703,-0.764094,2.505658
0.714854,-0.611273,2.202476
0.668417,-0.471793,2.511008
0.649185,-0.531496,2.491482
0.627963,-0.654602,2.576003
0.689836,-0.594666,2.379837
0.273079,-0.803882,2.513917
0.360325,-0.757354,2.282105
0.223450,-1.128475,2.547494
0.488892,-1.025911,2.180757
0.151402,-1.167951,2.498118
0.416845,-1.065387,2.131381
0.505971,-0.033282,2.578465
0.581654,-0.181676,2.520102
0.526607,-0.419082,2.633408
0.656847,-0.275166,2.400536
0.576516,-0.611420,2.644329
0.847232,-0.353214,2.245064
0.432340,-0.733905,2.245064
0.773874,-0.553675,2.561393
0.423410,-0.767178,2.504033
0.707998,-0.614977,2.202089
0.656913,-0.468894,2.508803
0.640489,-0.529726,2.490113
0.624687,-0.653654,2.576571
0.684172,-0.596194,2.378211
0.270527,-0.806291,2.510862
0.357372,-0.763856,2.281009
0.222517,-1.129178,2.550892
0.496825,-1.024984,2.180496
0.151807,-1.170867,2.501516
0.426114,-1.066673,2.131120
0.499142,-0.029341,2.575449
0.567132,-0.181074,2.516371
0.507768,-0.416207,2.624527
0.629326,-0.275863,2.392841
0.556835,-0.607131,2.642623
0.834561,-0.356228,2.240204
0.417401,-0.734390,2.240204
0.768948,-0.554331,2.559075
0.408469,-0.767667,2.501709
0.705781,-0.618318,2.201043
0.646343,-0.472680,2.496476
0.630759,-0.534228,2.477091
0.614988,-0.655497,2.553820
0.678347,-0.595434,2.371603
0.259972,-0.815615,2.510398
0.352825,-0.767319,2.279264
0.231179,-1.138839,2.551028
0.514519,-1.009184,2.181968
0.159412,-1.180736,2.503506
0.442753,-1.051080,2.134446
0.483669,-0.027285,2.572827
0.537023,-0.182773,2.503583
0.481577,-0.420753,2.616670
0.613002,-0.274168,2.387557
0.546999,-0.605365,2.639458
0.803689,-0.355471,2.238600
0.407846,-0.732960,2.238600
0.767043,-0.554208,2.556517
0.398913,-0.766240,2.499145
0.704293,-0.618667,2.200056
0.618947,-0.444699,2.435487
0.605603,-0.497506,2.407339
0.595783,-0.635294,2.478592
0.657553,-0.534705,2.277213
0.254482,-0.819486,2.510484
0.360154,-0.766814,2.279894
0.233866,-1.149741,2.539481
0.516219,-1.012509,2.153623
0.161166,-1.188523,2.490872
0.443519,-1.051291,2.105014
0.473067,-0.023166,2.571135
0.514888,-0.181582,2.498654
0.459493,-0.419287,2.606883
0.589179,-0.278117,2.379764
0.523338,-0.603912,2.631188
0.795732,-0.355368,2.236717
0.390257,-0.739278,2.236717
0.759491,-0.556796,2.551486
0.381325,-0.772557,2.494115
0.699177,-0.623525,2.199240
0.607622,-0.471969,2.532205
0.599832,-0.537568,2.521582
0.593201,-0.652967,2.626760
0.657530,-0.612520,2.423232
0.245810,-0.826719,2.511331
0.347407,-0.775663,2.273647
0.216112,-1.143654,2.557783
0.527930,-1.005034,2.199272
0.151692,-1.191207,2.505560
0.463510,-1.052587,2.147050
0.449530,-0.021143,2.563217
0.492359,-0.180588,2.496388
0.428988,-0.419597,2.598362
0.568674,-0.277564,2.372955
0.507552,-0.598167,2.623338
0.784509,-0.356585,2.235453
0.379955,-0.740477,2.235453
0.757746,-0.556732,2.547748
0.371023,-0.773754,2.490381
0.698197,-0.624316,2.199246
0.596069,-0.477179,2.528914
0.588621,-0.544603,2.516380
0.573428,-0.664438,2.611391
0.650912,-0.617379,2.421784
0.242169,-0.830949,2.509224
0.341339,-0.779896,2.271166
0.230600,-1.149333,2.567362
0.533381,-0.995882,2.203735
0.168419,-1.197188,2.512876
0.471200,-1.043738,2.149249
0.393169,-0.027426,2.551870
0.445195,-0.183633,2.481879
0.387193,-0.423016,2.583576
0.552310,-0.275804,2.367358
0.466324,-0.601307,2.608256
0.774582,-0.357675,2.235233
0.306258,-0.738959,2.235233
0.754056,-0.557746,2.456454
0.297328,-0.772229,2.399098
0.702582,-0.624629,2.198967
0.581201,-0.474182,2.527657
0.581621,-0.543454,2.513892
0.569959,-0.662760,2.609571
0.649829,-0.616178,2.421980
0.242179,-0.822157,2.506534
0.342982,-0.782155,2.270409
0.219943,-1.142482,2.564420
0.537570,-0.996503,2.206713
0.167043,-1.193784,2.503736
0.484669,-1.047805,2.146030
0.345004,-0.048541,2.538836
0.439280,-0.185761,2.478895
0.379590,-0.425489,2.579879
0.533984,-0.278290,2.359272
0.461629,-0.601919,2.606102
0.767120,-0.358100,2.234655
0.273307,-0.759282,2.234655
0.746386,-0.562752,2.476184
0.264380,-0.792540,2.418849
0.702279,-0.625040,2.198804
0.563144,-0.478198,2.514377
0.562537,-0.545894,2.500795
0.553329,-0.667616,2.596430
0.638292,-0.615400,2.412176
0.219251,-0.877699,2.500495
0.337947,-0.796916,2.266746
0.216375,-1.181224,2.590929
0.052196,-0.969612,2.115735
0.159637,-1.231056,2.532625
-0.004542,-1.019444,2.057431
0.340522,-0.030158,2.544402
0.402928,-0.183106,2.476159
0.336146,-0.362817,2.535984
0.509452,-0.282291,2.353844
0.439561,-0.584917,2.589533
0.738167,-0.373530,2.243562
0.264509,-0.763637,2.243562
0.743378,-0.572955,2.469723
0.255586,-0.796881,2.412412
0.702882,-0.624765,2.198922
0.538876,-0.467317,2.515271
0.544573,-0.533524,2.502555
0.533818,-0.642436,2.603822
0.629429,-0.612098,2.411117
0.219185,-0.878416,2.500658
0.334245,-0.800957,2.265105
0.213105,-1.182824,2.594342
0.053253,-0.980736,2.113473
0.162505,-1.233740,2.531595
0.002653,-1.031652,2.050726
0.332647,-0.033519,2.543841
0.393818,-0.185926,2.472033
0.331290,-0.365149,2.532965
0.487949,-0.283486,2.349736
0.432975,-0.597175,2.586353
0.731802,-0.373685,2.245449
0.258374,-0.776240,2.245449
0.733682,-0.573195,2.467032
0.249457,-0.809463,2.409759
0.702986,-0.631234,2.196137
0.489071,-0.480260,2.479511
0.486962,-0.543206,2.462978
0.472865,-0.675952,2.560311
0.561520,-0.616173,2.355978
0.184460,-0.907985,2.491076
0.285350,-0.851866,2.251750
0.323943,-1.126637,2.625191
0.022206,-1.076443,2.139812
0.265138,-1.170521,2.564407
-0.036599,-1.120327,2.079028
0.301380,-0.041677,2.532259
0.379357,-0.186723,2.463954
0.318509,-0.366428,2.524881
0.462918,-0.284152,2.341075
0.414948,-0.602592,2.583352
0.713322,-0.361822,2.245285
0.240810,-0.781876,2.245285
0.727644,-0.567748,2.464338
0.231899,-0.815077,2.407101
0.703269,-0.628299,2.195486
0.481624,-0.477053,2.475298
0.478343,-0.540302,2.459333
0.467763,-0.675856,2.559468
0.549273,-0.614232,2.348512
0.182739,-0.911043,2.490074
0.281164,-0.860911,2.252016
0.327239,-1.121710,2.627572
0.025424,-1.096210,2.147358
0.267339,-1.167095,2.569097
-0.034476,-1.141595,2.088884
0.278747,-0.036506,2.528956
0.352702,-0.182614,2.455930
0.272803,-0.367501,2.518567
0.456677,-0.285446,2.338256
0.398910,-0.591904,2.580314
0.707099,-0.364449,2.244802
0.236727,-0.786148,2.244802
0.725474,-0.566591,2.469488
0.227822,-0.819325,2.412293
0.703830,-0.627142,2.192890
0.469913,-0.452830,2.492982
0.475143,-0.510087,2.485633
0.469476,-0.621303,2.596901
0.559945,-0.590356,2.394401
0.217038,-0.880652,2.492101
0.305255,-0.836422,2.263198
0.254654,-1.166630,2.629272
0.062122,-1.071323,2.125348
0.205532,-1.216524,2.564825
0.013000,-1.121217,2.060902
0.240601,-0.051270,2.510087
0.314405,-0.200884,2.455414
0.244735,-0.384755,2.520068
0.434406,-0.282890,2.332461
0.362736,-0.597606,2.569585
0.686933,-0.360741,2.244715
0.188601,-0.777049,2.244715
0.711994,-0.566614,2.450767
0.179702,-0.810203,2.393611
0.702369,-0.628723,2.192381
0.423171,-0.481415,2.461539
0.426670,-0.541923,2.444150
0.414273,-0.674530,2.540442
0.510750,-0.619939,2.333145
0.157057,-0.940292,2.480429
0.210082,-0.931693,2.250925
0.116068,-1.187966,2.536105
-0.002418,-1.152027,2.177119
0.162186,-1.089200,2.527183
-0.055224,-1.196298,2.111576
0.179227,-0.092457,2.485621
0.308607,-0.199185,2.454571
0.236780,-0.383777,2.519260
0.411169,-0.285974,2.326800
0.353054,-0.613319,2.581481
0.666089,-0.362990,2.249205
0.200720,-0.788949,2.249205
0.710651,-0.566475,2.486302
0.191827,-0.822082,2.429183
0.701514,-0.629140,2.193929
0.419241,-0.457464,2.479626
0.425833,-0.511587,2.473585
0.422032,-0.638417,2.585297
0.516225,-0.591575,2.374214
0.183747,-0.907836,2.476070
0.278660,-0.861279,2.264015
0.277052,-1.131877,2.650440
0.051261,-1.119442,2.145971
0.225014,-1.181297,2.588125
-0.000777,-1.168861,2.083656
0.157952,-0.094501,2.476949
0.292054,-0.194776,2.445647
0.219336,-0.380382,2.510440
0.397983,-0.284962,2.325215
0.345926,-0.602930,2.575418
0.652126,-0.364906,2.249954
0.197401,-0.736490,2.249954
0.685479,-0.615183,2.579893
0.188522,-0.769573,2.522861
0.731865,-0.635111,2.167329
0.415578,-0.453853,2.480192
0.425374,-0.509781,2.474700
0.426537,-0.635432,2.589422
0.515673,-0.591952,2.375089
0.184407,-0.898254,2.473532
0.274825,-0.859294,2.268179
0.253584,-1.146389,2.637528
0.044181,-1.115307,2.153256
0.205037,-1.197748,2.574064
-0.004366,-1.166666,2.089792
0.149051,-0.085710,2.471577
0.274860,-0.195796,2.439549
0.220411,-0.430564,2.540640
0.382588,-0.282369,2.321482
0.287751,-0.631329,2.569795
0.637508,-0.358847,2.246402
0.123811,-0.563088,2.246402
0.685804,-0.588919,2.464787
0.114937,-0.596150,2.407791
0.682052,-0.655047,2.219257
0.410241,-0.447990,2.476786
0.421355,-0.505317,2.471867
0.430204,-0.635695,2.589715
0.507733,-0.586591,2.365963
0.181737,-0.891111,2.471839
0.271080,-0.860139,2.268345
-0.056316,-1.135822,2.346369
0.044346,-1.122222,2.162285
-0.106401,-1.189892,2.286543
-0.005739,-1.176292,2.102458
0.134621,-0.078894,2.465345
0.256948,-0.192848,2.433386
0.191935,-0.417594,2.528519
0.374177,-0.278324,2.317860
0.268934,-0.631655,2.567414
0.629127,-0.355674,2.245648
0.139440,-0.501502,2.245648
0.686514,-0.586084,2.475477
0.130573,-0.534539,2.418522
0.669095,-0.650041,2.217459
0.397248,-0.440535,2.474505
0.412495,-0.497451,2.470556
0.425969,-0.630581,2.589324
0.505269,-0.581031,2.367091
0.179697,-0.886976,2.469881
0.270454,-0.856031,2.270550
-0.056369,-1.132746,2.342863
0.045369,-1.119636,2.165484
-0.102268,-1.187319,2.280290
-0.000530,-1.174209,2.102912
0.119329,-0.064736,2.457788
0.217129,-0.199186,2.435322
0.160132,-0.422418,2.531134
0.354624,-0.269149,2.314604
0.244857,-0.635574,2.567066
0.609466,-0.347980,2.245780
0.130983,-0.500957,2.245780
0.684595,-0.580273,2.460475
0.122121,-0.533972,2.403558
0.659530,-0.641633,2.215930
0.334503,-0.414051,2.456280
0.347493,-0.462592,2.449204
0.370893,-0.595305,2.569560
0.436199,-0.548247,2.329846
0.170831,-0.893728,2.464766
0.235035,-0.931831,2.263947
-0.021014,-1.179893,2.351771
0.487082,-0.860219,2.217777
-0.068517,-1.231285,2.287805
0.420301,-0.945750,2.207152
0.109576,-0.060431,2.454229
0.216465,-0.187682,2.429433
0.157819,-0.411248,2.525512
0.345937,-0.260659,2.312970
0.225903,-0.621080,2.554783
0.600133,-0.340616,2.244213
0.115571,-0.490721,2.244213
0.681205,-0.566750,2.438895
0.106715,-0.523718,2.382010
0.650320,-0.625472,2.212632
0.333612,-0.414450,2.454973
0.347575,-0.463034,2.449258
0.370207,-0.595855,2.569844
0.435054,-0.550497,2.332251
0.169645,-0.892566,2.462212
0.231978,-0.931469,2.259088
-0.022763,-1.177213,2.346463
0.484696,-0.860813,2.221019
-0.070295,-1.228868,2.282824
0.418585,-0.946437,2.207949
0.101047,-0.044558,2.444507
0.193455,-0.182081,2.425476
0.145272,-0.362369,2.516645
0.337672,-0.248741,2.309290
0.202952,-0.606931,2.542898
0.593628,-0.328606,2.253941
0.170117,-0.802768,2.253941
0.676972,-0.562782,2.549631
0.161269,-0.835731,2.492805
0.646968,-0.621574,2.206996
0.319055,-0.413503,2.451549
0.334648,-0.463599,2.447808
0.353091,-0.592224,2.567899
0.421354,-0.553236,2.333236
0.166999,-0.897631,2.459776
0.232803,-0.940068,2.253647
-0.011630,-1.190790,2.343508
0.480310,-0.852601,2.220203
-0.059129,-1.243642,2.280918
0.416676,-0.939898,2.206465
0.102092,-0.012206,2.449023
0.179812,-0.172147,2.418444
0.102324,-0.281948,2.479684
0.329714,-0.235157,2.306762
0.166358,-0.536986,2.514950
0.582166,-0.325640,2.254284
0.165943,-0.734862,2.254284
0.674150,-0.555334,2.526295
0.157105,-0.767789,2.469530
0.649693,-0.616161,2.203639
0.304400,-0.408063,2.450889
0.321788,-0.458947,2.448977
0.308310,-0.557387,2.548368
0.406033,-0.542766,2.361070
0.171842,-0.893178,2.462483
0.242534,-0.932466,2.245152
0.025851,-1.075765,2.557525
0.493453,-0.855542,2.227271
0.093443,-1.003452,2.512289
0.426305,-0.939349,2.209623
0.069291,0.032262,2.436427
0.171524,-0.095789,2.429623
0.102962,-0.212090,2.495446
0.317629,-0.209589,2.303689
0.145305,-0.476210,2.503183
0.563701,-0.316626,2.255246
0.156883,-0.715822,2.255246
0.668658,-0.525863,2.512030
0.148053,-0.748722,2.455313
0.659242,-0.590449,2.204980
0.280665,-0.367953,2.451774
0.296875,-0.428316,2.450113
0.294264,-0.531920,2.548742
0.379726,-0.529020,2.357642
0.170871,-0.887430,2.474366
0.256283,-0.933529,2.244272
0.169845,-1.127789,2.555303
0.500034,-0.836933,2.231110
0.142615,-1.033987,2.507452
0.434439,-0.921841,2.213274
0.073750,0.042120,2.424375
0.170422,-0.088143,2.426110
0.086726,-0.274328,2.499059
0.315458,-0.195156,2.301502
0.175174,-0.492233,2.482905
0.556943,-0.313175,2.254834
0.103145,-0.751468,2.254834
0.668225,-0.476583,2.489115
0.094311,-0.784382,2.432374
0.667555,-0.565888,2.210292
0.279396,-0.368060,2.449904
0.296438,-0.428081,2.448474
0.285178,-0.535366,2.537750
0.379210,-0.515362,2.357959
0.170359,-0.889569,2.478810
0.263493,-0.922769,2.248486
-0.045586,-0.866884,2.601965
0.510683,-0.834413,2.227402
0.032373,-0.927392,2.556223
0.405776,-0.861454,2.217690
0.070136,0.056468,2.413670
0.168374,-0.069913,2.424008
0.082380,-0.221735,2.498294
0.310194,-0.164508,2.301756
0.091405,-0.485423,2.470945
0.541027,-0.301993,2.254646
0.066936,-0.730405,2.254646
0.660024,-0.469871,2.457293
0.034528,-0.813255,2.447104
0.659896,-0.559336,2.215384
0.266078,-0.353606,2.442722
0.278247,-0.411421,2.440784
0.255661,-0.514304,2.520101
0.349023,-0.487332,2.358820
0.169252,-0.888563,2.480579
0.292291,-0.841932,2.261138
-0.080127,-0.819653,2.501150
0.466869,-1.031533,2.186387
0.011915,-0.877610,2.496809
0.393067,-0.952393,2.198208
0.216807,0.370963,2.375619
0.277804,0.213601,2.338289
0.114574,0.069084,2.435843
0.404859,0.100532,2.248490
0.076576,-0.196624,2.360753
0.515437,-0.149249,2.225149
0.019379,-0.397789,2.225149
0.557039,-0.386648,2.232211
-0.020739,-0.458957,2.214092
0.579255,-0.473481,2.206252
0.315892,-0.100124,2.333283
0.318441,-0.162781,2.327044
0.269994,-0.265294,2.379510
0.388246,-0.241828,2.260022
0.208559,-0.695185,2.430560
0.362955,-0.660819,2.198913
0.195145,-0.971291,2.488048
0.298669,-0.904363,2.279146
0.150212,-1.007287,2.412710
0.253736,-0.940360,2.203808
0.243058,0.382045,2.366615
0.290781,0.185603,2.321607
0.125926,0.080142,2.422914
0.412707,0.110651,2.243398
0.074484,-0.183405,2.345722
0.529354,-0.136900,2.221821
0.020446,-0.389628,2.221821
0.561194,-0.379312,2.230701
-0.020388,-0.454925,2.212451
0.584192,-0.465610,2.203285
0.317017,-0.101074,2.330334
0.318832,-0.162428,2.324776
0.269649,-0.263470,2.376005
0.388063,-0.241693,2.259934
0.202203,-0.691213,2.412463
0.363725,-0.660241,2.198092
0.200817,-0.963515,2.468874
0.373581,-0.982767,2.181614
0.157038,-1.000156,2.393109
0.329802,-1.019408,2.105850
0.244029,0.385099,2.364848
0.293943,0.187016,2.318900
0.139426,0.088709,2.400692
0.420100,0.121149,2.238251
0.084110,-0.174840,2.327885
0.556621,-0.115973,2.213607
0.020814,-0.388012,2.213607
0.581469,-0.383428,2.227901
-0.015511,-0.445424,2.210461
0.592000,-0.482544,2.127936
0.322050,-0.098512,2.320432
0.322665,-0.157385,2.312594
0.273389,-0.252374,2.354642
0.388617,-0.235470,2.254300
0.199578,-0.689523,2.377039
0.362634,-0.659232,2.198937
0.205381,-0.954394,2.442306
0.374177,-0.976724,2.180498
0.163714,-0.989769,2.364747
0.332510,-1.012099,2.102939
0.244796,0.405577,2.359625
0.301875,0.247604,2.308208
0.167843,0.145172,2.392100
0.427048,0.129220,2.233516
0.108005,-0.117566,2.320894
0.561729,-0.108795,2.213088
0.046725,-0.370031,2.213088
0.580862,-0.376804,2.222971
-0.000237,-0.430354,2.201048
0.606169,-0.447609,2.101908
0.323818,-0.088222,2.309539
0.322621,-0.151422,2.301853
0.272553,-0.239728,2.340601
0.384889,-0.225677,2.245924
0.197801,-0.681148,2.349554
0.361429,-0.625655,2.201409
0.198464,-0.943633,2.417380
0.376642,-0.967073,2.180101
0.155085,-0.978715,2.340644
0.333263,-1.002155,2.103365
0.253435,0.397804,2.354598
0.322935,0.182288,2.288512
0.166903,0.144554,2.383070
0.436759,0.143454,2.227927
0.114033,-0.118962,2.308619
0.566781,-0.096925,2.210994
0.052286,-0.373934,2.210994
0.581515,-0.365498,2.219260
0.020125,-0.418280,2.181108
0.606022,-0.443827,2.099297
0.353614,-0.087071,2.278168
0.353823,-0.139928,2.262710
0.307307,-0.231342,2.294186
0.415208,-0.203621,2.212836
0.200667,-0.691576,2.328192
0.363583,-0.656371,2.202942
0.205141,-0.940700,2.394408
0.410923,-0.940779,2.191585
0.142885,-0.985068,2.420042
0.369231,-0.973912,2.113083
0.279756,0.439339,2.340426
0.312270,0.264722,2.291496
0.167085,0.151007,2.373238
0.440088,0.150904,2.222195
0.117217,-0.112798,2.297585
0.566398,-0.091294,2.207499
0.067145,-0.368045,2.207499
0.593846,-0.356717,2.201200
0.040981,-0.415512,2.162389
0.605263,-0.439579,2.098714
0.336393,-0.070939,2.280798
0.332935,-0.132286,2.264232
0.268220,-0.210504,2.292706
0.392373,-0.195642,2.220073
0.207466,-0.674044,2.282432
0.368850,-0.659432,2.200279
0.198648,-0.923194,2.341465
0.406531,-0.935710,2.190653
0.158103,-0.955973,2.262202
0.365986,-0.968489,2.111390
0.281375,0.442265,2.333581
0.310297,0.268163,2.288604
0.167248,0.157951,2.360454
0.442679,0.156543,2.215296
0.127597,-0.108525,2.290222
0.570798,-0.084505,2.203721
0.099221,-0.367347,2.203721
0.603928,-0.333516,2.194795
0.081950,-0.479896,2.195940
0.609307,-0.417535,2.094705
0.331887,-0.065049,2.277652
0.326776,-0.127951,2.258844
0.265250,-0.205602,2.286706
0.388569,-0.193568,2.216729
0.204978,-0.664130,2.256377
0.371854,-0.660736,2.198448
0.197278,-0.913643,2.313175
0.405453,-0.933861,2.191638
0.265575,-0.955584,2.322273
0.366367,-0.966053,2.111382
0.286762,0.455550,2.320163
0.311103,0.286880,2.280206
0.164404,0.166983,2.344613
0.445536,0.171613,2.207258
0.128888,-0.102152,2.289263
0.567916,-0.072128,2.199159
0.053995,-0.284677,2.199159
0.605968,-0.333650,2.197908
-0.023809,-0.276961,2.152491
0.609309,-0.415315,2.083771
0.328048,-0.047816,2.268665
0.320661,-0.112169,2.246825
0.260673,-0.186129,2.270004
0.382251,-0.181360,2.206758
0.208481,-0.643737,2.222626
0.372015,-0.660279,2.197793
0.238206,-0.901220,2.240346
0.405915,-0.921747,2.194209
0.203285,-0.931227,2.306593
0.368916,-0.953131,2.112633
0.286242,0.459621,2.312206
0.310469,0.290215,2.274917
0.161932,0.169790,2.334600
0.446673,0.176656,2.200327
0.108641,-0.096790,2.336952
0.567034,-0.067905,2.193920
0.055788,-0.286415,2.193920
0.609124,-0.328417,2.196630
-0.012439,-0.308909,2.158538
0.612081,-0.414729,2.080976
0.325693,-0.043542,2.263968
0.316617,-0.107094,2.239105
0.256344,-0.180663,2.261160
0.378128,-0.177123,2.199771
0.208004,-0.636380,2.200620
0.373445,-0.658718,2.194459
0.222161,-0.916744,2.214971
0.402241,-0.918604,2.195196
0.186103,-0.947670,2.132783
0.366099,-0.948780,2.112936
0.285267,0.464979,2.301478
0.304256,0.262271,2.253139
0.156616,0.172540,2.319014
0.444607,0.185160,2.191800
0.106461,-0.093070,2.333098
0.563500,-0.059834,2.187113
0.045323,-0.296045,2.187113
0.608230,-0.320575,2.204610
0.007588,-0.360916,2.174984
0.606634,-0.383033,2.083582
0.314249,-0.041386,2.248254
0.302047,-0.098851,2.219270
0.239541,-0.170453,2.235102
0.360713,-0.168173,2.180838
0.203997,-0.621651,2.168553
0.380409,-0.602624,2.167934
0.197849,-0.907853,2.166742
0.393167,-0.860614,2.189195
0.163472,-0.938039,2.083679
0.462967,-0.899130,2.201092
0.281440,0.467386,2.291450
0.300597,0.290207,2.247285
0.151434,0.173348,2.304501
0.442693,0.187849,2.183219
0.104297,-0.091780,2.324865
0.560602,-0.057891,2.173982
0.041919,-0.311922,2.173982
0.612455,-0.317708,2.212254
0.017642,-0.381351,2.186200
0.616116,-0.409855,2.067770
0.299685,-0.034718,2.231210
0.285703,-0.094073,2.199198
0.219704,-0.166052,2.214447
0.343832,-0.163876,2.158432
0.199616,-0.611786,2.146315
0.381115,-0.601236,2.165713
0.156736,-0.901096,2.119276
0.391026,-0.859369,2.184335
0.123735,-0.929727,2.035139
0.358026,-0.887999,2.100199
0.277914,0.467557,2.274477
0.295887,0.297254,2.242757
0.148109,0.176547,2.295383
0.438085,0.185357,2.166563
0.092629,-0.088470,2.305149
0.549989,-0.063481,2.148393
0.043726,-0.321943,2.148393
0.574686,-0.313157,2.220561
0.026950,-0.398312,2.194848
0.608473,-0.341716,2.078508
0.296631,-0.034680,2.225327
0.281760,-0.095063,2.191857
0.216873,-0.167195,2.208083
0.340454,-0.164502,2.151691
0.189786,-0.596950,2.116159
0.387251,-0.596137,2.160646
0.143930,-0.896615,2.068826
0.391183,-0.900846,2.174819
0.109332,-0.925242,1.985324
0.356584,-0.929473,2.091317
0.274904,0.473093,2.265018
0.292516,0.302805,2.234337
0.142542,0.186011,2.273000
0.429085,0.187279,2.151762
0.092187,-0.081856,2.261270
0.524092,-0.068323,2.117735
0.046137,-0.325603,2.117735
0.571929,-0.325320,2.229196
0.031458,-0.407101,2.205485
0.618550,-0.399805,2.048180
0.295582,-0.033541,2.216465
0.281366,-0.094600,2.181240
0.218564,-0.166403,2.197060
0.339685,-0.162689,2.141758
0.182993,-0.586701,2.098554
0.388191,-0.581091,2.150024
0.145898,-0.892670,2.031050
0.399731,-0.839655,2.166533
0.112935,-0.921234,1.946761
0.366768,-0.868219,2.082244
0.266305,0.476463,2.243813
0.286113,0.307780,2.217166
0.133833,0.185029,2.253197
0.425811,0.187585,2.141591
0.073659,-0.014057,2.242349
0.524294,-0.066948,2.107422
0.050018,-0.286024,2.107422
0.576224,-0.328426,2.237289
0.041968,-0.376051,2.240807
0.615948,-0.422688,2.031885
0.291895,-0.032163,2.202581
0.278885,-0.094006,2.166141
0.215778,-0.166709,2.181531
0.338980,-0.161989,2.128246
0.178707,-0.581059,2.082362
0.391055,-0.575047,2.142255
0.145758,-0.891056,2.002655
0.401643,-0.831598,2.170540
0.115504,-0.919845,1.917413
0.371390,-0.860386,2.085299
0.259046,0.475642,2.223906
0.275995,0.309294,2.198709
0.125774,0.185838,2.237449
0.421772,0.188860,2.130902
0.070533,-0.012276,2.232996
0.522843,-0.064973,2.099727
0.050496,-0.284373,2.099727
0.566361,-0.325411,2.236416
0.042435,-0.374497,2.240926
0.604003,-0.407722,2.020721
0.287195,-0.031081,2.182938
0.275546,-0.092740,2.144418
0.212672,-0.166050,2.154859
0.337972,-0.160170,2.109777
0.176463,-0.578042,2.067165
0.390047,-0.575479,2.135888
0.131983,-0.885735,1.962840
0.401408,-0.830023,2.173388
0.103246,-0.914390,1.877010
0.449141,-0.891116,2.195782
0.254020,0.475958,2.211927
0.269493,0.308993,2.184115
0.114843,0.183265,2.214694
0.410913,0.188132,2.110392
0.069385,-0.080924,2.223532
0.516956,-0.063670,2.089267
0.046664,-0.308708,2.089267
0.558120,-0.324998,2.247722
0.026448,-0.369630,2.266734
0.583442,-0.410540,1.992774
0.282064,-0.032100,2.166537
0.270537,-0.093432,2.126444
0.208094,-0.166527,2.138961
0.333452,-0.160872,2.089402
0.170974,-0.576908,2.050417
0.380232,-0.628986,2.134516
0.135001,-0.887234,1.946357
0.407766,-0.876397,2.192716
0.106708,-0.915638,1.860280
0.463547,-0.822703,2.169915
0.243974,0.473504,2.186334
0.258316,0.307142,2.160140
0.103535,0.179957,2.192074
0.402366,0.183304,2.092052
0.055401,-0.016043,2.193504
0.494371,-0.073378,2.047471
0.041771,-0.280005,2.047471
0.551930,-0.337770,2.250959
0.027533,-0.344695,2.260445
0.566565,-0.417847,1.975344
0.274968,-0.035256,2.148595
0.264355,-0.097316,2.108075
0.201669,-0.170469,2.118491
0.328916,-0.164377,2.074970
0.158855,-0.577809,2.029343
0.379209,-0.575607,2.104909
0.132913,-0.888506,1.914904
0.404569,-0.824219,2.172291
0.105967,-0.917483,1.828565
0.465981,-0.873808,2.189218
0.236322,0.474119,2.174941
0.252299,0.305879,2.140746
0.094222,0.183584,2.178081
0.396549,0.175545,2.073337
0.039728,-0.011028,2.159568
0.495478,-0.079432,2.043499
0.033130,-0.269381,2.043499
0.531132,-0.337900,2.236731
0.019827,-0.374348,2.256967
0.543601,-0.417115,1.949965
0.269063,-0.036763,2.127007
0.258001,-0.098380,2.085220
0.194300,-0.172095,2.094975
0.323555,-0.167456,2.050899
0.149423,-0.576936,2.009054
0.378677,-0.602540,2.105078
0.142148,-0.888251,1.884426
0.403847,-0.843824,2.180856
0.114778,-0.916951,1.798103
0.483690,-0.852619,2.172615
