-0.046819,0.088415,3.656633
-0.037081,-0.097419,3.656285
-0.178138,-0.206298,3.616711
0.140998,-0.205983,3.676861
-0.239594,-0.462553,3.555917
0.222493,-0.428279,3.607512
-0.262461,-0.671454,3.607512
0.272939,-0.573496,3.478025
-0.260561,-0.737483,3.470060
0.274240,-0.625259,3.363611
-0.032553,-0.437143,3.618991
-0.021669,-0.488837,3.559695
-0.093151,-0.555571,3.521255
0.055182,-0.563385,3.557345
-0.081903,-0.942434,3.445292
0.030705,-0.967173,3.558730
-0.072553,-1.248643,3.380869
0.041783,-1.332490,3.618625
-0.065987,-1.315522,3.322371
0.020049,-1.388355,3.567157
-0.053587,0.098344,3.632723
-0.044604,-0.092947,3.649125
-0.184129,-0.203758,3.601891
0.133741,-0.203263,3.667763
-0.243420,-0.461044,3.550411
0.220071,-0.416368,3.599075
-0.265798,-0.670193,3.599075
0.276670,-0.525778,3.473742
-0.271902,-0.735634,3.463426
0.272985,-0.545996,3.366279
-0.031267,-0.434945,3.613432
-0.017658,-0.486936,3.554061
-0.084541,-0.554425,3.515287
0.060113,-0.559581,3.551271
-0.082374,-0.943436,3.443495
0.030211,-0.971201,3.556704
-0.074108,-1.245041,3.383085
0.031471,-1.342328,3.603967
-0.069485,-1.313843,3.333621
0.027201,-1.414786,3.572623
-0.053518,0.100169,3.624472
-0.049507,-0.091576,3.635512
-0.187594,-0.205258,3.586729
0.127758,-0.200188,3.653455
-0.253162,-0.456598,3.535533
0.210389,-0.408309,3.563290
-0.275188,-0.663442,3.563290
0.267808,-0.496116,3.452246
-0.282720,-0.729016,3.446229
0.270500,-0.485058,3.349093
-0.030400,-0.433729,3.604125
-0.015784,-0.486620,3.546003
-0.080915,-0.556092,3.506729
0.061573,-0.558265,3.546412
-0.083138,-0.943689,3.442225
0.020225,-0.998148,3.539173
-0.074488,-1.244934,3.383637
0.024562,-1.300439,3.585012
-0.070245,-1.313798,3.332079
0.041426,-1.325514,3.497174
-0.054067,0.100770,3.621856
-0.053326,-0.088869,3.631550
-0.191684,-0.198068,3.568814
0.124863,-0.200252,3.646368
-0.254889,-0.455904,3.531666
0.217769,-0.393815,3.514753
-0.282570,-0.650690,3.514753
0.288959,-0.439592,3.421421
-0.288436,-0.716571,3.415783
0.284815,-0.429548,3.305921
-0.042930,-0.429054,3.585169
-0.027967,-0.479746,3.524754
-0.095995,-0.545258,3.474465
0.048901,-0.555238,3.527998
-0.083900,-0.960203,3.437325
0.019159,-0.977435,3.527578
-0.076703,-1.244314,3.387528
0.035551,-1.341585,3.602599
-0.071317,-1.312182,3.333747
0.032466,-1.417497,3.580781
-0.055005,0.103213,3.618266
-0.052599,-0.085862,3.628106
-0.195338,-0.196258,3.564754
0.119959,-0.203033,3.634084
-0.261958,-0.452664,3.515134
0.161729,-0.432436,3.570309
-0.285800,-0.645513,3.570309
0.265563,-0.366670,3.400383
-0.292381,-0.709773,3.387162
0.285741,-0.354627,3.308231
-0.043274,-0.427326,3.580781
-0.029436,-0.478377,3.520362
-0.097276,-0.545362,3.469075
0.046858,-0.554737,3.525086
-0.079724,-0.954886,3.435174
0.017687,-0.986875,3.507473
-0.077698,-1.243592,3.388428
0.039050,-1.345071,3.602160
-0.072467,-1.311413,3.333765
0.034695,-1.418236,3.572416
-0.056265,0.105467,3.616012
-0.061251,-0.080430,3.617283
-0.202518,-0.194114,3.552804
0.117401,-0.203156,3.625796
-0.267278,-0.445727,3.506723
0.153665,-0.417284,3.572649
-0.289779,-0.638439,3.572649
0.263293,-0.327206,3.392326
-0.296490,-0.702512,3.378939
0.270793,-0.272346,3.307764
-0.046863,-0.422028,3.569163
-0.031472,-0.472890,3.509077
-0.098047,-0.540990,3.454222
0.046209,-0.552403,3.517364
-0.081634,-0.962418,3.432255
0.017696,-0.989282,3.494494
-0.088498,-1.240734,3.382692
0.028300,-1.323457,3.578802
-0.072071,-1.309474,3.342912
0.043412,-1.395450,3.550718
-0.056902,0.106002,3.614923
-0.083918,-0.078752,3.572983
-0.208097,-0.194898,3.546499
0.116973,-0.205053,3.623435
-0.273868,-0.439825,3.492971
0.234167,-0.364541,3.505230
-0.293550,-0.636853,3.505230
0.255070,-0.209925,3.387447
-0.303154,-0.665553,3.379648
0.246360,-0.193421,3.329514
-0.053089,-0.416568,3.558251
-0.035043,-0.471033,3.501471
-0.099920,-0.541032,3.449776
0.044847,-0.552674,3.513093
-0.085182,-0.957301,3.425133
0.028621,-0.983777,3.476055
-0.090533,-1.241200,3.378880
0.054666,-1.317318,3.579374
-0.070954,-1.266927,3.292480
0.041187,-1.389754,3.552542
-0.061201,0.105506,3.590609
-0.084660,-0.079318,3.572887
-0.215281,-0.195122,3.531754
0.114104,-0.202940,3.617631
-0.273644,-0.438071,3.491910
0.242509,-0.365731,3.511932
-0.311672,-0.616131,3.511932
0.234263,-0.174840,3.358662
-0.304523,-0.666592,3.368905
0.230154,-0.136121,3.384853
-0.055484,-0.416521,3.551476
-0.035951,-0.469493,3.494603
-0.099290,-0.540404,3.439559
0.044932,-0.552870,3.507948
-0.089856,-0.951916,3.418782
0.030076,-0.983340,3.445764
-0.090410,-1.244645,3.376641
0.046271,-1.320803,3.555398
-0.069245,-1.269821,3.290920
0.043873,-1.398632,3.550155
-0.064095,0.104745,3.583779
-0.084958,-0.079913,3.571008
-0.214635,-0.195563,3.520323
0.112205,-0.199046,3.616179
-0.278638,-0.437686,3.473450
0.260714,-0.314807,3.481469
-0.315032,-0.623780,3.481469
0.216361,-0.111479,3.353540
-0.312839,-0.657628,3.351374
0.210667,-0.058547,3.415908
-0.058603,-0.416478,3.542603
-0.037930,-0.468260,3.486012
-0.100894,-0.539657,3.433105
0.042910,-0.550675,3.497712
-0.092136,-0.949614,3.412374
0.028697,-0.977667,3.427423
-0.090787,-1.247342,3.374228
0.047199,-1.331895,3.532975
-0.071427,-1.316147,3.342718
0.070503,-1.356758,3.447628
-0.066909,0.103141,3.571650
-0.085332,-0.080506,3.569459
-0.212307,-0.195386,3.512199
0.102215,-0.194923,3.596372
-0.282362,-0.434654,3.467243
0.261486,-0.309937,3.478416
-0.320279,-0.616193,3.478416
0.178695,-0.048653,3.341323
-0.313514,-0.650245,3.326975
0.154048,0.005586,3.460061
-0.059719,-0.415171,3.538710
-0.040639,-0.466101,3.481570
-0.103687,-0.535999,3.421384
0.040029,-0.550068,3.496571
-0.093720,-0.945038,3.406753
0.027328,-0.975557,3.405845
-0.090486,-1.248990,3.376445
0.054853,-1.303169,3.514144
-0.072283,-1.315943,3.341220
0.075952,-1.327750,3.428523
-0.066155,0.104022,3.562920
-0.088059,-0.081883,3.560392
-0.208674,-0.196853,3.504385
0.099977,-0.191443,3.585347
-0.285642,-0.434276,3.455943
0.298615,-0.232916,3.484407
-0.323549,-0.615463,3.484407
0.180626,-0.051802,3.330683
-0.315592,-0.647943,3.321946
0.126403,0.008457,3.495330
-0.064523,-0.415508,3.526737
-0.046143,-0.466027,3.469522
-0.106066,-0.535256,3.410638
0.030421,-0.550469,3.485633
-0.095140,-0.941798,3.402152
0.030290,-0.969636,3.373782
-0.090537,-1.248832,3.376226
0.034763,-1.320386,3.490079
-0.074516,-1.316891,3.342613
0.055054,-1.344750,3.404495
-0.067174,0.108749,3.529079
-0.087544,-0.081412,3.557615
-0.198804,-0.195105,3.491185
0.100525,-0.162886,3.585717
-0.293405,-0.426179,3.439755
0.289657,-0.221683,3.474195
-0.321365,-0.616084,3.474195
0.177100,-0.043003,3.327841
-0.317878,-0.639792,3.306709
0.119916,0.021038,3.528840
-0.063301,-0.410891,3.524809
-0.043163,-0.459827,3.468251
-0.101801,-0.530129,3.407678
0.033825,-0.542338,3.487268
-0.095262,-0.939955,3.398059
0.020864,-0.937501,3.367126
-0.089365,-1.251995,3.373846
0.037145,-1.293725,3.469824
-0.067174,-1.276359,3.288702
0.056524,-1.366963,3.453003
-0.067115,0.108682,3.528731
-0.085961,-0.078727,3.552404
-0.195695,-0.193979,3.485425
0.137896,-0.078911,3.565520
-0.294735,-0.422884,3.434961
0.295741,-0.202611,3.461597
-0.322819,-0.612013,3.461597
0.175147,-0.034738,3.322910
-0.320384,-0.636872,3.297944
0.118452,0.029128,3.533228
-0.049967,-0.384291,3.520950
-0.034968,-0.425028,3.464039
-0.098416,-0.517638,3.404470
0.050657,-0.507474,3.480116
-0.099491,-0.939129,3.395154
0.020348,-0.907722,3.345054
-0.089773,-1.255821,3.371806
0.027020,-1.276913,3.408074
-0.071317,-1.324841,3.341359
0.037813,-1.300758,3.320535
-0.068570,0.107804,3.515352
-0.078433,-0.070866,3.545863
-0.198355,-0.189206,3.476634
0.137004,-0.080517,3.564576
-0.294999,-0.418972,3.426555
0.310099,-0.177012,3.456727
-0.321454,-0.606264,3.456727
0.165860,-0.025416,3.312158
-0.315938,-0.632915,3.292656
0.109412,0.037598,3.519654
-0.050897,-0.379568,3.518272
-0.035258,-0.422845,3.461940
-0.101275,-0.510182,3.401497
0.050385,-0.505689,3.476703
-0.101736,-0.937854,3.390847
0.016450,-0.913352,3.342449
-0.083963,-1.254791,3.372967
0.025653,-1.286198,3.391594
-0.072424,-1.324529,3.340647
0.039118,-1.310418,3.304455
-0.068753,0.108872,3.508931
-0.076784,-0.068875,3.540477
-0.194190,-0.185984,3.462797
0.135091,-0.085520,3.561679
-0.294843,-0.416074,3.421135
0.323055,-0.140995,3.450511
-0.318231,-0.604399,3.450511
0.164888,-0.010280,3.309440
-0.317629,-0.632127,3.287786
0.108256,0.053096,3.526221
-0.053617,-0.379006,3.511322
-0.037229,-0.423246,3.454472
-0.103513,-0.507583,3.395174
0.046452,-0.506178,3.467152
-0.106484,-0.936947,3.388791
0.016019,-0.917014,3.336481
-0.081541,-1.254705,3.373274
0.026270,-1.294013,3.364183
-0.064912,-1.278859,3.286821
-0.006525,-1.362219,3.347041
-0.066860,0.113847,3.494578
-0.074685,-0.069650,3.530142
-0.199739,-0.187134,3.452289
0.134252,-0.086973,3.558478
-0.294610,-0.416103,3.412902
0.324727,-0.123312,3.444268
-0.314501,-0.604408,3.444268
0.157861,0.031444,3.301787
-0.315292,-0.630794,3.279534
0.101177,0.095217,3.524220
-0.055002,-0.376265,3.505055
-0.038164,-0.421083,3.449006
-0.106020,-0.506130,3.387671
0.046324,-0.505251,3.463979
-0.108218,-0.933353,3.386408
0.014613,-0.914934,3.327835
-0.083253,-1.256218,3.370038
0.024479,-1.272725,3.321665
-0.076308,-1.320567,3.327120
0.022767,-1.334999,3.275298
-0.065146,0.115969,3.490428
-0.073529,-0.066601,3.524369
-0.202932,-0.182781,3.443865
0.139372,-0.087243,3.547577
-0.294321,-0.416369,3.407566
0.313515,-0.013223,3.425284
-0.312057,-0.605557,3.425284
0.109416,0.045726,3.299273
-0.313856,-0.631655,3.279467
0.052518,0.109740,3.546394
-0.053885,-0.373657,3.498158
-0.037739,-0.418842,3.442063
-0.106150,-0.504508,3.382313
0.047600,-0.504443,3.454717
-0.109028,-0.932493,3.381777
0.020306,-0.905736,3.313019
-0.077201,-1.274371,3.350811
0.027079,-1.272998,3.304069
-0.059535,-1.298782,3.264462
0.044399,-1.293558,3.231128
-0.062573,0.120614,3.485296
-0.072408,-0.064189,3.514683
-0.204135,-0.181671,3.438947
0.136374,-0.091139,3.543105
-0.293753,-0.416399,3.398139
0.312248,-0.016394,3.425961
-0.313467,-0.605417,3.425961
0.108179,0.051218,3.291252
-0.313074,-0.634631,3.276501
0.051075,0.115463,3.533370
-0.054921,-0.372123,3.490624
-0.038761,-0.418079,3.434867
-0.107527,-0.503150,3.374213
0.046287,-0.504204,3.449925
-0.108790,-0.932404,3.379432
0.020998,-0.904211,3.308694
-0.074501,-1.280262,3.353481
0.049570,-1.221796,3.237747
-0.076628,-1.349692,3.318457
0.067942,-1.246426,3.151539
-0.063187,0.123460,3.484486
-0.078822,-0.062394,3.506807
-0.208122,-0.179529,3.429717
0.129777,-0.098639,3.537088
-0.293050,-0.416511,3.394004
0.294284,0.003021,3.426185
-0.312064,-0.605441,3.426185
0.104605,0.053383,3.288012
-0.312060,-0.637350,3.275106
0.047306,0.117848,3.520549
-0.058305,-0.372857,3.484008
-0.040803,-0.419515,3.428551
-0.108277,-0.503561,3.369254
0.044431,-0.505303,3.444434
-0.109280,-0.932724,3.376258
0.019391,-0.903232,3.304797
-0.074005,-1.277115,3.357344
0.050701,-1.217286,3.195457
-0.077400,-1.345046,3.319472
0.070570,-1.242034,3.109545
-0.063449,0.126126,3.479985
-0.080183,-0.061969,3.496661
-0.209829,-0.178132,3.424947
0.131668,-0.092265,3.523583
-0.292267,-0.416729,3.389738
0.299309,0.003768,3.413740
-0.310273,-0.604570,3.413740
0.090278,0.051877,3.282694
-0.309848,-0.639852,3.272691
0.032800,0.116543,3.511732
-0.058033,-0.370510,3.475967
-0.041711,-0.417258,3.420664
-0.109533,-0.502041,3.363707
0.044587,-0.503192,3.434344
-0.111008,-0.960929,3.364560
0.015407,-0.902314,3.299037
-0.079107,-1.277239,3.354872
0.052790,-1.212583,3.179954
-0.074591,-1.346447,3.319391
0.041872,-1.266398,3.124694
-0.063650,0.127687,3.469316
-0.077989,-0.060595,3.479555
-0.208849,-0.169990,3.418238
0.132502,-0.083240,3.504829
-0.290712,-0.415030,3.385208
0.312148,0.006871,3.417637
-0.309960,-0.604105,3.417637
0.093739,0.051507,3.282297
-0.310110,-0.642338,3.270951
0.036076,0.116381,3.484560
-0.056559,-0.367566,3.465056
-0.041800,-0.415204,3.410325
-0.110035,-0.499326,3.357043
0.044056,-0.500988,3.423212
-0.108268,-0.945045,3.353659
0.015323,-0.897365,3.290650
-0.080020,-1.272771,3.354875
0.046565,-1.189268,3.157002
-0.088261,-1.333053,3.306167
0.031601,-1.232868,3.092800
-0.064277,0.128104,3.463305
-0.077073,-0.059771,3.478142
-0.205702,-0.173172,3.407988
0.133110,-0.089710,3.488404
-0.287395,-0.413654,3.377563
0.308334,0.011699,3.408543
-0.308399,-0.603349,3.408543
0.094224,0.051975,3.277844
-0.309763,-0.642981,3.269016
0.036389,0.117042,3.474079
-0.054935,-0.369300,3.453291
-0.041607,-0.416021,3.395515
-0.111447,-0.497483,3.339548
0.043988,-0.500859,3.404139
-0.109127,-0.940817,3.350817
0.014377,-0.893927,3.282271
-0.080126,-1.272005,3.354098
0.042339,-1.171455,3.150348
-0.087424,-1.335521,3.310117
0.037930,-1.224329,3.080596
-0.067116,0.124361,3.437734
-0.075217,-0.059104,3.455095
-0.206093,-0.176688,3.398235
0.136637,-0.087004,3.476711
-0.284622,-0.415737,3.372057
0.312888,0.012508,3.399273
-0.306741,-0.605058,3.399273
0.089594,0.047684,3.273408
-0.309322,-0.647214,3.262341
0.031601,0.112930,3.466947
-0.052035,-0.367164,3.444173
-0.038722,-0.415792,3.388823
-0.109692,-0.498078,3.337444
0.048317,-0.500335,3.397706
-0.108715,-0.934305,3.344409
0.018355,-0.890826,3.275064
-0.082519,-1.266461,3.356499
0.046204,-1.169468,3.143961
-0.087443,-1.317303,3.298493
0.042754,-1.221353,3.077898
-0.067371,0.124187,3.429213
-0.074796,-0.058805,3.452199
-0.206899,-0.176640,3.388942
0.146109,-0.070034,3.461548
-0.284082,-0.416208,3.366213
0.338742,-0.003101,3.393911
-0.308146,-0.605528,3.393911
0.088942,0.046110,3.269907
-0.308938,-0.650994,3.256845
0.030991,0.111308,3.461375
-0.049014,-0.363798,3.437435
-0.036949,-0.410864,3.381719
-0.107830,-0.496431,3.331181
0.051286,-0.496244,3.390596
-0.107032,-0.933434,3.339598
0.017377,-0.888636,3.266784
-0.082016,-1.265430,3.355880
0.046095,-1.163180,3.133255
-0.079126,-1.322336,3.304035
0.043605,-1.216348,3.065092
-0.065635,0.123859,3.415371
-0.074043,-0.061373,3.434642
-0.199747,-0.177290,3.377114
0.147634,-0.067830,3.458555
-0.282519,-0.415594,3.358871
0.339522,-0.008619,3.380680
-0.305575,-0.603856,3.380680
0.088160,0.044347,3.261611
-0.307247,-0.655682,3.249205
0.030255,0.109493,3.451261
-0.046712,-0.363302,3.424178
-0.032797,-0.410438,3.369854
-0.101787,-0.496727,3.321316
0.055599,-0.494709,3.379033
-0.104862,-0.935235,3.335358
0.017915,-0.887407,3.261062
-0.080907,-1.267046,3.355022
0.045589,-1.157733,3.124964
-0.081249,-1.326709,3.306765
0.045180,-1.213772,3.062822
-0.064588,0.124415,3.413165
-0.061004,-0.055147,3.423667
-0.185208,-0.180015,3.360843
0.148864,-0.078392,3.439006
-0.277487,-0.412279,3.346879
0.332482,0.005172,3.367512
-0.305632,-0.601417,3.367512
0.089946,0.047690,3.254819
-0.306694,-0.654911,3.244569
0.032081,0.112791,3.435089
-0.041689,-0.363173,3.412506
-0.028595,-0.411617,3.357803
-0.096798,-0.496215,3.304621
0.056142,-0.494806,3.372527
-0.104586,-0.927499,3.325051
0.018135,-0.883414,3.253731
-0.076333,-1.263834,3.344033
0.046206,-1.159806,3.118956
-0.084404,-1.332106,3.310700
0.048526,-1.214755,3.058329
-0.063649,0.126411,3.396672
-0.059752,-0.055578,3.421652
-0.181689,-0.180357,3.354229
0.148625,-0.078154,3.437760
-0.276254,-0.410447,3.334659
0.324178,0.010880,3.350629
-0.305336,-0.600004,3.350629
0.092493,0.050079,3.245635
-0.305952,-0.654806,3.236289
0.034444,0.115388,3.431143
-0.039690,-0.364598,3.402374
-0.026238,-0.411807,3.346239
-0.094236,-0.494996,3.291656
0.057564,-0.493661,3.358113
-0.101681,-0.924402,3.313554
0.016910,-0.884834,3.249649
-0.065646,-1.283778,3.334967
0.047771,-1.161666,3.108356
-0.072855,-1.354820,3.307639
0.061392,-1.186147,3.022880
-0.060592,0.128040,3.375024
-0.057495,-0.055847,3.418792
-0.179509,-0.182528,3.341294
0.152001,-0.080237,3.430632
-0.273508,-0.410822,3.322429
0.317360,0.018686,3.333384
-0.305803,-0.599250,3.333384
0.097586,0.053289,3.233608
-0.304004,-0.651908,3.228082
0.039366,0.118790,3.419277
-0.033699,-0.367416,3.391912
-0.019069,-0.414043,3.334859
-0.087052,-0.497795,3.278640
0.067004,-0.495945,3.344944
-0.094829,-0.910551,3.293843
0.018995,-0.880292,3.235438
-0.064304,-1.283547,3.336641
0.048386,-1.157819,3.103325
-0.071358,-1.353781,3.307070
0.046734,-1.209156,3.041621
-0.058188,0.130055,3.364308
-0.045323,-0.053361,3.400247
-0.177713,-0.182171,3.329248
0.149888,-0.081350,3.418515
-0.272398,-0.410100,3.307261
0.316393,-0.004178,3.301531
-0.297952,-0.601499,3.301531
0.103005,0.055655,3.224984
-0.297210,-0.648287,3.210812
0.044629,0.121331,3.396101
-0.027899,-0.362937,3.376708
-0.014082,-0.410017,3.320727
-0.084074,-0.494565,3.267018
0.070986,-0.488775,3.331372
-0.093242,-0.910926,3.290339
0.026071,-0.874838,3.224987
-0.066463,-1.265415,3.333429
0.050077,-1.159326,3.100564
-0.084113,-1.329395,3.295234
0.048204,-1.210053,3.039739
-0.058089,0.130875,3.356166
-0.042089,-0.049049,3.392754
-0.175800,-0.180828,3.318716
0.156220,-0.080691,3.403782
-0.269034,-0.407415,3.293068
0.322008,-0.000635,3.289232
-0.289228,-0.600012,3.289232
0.100932,0.056715,3.214027
-0.287059,-0.647010,3.195729
0.042422,0.122542,3.395435
-0.028421,-0.359889,3.363594
-0.016764,-0.406355,3.306128
-0.089513,-0.490432,3.253028
0.066854,-0.484779,3.311977
-0.090987,-0.905918,3.279764
0.030489,-0.859086,3.216661
-0.066505,-1.260000,3.332185
0.055524,-1.152065,3.104798
-0.081258,-1.326353,3.297623
0.047956,-1.205283,3.045979
-0.055542,0.134939,3.341012
-0.044393,-0.048799,3.383416
-0.169871,-0.177609,3.306553
0.154843,-0.078086,3.387668
-0.264953,-0.408198,3.281856
0.331639,-0.037526,3.268966
-0.284566,-0.594823,3.268966
0.109145,0.055110,3.188775
-0.284206,-0.647327,3.171186
0.050485,0.121106,3.373363
-0.019871,-0.357159,3.345086
-0.006018,-0.400703,3.285867
-0.071890,-0.480132,3.231433
0.080328,-0.475794,3.288599
-0.088073,-0.905284,3.268710
0.033073,-0.862097,3.209526
-0.066837,-1.246166,3.323939
0.056613,-1.155792,3.096265
-0.082706,-1.312932,3.291315
0.051817,-1.205822,3.038752
-0.046868,0.138046,3.343221
-0.032212,-0.031851,3.369563
-0.163668,-0.163698,3.296676
0.161037,-0.079548,3.355925
-0.254868,-0.402979,3.269470
0.345047,-0.013463,3.274003
-0.283094,-0.589358,3.274003
0.123036,0.077166,3.179731
-0.280967,-0.647379,3.158140
0.064214,0.143344,3.356433
-0.005468,-0.349297,3.336327
0.005608,-0.396147,3.278009
-0.062345,-0.476518,3.225636
0.090396,-0.470934,3.283992
-0.060643,-0.899049,3.236584
0.033628,-0.863297,3.205181
-0.061509,-1.264197,3.319285
0.055922,-1.154048,3.089157
-0.088406,-1.327808,3.287441
0.054619,-1.206657,3.033706
-0.049904,0.141018,3.321242
-0.033057,-0.039632,3.354156
-0.158843,-0.171473,3.276890
0.163003,-0.080800,3.351235
-0.250946,-0.398078,3.255859
0.339693,-0.005180,3.260497
-0.277068,-0.582817,3.260497
0.116858,0.056005,3.162848
-0.277490,-0.643003,3.150685
0.057874,0.122365,3.330223
-0.007655,-0.347969,3.325479
0.005399,-0.393771,3.268029
-0.063270,-0.474018,3.211890
0.091059,-0.470305,3.277587
-0.058004,-0.884416,3.220222
0.037011,-0.864861,3.189793
-0.063665,-1.250826,3.299408
0.056645,-1.155165,3.087816
-0.088215,-1.320353,3.280577
0.056778,-1.208685,3.033714
-0.049506,0.141991,3.317139
-0.017600,-0.027843,3.346733
-0.153034,-0.172020,3.263993
0.171327,-0.079302,3.336823
-0.249155,-0.394523,3.251580
0.338770,0.002858,3.232669
-0.273182,-0.576079,3.232669
0.143560,-0.007989,3.152196
-0.273836,-0.637662,3.143378
0.084417,0.058550,3.336683
0.004819,-0.347253,3.308216
0.017003,-0.394184,3.248665
-0.056265,-0.474796,3.197778
0.105345,-0.469209,3.250777
-0.054306,-0.883157,3.213760
0.040372,-0.861368,3.178322
-0.062614,-1.248690,3.296986
0.057494,-1.157966,3.079866
-0.082599,-1.320326,3.280528
0.058646,-1.215171,3.029585
-0.035707,0.140935,3.317613
-0.017357,-0.029645,3.343683
-0.149043,-0.172320,3.254449
0.173492,-0.080248,3.327921
-0.243350,-0.387009,3.241920
0.334309,0.013041,3.223781
-0.265192,-0.565665,3.223781
0.150305,0.020192,3.137378
-0.268025,-0.633726,3.131891
0.091013,0.086898,3.323582
0.007978,-0.348859,3.297653
0.020427,-0.394239,3.237306
-0.048719,-0.472802,3.181042
0.107118,-0.469560,3.240500
-0.044736,-0.881627,3.198582
0.047088,-0.851711,3.164385
-0.061750,-1.248887,3.275862
0.057718,-1.158064,3.078147
-0.051306,-1.271885,3.189777
0.058288,-1.216635,3.029318
-0.027116,0.142917,3.316125
-0.016417,-0.030603,3.336167
-0.144731,-0.166192,3.246994
0.175481,-0.082808,3.317849
-0.243796,-0.377450,3.221065
0.320362,0.019985,3.197678
-0.260193,-0.561541,3.197678
0.134498,0.073946,3.128017
-0.261408,-0.628338,3.118786
0.075065,0.140812,3.304900
0.015017,-0.347093,3.286366
0.028586,-0.391053,3.225930
-0.034260,-0.470688,3.162580
0.113148,-0.465581,3.233995
-0.038952,-0.873649,3.182536
0.046727,-0.850311,3.157708
-0.060387,-1.237661,3.271253
0.057828,-1.155331,3.073993
-0.050128,-1.260481,3.185007
0.056255,-1.213681,3.024806
-0.012958,0.146900,3.306227
-0.014514,-0.032305,3.323826
-0.143165,-0.161883,3.242830
0.174634,-0.071421,3.318255
-0.242171,-0.378299,3.212195
0.321992,0.016858,3.188731
-0.251358,-0.557587,3.188731
0.135616,0.076952,3.108909
-0.249430,-0.610294,3.091597
0.076053,0.143964,3.303316
0.018972,-0.342750,3.276049
0.033140,-0.385527,3.216098
-0.030786,-0.467602,3.157572
0.118809,-0.455843,3.220278
-0.035563,-0.871587,3.171097
0.053125,-0.846634,3.142329
-0.061388,-1.233900,3.265710
0.059885,-1.164079,3.064409
-0.050599,-1.256722,3.179470
0.070673,-1.186901,2.978170
-0.006097,0.149606,3.299964
-0.012410,-0.032096,3.319651
-0.138860,-0.157045,3.235037
0.192728,-0.077402,3.283412
-0.234559,-0.379418,3.199775
0.334780,0.038182,3.176641
-0.247421,-0.554278,3.176641
0.137246,0.092434,3.089665
-0.245720,-0.603343,3.071275
0.077553,0.159592,3.300286
0.026480,-0.342434,3.263718
0.037303,-0.384236,3.201976
-0.028886,-0.463683,3.148487
0.125752,-0.456325,3.196592
-0.029346,-0.860047,3.149333
0.054697,-0.839944,3.132955
-0.058958,-1.218800,3.254376
0.061122,-1.164732,3.063736
-0.054400,-1.241393,3.167444
0.065680,-1.187325,2.976805
0.000643,0.150279,3.289845
-0.005916,-0.032443,3.305688
-0.131801,-0.163085,3.218025
0.192867,-0.072479,3.273700
-0.231755,-0.376795,3.188209
0.339568,0.026027,3.154926
-0.246206,-0.553270,3.154926
0.149107,0.048552,3.082387
-0.241668,-0.607286,3.058242
0.089260,0.115883,3.280629
0.031133,-0.347349,3.244533
0.041809,-0.389754,3.182331
-0.027809,-0.466535,3.142573
0.131084,-0.457104,3.164638
-0.023183,-0.860815,3.131981
0.059706,-0.839851,3.119180
-0.058396,-1.216804,3.244468
0.061170,-1.164188,3.063130
-0.053227,-1.239341,3.157485
0.049408,-1.227604,3.021986
-0.000746,0.152297,3.280976
0.001491,-0.032575,3.294526
-0.131880,-0.164864,3.211807
0.192212,-0.079687,3.259390
-0.224575,-0.377985,3.174603
0.342769,0.026606,3.157918
-0.242922,-0.548877,3.157918
0.151538,0.060308,3.060515
-0.238110,-0.613060,3.042619
0.091551,0.127798,3.220886
0.033965,-0.346071,3.235790
0.043133,-0.388626,3.173811
-0.024855,-0.464708,3.122356
0.130628,-0.457289,3.163227
-0.024460,-0.863837,3.116456
0.061502,-0.840520,3.109644
-0.058097,-1.217170,3.237192
0.065198,-1.164396,3.060566
-0.054177,-1.239781,3.150082
0.048863,-1.227090,3.019754
0.004537,0.152519,3.267036
0.008037,-0.032313,3.282297
-0.132328,-0.162605,3.209911
0.206843,-0.070168,3.232030
-0.221284,-0.379820,3.167190
0.366168,0.033908,3.148981
-0.242909,-0.551056,3.148981
0.174628,0.060652,3.055476
-0.238457,-0.611275,3.039728
0.114503,0.128296,3.212840
0.040558,-0.342025,3.223528
0.045212,-0.383982,3.161477
-0.024465,-0.462402,3.113302
0.131813,-0.455801,3.151220
-0.022062,-0.881195,3.087351
0.060936,-0.840378,3.096951
-0.061923,-1.229528,3.218988
0.065788,-1.162036,3.059043
-0.064643,-1.252215,3.131753
0.050787,-1.223823,3.016232
0.006230,0.153084,3.265601
0.009647,-0.032717,3.275738
-0.132991,-0.163262,3.202801
0.207879,-0.073436,3.226551
-0.214673,-0.382728,3.156165
0.354048,0.031016,3.117155
-0.241407,-0.554999,3.117155
0.173291,0.060214,3.048526
-0.237736,-0.608306,3.035930
0.113033,0.128007,3.217702
0.039604,-0.342045,3.214333
0.043882,-0.383427,3.151981
-0.026683,-0.463297,3.104211
0.129424,-0.454884,3.139334
-0.024584,-0.881528,3.075202
0.061706,-0.841864,3.085747
-0.061160,-1.232715,3.201862
0.067956,-1.161558,3.056604
-0.063470,-1.255350,3.114501
0.051479,-1.225895,3.018169
0.010582,0.153705,3.258486
0.013360,-0.031147,3.270700
-0.133006,-0.158982,3.199433
0.211211,-0.075836,3.213064
-0.213155,-0.384537,3.148722
0.356747,0.034743,3.111883
-0.238639,-0.557316,3.111883
0.176749,0.062595,3.042656
-0.236364,-0.607224,3.034545
0.116375,0.130519,3.211957
0.042993,-0.340384,3.206957
0.045967,-0.381513,3.144341
-0.025520,-0.460510,3.096012
0.131526,-0.454221,3.131536
-0.030722,-0.866661,3.053172
0.062801,-0.839246,3.080430
-0.058575,-1.215285,3.188316
0.068191,-1.160181,3.055846
-0.062699,-1.237929,3.100920
0.051941,-1.224660,3.017378
0.016846,0.153747,3.254740
0.014456,-0.029495,3.265420
-0.131931,-0.154070,3.196360
0.211664,-0.076269,3.211200
-0.211865,-0.383342,3.144084
0.355969,0.013163,3.085016
-0.236806,-0.556033,3.085016
0.176386,0.064230,3.038520
-0.233208,-0.604708,3.029945
0.115899,0.132281,3.209828
0.043688,-0.340894,3.200187
0.047072,-0.382381,3.137326
-0.024526,-0.461200,3.091771
0.132324,-0.454163,3.122738
-0.033347,-0.859541,3.038034
0.073140,-0.835448,3.074931
-0.063027,-1.213437,3.161624
0.068687,-1.159863,3.054531
-0.066441,-1.235997,3.074420
0.031593,-1.229026,3.057807
0.025711,0.156026,3.250932
0.020463,-0.027612,3.259256
-0.128780,-0.149449,3.192552
0.213964,-0.073644,3.200355
-0.211036,-0.384060,3.141224
0.355287,0.023019,3.077428
-0.233230,-0.555374,3.077428
0.176481,0.066482,3.033276
-0.234320,-0.624525,3.017292
0.115895,0.134645,3.206631
0.047091,-0.340550,3.192266
0.049035,-0.382205,3.129085
-0.023083,-0.459817,3.085482
0.132984,-0.454036,3.112200
-0.036797,-0.843690,3.018294
0.075965,-0.833416,3.070279
-0.057006,-1.201046,3.135970
0.069383,-1.158837,3.054060
-0.061899,-1.223554,3.049056
0.047123,-1.216747,3.009428
0.028973,0.156019,3.247977
0.026775,-0.025861,3.250630
-0.125743,-0.147854,3.180088
0.216905,-0.078802,3.193418
-0.208638,-0.380835,3.138592
0.350905,0.030463,3.074340
-0.232584,-0.553027,3.074340
0.183022,0.079214,3.033536
-0.230487,-0.606200,3.025727
0.122339,0.147486,3.182234
0.049780,-0.341615,3.185012
0.052373,-0.384001,3.122007
-0.020238,-0.460853,3.075454
0.135810,-0.456895,3.108097
-0.038338,-0.842361,3.008740
0.076313,-0.832430,3.066594
-0.056974,-1.200710,3.125082
0.067141,-1.155877,3.052089
-0.059902,-1.223248,3.037993
0.048380,-1.211413,3.002928
0.033814,0.157393,3.245805
0.030900,-0.023952,3.243954
-0.122822,-0.147617,3.172663
0.217187,-0.082204,3.188304
-0.207218,-0.381402,3.136034
0.349409,0.030033,3.070990
-0.232607,-0.553887,3.070990
0.180767,0.077280,3.032705
-0.229094,-0.608190,3.022676
0.119973,0.145678,3.177524
0.051416,-0.340652,3.177884
0.054039,-0.383207,3.114895
-0.019086,-0.459831,3.070482
0.136712,-0.455032,3.100434
-0.040862,-0.837515,2.994878
0.077110,-0.831544,3.061080
-0.034638,-1.200315,3.075154
0.050254,-1.166224,3.051391
0.019706,-1.204485,3.000871
0.052071,-1.216643,2.994071
0.042893,0.159773,3.244955
0.033550,-0.022051,3.234411
-0.118583,-0.144405,3.167071
0.220299,-0.077955,3.180180
-0.201128,-0.384209,3.131832
0.353019,0.032052,3.061644
-0.232981,-0.556500,3.061644
0.186083,0.071849,3.030960
-0.228673,-0.608148,3.022421
0.125178,0.140370,3.174128
0.053357,-0.338754,3.171524
0.055473,-0.381852,3.109009
-0.017774,-0.458632,3.068871
0.137275,-0.452553,3.089872
-0.049388,-0.831071,2.976805
0.090761,-0.825274,3.059898
-0.037176,-1.190483,3.054868
0.048149,-1.163228,3.049691
0.016040,-1.208239,3.003382
0.046633,-1.217429,2.996231
0.048597,0.163092,3.245285
0.031715,-0.020278,3.221709
-0.115941,-0.143851,3.157716
0.221166,-0.076402,3.178535
-0.196344,-0.383061,3.126861
0.354707,0.023431,3.050902
-0.231438,-0.556115,3.050902
0.192408,0.071800,3.029528
-0.226846,-0.607943,3.020421
0.131395,0.140442,3.166758
0.052746,-0.336969,3.164430
0.056255,-0.380833,3.102578
-0.016451,-0.457779,3.065551
0.138045,-0.451486,3.083699
-0.053085,-0.827795,2.970150
0.090390,-0.824775,3.057304
-0.054332,-1.180525,3.020723
0.047673,-1.162045,3.043818
-0.016569,-1.239890,2.991437
0.040241,-1.219884,2.994754
0.051675,0.166409,3.243954
0.036604,-0.015593,3.217266
-0.114414,-0.141679,3.153101
0.221255,-0.073689,3.175097
-0.192156,-0.382545,3.123733
0.357829,0.015094,3.042075
-0.227748,-0.555112,3.042075
0.187210,0.061924,3.026379
-0.225534,-0.607829,3.018014
0.126101,0.130675,3.142802
0.054064,-0.333987,3.157938
0.057056,-0.377879,3.095727
-0.015284,-0.453599,3.058430
0.137273,-0.448646,3.077239
-0.057463,-0.810075,2.953802
0.093524,-0.822244,3.054330
-0.059472,-1.164367,2.994958
0.043129,-1.156309,3.036486
-0.024037,-1.229652,2.977644
0.062600,-1.217460,2.995267
0.049052,0.165024,3.229312
0.038623,-0.013905,3.212453
-0.113170,-0.140497,3.148624
0.222583,-0.072794,3.172107
-0.190465,-0.382503,3.120231
0.360000,0.015707,3.040482
-0.226620,-0.555673,3.040482
0.192496,0.068353,3.025078
-0.224760,-0.608518,3.016564
0.131294,0.137210,3.143370
0.056111,-0.334586,3.153327
0.059420,-0.379133,3.091156
-0.012568,-0.456410,3.045364
0.139968,-0.450686,3.076703
-0.056418,-0.808464,2.951858
0.095181,-0.822328,3.053928
-0.093053,-1.141882,2.943048
0.049171,-1.154414,3.035496
-0.067424,-1.212831,2.954650
0.060056,-1.218730,2.995871
0.042142,0.167150,3.207247
0.039526,-0.013813,3.208877
-0.112221,-0.138226,3.144653
0.223249,-0.073375,3.169996
-0.189474,-0.378890,3.114692
0.358741,0.014426,3.035936
-0.225435,-0.553549,3.035936
0.193998,0.068182,3.023436
-0.224127,-0.608659,3.015488
0.132699,0.137146,3.142754
0.056426,-0.335233,3.148630
0.060024,-0.379833,3.086416
-0.012840,-0.456654,3.039277
0.140805,-0.451703,3.074970
-0.060502,-0.799599,2.938070
0.096599,-0.819339,3.049684
-0.094518,-1.136728,2.929673
0.058840,-1.148392,3.036773
-0.093975,-1.159364,2.842722
0.060614,-1.215361,3.000101
0.033459,0.168216,3.191864
0.040439,-0.015708,3.204541
-0.111958,-0.137866,3.139431
0.225237,-0.072247,3.166458
-0.188213,-0.379439,3.111889
0.360708,0.012313,3.030414
-0.224005,-0.553932,3.030414
0.197127,0.052169,3.020998
-0.221549,-0.611932,3.011423
0.135730,0.121244,3.145621
0.055740,-0.335167,3.144408
0.059214,-0.379301,3.082191
-0.014901,-0.456531,3.034154
0.140577,-0.451831,3.071876
-0.060982,-0.799063,2.932454
0.098281,-0.817455,3.048140
-0.097908,-1.120206,2.894782
0.058169,-1.148303,3.036347
-0.097075,-1.142832,2.807786
0.059281,-1.215700,3.000363
0.042296,0.168794,3.192345
0.045544,-0.015530,3.197622
-0.110553,-0.136650,3.133333
0.227989,-0.076003,3.154018
-0.187390,-0.379595,3.108516
0.363941,0.017637,3.026778
-0.223279,-0.553222,3.026778
0.197382,0.063287,3.016573
-0.220980,-0.611363,3.010135
0.136040,0.132300,3.133329
0.058293,-0.335449,3.140124
0.060782,-0.380077,3.078276
-0.014273,-0.456593,3.029680
0.142201,-0.453813,3.069747
-0.064468,-0.797141,2.924294
0.098436,-0.817280,3.047174
-0.123570,-1.174534,2.842070
0.058920,-1.148461,3.036709
-0.125506,-1.209036,2.753436
0.058535,-1.215296,2.999637
0.044039,0.167776,3.187445
0.044971,-0.018257,3.188279
-0.111647,-0.135478,3.131553
0.220985,-0.106693,3.149137
-0.186918,-0.378952,3.106551
0.343018,0.015369,3.035678
-0.222283,-0.552101,3.035678
0.181497,0.078283,3.013886
-0.221331,-0.609057,3.007168
0.120214,0.147229,3.140448
0.055818,-0.338901,3.131314
0.059230,-0.383792,3.069685
-0.016710,-0.458096,3.022495
0.141381,-0.457958,3.063205
-0.067075,-0.797090,2.913144
0.098620,-0.812751,3.042549
-0.123597,-1.175825,2.839510
0.064785,-1.136418,3.042145
-0.123388,-1.210084,2.751748
0.052398,-1.200787,3.002824
0.048785,0.168407,3.188237
0.047386,-0.017275,3.184566
-0.111385,-0.133238,3.124864
0.225723,-0.096443,3.138754
-0.186541,-0.380143,3.101372
0.351588,0.022330,3.026737
-0.222880,-0.552642,3.026737
0.184191,0.078481,3.008332
-0.224838,-0.622752,2.993333
0.122972,0.147355,3.124150
0.057571,-0.338601,3.127094
0.059786,-0.383634,3.065338
-0.017080,-0.457712,3.018943
0.142149,-0.458612,3.057417
-0.068146,-0.795766,2.908226
0.098608,-0.813082,3.041675
-0.131301,-1.170408,2.816870
0.064680,-1.136637,3.041705
-0.133002,-1.204902,2.728333
0.054489,-1.199249,2.999055
0.072860,0.167675,3.202193
0.047376,-0.014258,3.180300
-0.112468,-0.130564,3.119933
0.226266,-0.088011,3.130663
-0.186374,-0.379096,3.094380
0.357477,0.024589,3.018902
-0.223475,-0.552359,3.018902
0.189205,0.074208,3.003986
-0.226399,-0.621757,2.986418
0.128053,0.143008,3.118145
0.058330,-0.336261,3.122897
0.059862,-0.381539,3.061199
-0.016890,-0.456234,3.017333
0.141839,-0.455949,3.050009
-0.069966,-0.792484,2.902949
0.097531,-0.815768,3.038898
-0.136268,-1.161920,2.790648
0.064717,-1.137273,3.041591
-0.139322,-1.196497,2.701156
0.056401,-1.200298,2.999147
0.059844,0.168720,3.172762
0.045889,-0.014501,3.177808
-0.113285,-0.129787,3.112952
0.226756,-0.085037,3.125827
-0.189781,-0.376390,3.081497
0.360678,0.022252,3.012124
-0.225640,-0.552882,3.012124
0.194318,0.075273,2.998868
-0.229530,-0.621082,2.977510
0.133229,0.144002,3.112453
0.057633,-0.335355,3.120277
0.059497,-0.380282,3.058527
-0.016850,-0.454973,3.014990
0.141522,-0.454952,3.047108
-0.071355,-0.790226,2.899522
0.096990,-0.816549,3.037083
-0.138836,-1.156344,2.776264
0.064798,-1.138901,3.040343
-0.141663,-1.190847,2.686316
0.058447,-1.200912,2.996105
0.059616,0.168235,3.170680
0.047497,-0.011805,3.172540
-0.114127,-0.131011,3.105012
0.226674,-0.082646,3.122881
-0.192495,-0.376519,3.075339
0.361433,0.020211,3.005855
-0.228644,-0.549188,3.005855
0.197312,0.073524,2.984544
-0.230911,-0.592320,2.962928
0.136284,0.142184,3.109731
0.057454,-0.332898,3.115814
0.059578,-0.378023,3.054230
-0.016788,-0.452628,3.011183
0.141068,-0.453447,3.043044
-0.073332,-0.786961,2.895126
0.096117,-0.816600,3.033073
-0.138275,-1.152040,2.767515
0.061320,-1.141919,3.038174
-0.140051,-1.186542,2.677330
0.055569,-1.204039,2.994002
0.059740,0.168589,3.170184
0.043483,-0.012104,3.162451
-0.116962,-0.130741,3.098529
0.225376,-0.078553,3.119489
-0.194163,-0.378478,3.065979
0.364992,0.017197,3.002598
-0.231927,-0.546152,3.002598
0.200568,0.070885,2.966234
-0.236285,-0.613847,2.943865
0.139601,0.139475,3.105038
0.056563,-0.329456,3.110553
0.059453,-0.374396,3.049370
-0.016813,-0.449393,3.005970
0.141963,-0.450888,3.039464
-0.074446,-0.783531,2.890861
0.095922,-0.816559,3.032656
-0.137447,-1.145838,2.753726
0.062831,-1.140164,3.038988
-0.138610,-1.180357,2.663144
0.056110,-1.202561,2.995346
0.053985,0.168430,3.158976
0.041651,-0.012212,3.159737
-0.118503,-0.129246,3.092452
0.226975,-0.077547,3.114326
-0.195987,-0.373819,3.056766
0.368232,0.011823,2.994142
-0.231036,-0.542934,2.994142
0.204510,0.071454,2.959296
-0.236440,-0.609554,2.934310
0.143605,0.139976,3.098431
0.055424,-0.328779,3.107579
0.058662,-0.373515,3.046563
-0.017356,-0.448678,3.002384
0.141506,-0.450756,3.036939
-0.074835,-0.782362,2.887069
0.094682,-0.819101,3.028626
-0.136866,-1.145723,2.753858
0.060785,-1.141492,3.036809
-0.137761,-1.180247,2.663443
0.056200,-1.205029,2.994561
0.055353,0.168642,3.157516
0.039795,-0.009239,3.150652
-0.121020,-0.128485,3.084017
0.226545,-0.076427,3.112450
-0.201274,-0.369811,3.045438
0.370389,0.009439,2.993490
-0.231491,-0.539260,2.993490
0.203326,0.071941,2.947412
-0.234542,-0.607543,2.927165
0.142481,0.140396,3.098385
0.053085,-0.326655,3.100621
0.057331,-0.371914,3.040115
-0.018708,-0.447655,2.995534
0.140568,-0.449996,3.031885
-0.073430,-0.782441,2.883628
0.094541,-0.817272,3.023902
-0.137699,-1.144433,2.748108
0.059148,-1.140959,3.034400
-0.137157,-1.178958,2.657636
0.053088,-1.205842,2.994444
0.055488,0.168775,3.156476
0.038023,-0.006030,3.141711
-0.123654,-0.126326,3.067883
0.221595,-0.077472,3.110358
-0.204035,-0.366216,3.040072
0.369018,0.004478,2.994009
-0.234348,-0.535367,2.994009
0.203299,0.072712,2.942069
-0.232418,-0.587400,2.935776
0.142512,0.141100,3.096693
0.048571,-0.326249,3.093737
0.054708,-0.372393,3.033575
-0.021047,-0.447306,2.986877
0.137686,-0.450799,3.028534
-0.074885,-0.782749,2.878056
0.090419,-0.819573,3.016346
-0.137859,-1.145427,2.745006
0.059376,-1.140391,3.034057
-0.133731,-1.180069,2.654807
0.053092,-1.205672,2.994790
0.056458,0.169868,3.151726
0.031214,-0.009565,3.127886
-0.124887,-0.125043,3.059198
0.222160,-0.073129,3.105083
-0.205095,-0.365649,3.035526
0.372557,0.006539,2.992175
-0.234740,-0.533678,2.992175
0.193086,0.087245,2.935675
-0.238096,-0.603112,2.920518
0.132358,0.155567,3.095112
0.045537,-0.325002,3.086489
0.052683,-0.371251,3.027219
-0.022175,-0.446929,2.982357
0.136097,-0.450491,3.021791
-0.074562,-0.781870,2.872350
0.086797,-0.819965,3.011828
-0.138283,-1.145187,2.742909
0.058284,-1.141308,3.032644
-0.133502,-1.180067,2.653009
0.052832,-1.206807,2.993618
0.056047,0.172370,3.145547
0.029587,-0.009371,3.124210
-0.125736,-0.124499,3.054827
0.218667,-0.071817,3.103563
-0.207983,-0.363557,3.027266
0.366386,0.010600,2.989266
-0.236204,-0.531781,2.989266
0.197997,0.061599,2.927927
-0.242447,-0.601103,2.913508
0.137327,0.129856,3.081874
0.043379,-0.324597,3.081632
0.050952,-0.370561,3.022477
-0.022991,-0.446001,2.975563
0.133995,-0.449979,3.018929
-0.076902,-0.779425,2.862598
0.085104,-0.819854,3.009247
-0.138119,-1.145357,2.742110
0.057784,-1.142046,3.031865
-0.132596,-1.180245,2.652651
0.050974,-1.208489,2.994692
0.054105,0.171412,3.136399
0.027750,-0.009692,3.121354
-0.129248,-0.120536,3.043706
0.211762,-0.072544,3.099585
-0.212497,-0.355715,3.018307
0.359823,0.010795,2.987285
-0.237497,-0.526218,2.987285
0.193411,0.065527,2.923099
-0.242951,-0.594978,2.906200
0.132797,0.133722,3.080987
0.040240,-0.324166,3.075747
0.048901,-0.369293,3.016266
-0.024146,-0.443493,2.966590
0.131327,-0.448769,3.014090
-0.080089,-0.775932,2.852731
0.084054,-0.819439,3.007907
-0.137668,-1.144429,2.741207
0.057314,-1.144245,3.030847
-0.130040,-1.179164,2.652323
0.050158,-1.211689,2.995585
0.049205,0.171093,3.125485
0.025311,-0.009059,3.109684
-0.130502,-0.121167,3.032862
0.209959,-0.073238,3.096766
-0.216359,-0.354887,3.002878
0.357121,0.006542,2.980281
-0.239310,-0.528711,2.980281
0.195349,0.069273,2.914906
-0.245623,-0.596943,2.896497
0.134788,0.137408,3.077085
0.035928,-0.325441,3.064760
0.045547,-0.371167,3.005656
-0.027515,-0.446194,2.954807
0.127677,-0.450537,3.006159
-0.081867,-0.780115,2.846395
0.082330,-0.819800,3.002969
-0.138275,-1.148869,2.736182
0.056668,-1.143914,3.028862
-0.128694,-1.183777,2.647770
0.052350,-1.213462,2.997424
0.036626,0.173969,3.102433
0.016055,-0.008141,3.099884
-0.133753,-0.118193,3.023425
0.205629,-0.069720,3.088385
-0.219539,-0.355152,2.994593
0.357571,0.005836,2.976780
-0.246382,-0.522818,2.976780
0.156139,0.098621,2.895412
-0.245843,-0.575586,2.881216
0.095624,0.166704,3.089100
0.032612,-0.321553,3.059381
0.043236,-0.367162,3.000749
-0.028768,-0.442596,2.948332
0.126516,-0.448045,3.003571
-0.081940,-0.775582,2.837191
0.077900,-0.816965,2.995157
-0.140110,-1.144903,2.731392
0.051155,-1.151763,3.015098
-0.130306,-1.179874,2.643452
0.062771,-1.175097,2.929005
0.020456,0.170541,3.086425
0.013892,-0.005926,3.091535
-0.138909,-0.117016,3.014216
0.198529,-0.066001,3.082400
-0.222196,-0.354197,2.980160
0.353360,-0.000279,2.968460
-0.248519,-0.521602,2.968460
0.156089,0.082094,2.880847
-0.251967,-0.588755,2.858066
0.095493,0.150268,3.087224
0.029377,-0.318939,3.051154
0.040448,-0.364548,2.992941
-0.031476,-0.440231,2.938528
0.123874,-0.446154,2.998060
-0.083224,-0.773331,2.828069
0.073090,-0.815762,2.987052
-0.139924,-1.144264,2.729606
0.051192,-1.151667,3.014899
-0.129430,-1.179173,2.642004
0.063433,-1.175032,2.928883
0.024524,0.169532,3.089405
0.005164,-0.002522,3.081049
-0.141191,-0.116111,3.005559
0.194302,-0.061815,3.076953
-0.228327,-0.347322,2.965495
0.350820,-0.003265,2.961523
-0.250030,-0.519069,2.961523
0.152338,0.082575,2.874347
-0.257835,-0.586083,2.851965
0.091666,0.150835,3.086828
0.024012,-0.317496,3.039527
0.036111,-0.363235,2.981178
-0.033090,-0.438464,2.929530
0.118089,-0.444555,2.983403
-0.084248,-0.771730,2.820629
0.071526,-0.816931,2.983296
-0.138527,-1.142170,2.718683
0.048755,-1.152076,3.009789
-0.127417,-1.177061,2.630956
0.042726,-1.223423,2.982888
0.017576,0.156146,3.068802
-0.001991,-0.006263,3.069563
-0.145967,-0.118176,2.994643
0.191053,-0.060622,3.071327
-0.236666,-0.353333,2.952817
0.349771,-0.004958,2.958451
-0.253766,-0.524590,2.958451
0.143229,0.091121,2.860060
-0.261402,-0.592903,2.841674
0.082495,0.159449,3.084012
0.019886,-0.316072,3.034093
0.033153,-0.361700,2.976553
-0.036023,-0.437224,2.921479
0.116779,-0.444461,2.981981
-0.084787,-0.768584,2.806046
0.063855,-0.817125,2.971307
-0.138163,-1.141213,2.715569
0.047818,-1.151497,3.003385
-0.125942,-1.176013,2.628802
0.043501,-1.222629,2.975567
0.018971,0.157135,3.066408
-0.004832,-0.004831,3.060954
-0.151597,-0.116755,2.982771
0.185196,-0.057987,3.067511
-0.241668,-0.351738,2.942854
0.340472,-0.004402,2.948024
-0.260305,-0.521127,2.948024
0.162370,-0.015121,2.847145
-0.268784,-0.573478,2.832328
0.101541,0.053315,3.070721
0.014054,-0.312893,3.023198
0.027977,-0.357606,2.965873
-0.040355,-0.433172,2.908173
0.111174,-0.442171,2.974073
-0.083676,-0.768159,2.803813
0.057913,-0.807589,2.953246
-0.138889,-1.138520,2.703174
0.044516,-1.153198,2.996436
-0.125302,-1.173424,2.615709
0.043101,-1.226622,2.974914
-0.010329,0.169959,3.033900
-0.007928,-0.000631,3.051026
-0.159727,-0.115189,2.968069
0.176657,-0.051826,3.058399
-0.245796,-0.350003,2.931726
0.337346,-0.005854,2.944674
-0.267807,-0.516532,2.944674
0.163375,-0.015455,2.831795
-0.272296,-0.586944,2.821149
0.102472,0.053064,3.065464
0.007544,-0.308531,3.012814
0.021440,-0.353141,2.955574
-0.046951,-0.429532,2.894897
0.103420,-0.439827,2.965748
-0.085253,-0.764955,2.791161
0.055446,-0.810262,2.949709
-0.136613,-1.136724,2.695399
0.041728,-1.150228,2.992510
-0.121919,-1.171572,2.608116
0.031873,-1.223094,2.971247
0.003521,0.167545,3.047704
-0.018877,0.002938,3.035303
-0.163517,-0.113531,2.958334
0.166289,-0.059280,3.050037
-0.255806,-0.350060,2.914217
0.328620,0.000020,2.948506
-0.276298,-0.520656,2.948506
0.137800,0.019444,2.822660
-0.281279,-0.587971,2.799239
0.076817,0.088053,3.050137
-0.001730,-0.308937,3.000788
0.013512,-0.354870,2.944217
-0.052613,-0.429921,2.885981
0.094507,-0.441161,2.955729
-0.090411,-0.764723,2.780945
0.054074,-0.810774,2.945892
-0.137210,-1.136874,2.684841
0.036958,-1.142792,2.983385
-0.120911,-1.172008,2.598125
0.054765,-1.166530,2.898357
0.004104,0.167262,3.047404
-0.033282,0.001646,3.024307
-0.175162,-0.110639,2.941489
0.160314,-0.061942,3.036426
-0.262419,-0.346364,2.902089
0.326881,0.001039,2.948765
-0.282216,-0.517106,2.948765
0.131218,0.034973,2.811252
-0.288659,-0.581448,2.781038
0.070297,0.103512,3.051546
-0.012776,-0.309188,2.989426
0.003674,-0.354765,2.933108
-0.062637,-0.430577,2.874200
0.086343,-0.441123,2.944435
-0.094726,-0.766605,2.772476
0.039048,-0.828394,2.930554
-0.138332,-1.139637,2.680382
0.034042,-1.139061,2.977509
-0.121259,-1.174711,2.594022
0.052590,-1.162735,2.892637
-0.014260,0.175175,3.020738
-0.035871,0.006239,3.013066
-0.180097,-0.106779,2.932805
0.154717,-0.055843,3.027660
-0.269621,-0.338080,2.886388
0.325008,-0.004137,2.940465
-0.293993,-0.508322,2.940465
0.132871,0.017848,2.796376
-0.298415,-0.566019,2.767056
0.071857,0.086493,3.035585
-0.017545,-0.302158,2.980763
-0.001549,-0.347566,2.924765
-0.068653,-0.424799,2.865488
0.081490,-0.434237,2.937674
-0.100083,-0.761248,2.766202
0.025075,-0.783708,2.900795
-0.140010,-1.136154,2.683197
0.032173,-1.134241,2.972929
-0.122733,-1.171237,2.596808
0.050680,-1.158047,2.888057
-0.029088,0.179422,3.008281
-0.047886,0.006536,2.996951
-0.188430,-0.101778,2.922651
0.148227,-0.051017,3.018525
-0.276434,-0.339880,2.875874
0.320370,-0.002507,2.934706
-0.302207,-0.503549,2.934706
0.133193,0.016867,2.773703
-0.304000,-0.571140,2.750239
0.072106,0.085594,3.031767
-0.034139,-0.295232,2.963892
-0.019147,-0.338877,2.907849
-0.086282,-0.416924,2.844233
0.061970,-0.428407,2.922197
-0.106784,-0.761481,2.760402
0.022971,-0.788784,2.898613
-0.144650,-1.137296,2.682879
0.031283,-1.131606,2.968130
-0.126829,-1.168518,2.596927
0.049860,-1.155318,2.883232
-0.048116,0.183748,2.977900
-0.051771,0.013164,2.992616
-0.195436,-0.099678,2.912411
0.142247,-0.029138,3.006499
-0.291383,-0.327218,2.860465
0.324407,-0.014645,2.937262
-0.309763,-0.493059,2.937262
0.112265,0.015134,2.761078
-0.310141,-0.561618,2.740811
0.051243,0.083787,3.030578
-0.036179,-0.291109,2.960650
-0.021853,-0.335579,2.904576
-0.088860,-0.415473,2.841836
0.059677,-0.424567,2.918223
-0.127491,-0.785790,2.738180
0.021650,-0.789620,2.894490
-0.144898,-1.141981,2.690158
0.029917,-1.126721,2.956805
-0.128014,-1.165745,2.604943
0.046800,-1.150484,2.871589
-0.048876,0.185521,2.974946
-0.063100,0.018928,2.977081
-0.203907,-0.097653,2.897073
0.139777,-0.029487,3.003652
-0.297359,-0.322325,2.849218
0.320737,-0.012353,2.931726
-0.319134,-0.484915,2.931726
0.098729,0.063428,2.745199
-0.316189,-0.547301,2.718901
0.037765,0.132016,3.002678
-0.047674,-0.286314,2.948075
-0.031443,-0.331596,2.892898
-0.098460,-0.412473,2.829890
0.051154,-0.422108,2.908336
-0.130926,-0.770339,2.744843
0.016002,-0.795244,2.882116
-0.146684,-1.142696,2.694000
0.029141,-1.129136,2.953245
-0.127119,-1.166707,2.609440
0.048707,-1.153147,2.868685
-0.052611,0.187234,2.967802
-0.065781,0.020546,2.972908
-0.206981,-0.093685,2.886997
0.136829,-0.024173,2.996712
-0.302347,-0.315752,2.838032
0.319370,-0.012172,2.930799
-0.322163,-0.478268,2.930799
0.093364,0.064059,2.734011
-0.328159,-0.540413,2.697544
0.032451,0.132589,3.000683
-0.050082,-0.283035,2.943077
-0.033474,-0.327716,2.887864
-0.100517,-0.409256,2.822879
0.049871,-0.419185,2.904521
-0.134891,-0.758288,2.748184
0.012610,-0.796987,2.875293
-0.146796,-1.137846,2.696535
0.029023,-1.131776,2.946174
-0.126832,-1.164628,2.611865
0.022636,-1.204825,2.924207
-0.057828,0.190484,2.958292
-0.074478,0.025365,2.961609
-0.215067,-0.088529,2.876191
0.127855,-0.015124,2.989202
-0.308061,-0.303936,2.822957
0.311516,-0.013730,2.928172
-0.339527,-0.465842,2.928172
0.086692,0.065137,2.697515
-0.333279,-0.536447,2.680396
0.025828,0.133613,2.996670
-0.060204,-0.277477,2.931585
-0.043541,-0.322086,2.876479
-0.111359,-0.403419,2.812902
0.039561,-0.413182,2.891308
-0.138421,-0.750927,2.747988
0.009923,-0.796063,2.864721
-0.151239,-1.130876,2.706178
0.029363,-1.131478,2.939709
-0.130913,-1.161165,2.621538
0.023476,-1.206372,2.924989
-0.061394,0.194347,2.954551
-0.079016,0.020410,2.950796
-0.221380,-0.084203,2.869616
0.124388,-0.013202,2.984478
-0.314521,-0.301501,2.813090
0.307294,-0.008079,2.921557
-0.339577,-0.464550,2.921557
0.077480,0.068382,2.695049
-0.334569,-0.534794,2.671069
0.016663,0.136805,2.992442
-0.064288,-0.274319,2.924090
-0.047580,-0.317349,2.869081
-0.115323,-0.398958,2.803611
0.036232,-0.410157,2.885318
-0.141507,-0.747707,2.748023
0.004314,-0.794146,2.846735
-0.157763,-1.127587,2.711676
0.024387,-1.125495,2.918046
-0.137101,-1.157835,2.627225
0.045316,-1.149471,2.833787
-0.062229,0.196325,2.951686
-0.082530,0.022043,2.941783
-0.223913,-0.081813,2.862457
0.120105,-0.013080,2.978886
-0.317651,-0.301485,2.804297
0.302847,-0.005374,2.916924
-0.340496,-0.460462,2.916924
0.072986,0.069629,2.688362
-0.338706,-0.533633,2.658996
0.012215,0.138000,2.987927
-0.069918,-0.271379,2.916049
-0.052932,-0.314493,2.861750
-0.121439,-0.396361,2.794590
0.030995,-0.408072,2.880143
-0.147982,-0.744421,2.746172
-0.000319,-0.787584,2.823745
-0.159164,-1.124508,2.717737
0.017333,-1.117961,2.896500
-0.137813,-1.156018,2.633591
0.038903,-1.142051,2.812426
-0.068667,0.196432,2.942041
-0.105324,0.019488,2.922485
-0.230313,-0.083471,2.851562
0.106963,-0.016141,2.972953
-0.327124,-0.299475,2.791142
0.285155,0.002335,2.896861
-0.345901,-0.454467,2.896861
0.055423,0.072689,2.676775
-0.343992,-0.531872,2.641488
-0.005298,0.141003,2.973826
-0.081911,-0.273881,2.903231
-0.062060,-0.317433,2.850368
-0.126992,-0.398154,2.787336
0.023488,-0.408473,2.869744
-0.154270,-0.744151,2.744069
-0.005151,-0.782480,2.808985
-0.162222,-1.124108,2.725339
0.007735,-1.102017,2.876455
-0.139185,-1.157946,2.641937
0.030971,-1.126367,2.792902
-0.077290,0.193648,2.926452
-0.111958,0.017810,2.915008
-0.242697,-0.089667,2.839978
0.105578,-0.014701,2.969805
-0.330739,-0.297768,2.785596
0.282416,-0.000535,2.889173
-0.347599,-0.453161,2.889173
0.065696,0.112518,2.669643
-0.345045,-0.530772,2.635040
0.005022,0.180781,2.966484
-0.088023,-0.272814,2.896053
-0.067448,-0.315790,2.843582
-0.133454,-0.398673,2.779617
0.020743,-0.408009,2.863164
-0.161737,-0.746450,2.742693
-0.006993,-0.781251,2.798626
-0.162354,-1.126178,2.729608
0.007505,-1.102864,2.868298
-0.138593,-1.158285,2.646432
0.031278,-1.127188,2.784882
-0.082272,0.195023,2.918597
-0.112929,0.016327,2.909826
-0.240163,-0.090228,2.834394
0.097007,-0.015169,2.962929
-0.334903,-0.297367,2.776886
0.275981,-0.002028,2.890514
-0.348538,-0.452254,2.890514
0.061239,0.114166,2.662781
-0.346003,-0.530208,2.623448
0.000612,0.182375,2.967124
-0.090999,-0.276646,2.888620
-0.070567,-0.320010,2.835826
-0.135705,-0.401666,2.772167
0.016220,-0.410440,2.856515
-0.167764,-0.749193,2.739509
-0.009511,-0.778681,2.782609
-0.160977,-1.128418,2.733173
0.004798,-1.100401,2.855224
-0.136697,-1.160141,2.650208
0.028945,-1.124672,2.771897
-0.084673,0.193877,2.910947
-0.112866,0.016585,2.909425
-0.246521,-0.092881,2.828657
0.091576,-0.017610,2.957961
-0.339953,-0.300518,2.766366
0.269269,-0.002355,2.882688
-0.349031,-0.456647,2.882688
0.083132,0.081251,2.654251
-0.346154,-0.529605,2.618330
0.022552,0.149407,2.951418
-0.093691,-0.277716,2.883885
-0.074422,-0.321012,2.829754
-0.141609,-0.402712,2.765230
0.010007,-0.411129,2.845478
-0.176126,-0.748441,2.735557
-0.010236,-0.775396,2.768538
-0.157437,-1.126654,2.736779
-0.000242,-1.099375,2.835716
-0.132985,-1.159066,2.653930
0.023797,-1.123432,2.752293
-0.089420,0.194278,2.905150
-0.118562,0.016473,2.900959
-0.252507,-0.094243,2.823115
0.088467,-0.018050,2.950969
-0.341881,-0.300513,2.759441
0.266924,-0.001491,2.880168
-0.349812,-0.457309,2.880168
0.082502,0.080820,2.648885
-0.345939,-0.528906,2.610316
0.021968,0.148925,2.951003
-0.096369,-0.278201,2.878240
-0.076494,-0.321772,2.824926
-0.143374,-0.403884,2.762554
0.009816,-0.411139,2.840818
-0.180772,-0.747509,2.732564
-0.017197,-0.771941,2.746265
-0.165388,-1.036020,2.728688
-0.003789,-1.093414,2.819864
-0.141743,-1.060209,2.645188
0.019856,-1.117602,2.736364
-0.096317,0.196463,2.893704
-0.118809,0.017498,2.899509
-0.256206,-0.093033,2.819195
0.083107,-0.016483,2.943633
-0.342533,-0.300202,2.755675
0.262717,-0.002494,2.877994
-0.350577,-0.456190,2.877994
0.053141,0.079833,2.644428
-0.345523,-0.529847,2.605222
-0.007343,0.147882,2.940300
-0.095860,-0.276605,2.876401
-0.076167,-0.319910,2.822978
-0.144466,-0.403087,2.760398
0.014007,-0.405451,2.838659
-0.182272,-0.747239,2.730644
-0.022748,-0.767613,2.732645
-0.166235,-1.037187,2.728604
-0.011135,-1.082624,2.793033
-0.143239,-1.061313,2.644910
0.011861,-1.106750,2.709338
-0.099300,0.196630,2.889559
-0.125583,0.017995,2.891072
-0.261895,-0.091210,2.813058
0.086300,0.009136,2.923847
-0.342683,-0.299367,2.750452
0.265928,-0.022892,2.872315
-0.350585,-0.459489,2.872315
0.043170,0.030548,2.638620
-0.345214,-0.531323,2.603345
-0.017263,0.098539,2.926471
-0.096974,-0.271048,2.870948
-0.079356,-0.313333,2.817088
-0.149590,-0.400499,2.756315
0.015918,-0.398076,2.831623
-0.183856,-0.747682,2.727953
-0.026955,-0.760081,2.722068
-0.165167,-1.038232,2.728028
-0.022153,-1.072502,2.765668
-0.146862,-1.062291,2.643174
-0.003847,-1.096561,2.680814
-0.103344,0.195740,2.881785
-0.125800,0.018334,2.887022
-0.265097,-0.090538,2.806427
0.077373,0.008416,2.919425
-0.343107,-0.298418,2.748386
0.256016,-0.023779,2.863977
-0.351024,-0.460917,2.863977
0.042989,0.029317,2.636385
-0.345675,-0.532508,2.602295
-0.017392,0.097249,2.926478
-0.105068,-0.274438,2.858186
-0.089475,-0.316898,2.802651
-0.157868,-0.401323,2.745161
-0.006961,-0.403261,2.808369
-0.185910,-0.747851,2.724943
-0.033113,-0.756605,2.705683
-0.163211,-1.039679,2.726311
-0.031840,-1.066016,2.745102
-0.144525,-1.063380,2.641451
-0.013154,-1.089717,2.660242
-0.109274,0.197935,2.873700
-0.134209,0.017944,2.877220
-0.269371,-0.087093,2.800753
0.079395,0.013689,2.907698
-0.343980,-0.297446,2.746765
0.255240,-0.034407,2.859600
-0.352881,-0.462033,2.859600
0.044738,0.024479,2.633554
-0.347176,-0.533426,2.601745
-0.015585,0.092346,2.924302
-0.110508,-0.270596,2.851635
-0.094847,-0.312596,2.796798
-0.164063,-0.397820,2.738802
-0.007885,-0.401281,2.805481
-0.187042,-0.747417,2.722890
-0.037070,-0.751790,2.696098
-0.162352,-1.039955,2.723539
-0.034073,-1.051969,2.703439
-0.145220,-1.063721,2.638393
-0.071494,-1.118582,2.698914
-0.113973,0.199792,2.869561
-0.132407,0.021466,2.868676
-0.272162,-0.085947,2.795318
0.075348,0.001308,2.890228
-0.348285,-0.296573,2.740558
0.226572,-0.099494,2.839986
-0.355167,-0.464710,2.839986
0.008060,0.010077,2.632011
-0.349913,-0.533331,2.601902
-0.052212,0.077887,2.901054
-0.113170,-0.271261,2.843853
-0.099252,-0.314507,2.788653
-0.170446,-0.399332,2.731464
-0.012522,-0.402269,2.798213
-0.188080,-0.746177,2.719520
-0.047463,-0.746083,2.683504
-0.166599,-1.041570,2.722043
-0.025804,-1.116476,2.668188
-0.150871,-1.065499,2.636683
-0.010076,-1.140405,2.582829
-0.127314,0.202506,2.854460
-0.127697,0.027782,2.862737
-0.273750,-0.085406,2.790608
0.063033,-0.004204,2.866068
-0.351117,-0.298660,2.735903
0.208007,-0.116023,2.832945
-0.357475,-0.466152,2.832945
0.003017,0.005934,2.631220
-0.353686,-0.536594,2.602299
-0.057198,0.073679,2.860132
-0.113424,-0.272183,2.837116
-0.102802,-0.317239,2.780547
-0.174585,-0.399907,2.725693
-0.019646,-0.403257,2.788545
-0.188999,-0.745795,2.716549
-0.055514,-0.741536,2.675483
-0.167014,-1.042296,2.718959
-0.028611,-1.116416,2.654211
-0.154621,-1.066302,2.633098
-0.016217,-1.140422,2.568350
-0.129095,0.203456,2.852310
-0.125472,0.033937,2.851661
-0.281037,-0.083964,2.784205
0.054654,-0.014942,2.834816
-0.352755,-0.301654,2.732764
0.173595,-0.153161,2.793686
-0.359934,-0.467759,2.793686
-0.010618,0.000989,2.630911
-0.358783,-0.537629,2.602178
-0.070791,0.068687,2.848556
-0.114832,-0.273327,2.826921
-0.107879,-0.320391,2.770314
-0.181739,-0.402228,2.716728
-0.025728,-0.405420,2.779423
-0.189000,-0.746281,2.712233
-0.070826,-0.742290,2.658889
-0.161473,-1.120801,2.727225
-0.023696,-1.111935,2.614572
-0.152926,-1.155889,2.642035
-0.015952,-1.136181,2.528231
-0.136786,0.206924,2.843719
-0.129677,0.038547,2.839609
-0.286527,-0.083966,2.777770
0.041119,-0.022574,2.805337
-0.354146,-0.305865,2.730297
0.146688,-0.171923,2.774703
-0.363499,-0.469276,2.774703
-0.007797,-0.071928,2.629746
-0.363132,-0.539980,2.602424
-0.067922,-0.004284,2.820796
-0.119497,-0.278592,2.811746
-0.115902,-0.328041,2.754657
-0.188636,-0.406954,2.707296
-0.035366,-0.408894,2.761954
-0.190205,-0.750541,2.708746
-0.075344,-0.743884,2.650657
-0.166008,-1.124269,2.729548
-0.015727,-1.112677,2.573538
-0.162249,-1.159463,2.644422
-0.012679,-1.137837,2.486781
-0.149653,0.208830,2.828895
-0.139242,0.036614,2.818695
-0.298665,-0.082682,2.774647
0.019303,-0.050328,2.756464
-0.357068,-0.310867,2.727246
0.133872,-0.188534,2.766984
-0.366662,-0.472035,2.766984
-0.035415,-0.120710,2.628721
-0.366010,-0.540823,2.602757
-0.095498,-0.053112,2.798534
-0.124494,-0.290262,2.792947
-0.126087,-0.342515,2.736597
-0.196828,-0.416104,2.702208
-0.047905,-0.417695,2.732362
-0.190971,-0.769620,2.703104
-0.067852,-0.761883,2.615734
-0.163196,-1.142200,2.726726
-0.019706,-1.125838,2.544070
-0.169471,-1.167911,2.640550
-0.026050,-1.150630,2.457774
-0.151380,0.210474,2.824018
-0.147469,0.036563,2.805721
-0.304436,-0.082338,2.771292
0.014107,-0.071768,2.746449
-0.360758,-0.314846,2.722007
0.109460,-0.226975,2.738210
-0.370429,-0.477073,2.738210
-0.053807,-0.148112,2.625570
-0.370227,-0.540714,2.602234
-0.113966,-0.080430,2.779521
-0.133008,-0.301164,2.779431
-0.135017,-0.356434,2.722695
-0.205901,-0.428384,2.698233
-0.057409,-0.428291,2.711201
-0.189895,-0.775448,2.697761
-0.066999,-0.765001,2.610358
-0.164357,-1.146277,2.730496
-0.029898,-1.127464,2.492467
-0.170544,-1.177761,2.645263
-0.035944,-1.158196,2.404738
-0.150540,0.212192,2.810654
-0.158707,0.035683,2.791306
-0.309155,-0.082424,2.767985
0.009026,-0.089894,2.744925
-0.364606,-0.317306,2.718318
0.104365,-0.245246,2.734976
-0.373855,-0.480106,2.734976
-0.061337,-0.170842,2.623008
-0.373263,-0.543004,2.600642
-0.121571,-0.103075,2.773479
-0.139363,-0.306900,2.769132
-0.139443,-0.363374,2.713070
-0.209771,-0.434503,2.693806
-0.061245,-0.434391,2.698536
-0.187233,-0.786619,2.694583
-0.065130,-0.768902,2.600878
-0.163533,-1.156261,2.731351
-0.027796,-1.128428,2.474703
-0.168638,-1.182488,2.645251
-0.032081,-1.162213,2.386076
-0.149622,0.210857,2.795735
-0.158799,0.035147,2.785377
-0.310112,-0.082414,2.763808
0.001875,-0.096726,2.740527
-0.366200,-0.322189,2.715321
0.088689,-0.257646,2.718331
-0.377364,-0.484754,2.718331
-0.076876,-0.183155,2.619789
-0.376660,-0.543244,2.600184
-0.137184,-0.115306,2.757586
-0.140278,-0.313321,2.757410
-0.140210,-0.370565,2.700311
-0.209633,-0.439852,2.686479
-0.064210,-0.438086,2.682291
-0.187740,-0.791107,2.691539
-0.063476,-0.772152,2.593860
-0.162978,-1.159015,2.733742
-0.029785,-1.119986,2.433898
-0.167775,-1.185285,2.647583
-0.033212,-1.154371,2.342926
-0.152997,0.211152,2.781538
-0.159898,0.034740,2.774819
-0.312219,-0.082366,2.760547
-0.004528,-0.098991,2.731645
-0.366374,-0.322677,2.712439
0.080478,-0.269767,2.715381
-0.381598,-0.486034,2.715381
-0.085475,-0.196001,2.619045
-0.380759,-0.546304,2.598726
-0.145860,-0.128064,2.754511
-0.140470,-0.314944,2.745768
-0.141052,-0.372185,2.688855
-0.209499,-0.442700,2.677382
-0.066451,-0.436966,2.667120
-0.187421,-0.793408,2.688401
-0.063259,-0.770834,2.579359
-0.162488,-1.160771,2.733694
-0.027148,-1.123331,2.432606
-0.168668,-1.186915,2.647570
-0.031805,-1.158194,2.342090
-0.159262,0.213685,2.759179
-0.160549,0.032339,2.754550
-0.314294,-0.082534,2.754722
-0.007804,-0.096525,2.724116
-0.367328,-0.323541,2.710544
0.075476,-0.276517,2.716471
-0.385151,-0.486909,2.716471
-0.090527,-0.202670,2.617550
-0.384461,-0.547081,2.596564
-0.150991,-0.134644,2.755555
-0.142466,-0.312999,2.730513
-0.143703,-0.369950,2.674289
-0.212005,-0.441234,2.662299
-0.069698,-0.433542,2.654575
-0.187853,-0.796003,2.683494
-0.063112,-0.767130,2.567080
-0.163196,-1.158189,2.734101
-0.032095,-1.113944,2.403692
-0.170124,-1.183528,2.647870
-0.037639,-1.148328,2.312394
-0.158684,0.213109,2.754187
-0.158488,0.033875,2.743295
-0.314561,-0.083445,2.745416
-0.010620,-0.098530,2.705897
-0.366736,-0.325039,2.704886
0.065888,-0.287933,2.704120
-0.386361,-0.490575,2.704120
-0.100224,-0.214068,2.616663
-0.387347,-0.549918,2.595424
-0.160769,-0.145952,2.743143
-0.139170,-0.313274,2.718021
-0.141743,-0.370512,2.661893
-0.209622,-0.442493,2.651382
-0.068414,-0.432486,2.641385
-0.187631,-0.794254,2.674013
-0.061011,-0.764493,2.548546
-0.164119,-1.157574,2.731760
-0.032448,-1.116589,2.398486
-0.173346,-1.182958,2.645720
-0.040163,-1.151684,2.307581
-0.158050,0.209765,2.741289
-0.156477,0.031208,2.732924
-0.312814,-0.086788,2.730331
-0.008521,-0.098360,2.698934
-0.367806,-0.328239,2.697009
0.068747,-0.286515,2.688656
-0.387436,-0.495736,2.688656
-0.097433,-0.212593,2.613020
-0.390158,-0.562662,2.589451
-0.158040,-0.144407,2.727701
-0.140347,-0.312877,2.706195
-0.142255,-0.368899,2.649585
-0.210995,-0.440861,2.638201
-0.068914,-0.431020,2.628145
-0.187962,-0.795224,2.662612
-0.063360,-0.762891,2.535826
-0.162945,-1.153298,2.727903
-0.028445,-1.112520,2.380498
-0.170246,-1.178421,2.641568
-0.033428,-1.146597,2.288531
-0.157977,0.209453,2.725819
-0.154594,0.030860,2.720304
-0.310386,-0.088434,2.717998
-0.003772,-0.094270,2.686401
-0.368367,-0.329444,2.688519
0.069631,-0.291137,2.678086
-0.386990,-0.500277,2.678086
-0.096643,-0.217162,2.612299
-0.390482,-0.567461,2.589363
-0.157310,-0.148908,2.717178
-0.140109,-0.311392,2.690930
-0.142580,-0.366536,2.634054
-0.212133,-0.439388,2.622736
-0.069106,-0.428277,2.611555
-0.189568,-0.795401,2.653846
-0.064128,-0.760935,2.523772
-0.160332,-1.151911,2.713905
-0.025027,-1.114652,2.381154
-0.167962,-1.176819,2.627499
-0.029963,-1.148826,2.289783
-0.158454,0.210877,2.712982
-0.149827,0.033473,2.706927
-0.305937,-0.088177,2.701108
-0.000987,-0.092263,2.676644
-0.367463,-0.328464,2.679729
0.077412,-0.281375,2.651195
-0.385158,-0.502298,2.651195
-0.089145,-0.205896,2.611616
-0.389610,-0.569662,2.589172
-0.149868,-0.137578,2.655432
-0.139184,-0.310102,2.675483
-0.141254,-0.365167,2.618158
-0.211384,-0.438190,2.606180
-0.068379,-0.426119,2.596036
-0.188288,-0.793754,2.636731
-0.061013,-0.759238,2.511771
-0.160417,-1.146115,2.712677
-0.029539,-1.115066,2.373209
-0.166346,-1.170836,2.626050
-0.033425,-1.149311,2.281637
