-0.332343,0.881216,2.578285
-0.332652,0.704038,2.618386
-0.478104,0.692229,2.571043
-0.126609,0.592962,2.691829
-0.561617,0.421862,2.606557
-0.042450,0.398521,2.695397
-0.670597,0.165801,2.695397
0.095611,0.237265,2.591197
-0.689865,0.093903,2.586126
0.133868,0.171685,2.666313
-0.330413,0.445068,2.629807
-0.329839,0.394526,2.633606
-0.400638,0.314382,2.621202
-0.259723,0.310273,2.655225
-0.377235,-0.062665,2.730211
-0.236897,-0.080516,2.624255
-0.344948,-0.274600,2.842266
-0.228945,-0.389693,2.600465
-0.316855,-0.320978,2.768783
-0.200852,-0.436070,2.526981
-0.335568,0.877475,2.569614
-0.330190,0.704239,2.598267
-0.472958,0.690593,2.562867
-0.161546,0.653690,2.661004
-0.582229,0.427511,2.580934
-0.004973,0.417911,2.668384
-0.729214,0.207237,2.668384
0.162500,0.287674,2.544757
-0.773393,0.152946,2.518967
0.229304,0.212190,2.639303
-0.319724,0.449385,2.604898
-0.317609,0.398748,2.609088
-0.373155,0.329111,2.580588
-0.249195,0.324050,2.629057
-0.378730,-0.053935,2.697160
-0.237698,-0.041126,2.603288
-0.343702,-0.269651,2.823809
-0.229033,-0.368577,2.598793
-0.317139,-0.315597,2.749527
-0.202470,-0.414523,2.524511
-0.338067,0.881107,2.558034
-0.327531,0.703987,2.585034
-0.467535,0.690322,2.552899
-0.150837,0.646143,2.652767
-0.621931,0.449287,2.541019
0.021028,0.463424,2.646193
-0.776486,0.285393,2.646193
0.201759,0.354227,2.498713
-0.835289,0.252189,2.467592
0.268259,0.323735,2.607055
-0.317503,0.449159,2.589939
-0.315363,0.398344,2.593145
-0.377007,0.327729,2.565860
-0.245287,0.319761,2.617799
-0.376856,-0.051917,2.681176
-0.235205,-0.038041,2.593698
-0.345089,-0.283474,2.824650
-0.225084,-0.359862,2.595493
-0.318377,-0.329201,2.750414
-0.198372,-0.405589,2.521257
-0.334927,0.884072,2.540200
-0.323309,0.705153,2.574671
-0.484565,0.643751,2.553449
-0.140210,0.645652,2.638622
-0.645301,0.468522,2.523001
0.044333,0.505184,2.616996
-0.828987,0.367601,2.616996
0.246585,0.446235,2.448645
-0.905603,0.372731,2.403235
0.343077,0.417649,2.593383
-0.307302,0.445111,2.573542
-0.303279,0.392843,2.573883
-0.370496,0.312258,2.548002
-0.220052,0.312003,2.588618
-0.370158,-0.067076,2.667557
-0.222119,-0.104464,2.577346
-0.344382,-0.296270,2.810539
-0.224168,-0.357399,2.593431
-0.322780,-0.341729,2.734477
-0.216302,-0.414756,2.541870
-0.331899,0.883003,2.529682
-0.315176,0.707760,2.559506
-0.490564,0.638211,2.548540
-0.112712,0.640636,2.631380
-0.694751,0.517280,2.475849
0.104349,0.551318,2.590772
-0.883792,0.461928,2.590772
0.314717,0.558600,2.388791
-0.953398,0.490602,2.346494
0.358862,0.565822,2.564126
-0.303548,0.447070,2.563964
-0.300405,0.394772,2.565156
-0.374248,0.308605,2.531393
-0.216226,0.308110,2.587052
-0.364880,-0.066719,2.635592
-0.220638,-0.090311,2.569235
-0.345021,-0.275223,2.753622
-0.219668,-0.341180,2.584781
-0.325619,-0.321459,2.676809
-0.200266,-0.387415,2.507968
-0.318282,0.882452,2.510000
-0.311064,0.711268,2.543474
-0.496676,0.638749,2.541626
-0.111132,0.646711,2.622725
-0.715496,0.574560,2.438570
0.115204,0.605267,2.570089
-0.906158,0.574795,2.570089
0.309033,0.678787,2.337422
-0.949975,0.596932,2.304609
0.374108,0.679593,2.523257
-0.298911,0.452726,2.548818
-0.295843,0.400959,2.550084
-0.372904,0.310948,2.520159
-0.210857,0.308773,2.578672
-0.362515,-0.067550,2.618417
-0.222118,-0.092089,2.564767
-0.344884,-0.276721,2.746001
-0.217985,-0.338786,2.582452
-0.326079,-0.323396,2.668461
-0.199179,-0.385461,2.504912
-0.316923,0.878388,2.502899
-0.308589,0.712693,2.527947
-0.505971,0.639820,2.530023
-0.108245,0.651714,2.616004
-0.714116,0.626904,2.414201
0.121026,0.670571,2.544796
-0.873191,0.715512,2.544796
0.291418,0.785258,2.297518
-0.895856,0.753101,2.273707
0.330666,0.799481,2.493107
-0.293831,0.456747,2.534329
-0.290232,0.405599,2.535594
-0.367659,0.311115,2.498390
-0.202057,0.308781,2.569365
-0.352087,-0.042400,2.575206
-0.224902,-0.092822,2.555930
-0.342969,-0.287881,2.743391
-0.217865,-0.338623,2.577641
-0.323593,-0.334858,2.665444
-0.198490,-0.385600,2.499694
-0.305737,0.879905,2.488055
-0.307331,0.715462,2.510120
-0.501837,0.647954,2.512723
-0.105838,0.656455,2.599851
-0.688501,0.678124,2.400132
0.116101,0.723984,2.526508
-0.816531,0.801287,2.526508
0.219211,0.895104,2.277397
-0.838356,0.862244,2.241257
0.242285,0.961962,2.428898
-0.290802,0.457720,2.517772
-0.286926,0.406228,2.519430
-0.363819,0.312867,2.487028
-0.198060,0.309459,2.549976
-0.354724,-0.061281,2.572771
-0.224934,-0.093133,2.543495
-0.341267,-0.296364,2.732977
-0.217148,-0.338541,2.572436
-0.321462,-0.343693,2.654655
-0.197343,-0.385870,2.494114
-0.299339,0.879159,2.478829
-0.302848,0.715803,2.501471
-0.495554,0.653600,2.495768
-0.111000,0.662588,2.576676
-0.669047,0.723839,2.381312
0.073486,0.756977,2.515000
-0.753055,0.880104,2.515000
0.149644,0.937693,2.259898
-0.776655,0.885762,2.241788
0.175157,1.004883,2.414711
-0.283251,0.455539,2.501338
-0.278437,0.403524,2.499857
-0.350214,0.312589,2.459161
-0.191699,0.308513,2.531671
-0.348157,-0.077644,2.557541
-0.226583,-0.116112,2.536351
-0.345901,-0.296650,2.709292
-0.207669,-0.349152,2.571636
-0.326761,-0.343353,2.630543
-0.188529,-0.395855,2.492887
-0.296860,0.876656,2.468569
-0.298293,0.715319,2.490661
-0.486545,0.666347,2.475633
-0.110161,0.677570,2.562819
-0.661724,0.738622,2.368872
0.066185,0.780668,2.503168
-0.640005,0.929240,2.503168
0.060245,0.974769,2.278073
-0.636282,0.995958,2.247031
0.057068,1.045928,2.399399
-0.279221,0.454017,2.490000
-0.274278,0.401996,2.487551
-0.347644,0.312977,2.454865
-0.187484,0.310780,2.508598
-0.350719,-0.084500,2.553334
-0.226620,-0.118452,2.534479
-0.345365,-0.298698,2.696434
-0.216067,-0.354588,2.555099
-0.324491,-0.345332,2.617882
-0.195194,-0.401221,2.476547
-0.268164,0.863229,2.458712
-0.294338,0.712322,2.475768
-0.484447,0.668648,2.468708
-0.106591,0.694257,2.550086
-0.626588,0.780816,2.347773
0.054867,0.814727,2.482865
-0.540331,0.963029,2.482865
-0.038175,0.991073,2.291766
-0.534764,1.032364,2.268890
-0.064734,1.058318,2.406309
-0.276720,0.459900,2.479834
-0.271836,0.409864,2.476974
-0.343201,0.320621,2.440601
-0.186835,0.315196,2.505453
-0.342915,-0.096270,2.538885
-0.226740,-0.124996,2.527492
-0.348629,-0.293617,2.664155
-0.235465,-0.447414,2.546938
-0.329299,-0.340413,2.585562
-0.216135,-0.494210,2.468346
-0.271017,0.862672,2.451130
-0.286757,0.708998,2.462555
-0.481352,0.667817,2.457661
-0.103813,0.703219,2.534732
-0.589076,0.809325,2.333086
0.032814,0.846687,2.458393
-0.478563,0.981632,2.458393
-0.121469,0.976645,2.303213
-0.473025,1.050604,2.280457
-0.149979,1.040581,2.387719
-0.266988,0.473578,2.464079
-0.261217,0.428560,2.459413
-0.336028,0.333720,2.428951
-0.169567,0.346365,2.480561
-0.352027,-0.091481,2.524744
-0.224779,-0.124542,2.522451
-0.345680,-0.298061,2.655783
-0.234900,-0.446826,2.545589
-0.327446,-0.344533,2.576949
-0.216666,-0.493298,2.466756
-0.257619,0.861855,2.440664
-0.278772,0.709380,2.453073
-0.468135,0.657800,2.441819
-0.107349,0.722170,2.519556
-0.573452,0.809272,2.331661
0.001863,0.883643,2.435607
-0.470031,0.984240,2.435607
0.128124,1.070321,2.296210
-0.464517,1.052904,2.273556
0.166808,1.127516,2.330245
-0.258396,0.481034,2.454888
-0.252872,0.436470,2.450203
-0.323120,0.342491,2.411670
-0.164609,0.353596,2.477429
-0.352183,-0.090128,2.511271
-0.218876,-0.116701,2.515999
-0.343272,-0.301588,2.644472
-0.233541,-0.438689,2.543367
-0.324620,-0.347973,2.565803
-0.214889,-0.485075,2.464698
-0.249040,0.860240,2.416591
-0.273642,0.712425,2.440656
-0.450620,0.729640,2.393799
-0.097036,0.740560,2.501774
-0.567146,0.876818,2.293902
0.013684,0.904240,2.431858
-0.702272,1.047490,2.431858
0.142077,1.094049,2.191948
-0.743642,1.099742,2.164066
0.181385,1.152159,2.347433
-0.257108,0.496413,2.442290
-0.251425,0.455070,2.436574
-0.323196,0.366420,2.400074
-0.165335,0.370533,2.464445
-0.347434,-0.066219,2.474125
-0.205748,-0.100422,2.498369
-0.347116,-0.301849,2.617699
-0.231536,-0.420330,2.539232
-0.320618,-0.347610,2.541151
-0.205038,-0.466092,2.462683
-0.246595,0.864973,2.412401
-0.266879,0.715244,2.432343
-0.450873,0.729438,2.389671
-0.094870,0.741894,2.499177
-0.584996,0.854096,2.282606
0.010529,0.907390,2.429035
-0.740997,0.999088,2.429035
0.133122,1.099884,2.172000
-0.788747,1.043469,2.141467
0.170646,1.158804,2.343986
-0.255823,0.502504,2.433940
-0.250838,0.461345,2.427345
-0.325929,0.372544,2.386253
-0.165496,0.374491,2.457434
-0.344633,-0.062783,2.467022
-0.199135,-0.095987,2.487344
-0.341544,-0.315208,2.623092
-0.230337,-0.413307,2.535814
-0.314971,-0.360893,2.546769
-0.203765,-0.458991,2.459491
-0.237245,0.869814,2.405739
-0.208759,0.729110,2.443289
-0.452160,0.709713,2.385796
-0.085513,0.744980,2.496973
-0.575529,0.847128,2.285502
0.009903,0.915106,2.427737
-0.414918,0.967715,2.427737
0.121217,1.113580,2.271350
-0.409465,1.035628,2.248943
0.155286,1.174325,2.343813
-0.244974,0.505485,2.433356
-0.244710,0.462880,2.424085
-0.326372,0.372192,2.382660
-0.163257,0.375142,2.451027
-0.344242,-0.051779,2.447267
-0.197047,-0.094049,2.485311
-0.356781,-0.307112,2.565656
-0.212782,-0.377897,2.538061
-0.330966,-0.352822,2.489368
-0.186967,-0.423607,2.461773
-0.283085,0.869857,2.366990
-0.289186,0.711529,2.381011
-0.450637,0.710759,2.383193
-0.104950,0.691861,2.499212
-0.581539,0.833223,2.273551
-0.008653,0.864392,2.447798
-0.734645,0.976461,2.447798
-0.181798,0.955155,2.159318
-0.781413,1.020214,2.127726
-0.208002,1.018604,2.375664
-0.256071,0.487399,2.407310
-0.247811,0.444148,2.404618
-0.316328,0.358177,2.365567
-0.161772,0.361449,2.445471
-0.336084,-0.060195,2.436812
-0.195037,-0.106640,2.482053
-0.354479,-0.305627,2.557095
-0.230950,-0.423282,2.533972
-0.326287,-0.352231,2.482495
-0.202757,-0.469885,2.459371
-0.331244,0.849687,2.360471
-0.272342,0.701927,2.389395
-0.449329,0.653780,2.378846
-0.102874,0.695023,2.498661
-0.566674,0.794073,2.278894
0.025021,0.846272,2.456944
-0.447358,0.953437,2.456944
-0.116816,0.984780,2.272694
-0.441947,1.020823,2.250461
-0.152193,1.045264,2.414946
-0.250104,0.475768,2.406229
-0.242056,0.429804,2.402918
-0.309620,0.331904,2.360464
-0.155317,0.344890,2.443671
-0.321964,-0.092579,2.423368
-0.189406,-0.124242,2.476354
-0.352875,-0.301623,2.532365
-0.230850,-0.439286,2.533329
-0.324027,-0.347747,2.457692
-0.202003,-0.485410,2.458657
-0.297339,0.847152,2.361204
-0.270400,0.697084,2.389935
-0.452054,0.652495,2.375233
-0.100944,0.694170,2.498129
-0.593204,0.770117,2.266151
0.058800,0.811508,2.482545
-0.529414,0.956128,2.482545
-0.030156,0.984698,2.229862
-0.523311,1.025600,2.217649
-0.052587,1.051763,2.430723
-0.246259,0.459113,2.402718
-0.238357,0.411197,2.398889
-0.305633,0.316789,2.359154
-0.152184,0.323996,2.435413
-0.320410,-0.104220,2.421222
-0.188899,-0.130104,2.475243
-0.349181,-0.316201,2.534133
-0.215087,-0.358118,2.533016
-0.320110,-0.361941,2.459517
-0.217752,-0.463163,2.518661
-0.292141,0.848167,2.357788
-0.271104,0.694302,2.384971
-0.452920,0.650421,2.369700
-0.099597,0.688252,2.498426
-0.605116,0.741507,2.261445
0.067586,0.792866,2.488817
-0.597612,0.948949,2.488817
0.066512,0.987782,2.198670
-0.585387,1.017036,2.185651
0.055448,1.056869,2.438094
-0.245257,0.452556,2.397575
-0.237135,0.404109,2.394691
-0.302290,0.308623,2.354797
-0.151420,0.318839,2.433412
-0.319787,-0.117220,2.412589
-0.188688,-0.132198,2.473946
-0.338325,-0.329726,2.502619
-0.215452,-0.357328,2.533234
-0.308250,-0.375332,2.428490
-0.217731,-0.462583,2.521826
-0.281456,0.850582,2.353931
-0.270684,0.692257,2.380556
-0.455258,0.649349,2.364636
-0.097640,0.679658,2.499644
-0.629745,0.685285,2.259643
0.084214,0.746802,2.512511
-0.698935,0.851696,2.512511
0.136306,0.935836,2.169651
-0.693973,0.919960,2.154728
0.088651,0.982965,2.464054
-0.244453,0.451744,2.393858
-0.236486,0.403554,2.391943
-0.300305,0.305470,2.346992
-0.150811,0.317605,2.433120
-0.312706,-0.110258,2.401391
-0.173912,-0.097371,2.456194
-0.340411,-0.333813,2.462612
-0.214205,-0.356750,2.532021
-0.309396,-0.379356,2.389000
-0.230814,-0.432723,2.524212
-0.278081,0.852885,2.352123
-0.273463,0.691170,2.371935
-0.444996,0.620397,2.349345
-0.107292,0.677630,2.486395
-0.637952,0.650994,2.258612
0.090519,0.714628,2.520010
-0.747253,0.784827,2.520010
0.191943,0.889040,2.154245
-0.762300,0.835977,2.130528
0.212408,0.957267,2.499021
-0.243275,0.443231,2.385855
-0.234469,0.393057,2.384553
-0.294722,0.297237,2.339343
-0.150518,0.310551,2.430681
-0.309850,-0.107312,2.392444
-0.174819,-0.104800,2.457853
-0.337687,-0.326898,2.462231
-0.214456,-0.357027,2.531876
-0.305104,-0.372148,2.389477
-0.181873,-0.402277,2.459122
-0.274433,0.853077,2.345412
-0.273339,0.689137,2.362846
-0.453543,0.615490,2.347052
-0.107508,0.677311,2.486089
-0.678151,0.610156,2.238426
0.127764,0.670720,2.528381
-0.805289,0.727811,2.528381
0.263938,0.811292,2.134461
-0.825739,0.778512,2.111158
0.251785,0.877961,2.524811
-0.242538,0.441222,2.380477
-0.233988,0.391307,2.380652
-0.294948,0.294667,2.336924
-0.148857,0.307984,2.426713
-0.308760,-0.106172,2.383298
-0.174977,-0.108949,2.458272
-0.334296,-0.323697,2.457375
-0.215645,-0.357300,2.530845
-0.302045,-0.369092,2.384952
-0.183394,-0.402695,2.458421
-0.247358,0.858063,2.346251
-0.271003,0.688420,2.357671
-0.450408,0.610510,2.342650
-0.158374,0.660524,2.442573
-0.673021,0.553610,2.242181
0.085282,0.625289,2.520746
-0.842872,0.596214,2.520746
0.278255,0.694965,2.142663
-0.891077,0.663170,2.096912
0.361026,0.736287,2.580341
-0.236424,0.428705,2.376783
-0.227181,0.374892,2.378171
-0.282905,0.283399,2.334653
-0.148988,0.302179,2.427554
-0.301527,-0.119462,2.372440
-0.174579,-0.131562,2.461713
-0.340322,-0.338953,2.437198
-0.233876,-0.436161,2.530994
-0.312067,-0.384844,2.363284
-0.205620,-0.482052,2.457080
-0.255233,0.858157,2.336241
-0.272034,0.687300,2.352956
-0.447290,0.604466,2.337321
-0.161275,0.661770,2.436262
-0.662731,0.498638,2.250126
0.067928,0.579035,2.519197
-0.841134,0.457435,2.519197
0.293204,0.576466,2.169542
-0.915556,0.494719,2.125420
0.375913,0.607409,2.597830
-0.236519,0.419276,2.371560
-0.227414,0.364367,2.373529
-0.281264,0.276973,2.332713
-0.151671,0.296301,2.422167
-0.297035,-0.120243,2.365673
-0.174140,-0.133001,2.460904
-0.337523,-0.339390,2.431175
-0.233757,-0.437883,2.530174
-0.298570,-0.432585,2.460308
-0.205293,-0.483720,2.456383
-0.253308,0.857333,2.334715
-0.271642,0.682189,2.345345
-0.452905,0.587548,2.332690
-0.162482,0.665662,2.435023
-0.639703,0.437032,2.262551
0.036845,0.527248,2.519281
-0.798530,0.332569,2.519281
0.266602,0.460031,2.205496
-0.847255,0.353021,2.178838
0.356725,0.459060,2.616366
-0.236370,0.420467,2.368919
-0.227499,0.366954,2.371219
-0.280270,0.275187,2.326140
-0.151652,0.296607,2.422490
-0.293295,-0.127954,2.351166
-0.173265,-0.126835,2.453117
-0.309800,-0.372354,2.448787
-0.235496,-0.429960,2.527895
-0.280799,-0.418453,2.375405
-0.206495,-0.476058,2.454513
-0.259054,0.858735,2.327023
-0.270267,0.682318,2.340895
-0.450821,0.583648,2.329656
-0.157642,0.692925,2.419634
-0.588650,0.387275,2.286593
0.003232,0.510787,2.501881
-0.735669,0.263659,2.501881
0.199565,0.358603,2.240557
-0.797305,0.239771,2.216857
0.285992,0.353801,2.617778
-0.234191,0.425552,2.365809
-0.225312,0.374375,2.368845
-0.277855,0.277159,2.322997
-0.149421,0.300749,2.424701
-0.287472,-0.111598,2.334037
-0.169901,-0.113826,2.443443
-0.329555,-0.376773,2.418813
-0.216629,-0.391825,2.523171
-0.291506,-0.460203,2.469994
-0.243200,-0.492752,2.511522
-0.249933,0.855826,2.319852
-0.268654,0.680851,2.337022
-0.451425,0.576216,2.328801
-0.139482,0.739448,2.383563
-0.562772,0.337125,2.303251
-0.034753,0.522989,2.470592
-0.683421,0.184361,2.470592
0.117468,0.326942,2.281430
-0.705735,0.146696,2.279038
0.215921,0.246889,2.599576
-0.231115,0.438030,2.360834
-0.222523,0.392438,2.364177
-0.275909,0.282249,2.320137
-0.143809,0.311686,2.424117
-0.284633,-0.110513,2.329007
-0.166273,-0.107362,2.439322
-0.313453,-0.343165,2.356138
-0.214686,-0.374011,2.515114
-0.296709,-0.390537,2.279503
-0.241432,-0.475148,2.502399
-0.260933,0.851130,2.306005
-0.268273,0.678530,2.330772
-0.421516,0.582894,2.313864
-0.165814,0.667180,2.413528
-0.518125,0.362506,2.319158
-0.043642,0.450335,2.478247
-0.609520,0.163498,2.478247
0.093862,0.240557,2.317060
-0.650959,0.108581,2.308402
0.138412,0.168522,2.573135
-0.229687,0.400122,2.353943
-0.220589,0.338862,2.359240
-0.272030,0.269975,2.325286
-0.151384,0.290411,2.405734
-0.281586,-0.152487,2.304275
-0.166730,-0.127870,2.438059
-0.353296,-0.367880,2.359509
-0.222648,-0.432635,2.511937
-0.324067,-0.459323,2.402847
-0.191041,-0.478681,2.439345
-0.264726,0.851442,2.301343
-0.266421,0.677680,2.325883
-0.406115,0.619948,2.292764
-0.165143,0.667366,2.412961
-0.503704,0.380083,2.316942
-0.052085,0.441846,2.465684
-0.582567,0.163030,2.465684
0.053116,0.212763,2.323011
-0.598328,0.095303,2.332301
0.092057,0.142882,2.534045
-0.222616,0.407211,2.359288
-0.209589,0.354567,2.369943
-0.256198,0.275029,2.333495
-0.139936,0.300009,2.425942
-0.281308,-0.149650,2.298734
-0.167103,-0.131761,2.437204
-0.302227,-0.381186,2.334460
-0.222025,-0.410886,2.503426
-0.263674,-0.427153,2.265337
-0.183472,-0.456852,2.434302
-0.274640,0.832588,2.293472
-0.252751,0.628133,2.319903
-0.400722,0.620041,2.290449
-0.165070,0.667292,2.412914
-0.497588,0.380424,2.315078
-0.056859,0.435332,2.449849
-0.581535,0.161811,2.449849
0.053037,0.212694,2.321043
-0.603486,0.093273,2.324339
0.099951,0.140364,2.505064
-0.224608,0.398306,2.355553
-0.214745,0.347303,2.364341
-0.257149,0.273523,2.331561
-0.162334,0.282942,2.406521
-0.278680,-0.146689,2.290864
-0.170831,-0.181489,2.447827
-0.305707,-0.379449,2.315028
-0.202490,-0.399577,2.518180
-0.265904,-0.426056,2.247127
-0.234926,-0.485966,2.467679
-0.272008,0.836332,2.292532
-0.253718,0.630535,2.317758
-0.412319,0.597370,2.295220
-0.165628,0.669196,2.410667
-0.511027,0.361257,2.307667
-0.048408,0.438858,2.433142
-0.608024,0.172778,2.433142
0.106652,0.228288,2.278610
-0.651112,0.119892,2.267633
0.149389,0.156755,2.456656
-0.226708,0.397166,2.348999
-0.219076,0.347067,2.355145
-0.263798,0.271184,2.319802
-0.162615,0.282756,2.400548
-0.271683,-0.134456,2.279794
-0.170345,-0.180098,2.445268
-0.291028,-0.370819,2.287057
-0.207693,-0.392371,2.526865
-0.254107,-0.417293,2.217515
-0.234880,-0.466912,2.457877
-0.246889,0.849383,2.293286
-0.259195,0.674928,2.307082
-0.409824,0.604464,2.293153
-0.130219,0.647148,2.413496
-0.535347,0.374930,2.271701
-0.001069,0.420253,2.408822
-0.648887,0.220633,2.408822
0.163327,0.270611,2.234493
-0.700232,0.163970,2.216605
0.223628,0.212502,2.405532
-0.230567,0.404860,2.337574
-0.223938,0.353200,2.343048
-0.276459,0.274280,2.295214
-0.161771,0.282557,2.396190
-0.270958,-0.121422,2.273488
-0.161863,-0.101326,2.414094
-0.290003,-0.357549,2.278743
-0.196509,-0.326786,2.494122
-0.255752,-0.404018,2.207984
-0.222781,-0.411911,2.438514
-0.245292,0.849431,2.292616
-0.259634,0.675729,2.306278
-0.421997,0.648940,2.272403
-0.075131,0.593397,2.415541
-0.556894,0.425470,2.235649
0.057320,0.416991,2.384789
-0.708362,0.265963,2.384789
0.243243,0.323388,2.183515
-0.773876,0.239624,2.156330
0.329997,0.319452,2.346271
-0.232137,0.406780,2.335570
-0.225658,0.354515,2.341564
-0.285389,0.274227,2.299305
-0.155658,0.275018,2.388982
-0.269927,-0.119462,2.270406
-0.163910,-0.107358,2.412639
-0.277774,-0.441352,2.270959
-0.200222,-0.343357,2.492473
-0.245306,-0.488008,2.199425
-0.226512,-0.427833,2.435790
-0.261911,0.846130,2.273258
-0.266364,0.676225,2.301115
-0.452958,0.567055,2.288814
-0.077225,0.597395,2.408329
-0.611211,0.420673,2.210490
0.073379,0.467708,2.363445
-0.768007,0.325454,2.363445
0.287133,0.425076,2.134916
-0.829707,0.341088,2.108287
0.358047,0.402375,2.307323
-0.233721,0.407485,2.331227
-0.226745,0.354774,2.337794
-0.289330,0.270597,2.300575
-0.143649,0.271726,2.374963
-0.267364,-0.116504,2.270648
-0.164499,-0.108090,2.410750
-0.249414,-0.438735,2.264897
-0.197599,-0.326162,2.487040
-0.222883,-0.485896,2.191253
-0.216413,-0.409722,2.426142
-0.268140,0.844934,2.266836
-0.269851,0.676887,2.296793
-0.453913,0.568521,2.287878
-0.074525,0.591395,2.397967
-0.611558,0.477457,2.197451
0.109795,0.508148,2.335644
-0.787716,0.427211,2.335644
0.293460,0.538563,2.102422
-0.855293,0.452953,2.067437
0.372783,0.558524,2.252454
-0.239761,0.407704,2.319774
-0.233323,0.354286,2.325092
-0.304828,0.264372,2.289220
-0.143221,0.266746,2.365076
-0.265792,-0.118519,2.270369
-0.166627,-0.107545,2.404879
-0.244554,-0.440922,2.247609
-0.194718,-0.321827,2.485050
-0.220045,-0.487714,2.173053
-0.202093,-0.398981,2.414098
-0.268359,0.843576,2.262846
-0.274196,0.678161,2.290266
-0.456597,0.573952,2.285464
-0.079259,0.591471,2.378120
-0.648596,0.525722,2.168244
0.129509,0.561510,2.310363
-0.817770,0.537166,2.310363
0.286715,0.651618,2.065934
-0.875550,0.540338,2.028590
0.338944,0.691270,2.213058
-0.246235,0.408237,2.311418
-0.240269,0.354428,2.316801
-0.311882,0.265230,2.282963
-0.149593,0.262770,2.357540
-0.265338,-0.126261,2.265332
-0.169806,-0.114917,2.396903
-0.244142,-0.445910,2.247785
-0.193354,-0.324100,2.488024
-0.223006,-0.492842,2.172388
-0.206402,-0.404189,2.421412
-0.269238,0.839050,2.249964
-0.279417,0.677212,2.280865
-0.459484,0.583563,2.282318
-0.076601,0.613192,2.365064
-0.651231,0.576564,2.159900
0.131331,0.620154,2.287015
-0.792155,0.660184,2.287015
0.249824,0.763571,2.048006
-0.830045,0.686115,2.015578
0.275313,0.828346,2.186063
-0.248953,0.413254,2.301795
-0.242632,0.360752,2.307039
-0.313886,0.269415,2.276397
-0.149326,0.267426,2.347718
-0.265993,-0.127188,2.263950
-0.172430,-0.116724,2.387138
-0.267986,-0.364416,2.220711
-0.192082,-0.321441,2.485919
-0.249054,-0.411439,2.144807
-0.195111,-0.399478,2.415784
-0.269530,0.837185,2.239985
-0.277354,0.676784,2.272465
-0.461355,0.593492,2.276444
-0.082694,0.640724,2.343342
-0.644442,0.630353,2.155069
0.113872,0.665086,2.269206
-0.759213,0.741746,2.269206
0.194282,0.823109,2.037512
-0.799200,0.780549,1.997473
0.219458,0.884676,2.167193
-0.248466,0.418397,2.293225
-0.242535,0.367065,2.298570
-0.313940,0.274118,2.275415
-0.151586,0.284633,2.320556
-0.268105,-0.126301,2.263145
-0.202763,-0.173593,2.376837
-0.266816,-0.363776,2.220371
-0.181094,-0.337035,2.527609
-0.250860,-0.411039,2.143953
-0.194446,-0.406764,2.450320
-0.277054,0.836359,2.226990
-0.267529,0.676117,2.266089
-0.453600,0.621010,2.262670
-0.083857,0.650355,2.332233
-0.620421,0.671559,2.161496
0.095493,0.692414,2.257828
-0.712898,0.801664,2.257828
0.126451,0.865918,2.044455
-0.751168,0.836806,2.000098
0.124063,0.932984,2.158767
-0.247278,0.420900,2.285627
-0.242729,0.370165,2.290406
-0.315828,0.279738,2.270154
-0.155022,0.287358,2.311847
-0.267279,-0.119988,2.262713
-0.201878,-0.170806,2.375189
-0.260924,-0.371112,2.221952
-0.154984,-0.326105,2.527614
-0.244189,-0.418277,2.145777
-0.174999,-0.397726,2.453748
-0.281230,0.829521,2.213216
-0.264047,0.676264,2.258655
-0.451997,0.625586,2.259955
-0.081280,0.655782,2.321083
-0.617188,0.682109,2.160675
0.076154,0.745591,2.236805
-0.629801,0.853700,2.236805
0.015609,0.922709,2.066459
-0.641868,0.911388,2.032122
-0.015304,0.979700,2.133755
-0.245608,0.422367,2.274848
-0.241712,0.371743,2.279651
-0.315891,0.282236,2.265396
-0.154915,0.289274,2.296209
-0.269647,-0.120769,2.258365
-0.199437,-0.168001,2.369671
-0.243715,-0.428301,2.221383
-0.156613,-0.323884,2.521964
-0.228843,-0.475295,2.144871
-0.170475,-0.394764,2.446207
-0.279902,0.825528,2.206117
-0.262282,0.674376,2.250609
-0.450931,0.635450,2.253041
-0.080470,0.664427,2.307739
-0.588627,0.742899,2.146874
0.055363,0.791867,2.213475
-0.473788,0.896767,2.213475
-0.019315,0.959888,2.125178
-0.425726,0.945044,2.126061
-0.055799,1.017292,2.147469
-0.244584,0.426845,2.262691
-0.240933,0.377859,2.266485
-0.315590,0.290097,2.253503
-0.154300,0.295648,2.281644
-0.272734,-0.121588,2.248344
-0.198118,-0.161399,2.361159
-0.266998,-0.358414,2.211539
-0.156172,-0.321686,2.509728
-0.253544,-0.405097,2.134666
-0.168805,-0.394780,2.436010
-0.304862,0.817975,2.185109
-0.262496,0.674606,2.236939
-0.452865,0.649127,2.242040
-0.076534,0.677473,2.293429
-0.576695,0.771371,2.143404
0.049096,0.804084,2.205481
-0.724187,0.916974,2.205481
0.198733,0.954889,2.040529
-0.768427,0.960646,2.012947
0.243616,1.000122,2.091572
-0.244829,0.431858,2.250259
-0.241197,0.383490,2.254719
-0.315991,0.294848,2.245383
-0.153924,0.300242,2.268714
-0.271199,-0.124570,2.239138
-0.206348,-0.099961,2.269957
-0.274964,-0.361540,2.209386
-0.178843,-0.304647,2.446146
-0.262414,-0.408328,2.132614
-0.185752,-0.387981,2.383649
-0.278036,0.826987,2.176361
-0.255229,0.675510,2.228720
-0.444481,0.665378,2.223829
-0.077302,0.697912,2.272308
-0.532901,0.819238,2.133533
0.039668,0.835421,2.191964
-0.637842,1.001849,2.191964
0.179107,0.999343,2.040861
-0.669370,1.056711,2.016295
0.220915,1.048492,2.089726
-0.242391,0.441897,2.238691
-0.239912,0.396150,2.242001
-0.316946,0.310171,2.229820
-0.155178,0.316637,2.254490
-0.273703,-0.123161,2.225601
-0.202539,-0.091450,2.265300
-0.302178,-0.357863,2.188655
-0.181062,-0.327475,2.456033
-0.265589,-0.455049,2.197031
-0.187326,-0.406790,2.388771
-0.253153,0.827291,2.175297
-0.246274,0.677684,2.219925
-0.438815,0.669658,2.217037
-0.089039,0.650430,2.282337
-0.526697,0.824702,2.130637
-0.018545,0.815683,2.189114
-0.631416,1.009453,2.189114
0.062435,1.005516,2.042257
-0.662796,1.064815,2.019035
0.087114,1.063369,2.070529
-0.243316,0.447773,2.227132
-0.242811,0.402528,2.229695
-0.323318,0.328354,2.208699
-0.162995,0.320815,2.243601
-0.273050,-0.123395,2.225555
-0.202431,-0.090983,2.259496
-0.308686,-0.353504,2.161932
-0.180855,-0.328234,2.452051
-0.270900,-0.448729,2.179598
-0.193477,-0.410354,2.389564
-0.250833,0.824752,2.172937
-0.244372,0.675529,2.212608
-0.437645,0.668838,2.210171
-0.086762,0.652752,2.281986
-0.514441,0.830563,2.126583
-0.024590,0.821364,2.183960
-0.605866,1.023094,2.183960
0.045352,1.011051,2.041603
-0.633247,1.080755,2.019407
0.066856,1.069370,2.060289
-0.242693,0.461639,2.212350
-0.242204,0.421322,2.211857
-0.322865,0.341475,2.189493
-0.162169,0.334829,2.231875
-0.273397,-0.103298,2.203406
-0.219256,-0.127778,2.243063
-0.312081,-0.335345,2.161114
-0.179265,-0.315296,2.429611
-0.274916,-0.430661,2.177918
-0.192899,-0.401030,2.372932
-0.248197,0.824006,2.168573
-0.242237,0.675796,2.205099
-0.456863,0.634346,2.237286
-0.083739,0.656304,2.279075
-0.502787,0.823423,2.124926
-0.063548,0.821744,2.160376
-0.545395,0.998850,2.160376
-0.040422,1.011237,2.029593
-0.559809,1.058192,2.001016
-0.033370,1.069022,2.003952
-0.239600,0.473058,2.203506
-0.238932,0.433964,2.202345
-0.321596,0.348121,2.179182
-0.155472,0.346691,2.221704
-0.272096,-0.097989,2.197475
-0.218799,-0.113965,2.235973
-0.313249,-0.328961,2.153025
-0.179756,-0.319840,2.427365
-0.275379,-0.422720,2.174625
-0.186268,-0.405404,2.369678
-0.247294,0.821827,2.160799
-0.244739,0.674627,2.195736
-0.456803,0.634144,2.236804
-0.084662,0.657641,2.274017
-0.501285,0.825931,2.121408
-0.063765,0.821575,2.159026
-0.541182,0.997949,2.159026
-0.039130,1.014829,2.026149
-0.554908,1.057130,1.997105
-0.031724,1.072934,2.004495
-0.240311,0.477631,2.195123
-0.239077,0.439312,2.192762
-0.320842,0.353406,2.169380
-0.153400,0.355425,2.206175
-0.288353,-0.068104,2.179437
-0.211924,-0.105091,2.227414
-0.267766,-0.328431,2.171166
-0.179969,-0.321820,2.422473
-0.258413,-0.373556,2.094066
-0.190470,-0.406058,2.363618
-0.247967,0.820189,2.153299
-0.245926,0.673706,2.187380
-0.455831,0.632126,2.232217
-0.081419,0.656001,2.262832
-0.503687,0.826431,2.115914
-0.046097,0.820548,2.155938
-0.545173,0.994871,2.155938
-0.004057,1.016394,2.022686
-0.559691,1.053816,1.993849
0.008514,1.074957,2.012689
-0.241464,0.475963,2.189168
-0.240199,0.437218,2.186303
-0.322000,0.351099,2.163085
-0.154425,0.352287,2.200464
-0.282050,-0.076212,2.176100
-0.216004,-0.107271,2.218976
-0.268816,-0.342419,2.171443
-0.172197,-0.260191,2.371401
-0.260964,-0.387611,2.094427
-0.181823,-0.353491,2.328629
-0.198726,0.809504,2.152622
-0.242681,0.672207,2.181720
-0.451661,0.621459,2.222271
-0.078939,0.653807,2.258028
-0.503512,0.831183,2.104834
-0.035358,0.822445,2.154595
-0.544907,0.998617,2.154595
0.014582,1.015694,2.017206
-0.559616,1.058112,1.989909
0.029762,1.074435,2.020930
-0.239855,0.468747,2.183844
-0.238735,0.428007,2.179883
-0.321732,0.341447,2.157941
-0.153686,0.343003,2.193920
-0.285143,-0.064985,2.162436
-0.233091,-0.113848,2.198898
-0.267381,-0.340967,2.170537
-0.169181,-0.236078,2.368332
-0.258485,-0.386034,2.093743
-0.184318,-0.330147,2.329448
-0.244692,0.804974,2.121179
-0.240027,0.670854,2.173885
-0.453473,0.669429,2.166269
-0.078170,0.699664,2.209576
-0.539286,0.862898,2.079663
0.016996,0.855950,2.143959
-0.613236,1.029619,2.143959
0.130271,1.041975,2.012492
-0.639172,1.088094,1.992716
0.164110,1.097548,2.064471
-0.238772,0.463313,2.178504
-0.237726,0.421788,2.174571
-0.320934,0.334587,2.153971
-0.153348,0.337436,2.189012
-0.277108,-0.087014,2.160600
-0.217770,-0.120762,2.199467
-0.272182,-0.335212,2.166746
-0.175568,-0.275882,2.349723
-0.261661,-0.380295,2.090390
-0.183510,-0.369668,2.308663
-0.245165,0.804448,2.120826
-0.241442,0.667981,2.164798
-0.454773,0.665109,2.165533
-0.073481,0.697509,2.210820
-0.584851,0.788899,2.089933
0.037466,0.840664,2.140613
-0.739937,0.936489,2.140613
0.169743,1.011342,2.014241
-0.786261,0.980574,1.994851
0.209254,1.062322,2.053880
-0.238245,0.449627,2.169234
-0.236550,0.405249,2.164825
-0.321144,0.312124,2.148379
-0.147724,0.317328,2.174435
-0.274477,-0.093534,2.157106
-0.219750,-0.128831,2.197420
-0.286779,-0.326412,2.162647
-0.175875,-0.299597,2.355858
-0.276028,-0.371368,2.086472
-0.188013,-0.391109,2.311382
-0.245299,0.803864,2.118255
-0.243144,0.665215,2.157716
-0.452103,0.653239,2.160167
-0.077109,0.681316,2.212448
-0.593524,0.764947,2.088823
0.047386,0.811652,2.141185
-0.762351,0.898303,2.141185
0.196008,0.967247,2.018116
-0.812768,0.938127,2.000215
0.240391,1.013712,2.052701
-0.238946,0.438508,2.161874
-0.236798,0.392721,2.157093
-0.318992,0.304095,2.141691
-0.149607,0.310224,2.169620
-0.268633,-0.100728,2.151059
-0.220604,-0.132138,2.194905
-0.284173,-0.332539,2.160154
-0.167006,-0.287016,2.341200
-0.271758,-0.377321,2.084338
-0.180078,-0.380543,2.301963
-0.239147,0.803249,2.113340
-0.247417,0.662593,2.147670
-0.452487,0.647955,2.157275
-0.079052,0.672761,2.208347
-0.608682,0.737678,2.087214
0.067288,0.778741,2.140373
-0.626230,0.915766,2.140373
0.242185,0.905401,2.023362
-0.656822,0.970157,2.000108
0.294396,0.943213,2.056906
-0.239755,0.432444,2.154487
-0.237039,0.386254,2.149920
-0.316302,0.298120,2.133623
-0.150966,0.303470,2.162507
-0.277466,-0.092440,2.147952
-0.220437,-0.134001,2.192192
-0.275969,-0.324076,2.159639
-0.173219,-0.296739,2.335071
-0.263740,-0.368940,2.083982
-0.183532,-0.390726,2.296473
-0.230657,0.803187,2.108040
-0.249959,0.662354,2.138924
-0.470791,0.615732,2.164019
-0.080412,0.652686,2.197509
-0.637555,0.683485,2.095016
0.088069,0.758673,2.138041
-0.710047,0.839963,2.138041
0.065423,0.943837,2.013879
-0.734769,0.897341,1.991073
0.052717,1.005644,2.043093
-0.240607,0.424811,2.145859
-0.237973,0.376881,2.140869
-0.317391,0.288302,2.125590
-0.150647,0.287696,2.150347
-0.272479,-0.090310,2.145455
-0.225928,-0.166947,2.180022
-0.268012,-0.343736,2.160313
-0.184875,-0.330047,2.321102
-0.259966,-0.388709,2.084271
-0.196807,-0.424197,2.283672
-0.223822,0.799265,2.102548
-0.254333,0.659337,2.130294
-0.473212,0.613974,2.163380
-0.079908,0.650381,2.196185
-0.651163,0.644228,2.097444
0.108809,0.732595,2.135582
-0.767028,0.772862,2.135582
0.214365,0.892774,2.018726
-0.807291,0.819398,1.994050
0.248314,0.947420,2.061136
-0.242255,0.420528,2.140239
-0.239198,0.372632,2.136225
-0.318709,0.281336,2.122226
-0.150628,0.283996,2.145791
-0.274907,-0.089664,2.143868
-0.226659,-0.166738,2.177976
-0.266437,-0.350407,2.159760
-0.185395,-0.329366,2.319113
-0.258525,-0.395576,2.083873
-0.195059,-0.424913,2.284845
-0.247530,0.790134,2.075967
-0.256768,0.656417,2.122683
-0.474985,0.606716,2.161040
-0.079006,0.647437,2.194310
-0.678255,0.609968,2.092350
0.130302,0.678298,2.142549
-0.815082,0.720040,2.142549
0.257893,0.808229,2.020572
-0.832796,0.774575,1.997193
0.302335,0.825236,2.087939
-0.243014,0.417488,2.133487
-0.239662,0.369678,2.130232
-0.318569,0.277804,2.120053
-0.150449,0.281549,2.135393
-0.277562,-0.087579,2.140230
-0.224030,-0.160188,2.175256
-0.267920,-0.351270,2.161736
-0.146102,-0.303482,2.320714
-0.259949,-0.396532,2.085895
-0.165408,-0.395790,2.281896
-0.247336,0.791109,2.073074
-0.257680,0.655940,2.116543
-0.500759,0.590808,2.163042
-0.072182,0.638715,2.189883
-0.677539,0.556416,2.096857
0.132439,0.641185,2.141841
-0.846450,0.617373,2.141841
0.312968,0.749464,2.039011
-0.909978,0.673224,2.009460
0.307104,0.831185,2.086690
-0.244891,0.418614,2.127539
-0.241930,0.371151,2.124767
-0.325487,0.274095,2.112937
-0.150149,0.280395,2.132364
-0.279325,-0.087722,2.137334
-0.220359,-0.155199,2.172292
-0.268933,-0.352798,2.163803
-0.168381,-0.324297,2.306804
-0.262681,-0.398168,2.087882
-0.180441,-0.418923,2.270783
-0.248406,0.789785,2.067730
-0.257604,0.654214,2.110009
-0.505358,0.573647,2.158903
-0.071827,0.630854,2.182714
-0.675706,0.510535,2.100542
0.146933,0.586828,2.140481
-0.857628,0.496071,2.140481
0.330865,0.650099,2.056880
-0.941214,0.523726,2.040571
0.332329,0.738933,2.097077
-0.246137,0.416567,2.120809
-0.243500,0.369059,2.118525
-0.327953,0.269743,2.105678
-0.151285,0.275510,2.127194
-0.281956,-0.088721,2.134305
-0.215348,-0.154469,2.170191
-0.261729,-0.359754,2.170137
-0.166761,-0.324285,2.305942
-0.256108,-0.405165,2.094208
-0.184510,-0.419351,2.273681
-0.248434,0.788403,2.063157
-0.257645,0.651997,2.104326
-0.494960,0.531949,2.145678
-0.060735,0.607512,2.176193
-0.672055,0.445981,2.105380
0.126777,0.536138,2.136975
-0.846687,0.386486,2.136975
0.329010,0.533289,2.077901
-0.924524,0.426187,2.058596
0.330473,0.622069,2.109802
-0.246846,0.407225,2.112215
-0.244287,0.357829,2.109245
-0.330549,0.254598,2.096520
-0.150001,0.261688,2.117262
-0.282180,-0.089159,2.132524
-0.212202,-0.153116,2.166938
-0.261093,-0.343683,2.168110
-0.159504,-0.323664,2.300647
-0.254404,-0.388845,2.092127
-0.173893,-0.419897,2.270250
-0.249338,0.785473,2.056200
-0.258301,0.649158,2.096957
-0.495082,0.519129,2.143564
-0.060658,0.594952,2.171170
-0.627300,0.390025,2.112999
0.118812,0.483995,2.133925
-0.800701,0.285255,2.133925
0.305690,0.433714,2.095479
-0.866733,0.283045,2.096050
0.367983,0.416954,2.125702
-0.246119,0.400903,2.106086
-0.243294,0.350992,2.103676
-0.329218,0.247869,2.089653
-0.147948,0.254439,2.114653
-0.265545,-0.085467,2.102762
-0.207273,-0.153356,2.162606
-0.247347,-0.273280,2.140831
-0.158702,-0.329994,2.296425
-0.241136,-0.318553,2.064894
-0.173747,-0.426175,2.266250
-0.251983,0.782131,2.049025
-0.258473,0.646801,2.092388
-0.511434,0.467856,2.134460
-0.058741,0.587626,2.168689
-0.613429,0.314035,2.120715
0.098415,0.425819,2.133950
-0.759917,0.201543,2.133950
0.271996,0.315534,2.107426
-0.820156,0.174504,2.108801
0.329857,0.278772,2.130324
-0.245666,0.397575,2.102267
-0.242665,0.347591,2.100402
-0.329397,0.237227,2.083966
-0.145494,0.250072,2.112343
-0.258910,-0.103614,2.120342
-0.198602,-0.151943,2.156946
-0.268928,-0.357341,2.173568
-0.159665,-0.344583,2.285614
-0.261793,-0.402668,2.097711
-0.175127,-0.441280,2.257237
-0.253394,0.779306,2.043565
-0.257659,0.643846,2.087450
-0.509352,0.465325,2.136446
-0.049384,0.546869,2.158970
-0.564968,0.289814,2.126975
0.067542,0.374970,2.133900
-0.681608,0.147207,2.133900
0.221008,0.247121,2.125837
-0.731626,0.137208,2.115938
0.272163,0.204505,2.131843
-0.245262,0.394939,2.098135
-0.242503,0.345064,2.096928
-0.329591,0.234476,2.082452
-0.145122,0.247722,2.108278
-0.260575,-0.212403,2.156884
-0.189340,-0.153297,2.152086
-0.217909,-0.492189,2.204847
-0.157554,-0.348334,2.282132
-0.212763,-0.537709,2.128886
-0.173734,-0.445258,2.254742
-0.251384,0.777422,2.039679
-0.256607,0.642312,2.084558
-0.490890,0.464267,2.135258
-0.053725,0.540980,2.155264
-0.524269,0.283429,2.127259
0.035181,0.335522,2.131441
-0.583971,0.111513,2.131441
0.142563,0.175525,2.145969
-0.652425,0.073976,2.140629
0.178357,0.122193,2.130672
-0.244244,0.380862,2.090539
-0.241667,0.327092,2.087763
-0.327919,0.224538,2.078322
-0.147214,0.237388,2.097486
-0.243297,-0.178563,2.140173
-0.181949,-0.153512,2.144613
-0.252730,-0.424550,2.200159
-0.154685,-0.353664,2.279386
-0.248069,-0.469747,2.123969
-0.172263,-0.450447,2.252343
-0.251592,0.776513,2.037295
-0.255537,0.640748,2.080405
-0.427591,0.542454,2.107820
-0.100516,0.546218,2.105343
-0.485772,0.302699,2.121541
-0.010632,0.317031,2.122621
-0.524958,0.101316,2.122621
0.067121,0.128573,2.151773
-0.545171,0.037573,2.157644
0.101644,0.072462,2.128255
-0.255456,0.356389,2.085636
-0.257674,0.296153,2.083326
-0.329428,0.222446,2.077577
-0.188989,0.217488,2.090596
-0.244894,-0.178074,2.138989
-0.176398,-0.156687,2.136797
-0.238288,-0.459070,2.208832
-0.149923,-0.357973,2.270178
-0.237639,-0.504387,2.132631
-0.169838,-0.455018,2.246064
-0.252907,0.774718,2.033146
-0.255532,0.639183,2.076077
-0.382128,0.580511,2.040095
-0.089991,0.564627,2.125183
-0.429918,0.344635,2.082257
-0.031771,0.323001,2.117035
-0.503154,0.117789,2.117035
0.014372,0.109659,2.142992
-0.508612,0.055248,2.163072
0.040525,0.047110,2.113435
-0.256722,0.351746,2.083520
-0.256712,0.292357,2.081976
-0.327372,0.221021,2.076521
-0.188815,0.217324,2.089913
-0.247753,-0.175165,2.135079
-0.176785,-0.166938,2.129182
-0.238278,-0.458986,2.208835
-0.152584,-0.362096,2.244924
-0.214249,-0.503657,2.136196
-0.172745,-0.460801,2.229703
-0.253587,0.764695,2.035038
-0.250429,0.596258,2.067234
-0.381474,0.580968,2.041115
-0.089456,0.563740,2.122327
-0.435114,0.347800,2.087461
-0.040595,0.320038,2.107308
-0.503504,0.118352,2.107308
0.007309,0.108776,2.143659
-0.510148,0.055752,2.162816
0.036657,0.044869,2.101074
-0.258002,0.344073,2.081925
-0.257753,0.289143,2.081458
-0.327367,0.220760,2.076509
-0.191225,0.215900,2.088622
-0.251013,-0.173975,2.132398
-0.172925,-0.193917,2.128245
-0.246526,-0.444096,2.205184
-0.148900,-0.381896,2.240411
-0.223779,-0.489417,2.132595
-0.172228,-0.479954,2.225930
-0.253539,0.764681,2.032877
-0.248379,0.623881,2.064635
-0.381533,0.580839,2.040924
-0.092585,0.558465,2.109886
-0.468910,0.363660,2.102865
-0.040398,0.315556,2.088238
-0.517984,0.126467,2.088238
0.029357,0.127195,2.147332
-0.570941,0.055662,2.159646
0.060103,0.054191,2.041668
-0.258119,0.342764,2.080713
-0.258665,0.286037,2.080347
-0.327496,0.220137,2.076309
-0.193198,0.214277,2.086605
-0.252677,-0.175457,2.130478
-0.175584,-0.196260,2.125799
-0.247157,-0.443908,2.204656
-0.100812,-0.387416,2.211433
-0.227364,-0.489433,2.131355
-0.143103,-0.480015,2.210135
-0.254358,0.764508,2.029347
-0.247889,0.625415,2.064076
-0.381043,0.584123,2.034589
-0.088786,0.560253,2.109086
-0.473201,0.371924,2.103151
-0.023069,0.322227,2.062842
-0.579943,0.153904,2.062842
0.068651,0.147539,2.143977
-0.655176,0.083347,2.147548
0.102313,0.081337,1.988069
-0.257229,0.344449,2.077888
-0.257806,0.287817,2.077862
-0.326008,0.222931,2.072741
-0.192797,0.216046,2.083665
-0.265039,-0.171767,2.127728
-0.191516,-0.168765,2.094271
-0.279936,-0.384842,2.194814
-0.093664,-0.341575,2.197808
-0.244503,-0.478883,2.210714
-0.129534,-0.436375,2.206678
-0.253454,0.763751,2.026605
-0.247281,0.626123,2.063802
-0.382312,0.574747,2.034365
-0.081698,0.539840,2.093382
-0.495128,0.375257,2.107730
-0.012540,0.327825,2.050278
-0.645682,0.182659,2.050278
0.108562,0.171586,2.138437
-0.701474,0.148610,2.132239
0.152426,0.127402,1.916047
-0.256637,0.343481,2.076069
-0.257612,0.286415,2.076134
-0.326181,0.222387,2.072534
-0.192306,0.212454,2.077525
-0.301781,-0.145071,2.122755
-0.186873,-0.182832,2.096869
-0.282185,-0.358608,2.188143
-0.196822,-0.474497,2.188516
-0.265492,-0.403965,2.114080
-0.180129,-0.519855,2.114454
-0.252671,0.763420,2.023778
-0.246691,0.627097,2.063005
-0.385284,0.573845,2.037919
-0.079559,0.539405,2.091285
-0.511698,0.382482,2.110464
0.000601,0.361387,2.026287
-0.705329,0.230683,2.026287
0.129748,0.232995,2.129197
-0.766159,0.207263,2.122017
0.179280,0.192692,1.852945
-0.256373,0.344093,2.074723
-0.257581,0.287022,2.075251
-0.326617,0.222399,2.072465
-0.191826,0.212784,2.075854
-0.302119,-0.154477,2.127743
-0.185567,-0.186282,2.094784
-0.271938,-0.371814,2.196732
-0.199425,-0.467735,2.210265
-0.256904,-0.417214,2.122353
-0.184391,-0.513134,2.135887
-0.251945,0.763180,2.020002
-0.246643,0.628500,2.061827
-0.385410,0.576685,2.038377
-0.080318,0.546088,2.084046
-0.536241,0.406992,2.117598
0.002576,0.379692,2.019064
-0.754428,0.288951,2.019064
0.126741,0.298889,2.117631
-0.819529,0.285853,2.111146
0.186755,0.279374,1.803520
-0.256502,0.345247,2.073806
-0.257904,0.288231,2.074829
-0.327190,0.223712,2.073037
-0.192364,0.214453,2.074996
-0.301959,-0.155709,2.128510
-0.183854,-0.187381,2.090202
-0.271602,-0.373509,2.197604
-0.200666,-0.467500,2.208753
-0.258509,-0.419003,2.122931
-0.157745,-0.546022,2.257025
-0.252873,0.765121,2.016195
-0.246767,0.630562,2.058688
-0.396823,0.579825,2.045965
-0.082374,0.548207,2.076247
-0.548964,0.411962,2.126882
0.003925,0.391744,2.012186
-0.791468,0.365324,2.012186
0.115829,0.371333,2.108108
-0.853852,0.347121,2.100224
0.178133,0.373251,1.777364
-0.256561,0.346274,2.072419
-0.258150,0.289121,2.074099
-0.328113,0.223885,2.072459
-0.192257,0.214701,2.074995
-0.299436,-0.180985,2.139307
-0.176283,-0.185546,2.075446
-0.268842,-0.393377,2.205857
-0.204635,-0.461218,2.201165
-0.260017,-0.439128,2.130682
-0.155224,-0.540757,2.240878
-0.253573,0.766251,2.010348
-0.247252,0.632538,2.054855
-0.421967,0.658076,2.021652
-0.084441,0.545022,2.067450
-0.541203,0.470375,2.111945
0.006531,0.390244,2.006184
-0.784340,0.443373,2.006184
0.123228,0.449540,2.108274
-0.863233,0.465529,2.096531
0.165237,0.479835,1.753260
-0.262790,0.355959,2.069197
-0.266396,0.301638,2.071855
-0.345092,0.237727,2.068952
-0.195793,0.216101,2.076268
-0.310275,-0.142371,2.128946
-0.173637,-0.184908,2.065516
-0.274801,-0.362838,2.194298
-0.211429,-0.453585,2.202169
-0.263446,-0.408739,2.119507
-0.156833,-0.538134,2.217172
-0.253931,0.767188,2.005876
-0.247614,0.633558,2.050961
-0.421319,0.658053,2.019386
-0.084542,0.539562,2.059187
-0.548944,0.479627,2.115421
0.013579,0.391950,1.988801
-0.767801,0.521262,1.988801
0.113191,0.528065,2.107128
-0.827064,0.546902,2.096985
0.133465,0.577332,1.758101
-0.260701,0.363786,2.063815
-0.263245,0.310960,2.066507
-0.342807,0.240328,2.068607
-0.192024,0.225880,2.066374
-0.304663,-0.192365,2.147148
-0.171670,-0.182693,2.050277
-0.267097,-0.404944,2.210903
-0.208193,-0.450367,2.188851
-0.219168,-0.494608,2.206424
-0.153218,-0.535973,2.191317
-0.266293,0.752400,2.003093
-0.248949,0.607140,2.044100
-0.420832,0.659700,2.002718
-0.088060,0.534310,2.051617
-0.552860,0.495683,2.114556
0.043996,0.458703,1.924462
-0.734959,0.574487,1.924462
0.091310,0.595634,2.108696
-0.778820,0.637120,2.094827
0.092242,0.639130,1.780854
-0.261576,0.363671,2.063456
-0.264471,0.311730,2.066603
-0.343524,0.241174,2.069721
-0.195869,0.226186,2.066639
-0.304696,-0.192432,2.147152
-0.164420,-0.203048,2.034796
-0.260703,-0.403672,2.210875
-0.211148,-0.469042,2.173239
-0.249233,-0.450043,2.136382
-0.153542,-0.552816,2.168780
-0.272379,0.766975,1.990437
-0.245639,0.636305,2.036422
-0.413107,0.657790,1.996682
-0.092850,0.532772,2.039045
-0.546699,0.497957,2.112591
0.046255,0.460506,1.920555
-0.693198,0.617827,1.920555
0.055919,0.627258,2.109682
-0.715041,0.694453,2.098319
0.051071,0.689532,1.819006
-0.262302,0.364188,2.062636
-0.265349,0.311672,2.066339
-0.343657,0.241983,2.071159
-0.199917,0.226702,2.064665
-0.305044,-0.191954,2.147235
-0.163821,-0.204276,2.025985
-0.246805,-0.403360,2.202815
-0.108742,-0.502284,2.088357
-0.237182,-0.450272,2.128366
-0.099120,-0.549197,2.013908
-0.276425,0.763629,1.983100
-0.242108,0.638259,2.034961
-0.419114,0.661965,1.998767
-0.093113,0.533277,2.031619
-0.546782,0.497847,2.115620
0.046863,0.472080,1.906679
-0.660513,0.642608,1.906679
0.024881,0.649957,2.117752
-0.661588,0.730995,2.114350
0.011407,0.737219,1.846406
-0.262929,0.367849,2.061078
-0.266829,0.315003,2.065592
-0.346751,0.244972,2.077347
-0.203176,0.228835,2.059831
-0.315273,-0.160107,2.135983
-0.161773,-0.205001,2.008586
-0.269770,-0.371116,2.201559
-0.111360,-0.503638,2.073270
-0.262707,-0.418143,2.126890
-0.104297,-0.550666,1.998602
-0.280363,0.759193,1.975672
-0.243462,0.638567,2.033574
-0.389889,0.612692,1.993371
-0.096613,0.539618,2.022582
-0.546871,0.485143,2.118611
0.044513,0.481992,1.896972
-0.609617,0.697412,1.896972
0.000966,0.661245,2.110750
-0.592653,0.760154,2.116884
-0.014953,0.738533,1.890348
-0.264466,0.366061,2.060093
-0.268701,0.312006,2.065184
-0.346421,0.244430,2.079144
-0.205591,0.228665,2.057830
-0.316280,-0.155577,2.134572
-0.161542,-0.206130,1.998355
-0.264188,-0.370980,2.199007
-0.129043,-0.517292,2.017167
-0.230994,-0.463307,2.171750
-0.121372,-0.564393,1.942580
-0.341067,0.746575,1.962616
-0.242577,0.640863,2.029421
-0.399909,0.645256,1.974428
-0.102815,0.556400,2.011246
-0.562845,0.538454,2.109567
0.039559,0.492116,1.891298
-0.567690,0.722845,1.891298
-0.031365,0.662472,2.108432
-0.542220,0.782597,2.114241
-0.026129,0.690094,1.899147
-0.260826,0.367153,2.048418
-0.264332,0.312373,2.052773
-0.343431,0.248113,2.065469
-0.194139,0.233055,2.041580
-0.308756,-0.198981,2.147866
-0.162071,-0.210705,1.988472
-0.254577,-0.407762,2.215145
-0.135501,-0.524918,1.977672
-0.231161,-0.495282,2.168805
-0.125530,-0.571311,1.902983
-0.333700,0.750181,1.963445
-0.243222,0.640078,2.027606
-0.399914,0.645178,1.973020
-0.100957,0.557964,2.005513
-0.561301,0.537867,2.109343
0.038647,0.581890,1.865657
-0.564531,0.722282,1.865657
-0.080091,0.700658,2.107633
-0.540249,0.782426,2.113736
-0.119670,0.740247,1.957183
-0.260619,0.366752,2.043514
-0.263892,0.312132,2.047542
-0.344194,0.247866,2.058237
-0.192415,0.233417,2.038039
-0.309341,-0.197516,2.147521
-0.163987,-0.211340,1.978054
-0.252824,-0.405963,2.214320
-0.145943,-0.526350,1.949738
-0.227942,-0.472673,2.141703
-0.136849,-0.572472,1.874834
-0.324634,0.756597,1.966516
-0.244950,0.639337,2.022119
-0.395042,0.644153,1.967377
-0.097412,0.555532,1.996747
-0.555986,0.538631,2.105306
0.045272,0.571143,1.859261
-0.558897,0.723003,1.859261
-0.068176,0.696269,2.103962
-0.535453,0.783366,2.110456
-0.105993,0.737978,1.947857
-0.260864,0.364631,2.037886
-0.263888,0.309729,2.042226
-0.344158,0.245989,2.053056
-0.191809,0.232294,2.034590
-0.320909,-0.162743,2.129752
-0.167524,-0.217076,1.968141
-0.265906,-0.370911,2.198704
-0.161699,-0.531661,1.918802
-0.242752,-0.434291,2.122701
-0.153401,-0.577760,1.843858
-0.306022,0.758888,1.962955
-0.246224,0.638099,2.017657
-0.453640,0.696264,2.042605
-0.095657,0.543393,1.983885
-0.575502,0.525641,2.123377
0.051033,0.575764,1.855518
-0.557241,0.718271,1.855518
-0.067712,0.698038,2.101005
-0.533928,0.778614,2.107476
-0.107294,0.738796,1.938669
-0.262657,0.376764,2.032580
-0.266300,0.327389,2.036787
-0.351669,0.252437,2.049992
-0.190554,0.234082,2.033327
-0.315695,-0.167650,2.125646
-0.171180,-0.220680,1.960641
-0.265925,-0.374138,2.201553
-0.170973,-0.534201,1.899432
-0.243046,-0.436583,2.124761
-0.183342,-0.580234,1.825061
-0.301470,0.758525,1.961139
-0.247593,0.636586,2.009886
-0.453898,0.697961,2.040302
-0.095976,0.542661,1.983089
-0.575114,0.531035,2.119184
0.045966,0.587005,1.852917
-0.556763,0.723793,1.852917
-0.069495,0.712374,2.096846
-0.533546,0.784102,2.103284
-0.107983,0.754163,1.935537
-0.262302,0.385481,2.026691
-0.265442,0.337111,2.031631
-0.351509,0.255669,2.047364
-0.188774,0.244862,2.027172
-0.309405,-0.170636,2.119061
-0.174372,-0.211302,1.958517
-0.270563,-0.375230,2.203809
-0.182388,-0.522466,1.881656
-0.249710,-0.435909,2.125099
-0.194773,-0.568702,1.807452
-0.290911,0.757171,1.952244
-0.248015,0.634984,2.004232
-0.533923,0.709712,2.133573
-0.096013,0.542539,1.982180
-0.579793,0.531556,2.114864
0.043694,0.592645,1.852152
-0.551752,0.722501,1.852152
-0.060320,0.734630,2.095279
-0.528656,0.782792,2.101656
-0.094991,0.781959,1.912751
-0.265889,0.410104,2.018608
-0.270297,0.370302,2.023468
-0.368803,0.271709,2.038810
-0.187190,0.254031,2.025226
-0.315929,-0.143196,2.102008
-0.179618,-0.202970,1.957271
-0.296734,-0.343981,2.198759
-0.185731,-0.512090,1.869756
-0.276687,-0.403187,2.118820
-0.211002,-0.557788,1.798627
-0.273934,0.757073,1.941802
-0.251437,0.632563,1.997846
-0.529686,0.724551,2.131122
-0.096993,0.547929,1.979064
-0.587946,0.546977,2.104084
0.033041,0.621080,1.850504
-0.549605,0.726731,1.850504
-0.056338,0.770764,2.088779
-0.526559,0.786983,2.095084
-0.048653,0.811164,1.894270
-0.264745,0.411659,2.016913
-0.268424,0.371249,2.022239
-0.363358,0.271241,2.036685
-0.181833,0.261241,2.022468
-0.253387,-0.165601,2.031721
-0.181438,-0.196339,1.956204
-0.308719,-0.312515,2.183499
-0.190745,-0.504804,1.866293
-0.286827,-0.376549,2.107975
-0.216978,-0.550953,1.795881
-0.295164,0.743721,1.922812
-0.257905,0.629976,1.988212
-0.522106,0.753173,2.118899
-0.096614,0.548219,1.976933
-0.592485,0.556006,2.091370
0.026940,0.642399,1.846686
-0.549239,0.734417,1.846686
-0.064229,0.786150,2.075552
-0.526242,0.794632,2.081761
-0.048711,0.816713,1.892658
-0.264012,0.413376,2.012179
-0.266524,0.372372,2.018191
-0.357922,0.270691,2.031947
-0.179064,0.263074,2.018643
-0.306529,-0.162659,2.086680
-0.182711,-0.194950,1.954695
-0.296360,-0.352608,2.200830
-0.194210,-0.503386,1.865925
-0.276571,-0.411467,2.120662
-0.220303,-0.550270,1.795952
-0.348848,0.729659,1.915133
-0.264362,0.630850,1.980349
-0.502963,0.576698,2.089732
-0.103112,0.580009,1.970102
-0.684286,0.559440,2.087875
0.026752,0.652317,1.841741
-0.567496,0.776433,1.841741
-0.067602,0.791853,2.050683
-0.544540,0.836589,2.056887
-0.049692,0.822157,1.888720
-0.258297,0.389716,1.996577
-0.254358,0.334882,1.999181
-0.331077,0.232081,1.999994
-0.172916,0.259025,2.012940
-0.251434,-0.183367,2.019946
-0.184109,-0.199537,1.952323
-0.308643,-0.310931,2.185714
-0.199336,-0.509082,1.869482
-0.286983,-0.376305,2.111370
-0.221111,-0.555435,1.797769
-0.334670,0.726529,1.904823
-0.266932,0.631782,1.973624
-0.503537,0.581186,2.087482
-0.100422,0.586702,1.967893
-0.660227,0.671656,2.040340
0.022630,0.666380,1.837437
-0.565169,0.858979,1.837437
-0.076677,0.799257,2.027581
-0.542238,0.919071,2.033779
-0.053913,0.828119,1.885059
-0.256961,0.390307,1.992542
-0.253246,0.337241,1.996354
-0.330765,0.234563,1.998818
-0.165287,0.260005,2.002722
-0.251282,-0.181825,2.019420
-0.184080,-0.199564,1.951375
-0.319653,-0.288423,2.194190
-0.198319,-0.510166,1.874820
-0.294451,-0.360277,2.127465
-0.219791,-0.556855,1.803337
-0.330123,0.728957,1.900553
-0.263065,0.629276,1.964641
-0.503898,0.596395,2.076226
-0.096504,0.592711,1.964349
-0.625334,0.727118,2.016780
0.021663,0.678851,1.833937
-0.572737,0.929245,1.833937
-0.084838,0.802966,1.999932
-0.549831,0.989274,2.006123
-0.120339,0.844338,1.930951
-0.254822,0.392584,1.982209
-0.252301,0.342826,1.986582
-0.335247,0.242684,1.985970
-0.162704,0.261219,1.994633
-0.250419,-0.184509,2.016913
-0.184065,-0.199572,1.950798
-0.307543,-0.321842,2.175517
-0.197021,-0.511306,1.880650
-0.282744,-0.392510,2.107490
-0.217020,-0.557863,1.808727
-0.332531,0.730124,1.897494
-0.249169,0.633703,1.951326
-0.508463,0.623497,2.061695
-0.090895,0.603192,1.959017
-0.642466,0.742397,2.008009
0.009297,0.707749,1.827404
-0.568985,0.929676,1.827404
-0.108159,0.811824,1.994810
-0.546102,0.989641,2.000995
-0.147311,0.846516,1.939611
-0.248627,0.399381,1.969144
-0.247933,0.351495,1.974138
-0.335681,0.248134,1.975323
-0.158854,0.266630,1.982557
-0.251712,-0.204545,2.004103
-0.183612,-0.194312,1.950324
-0.322603,-0.277764,2.192664
-0.196847,-0.506116,1.881982
-0.296686,-0.350564,2.127508
-0.214892,-0.552515,1.809546
-0.297444,0.747580,1.894475
-0.247573,0.630632,1.948920
-0.509265,0.669010,2.038416
-0.084799,0.611433,1.954963
-0.660217,0.764651,1.983457
0.004504,0.726171,1.824480
-0.554945,0.942022,1.824480
-0.121182,0.802872,1.976612
-0.532086,1.001925,1.982790
-0.163077,0.828439,1.955942
-0.248693,0.407631,1.960745
-0.249069,0.365594,1.963205
-0.341323,0.264326,1.957431
-0.159865,0.274933,1.972814
-0.243306,-0.183815,1.999713
-0.182583,-0.186124,1.948974
-0.298742,-0.327075,2.154096
-0.195873,-0.498229,1.882132
-0.273869,-0.399492,2.088236
-0.210282,-0.543931,1.808533
-0.297047,0.747173,1.892394
-0.246274,0.627994,1.943353
-0.506003,0.668240,2.035428
-0.082661,0.614239,1.952901
-0.636352,0.777702,1.950717
-0.007608,0.739214,1.823263
-0.527451,0.922689,1.823263
-0.133187,0.805262,1.950829
-0.504615,0.982530,1.957000
-0.175046,0.827278,1.963688
-0.248600,0.408701,1.952887
-0.249202,0.366393,1.956416
-0.341014,0.265158,1.953567
-0.161401,0.276359,1.958875
-0.247962,-0.182026,1.999513
-0.182513,-0.184686,1.946408
-0.297984,-0.328554,2.152917
-0.196014,-0.497216,1.882054
-0.273027,-0.401068,2.087305
-0.210238,-0.542777,1.808407
-0.283591,0.747134,1.880517
-0.248227,0.625244,1.935069
-0.495558,0.670845,2.014708
-0.104697,0.660394,1.925406
-0.635678,0.776939,1.948494
0.028091,0.740998,1.810457
-0.524804,0.920408,1.810457
-0.114825,0.789859,1.943724
-0.501992,0.980188,1.949889
-0.108444,0.864903,1.896242
-0.248273,0.407508,1.943716
-0.248393,0.364863,1.947457
-0.334399,0.265772,1.942623
-0.162627,0.280104,1.950576
-0.243543,-0.178816,1.986786
-0.181004,-0.180672,1.938208
-0.312632,-0.314144,2.142595
-0.198885,-0.494549,1.888836
-0.285329,-0.388431,2.080137
-0.215569,-0.540058,1.815783
-0.273758,0.747728,1.872414
-0.250799,0.620473,1.923457
-0.487856,0.667245,1.995011
-0.082523,0.622557,1.930727
-0.614165,0.786629,1.922540
-0.003339,0.753876,1.812981
-0.533350,0.948800,1.812981
-0.136335,0.789329,1.909887
-0.510562,1.008519,1.916047
-0.180668,0.801147,1.959310
-0.248211,0.405585,1.931826
-0.247777,0.363040,1.935632
-0.332225,0.264790,1.928468
-0.161326,0.278096,1.942303
-0.232018,-0.183582,1.953217
-0.180310,-0.182311,1.928641
-0.304992,-0.291653,2.125553
-0.198970,-0.496780,1.886052
-0.279562,-0.369811,2.067317
-0.210378,-0.542257,1.812065
-0.275593,0.747604,1.866568
-0.246573,0.618636,1.913064
-0.489051,0.660528,1.991287
-0.082271,0.620030,1.928669
-0.613304,0.776006,1.907656
0.003876,0.734545,1.797306
-0.543442,0.942711,1.797306
-0.122966,0.798492,1.897773
-0.520677,1.002371,1.903926
-0.165246,0.819808,1.935545
-0.244803,0.403755,1.920269
-0.244528,0.361006,1.924007
-0.330815,0.262814,1.919857
-0.156631,0.274941,1.927418
-0.244291,-0.177044,1.961800
-0.179909,-0.184960,1.917250
-0.311017,-0.314966,2.116619
-0.198611,-0.499835,1.882562
-0.283445,-0.391521,2.057386
-0.209608,-0.545168,1.808512
-0.269700,0.754090,1.848544
-0.259952,0.619523,1.890454
-0.487608,0.614134,1.977019
-0.083205,0.611630,1.922355
-0.611730,0.731955,1.898168
0.013035,0.719679,1.793110
-0.521020,0.887709,1.793110
-0.114996,0.788338,1.898602
-0.498277,0.947309,1.904749
-0.157673,0.811224,1.925350
-0.248614,0.396782,1.907791
-0.247040,0.352462,1.912609
-0.331150,0.255822,1.911888
-0.156534,0.268826,1.919529
-0.253757,-0.174143,1.962705
-0.180743,-0.191514,1.908848
-0.300549,-0.327831,2.110793
-0.198449,-0.506645,1.879295
-0.274400,-0.404267,2.050860
-0.207938,-0.552939,1.805691
-0.276389,0.747078,1.834364
-0.244177,0.620631,1.883932
-0.486183,0.607067,1.970846
-0.084859,0.604212,1.914690
-0.608962,0.727546,1.896057
0.024876,0.700708,1.788107
-0.521870,0.885019,1.788107
-0.101306,0.783498,1.894316
-0.499150,0.944560,1.900457
-0.143367,0.811095,1.908560
-0.243193,0.391214,1.898711
-0.242701,0.345245,1.903018
-0.328615,0.248882,1.902235
-0.155392,0.261976,1.907896
-0.241540,-0.174005,1.943711
-0.181584,-0.198695,1.900735
-0.298568,-0.318275,2.096784
-0.193297,-0.514064,1.873760
-0.272786,-0.396872,2.039707
-0.203162,-0.559909,1.800019
-0.278866,0.743510,1.817892
-0.243384,0.623607,1.875628
-0.485856,0.598892,1.957563
-0.081794,0.603156,1.905968
-0.610500,0.717065,1.883315
0.032998,0.693232,1.779788
-0.526056,0.875573,1.779788
-0.092820,0.777918,1.880489
-0.503358,0.935056,1.886624
-0.134760,0.806146,1.897703
-0.240723,0.388076,1.887822
-0.240018,0.340753,1.892174
-0.325188,0.239817,1.885893
-0.152370,0.258532,1.900299
-0.281589,-0.169995,1.964671
-0.181819,-0.201548,1.893948
-0.290780,-0.345087,2.097221
-0.204175,-0.516208,1.869399
-0.265786,-0.421694,2.037337
-0.213055,-0.561809,1.795486
-0.278747,0.736653,1.804923
-0.237813,0.623363,1.868764
-0.482590,0.587169,1.942360
-0.081151,0.599060,1.896468
-0.607023,0.705238,1.868710
0.036525,0.688575,1.773726
-0.532453,0.868232,1.773726
-0.088476,0.776830,1.865096
-0.509776,0.927656,1.871225
-0.130143,0.806249,1.887772
-0.235995,0.383412,1.878550
-0.235618,0.335214,1.882699
-0.320964,0.234371,1.875068
-0.149445,0.254149,1.892591
-0.271890,-0.170667,1.956794
-0.177321,-0.206424,1.881996
-0.291846,-0.343449,2.090696
-0.203459,-0.520528,1.867380
-0.266752,-0.420893,2.032113
-0.211284,-0.565870,1.793291
-0.279141,0.730507,1.794430
-0.233599,0.620579,1.860127
-0.483875,0.587056,1.929236
-0.080834,0.595140,1.889036
-0.607652,0.705097,1.855201
0.038654,0.686514,1.770803
-0.528472,0.865454,1.770803
-0.087446,0.773541,1.852600
-0.505818,0.924821,1.858723
-0.129479,0.802550,1.883498
-0.233448,0.381743,1.869333
-0.233426,0.333865,1.873573
-0.319344,0.233350,1.864292
-0.147579,0.251768,1.883968
-0.274046,-0.170244,1.954072
-0.177503,-0.209006,1.877539
-0.286186,-0.346568,2.084609
-0.203093,-0.523004,1.863359
-0.262037,-0.424542,2.026502
-0.209781,-0.568241,1.789196
-0.280164,0.729167,1.783144
-0.228709,0.622399,1.849451
-0.475501,0.590899,1.899074
-0.077852,0.596539,1.876706
-0.611089,0.702596,1.845558
0.045120,0.689104,1.764900
-0.524716,0.858948,1.764900
-0.085292,0.768244,1.835863
-0.502084,0.918258,1.841979
-0.103261,0.851595,1.860281
-0.230535,0.380292,1.861864
-0.230815,0.331923,1.866633
-0.316662,0.232567,1.857982
-0.146135,0.249749,1.878726
-0.276235,-0.169905,1.953320
-0.177327,-0.211148,1.872328
-0.280756,-0.354171,2.074417
-0.202494,-0.524958,1.862112
-0.257935,-0.432695,2.016673
-0.205738,-0.570357,1.787911
-0.277450,0.725474,1.770387
-0.228157,0.621092,1.840388
-0.470626,0.589000,1.893157
-0.082482,0.612395,1.863418
-0.602215,0.699280,1.824235
0.056367,0.688498,1.760478
-0.518950,0.856506,1.760478
-0.079948,0.761128,1.823722
-0.496339,0.915760,1.829833
-0.097900,0.844399,1.851800
-0.226289,0.377851,1.852837
-0.225790,0.329196,1.857662
-0.306355,0.231510,1.847280
-0.142762,0.249412,1.871583
-0.278110,-0.169846,1.944301
-0.176057,-0.211474,1.865428
-0.277049,-0.356092,2.062824
-0.201814,-0.524963,1.860749
-0.254623,-0.435786,2.006665
-0.206579,-0.570379,1.786708
-0.276259,0.723426,1.760384
-0.224171,0.620825,1.830984
-0.469791,0.588407,1.888842
-0.084571,0.622414,1.851030
-0.597134,0.696886,1.806563
0.063471,0.689033,1.756626
-0.513687,0.853691,1.756626
-0.076982,0.758524,1.808796
-0.491097,0.912889,1.814901
-0.094917,0.841717,1.843689
-0.224622,0.378447,1.843386
-0.224631,0.329960,1.848299
-0.306761,0.232266,1.836843
-0.142156,0.251127,1.863171
-0.231950,-0.185506,1.904837
-0.175157,-0.210170,1.860649
-0.280542,-0.335627,2.055003
-0.201038,-0.523561,1.859829
-0.257672,-0.417617,2.002502
-0.207446,-0.568972,1.785940
-0.270759,0.718387,1.755320
-0.212519,0.619196,1.826116
-0.459735,0.608092,1.851578
-0.079822,0.638989,1.838778
-0.598492,0.707426,1.779911
0.073256,0.694088,1.745491
-0.503998,0.854945,1.745491
-0.070010,0.759163,1.800489
-0.481429,0.914088,1.806588
-0.087928,0.842279,1.831054
-0.218086,0.382175,1.833233
-0.218847,0.335033,1.836465
-0.303262,0.238081,1.820823
-0.137967,0.256999,1.849459
-0.231447,-0.183399,1.900827
-0.175607,-0.204114,1.857388
-0.277714,-0.335558,2.049998
-0.200635,-0.517586,1.858660
-0.254912,-0.418008,1.998278
-0.202107,-0.562419,1.784202
-0.246691,0.710082,1.753987
-0.150335,0.642686,1.822045
-0.456974,0.607566,1.846144
-0.077712,0.643757,1.833069
-0.600991,0.695458,1.768613
0.079517,0.693044,1.744877
-0.482334,0.824246,1.744877
-0.066241,0.756173,1.789138
-0.459786,0.883334,1.795232
-0.084142,0.839211,1.827372
-0.205927,0.384925,1.825743
-0.212876,0.335518,1.829801
-0.302291,0.239272,1.813380
-0.138378,0.257859,1.843919
-0.230456,-0.185545,1.896706
-0.175233,-0.203666,1.854593
-0.275157,-0.337902,2.046260
-0.199433,-0.517248,1.857190
-0.252645,-0.420726,1.995036
-0.201066,-0.561814,1.782588
-0.257941,0.716523,1.733299
-0.187470,0.625521,1.804370
-0.453113,0.608503,1.835530
-0.077058,0.647727,1.826213
-0.592911,0.701036,1.755247
0.082856,0.693273,1.742172
-0.442805,0.774601,1.742172
-0.064445,0.755646,1.804976
-0.420278,0.833635,1.811065
-0.082329,0.838608,1.822126
-0.206391,0.385451,1.818722
-0.211984,0.336783,1.821809
-0.299797,0.241865,1.801379
-0.137866,0.258300,1.838867
-0.228815,-0.184208,1.886981
-0.175439,-0.203489,1.852589
-0.276952,-0.349486,2.023115
-0.198619,-0.517071,1.856893
-0.252726,-0.433723,1.975155
-0.199217,-0.562330,1.782733
-0.248638,0.702616,1.741510
-0.154237,0.633620,1.810578
-0.452057,0.606778,1.831115
-0.076334,0.648984,1.821955
-0.588262,0.700396,1.744953
0.086019,0.691281,1.742539
-0.443854,0.773097,1.742539
-0.062568,0.753527,1.807707
-0.421348,0.832077,1.813789
-0.080436,0.836413,1.819699
-0.199767,0.386398,1.813093
-0.206764,0.337400,1.814580
-0.298117,0.242630,1.792138
-0.136091,0.259190,1.830715
-0.281485,-0.202107,1.899583
-0.176587,-0.201806,1.848814
-0.267066,-0.373113,2.036239
-0.196637,-0.515368,1.855237
-0.244338,-0.454673,1.983319
-0.197568,-0.559702,1.780593
-0.250698,0.703999,1.730987
-0.165199,0.625559,1.801170
-0.448753,0.605438,1.821741
-0.074832,0.648636,1.817801
-0.587352,0.677332,1.716620
0.085385,0.690021,1.733028
-0.755528,0.764568,1.733028
-0.060906,0.753744,1.603943
-0.805063,0.790263,1.573926
-0.078759,0.836557,1.812672
-0.198843,0.384876,1.805759
-0.204951,0.336515,1.806620
-0.295226,0.242052,1.783703
-0.134035,0.257798,1.823007
-0.274656,-0.196169,1.889291
-0.177410,-0.203234,1.844151
-0.267057,-0.374062,2.018592
-0.195732,-0.516551,1.853862
-0.243558,-0.457297,1.968834
-0.195503,-0.560955,1.779320
-0.254051,0.704824,1.716978
-0.172689,0.624236,1.788948
-0.440839,0.596666,1.805600
-0.071619,0.647017,1.813080
-0.585557,0.668822,1.712151
0.089242,0.684219,1.727766
-0.761233,0.756413,1.727766
-0.055386,0.751605,1.613598
-0.812956,0.782202,1.587751
-0.073224,0.834350,1.807082
-0.199746,0.380683,1.795469
-0.204956,0.331954,1.797022
-0.294278,0.238279,1.775459
-0.133180,0.253110,1.815523
-0.273085,-0.195855,1.884886
-0.177866,-0.207799,1.842805
-0.266456,-0.374528,2.013279
-0.194944,-0.520982,1.854293
-0.242653,-0.458568,1.965165
-0.192174,-0.565532,1.779949
-0.249922,0.700995,1.709016
-0.171619,0.622387,1.784872
-0.439300,0.597091,1.797856
-0.069519,0.644770,1.809701
-0.581329,0.662026,1.693787
0.091530,0.677958,1.723538
-0.472368,0.564892,1.723538
-0.051104,0.748901,1.782823
-0.436047,0.532514,1.816090
-0.068927,0.831578,1.802639
-0.197247,0.377857,1.788283
-0.202200,0.329033,1.788858
-0.291124,0.235788,1.766510
-0.130461,0.249197,1.806503
-0.270315,-0.194962,1.877393
-0.178513,-0.211160,1.840585
-0.271799,-0.377269,2.001446
-0.194351,-0.524088,1.854775
-0.246183,-0.462003,1.955657
-0.190746,-0.568365,1.780364
-0.248684,0.698263,1.700901
-0.171600,0.619399,1.777601
-0.436542,0.593064,1.790587
-0.059425,0.630772,1.805369
-0.579856,0.649004,1.682468
0.097498,0.679853,1.719419
-0.460587,0.556777,1.719419
-0.046316,0.745970,1.763923
-0.420831,0.526035,1.794663
-0.064124,0.828578,1.800382
-0.196041,0.373397,1.780632
-0.200740,0.324290,1.780596
-0.290026,0.231373,1.757985
-0.128031,0.242022,1.797970
-0.250040,-0.199634,1.856094
-0.178930,-0.217755,1.838147
-0.276254,-0.375511,1.985745
-0.193311,-0.530605,1.854594
-0.249048,-0.461768,1.943943
-0.189106,-0.574813,1.780197
-0.245484,0.695602,1.699145
-0.162417,0.620983,1.774607
-0.433783,0.591272,1.779698
-0.056382,0.623773,1.804082
-0.582350,0.647888,1.681534
0.099770,0.672989,1.716572
-0.460008,0.555949,1.716572
-0.037688,0.751369,1.759036
-0.419228,0.525303,1.788458
-0.055482,0.833909,1.797471
-0.192931,0.370219,1.775597
-0.198315,0.319941,1.773495
-0.289322,0.227993,1.749846
-0.127237,0.236656,1.788939
-0.246290,-0.202229,1.851282
-0.178554,-0.222994,1.833247
-0.272872,-0.378139,1.981025
-0.192003,-0.535636,1.853066
-0.246263,-0.464899,1.939907
-0.185791,-0.579638,1.778696
-0.238825,0.692022,1.694767
-0.156657,0.619461,1.772491
-0.430553,0.587917,1.768108
-0.051667,0.615409,1.800560
-0.578969,0.641945,1.667959
0.104058,0.669285,1.715892
-0.456684,0.550921,1.715892
-0.032795,0.749317,1.746355
-0.415923,0.520579,1.776077
-0.050574,0.831790,1.796025
-0.189991,0.366747,1.770771
-0.195946,0.316221,1.766673
-0.288342,0.224822,1.742118
-0.125909,0.232370,1.780131
-0.245351,-0.204130,1.846240
-0.178573,-0.225481,1.831752
-0.272779,-0.376677,1.979872
-0.190996,-0.538034,1.853924
-0.246304,-0.463817,1.939493
-0.183115,-0.581810,1.779586
-0.247005,0.700837,1.675009
-0.166296,0.619643,1.747821
-0.425489,0.580282,1.757325
-0.038864,0.601537,1.800743
-0.573301,0.632387,1.654934
0.113990,0.661748,1.714987
-0.453045,0.540055,1.714987
-0.019947,0.745861,1.734596
-0.412959,0.509278,1.764740
-0.037712,0.828267,1.795716
-0.190116,0.364708,1.758549
-0.194877,0.313814,1.756949
-0.285671,0.220149,1.730122
-0.123251,0.229123,1.776281
-0.248849,-0.206709,1.838591
-0.176342,-0.229349,1.829196
-0.267810,-0.384372,1.967821
-0.186168,-0.541710,1.854511
-0.241829,-0.472570,1.929495
-0.176090,-0.586247,1.780905
-0.247026,0.703230,1.663220
-0.177848,0.611530,1.735791
-0.414395,0.568802,1.744048
-0.028495,0.586356,1.797757
-0.566341,0.616934,1.647856
0.125099,0.651504,1.720038
-0.446786,0.523026,1.720038
-0.032253,0.676240,1.726100
-0.406934,0.491723,1.755772
-0.050003,0.758580,1.797591
-0.192933,0.354616,1.745621
-0.195634,0.303222,1.744617
-0.284326,0.211469,1.719589
-0.118667,0.214995,1.765594
-0.246956,-0.224334,1.834110
-0.174697,-0.235518,1.828515
-0.258738,-0.405206,1.960425
-0.186025,-0.547679,1.856015
-0.233732,-0.493484,1.921660
-0.173872,-0.592079,1.782649
-0.244755,0.709837,1.655625
-0.184278,0.610477,1.726864
-0.414298,0.559766,1.740027
-0.023364,0.548535,1.791544
-0.562831,0.597762,1.632750
0.122748,0.636720,1.727996
-0.445966,0.504801,1.727996
-0.033974,0.669728,1.714839
-0.407012,0.473814,1.745793
-0.086215,0.680731,1.814027
-0.193952,0.349230,1.737982
-0.195627,0.296798,1.737634
-0.282709,0.204299,1.711466
-0.116017,0.206531,1.761102
-0.258297,-0.219636,1.820442
-0.172802,-0.240605,1.827666
-0.260836,-0.400678,1.947131
-0.186928,-0.552353,1.857790
-0.235122,-0.490526,1.912563
-0.175370,-0.596849,1.784346
-0.237002,0.706643,1.651740
-0.178687,0.608705,1.725846
-0.398660,0.544359,1.721509
-0.010258,0.556313,1.796864
-0.561541,0.536454,1.635461
0.150473,0.612856,1.733619
-0.473255,0.681777,1.733619
0.006239,0.685793,1.581215
-0.434283,0.730195,1.570800
-0.041839,0.710106,1.814044
-0.188791,0.344992,1.733321
-0.190081,0.292041,1.732283
-0.276760,0.197886,1.702740
-0.110399,0.200776,1.756584
-0.260782,-0.219557,1.810601
-0.171711,-0.243920,1.827016
-0.265685,-0.398989,1.939330
-0.187231,-0.555325,1.859598
-0.236637,-0.488076,1.905293
-0.170882,-0.599456,1.786795
-0.237818,0.691396,1.639454
-0.177102,0.604760,1.721992
-0.412825,0.517191,1.723570
-0.002830,0.554635,1.798786
-0.569416,0.514944,1.623100
0.167484,0.582269,1.745320
-0.497543,0.668800,1.745320
0.006240,0.636699,1.567862
-0.463756,0.721004,1.557611
-0.047508,0.654842,1.810495
-0.186031,0.341672,1.729337
-0.187124,0.288994,1.728484
-0.275141,0.191137,1.700081
-0.102694,0.194006,1.750155
-0.265747,-0.227599,1.802890
-0.169202,-0.246990,1.826099
-0.307411,-0.421016,1.906379
-0.186478,-0.557793,1.861537
-0.265821,-0.508813,1.883793
-0.170949,-0.601956,1.788525
-0.236429,0.688748,1.636479
-0.174088,0.602870,1.718986
-0.413077,0.512004,1.721473
0.009275,0.540765,1.801552
-0.563292,0.490608,1.612727
0.183311,0.537400,1.760637
-0.608965,0.622951,1.760637
0.026164,0.606275,1.496633
-0.640538,0.660597,1.457154
-0.026218,0.629233,1.817070
-0.183407,0.339612,1.725830
-0.184504,0.286956,1.724896
-0.273983,0.187464,1.696264
-0.099513,0.190256,1.747321
-0.270498,-0.232923,1.786369
-0.161859,-0.254578,1.827057
-0.314200,-0.426347,1.889024
-0.185760,-0.564811,1.862761
-0.266975,-0.511773,1.868269
-0.169746,-0.608953,1.789788
-0.199878,0.647865,1.635022
-0.160462,0.536481,1.705264
-0.382756,0.457574,1.692883
0.023780,0.485308,1.800305
-0.562327,0.408851,1.593433
0.210644,0.457819,1.782666
-0.682006,0.489297,1.782666
0.080166,0.558914,1.474303
-0.700532,0.542946,1.446936
0.036673,0.592612,1.849805
-0.173005,0.290121,1.711099
-0.174320,0.241345,1.710141
-0.266749,0.147139,1.679673
-0.091532,0.146868,1.737910
-0.268282,-0.233592,1.738306
-0.144707,-0.253953,1.826891
-0.330411,-0.444426,1.796241
-0.182186,-0.562134,1.864943
-0.277005,-0.527871,1.808194
-0.160686,-0.606082,1.793275
-0.198474,0.659725,1.643390
-0.159623,0.539778,1.703933
-0.326481,0.519884,1.662543
0.025904,0.489610,1.802930
-0.523201,0.399037,1.585723
0.201167,0.416139,1.796896
-0.680758,0.385712,1.796896
0.078990,0.530021,1.491521
-0.725088,0.445326,1.449739
0.038264,0.567981,1.858086
-0.173013,0.290244,1.710456
-0.173717,0.241067,1.709504
-0.260473,0.151277,1.675481
-0.091797,0.146842,1.737923
-0.267464,-0.233216,1.726231
-0.138790,-0.253269,1.827792
-0.315005,-0.419699,1.841605
-0.180174,-0.560956,1.866620
-0.267268,-0.506982,1.833626
-0.149656,-0.604637,1.798119
-0.195827,0.663127,1.642399
-0.158066,0.541782,1.701815
-0.325562,0.515481,1.660640
0.046508,0.466731,1.813760
-0.493796,0.349794,1.610893
0.195114,0.349626,1.811758
-0.668845,0.236953,1.811758
0.360658,0.290608,1.521390
-0.723082,0.243735,1.483609
0.444482,0.290737,1.781238
-0.171660,0.288188,1.708200
-0.172015,0.237403,1.706611
-0.259726,0.150959,1.674196
-0.090604,0.139819,1.734386
-0.266413,-0.234706,1.709571
-0.136095,-0.253327,1.828208
-0.323452,-0.420568,1.830166
-0.189062,-0.557173,1.877455
-0.273375,-0.506681,1.823846
-0.184668,-0.654555,1.855994
-0.191948,0.667105,1.643420
-0.156855,0.541454,1.698161
-0.357176,0.420767,1.659506
0.051060,0.450564,1.815331
-0.490906,0.273530,1.622756
0.151787,0.305509,1.823116
-0.604367,0.131627,1.823116
0.289377,0.180809,1.573240
-0.662917,0.116828,1.542418
0.353838,0.159601,1.832311
-0.165007,0.286618,1.705810
-0.163945,0.235496,1.704755
-0.250592,0.141682,1.674828
-0.074350,0.139171,1.732130
-0.263199,-0.238570,1.695721
-0.130955,-0.253512,1.829377
-0.318794,-0.439238,1.780649
-0.177400,-0.558467,1.877626
-0.267097,-0.523866,1.791921
-0.147912,-0.602086,1.808632
-0.187954,0.667662,1.638743
-0.154502,0.541489,1.693630
-0.345552,0.419264,1.655702
0.045038,0.435504,1.813013
-0.451892,0.239833,1.640272
0.125417,0.246168,1.842022
-0.509799,0.065866,1.842022
0.200710,0.093117,1.628915
-0.550612,0.021580,1.610729
0.211499,0.033558,1.890928
-0.159812,0.280415,1.701260
-0.158217,0.227593,1.700394
-0.245206,0.137086,1.673720
-0.072238,0.136820,1.727866
-0.256133,-0.243353,1.685381
-0.127902,-0.254949,1.830527
-0.242542,-0.467770,1.727229
-0.173049,-0.561595,1.870400
-0.211689,-0.511260,1.658742
-0.142196,-0.605085,1.801913
-0.175275,0.654803,1.630792
-0.147640,0.522608,1.678773
-0.283883,0.488965,1.633019
-0.006650,0.487640,1.767601
-0.346619,0.265656,1.665339
0.013171,0.256539,1.799943
-0.360350,0.028811,1.799943
0.052177,0.095674,1.674091
-0.378853,-0.031102,1.679198
0.050464,0.015963,1.891535
-0.149814,0.263427,1.697187
-0.147985,0.211173,1.698902
-0.209256,0.132801,1.675174
-0.073278,0.136567,1.727725
-0.234318,-0.272058,1.649612
-0.122157,-0.257238,1.832097
-0.314019,-0.547179,1.764136
-0.173471,-0.564233,1.870765
-0.278557,-0.591130,1.698338
-0.138008,-0.608184,1.804967
-0.125239,0.660502,1.650708
-0.143194,0.515471,1.676342
-0.282465,0.489196,1.631502
-0.005271,0.488440,1.769252
-0.346560,0.266527,1.664694
0.013513,0.256835,1.799571
-0.359289,0.029357,1.799571
0.037395,0.085811,1.669232
-0.380589,-0.029820,1.670296
0.035682,0.006112,1.852146
-0.147743,0.252116,1.694457
-0.146755,0.199063,1.696729
-0.209561,0.129344,1.686986
-0.081711,0.126638,1.702527
-0.229059,-0.272984,1.643103
-0.115636,-0.256967,1.832469
-0.304768,-0.564130,1.724449
-0.172858,-0.563889,1.870741
-0.268701,-0.608162,1.659027
-0.136791,-0.607921,1.805319
-0.123775,0.659866,1.651735
-0.142567,0.513514,1.674078
-0.283444,0.486930,1.628815
-0.005952,0.489555,1.765621
-0.350672,0.263463,1.656235
0.011099,0.256369,1.790840
-0.375549,0.072167,1.790840
0.041876,0.103344,1.637625
-0.373620,0.002321,1.643070
0.040160,0.023541,1.891595
-0.146196,0.250021,1.693075
-0.145218,0.196983,1.695913
-0.208586,0.128884,1.687588
-0.081202,0.126752,1.702445
-0.204483,-0.246332,1.613015
-0.106334,-0.253514,1.831808
-0.274682,-0.544467,1.680006
-0.171592,-0.559729,1.870298
-0.256842,-0.630167,1.728031
-0.135704,-0.603898,1.804729
