0.003844,0.784678,2.531252
0.022586,0.604291,2.535006
-0.142827,0.496671,2.547593
0.158728,0.506339,2.526945
-0.203808,0.237953,2.536031
0.244261,0.246792,2.529274
-0.238268,0.016610,2.529274
0.263556,0.021767,2.478369
-0.240776,-0.061009,2.469460
0.246604,-0.077500,2.455210
0.024443,0.257751,2.531908
0.022884,0.191119,2.506925
-0.046830,0.118064,2.505717
0.092629,0.127159,2.494570
-0.041025,-0.369686,2.579887
0.087649,-0.385383,2.431520
-0.045541,-0.706269,2.777279
0.089227,-0.705620,2.395770
-0.063229,-0.779435,2.776163
0.103036,-0.778001,2.325456
0.005011,0.787207,2.511891
0.023946,0.606327,2.520626
-0.140798,0.497806,2.540339
0.161938,0.505182,2.504244
-0.201963,0.252891,2.517025
0.249817,0.245435,2.515135
-0.258870,0.034430,2.515135
0.270662,0.028991,2.438394
-0.258280,-0.051836,2.437135
0.258674,-0.071079,2.404579
0.028975,0.258547,2.514672
0.026370,0.192318,2.486536
-0.042574,0.121013,2.484689
0.096201,0.127869,2.472779
-0.024634,-0.399483,2.546556
0.089495,-0.384799,2.425219
-0.050771,-0.721387,2.773922
0.088925,-0.706123,2.394521
-0.064053,-0.795196,2.769401
0.109197,-0.791134,2.342615
0.007254,0.788415,2.503962
0.029978,0.608467,2.501723
-0.137016,0.500166,2.528934
0.169903,0.508738,2.483691
-0.205620,0.257921,2.496608
0.263787,0.248466,2.473154
-0.268347,0.036390,2.473154
0.271841,0.032128,2.400674
-0.276666,-0.039465,2.381548
0.266324,-0.066812,2.353933
0.034861,0.260905,2.496896
0.030953,0.195124,2.466592
-0.039423,0.124313,2.465075
0.101700,0.128830,2.452147
-0.038746,-0.378003,2.528569
0.086755,-0.383218,2.422056
-0.057667,-0.713942,2.741545
0.088312,-0.708023,2.391806
-0.070519,-0.752390,2.663166
0.109728,-0.793987,2.342315
0.014805,0.790267,2.480227
0.034131,0.611082,2.483443
-0.131781,0.503463,2.509175
0.174380,0.509522,2.465720
-0.206676,0.266551,2.471027
0.269710,0.251704,2.454211
-0.279175,0.047401,2.454211
0.271941,0.042542,2.360731
-0.284355,-0.036839,2.340035
0.267688,-0.052455,2.290397
0.037507,0.262999,2.483781
0.033257,0.197033,2.452476
-0.037476,0.126453,2.451955
0.103795,0.130125,2.438346
-0.022540,-0.329322,2.445606
0.076756,-0.375725,2.412039
-0.053253,-0.662257,2.681789
0.088496,-0.708631,2.390122
-0.065552,-0.700833,2.603487
0.107900,-0.792185,2.341027
0.020729,0.789745,2.469651
0.038045,0.610318,2.473092
-0.129070,0.506066,2.496599
0.177658,0.509958,2.453439
-0.206558,0.271822,2.456621
0.278236,0.260680,2.425467
-0.284208,0.076668,2.425467
0.277328,0.061955,2.326683
-0.297979,-0.009415,2.292387
0.266060,-0.026726,2.234822
0.040762,0.263831,2.471529
0.036090,0.198913,2.437660
-0.034510,0.129996,2.432019
0.106007,0.130751,2.426343
-0.019010,-0.321968,2.424006
0.071337,-0.373067,2.403457
-0.050858,-0.655326,2.660415
0.089211,-0.709915,2.388759
-0.063016,-0.693623,2.582172
0.107948,-0.791258,2.342820
0.019677,0.792267,2.456951
0.038915,0.610922,2.459491
-0.125583,0.507213,2.481600
0.178504,0.507627,2.432302
-0.204899,0.286808,2.430674
0.281612,0.275057,2.395634
-0.294852,0.085180,2.395634
0.270310,0.078907,2.273320
-0.308003,0.003911,2.243915
0.256223,-0.005046,2.176950
0.042400,0.262679,2.459944
0.036860,0.197517,2.424755
-0.034024,0.129302,2.424921
0.107062,0.129210,2.407738
-0.023834,-0.321139,2.400050
0.068249,-0.368323,2.391132
-0.057441,-0.675222,2.608073
0.089818,-0.711166,2.388132
-0.071137,-0.713474,2.530209
0.107676,-0.790647,2.344044
0.023029,0.794773,2.444087
0.040376,0.612692,2.445521
-0.124457,0.509057,2.469975
0.180651,0.512019,2.417069
-0.206531,0.298960,2.404561
0.285587,0.295345,2.373990
-0.295261,0.093484,2.373990
0.263798,0.110603,2.223042
-0.305592,0.017913,2.186593
0.237233,0.031676,2.129211
0.043899,0.264553,2.449159
0.037665,0.199329,2.413202
-0.033483,0.130964,2.413861
0.107890,0.130519,2.397468
-0.027624,-0.340919,2.391955
0.067783,-0.366676,2.382779
-0.053532,-0.692274,2.575903
0.090199,-0.711228,2.386829
-0.080518,-0.760605,2.563146
0.105688,-0.788707,2.341999
0.021734,0.790354,2.433100
0.040168,0.611509,2.435269
-0.123754,0.503064,2.452223
0.181304,0.513099,2.408421
-0.209962,0.298347,2.379258
0.287715,0.309033,2.354754
-0.291057,0.124855,2.354754
0.248840,0.166343,2.184745
-0.297885,0.041149,2.136244
0.213848,0.098496,2.095450
0.043352,0.262080,2.438125
0.037879,0.197004,2.400270
-0.033577,0.128159,2.401814
0.108622,0.128207,2.382670
-0.025792,-0.347374,2.381808
0.066504,-0.366035,2.375328
-0.043958,-0.714766,2.538892
0.091200,-0.713063,2.385504
-0.076457,-0.773447,2.506620
0.105813,-0.788839,2.342832
0.023235,0.792645,2.422068
0.040381,0.612704,2.424578
-0.122448,0.504096,2.435735
0.183314,0.511140,2.394379
-0.213297,0.304820,2.351801
0.291099,0.316614,2.324911
-0.276826,0.148924,2.324911
0.228138,0.198798,2.149326
-0.287113,0.068235,2.091522
0.181323,0.171838,2.077968
0.042960,0.262515,2.430118
0.037584,0.197260,2.391465
-0.034081,0.127849,2.393900
0.108377,0.128664,2.373643
-0.011762,-0.355875,2.362380
0.065919,-0.368817,2.369682
-0.007911,-0.719665,2.446338
0.091095,-0.712500,2.384579
-0.001637,-0.787401,2.406822
0.108151,-0.789386,2.349000
0.023550,0.793134,2.416244
0.042418,0.616323,2.414674
-0.122597,0.503619,2.424474
0.184932,0.510417,2.385074
-0.210604,0.312092,2.316841
0.285404,0.313067,2.293997
-0.262382,0.171540,2.293997
0.186196,0.231579,2.098319
-0.265827,0.092405,2.036652
0.153045,0.229325,2.068240
0.043611,0.264361,2.422806
0.038176,0.198672,2.383693
-0.033641,0.128357,2.386486
0.108690,0.130114,2.366164
-0.009143,-0.359367,2.353841
0.066537,-0.372018,2.364146
-0.011443,-0.716031,2.409247
0.071312,-0.720592,2.399724
-0.008874,-0.790494,2.375021
0.108448,-0.789474,2.349637
0.023035,0.791560,2.410501
0.041558,0.614870,2.408077
-0.124032,0.500346,2.411655
0.185230,0.505524,2.373232
-0.219933,0.326370,2.278896
0.287499,0.310934,2.277559
-0.238541,0.206078,2.277559
0.160864,0.246695,2.075744
-0.234700,0.137509,1.997451
0.125510,0.281084,2.074924
0.042280,0.263088,2.415845
0.036799,0.197685,2.375710
-0.035068,0.126479,2.378112
0.107090,0.129290,2.357881
-0.003719,-0.361171,2.345716
0.068353,-0.376201,2.359823
-0.011651,-0.719683,2.391803
0.078143,-0.723294,2.394696
-0.017161,-0.792411,2.353710
0.108558,-0.790083,2.347956
0.021289,0.794730,2.409246
0.038555,0.615499,2.401284
-0.125391,0.498877,2.402205
0.182963,0.505782,2.364262
-0.209620,0.327450,2.256983
0.262237,0.298518,2.236667
-0.211398,0.216686,2.236667
0.100382,0.315308,2.013982
-0.200558,0.169887,1.964738
0.014979,0.332843,2.008084
0.040720,0.262902,2.408041
0.035427,0.197657,2.366548
-0.035726,0.126243,2.369871
0.105578,0.129699,2.347089
0.004200,-0.362870,2.339096
0.067806,-0.381564,2.354666
-0.003058,-0.723992,2.367017
0.061903,-0.725487,2.380865
-0.026447,-0.791657,2.313078
0.094108,-0.793206,2.340887
0.022101,0.794885,2.401683
0.037693,0.614831,2.395045
-0.129087,0.492794,2.384276
0.183092,0.507312,2.358278
-0.203076,0.311611,2.247837
0.258437,0.301668,2.229583
-0.225154,0.255809,2.229583
0.082105,0.355075,2.018033
-0.160140,0.217166,1.938479
0.060290,0.357837,2.082456
0.039061,0.262856,2.401552
0.035192,0.198040,2.358866
-0.036526,0.125510,2.360732
0.106036,0.129986,2.340059
0.007833,-0.364098,2.335624
0.063910,-0.384566,2.348343
-0.001672,-0.724918,2.363712
0.058520,-0.726484,2.379825
-0.022287,-0.792199,2.315408
0.088100,-0.795752,2.341128
0.020783,0.798941,2.397141
0.035399,0.614558,2.390336
-0.134043,0.497381,2.379308
0.183076,0.511864,2.353626
-0.199117,0.311944,2.245256
0.244921,0.312205,2.213515
-0.184331,0.302281,2.213515
0.061265,0.364374,2.008461
-0.143633,0.247142,1.930358
0.062117,0.366835,2.093010
0.037619,0.264368,2.395453
0.033958,0.200446,2.351488
-0.038323,0.127329,2.350285
0.105713,0.131063,2.334438
0.007743,-0.364298,2.333808
0.061032,-0.388041,2.341801
-0.001578,-0.724944,2.362774
0.056712,-0.726121,2.379238
-0.023034,-0.791513,2.314572
0.084500,-0.796362,2.340944
0.018721,0.798658,2.390700
0.031267,0.613536,2.384864
-0.136212,0.494840,2.370360
0.183426,0.513800,2.349802
-0.215636,0.329592,2.216352
0.235896,0.314200,2.204536
-0.165870,0.295417,2.204536
0.049333,0.375461,1.987725
-0.097080,0.285916,1.909405
0.067544,0.376248,2.103504
0.034893,0.263106,2.388422
0.032158,0.199490,2.343275
-0.040590,0.125488,2.339761
0.105123,0.129782,2.326999
0.004959,-0.366124,2.330862
0.060231,-0.387301,2.341596
-0.001729,-0.725352,2.362162
0.056640,-0.726248,2.379244
-0.024525,-0.791742,2.313773
0.084402,-0.796749,2.342241
0.016066,0.797349,2.386511
0.029280,0.613317,2.381866
-0.139470,0.508772,2.337415
0.179815,0.520865,2.346081
-0.198595,0.334482,2.134701
0.222540,0.322848,2.188828
-0.082413,0.351866,2.188828
0.027987,0.398379,1.931180
-0.077514,0.336244,1.931209
-0.037621,0.430222,2.068012
0.030146,0.269108,2.381900
0.031619,0.208656,2.334867
-0.037708,0.140786,2.314516
0.103733,0.137299,2.325963
0.004565,-0.366635,2.330652
0.057322,-0.385882,2.341846
-0.001634,-0.725529,2.361715
0.056557,-0.726048,2.379327
-0.023468,-0.791999,2.313393
0.080433,-0.797131,2.340821
0.015980,0.794648,2.379859
0.025672,0.613012,2.377529
-0.144667,0.517715,2.333694
0.178357,0.519905,2.338002
-0.185190,0.347434,2.117827
0.210403,0.330866,2.174503
-0.044273,0.395665,2.174503
0.010224,0.406774,1.937875
-0.000081,0.380348,1.876152
-0.054952,0.439098,2.069667
0.027866,0.272333,2.377443
0.029127,0.212447,2.330018
-0.040189,0.142258,2.310378
0.102103,0.139599,2.324236
0.003911,-0.366921,2.330596
0.057574,-0.386373,2.341803
-0.001452,-0.725992,2.361370
0.056565,-0.725834,2.379489
-0.023171,-0.792108,2.313377
0.080979,-0.797206,2.343878
0.013952,0.794474,2.377539
0.023829,0.613887,2.375301
-0.147133,0.524164,2.295631
0.176789,0.519666,2.333274
-0.185129,0.363951,2.119161
0.199997,0.340805,2.161092
-0.014486,0.422540,2.161092
-0.005044,0.416683,1.956249
0.049017,0.394220,1.916264
-0.069954,0.449326,2.074691
0.022465,0.272849,2.374079
0.028344,0.212966,2.326300
-0.043531,0.138154,2.290622
0.101977,0.139942,2.324888
0.003106,-0.367798,2.330976
0.057796,-0.386532,2.341608
-0.002014,-0.726355,2.361342
0.056606,-0.725726,2.380128
-0.021910,-0.792084,2.313880
0.080779,-0.797040,2.343204
0.012307,0.796844,2.375892
0.018429,0.619778,2.370966
-0.134110,0.562104,2.338273
0.177498,0.522594,2.327692
-0.184937,0.381488,2.122479
0.197483,0.343637,2.156720
-0.014800,0.427670,2.156720
-0.082276,0.427498,1.956261
0.069664,0.451297,1.960031
-0.139710,0.390140,2.101113
0.026233,0.277730,2.369842
0.027091,0.217576,2.321320
-0.043407,0.142394,2.284266
0.100946,0.143587,2.325590
-0.000607,-0.368400,2.332092
0.056900,-0.386222,2.342780
-0.002005,-0.726711,2.361859
0.056545,-0.725530,2.379982
-0.024198,-0.791602,2.312781
0.085798,-0.795444,2.334824
0.011808,0.796969,2.374942
0.012353,0.628248,2.368102
-0.139967,0.581017,2.370051
0.176646,0.518537,2.319448
-0.185309,0.393320,2.123063
0.194232,0.350442,2.148018
0.067246,0.468904,2.148018
-0.089439,0.430657,1.991549
0.152377,0.481660,1.995307
-0.149692,0.396946,2.102406
0.027642,0.280965,2.366125
0.023880,0.219839,2.317398
-0.045875,0.144434,2.281249
0.098477,0.144930,2.324270
-0.003624,-0.368903,2.332886
0.054939,-0.386211,2.344197
-0.002221,-0.726529,2.361630
0.055372,-0.725522,2.379755
-0.063603,-0.793806,2.319214
0.084248,-0.796675,2.339613
0.008384,0.800608,2.375731
0.008867,0.638443,2.360855
-0.141867,0.589237,2.383706
0.164372,0.508354,2.294929
-0.183348,0.413490,2.122827
0.195687,0.337875,2.128763
0.026288,0.497209,2.128763
-0.087825,0.433115,2.025397
0.111420,0.509965,2.029155
-0.154308,0.413144,2.105736
0.028185,0.282540,2.360795
0.018809,0.219351,2.312572
-0.049070,0.145422,2.281422
0.089419,0.145316,2.315259
-0.005387,-0.369389,2.333539
0.053297,-0.385823,2.344594
-0.002806,-0.726395,2.361841
0.054778,-0.725533,2.379687
-0.022953,-0.793860,2.322160
0.084763,-0.796024,2.337373
0.004793,0.803519,2.374467
0.006686,0.642064,2.357347
-0.124697,0.632138,2.412889
0.166134,0.509610,2.283633
-0.174622,0.459651,2.144530
0.180795,0.341613,2.111876
0.027756,0.509531,2.111876
-0.103598,0.441993,2.020907
0.112887,0.522286,2.024664
-0.171844,0.418965,2.106028
0.028718,0.288343,2.355608
0.014031,0.224806,2.308957
-0.052939,0.152746,2.278705
0.083220,0.150029,2.313746
-0.008021,-0.369310,2.334420
0.052451,-0.385629,2.344784
-0.004461,-0.725745,2.362355
0.054265,-0.725303,2.379826
-0.022645,-0.793888,2.321701
0.104076,-0.796793,2.353759
0.003556,0.806120,2.373560
0.005164,0.644256,2.355598
-0.125389,0.633918,2.414177
0.134823,0.500001,2.222239
-0.174083,0.462742,2.144802
0.195785,0.308322,2.099992
0.028523,0.513584,2.099992
-0.081452,0.428456,2.019668
0.113654,0.526339,2.023425
-0.154984,0.425976,2.108610
0.034827,0.302449,2.350024
0.011234,0.241670,2.307873
-0.049403,0.171047,2.262626
0.074204,0.164253,2.328816
-0.010698,-0.370338,2.335565
0.050677,-0.385027,2.344786
-0.005660,-0.725467,2.362153
0.054493,-0.722552,2.378493
-0.024488,-0.793691,2.318650
0.094536,-0.793774,2.342289
0.003215,0.809572,2.372318
0.003644,0.647365,2.354027
-0.125923,0.634487,2.414012
0.128993,0.506525,2.229613
-0.164778,0.465190,2.141739
0.187868,0.320989,2.095133
0.040166,0.520907,2.095133
-0.091337,0.435999,2.021514
0.125297,0.533663,2.025271
-0.165738,0.433840,2.107070
0.032694,0.298075,2.347649
0.008681,0.233471,2.303727
-0.050015,0.167358,2.266120
0.068419,0.160347,2.315001
-0.012098,-0.371209,2.335931
0.049595,-0.384504,2.344788
-0.006428,-0.725487,2.361814
0.054541,-0.721244,2.378192
-0.023701,-0.793378,2.318548
0.091207,-0.792585,2.338795
0.001943,0.809438,2.371374
0.002998,0.647155,2.354333
-0.129274,0.639102,2.417340
0.079682,0.507473,2.218312
-0.166500,0.468878,2.145534
0.195875,0.338823,2.104430
0.038337,0.523536,2.104430
-0.087765,0.442308,2.023630
0.123468,0.536292,2.027387
-0.163348,0.439946,2.106008
0.036045,0.294449,2.343165
0.007141,0.228822,2.302393
-0.048813,0.165190,2.266693
0.063981,0.159599,2.313631
-0.018117,-0.375002,2.337122
0.047638,-0.384363,2.345552
-0.011158,-0.727491,2.361570
0.053463,-0.720683,2.377464
-0.023466,-0.793232,2.318559
0.090137,-0.792445,2.334425
0.000583,0.804941,2.371825
0.000466,0.642578,2.356067
-0.134065,0.640865,2.425600
0.100445,0.512994,2.239388
-0.162585,0.472595,2.151364
0.188198,0.343556,2.098501
0.131408,0.415443,2.098501
-0.093902,0.450429,2.100736
0.221338,0.427266,2.103877
-0.170044,0.457035,2.103469
0.032535,0.293901,2.345689
0.006807,0.229277,2.302092
-0.048712,0.165402,2.265578
0.063449,0.160104,2.313841
-0.018226,-0.374990,2.337154
0.046483,-0.384442,2.346405
-0.011372,-0.727303,2.361371
0.052560,-0.719855,2.376881
-0.023196,-0.793083,2.319034
0.085692,-0.791259,2.330943
-0.000916,0.803975,2.371773
-0.000419,0.637209,2.357817
-0.133042,0.629430,2.411614
0.116494,0.522375,2.262703
-0.166852,0.460293,2.138716
0.176518,0.356664,2.100723
0.130572,0.415937,2.100723
-0.108060,0.456063,2.100432
0.194062,0.452740,2.122666
-0.183554,0.469157,2.099335
0.026959,0.292446,2.348566
0.006431,0.229213,2.301688
-0.050333,0.163328,2.259010
0.063157,0.159639,2.315044
-0.020580,-0.375264,2.337314
0.045515,-0.385183,2.348104
-0.010862,-0.725855,2.362587
0.052173,-0.719745,2.376801
-0.023006,-0.792942,2.319023
0.085207,-0.791294,2.330480
-0.001364,0.803961,2.372140
-0.000857,0.635104,2.358452
-0.134623,0.625707,2.408811
0.120428,0.523296,2.266624
-0.173261,0.453184,2.139086
0.172209,0.358964,2.099804
0.125391,0.418590,2.099804
-0.113115,0.455107,2.101240
0.194157,0.446908,2.119723
-0.187434,0.473391,2.102061
0.025070,0.290935,2.348517
0.005769,0.228587,2.300763
-0.051619,0.161505,2.257236
0.063074,0.159377,2.314942
-0.022418,-0.376568,2.337712
0.045026,-0.385817,2.350199
-0.010290,-0.724969,2.363393
0.051714,-0.719616,2.376657
-0.022902,-0.792810,2.319245
0.099339,-0.792222,2.343161
-0.002029,0.804164,2.372725
-0.002499,0.632530,2.358614
-0.135335,0.621817,2.407970
0.121945,0.520877,2.266781
-0.169280,0.428635,2.153629
0.171662,0.357434,2.098332
0.116759,0.414217,2.098332
-0.115273,0.446666,2.102585
0.188400,0.436919,2.117306
-0.190864,0.457996,2.115493
0.022607,0.285830,2.346696
0.003769,0.224161,2.298247
-0.054218,0.156215,2.255125
0.062450,0.155959,2.313218
-0.025438,-0.380369,2.338922
0.043642,-0.386319,2.352786
-0.010153,-0.723481,2.364046
0.051739,-0.719549,2.376668
-0.028497,-0.790352,2.317387
0.099873,-0.791942,2.340967
-0.002300,0.804331,2.373332
-0.002702,0.631161,2.359740
-0.145995,0.568465,2.366061
0.130594,0.518268,2.276733
-0.161477,0.408734,2.148143
0.170598,0.357783,2.102489
0.124520,0.406397,2.102489
-0.118173,0.438250,2.103880
0.198692,0.420138,2.116697
-0.193080,0.453461,2.121571
0.015259,0.282295,2.348435
0.003489,0.221310,2.296657
-0.057312,0.149426,2.250284
0.064415,0.152106,2.312468
-0.025532,-0.380363,2.339018
0.043074,-0.386334,2.355102
-0.010424,-0.721883,2.365432
0.051717,-0.719394,2.376629
-0.025128,-0.789456,2.317751
0.101546,-0.792016,2.338057
-0.003811,0.806220,2.377473
-0.003257,0.630176,2.360516
-0.132728,0.506744,2.297462
0.132144,0.513463,2.276865
-0.175471,0.348380,2.122626
0.172947,0.348524,2.108746
0.121618,0.392009,2.108746
-0.116437,0.419232,2.111060
0.195718,0.406476,2.122854
-0.187804,0.445704,2.140310
0.006618,0.260887,2.345808
0.004507,0.194202,2.290140
-0.057724,0.127769,2.249479
0.068143,0.136929,2.305780
-0.026019,-0.380415,2.339142
0.042547,-0.387308,2.358126
-0.010752,-0.721607,2.366688
0.051741,-0.719395,2.376684
-0.024803,-0.789315,2.318000
0.095706,-0.791576,2.334709
-0.003770,0.805920,2.378194
-0.003640,0.629657,2.361120
-0.139734,0.516271,2.320820
0.133050,0.492203,2.273977
-0.172382,0.362983,2.139187
0.184752,0.328916,2.108443
0.125954,0.388078,2.108443
-0.058777,0.384140,2.120095
0.200037,0.402460,2.131600
-0.129047,0.412575,2.151173
0.009791,0.258037,2.345132
0.004456,0.192018,2.289781
-0.058316,0.124406,2.249487
0.069302,0.131807,2.304076
-0.026358,-0.380846,2.339405
0.043193,-0.389574,2.361874
-0.011339,-0.721393,2.367816
0.052563,-0.719061,2.377138
-0.031997,-0.788386,2.315078
0.097252,-0.791529,2.333903
-0.003705,0.803186,2.379738
-0.004253,0.626828,2.361907
-0.142615,0.513719,2.323138
0.133100,0.487979,2.274051
-0.175974,0.355002,2.148057
0.185490,0.320908,2.114292
0.121641,0.378451,2.114292
-0.103737,0.381611,2.127729
0.195679,0.392671,2.139206
-0.173934,0.410018,2.153294
0.010106,0.254776,2.345076
0.004551,0.189688,2.289740
-0.059108,0.120345,2.249407
0.070775,0.127667,2.303719
-0.029470,-0.381178,2.355998
0.044830,-0.390259,2.364739
-0.011961,-0.720345,2.369206
0.053082,-0.718977,2.377538
-0.029397,-0.788852,2.317618
0.097326,-0.791128,2.333632
-0.004193,0.800226,2.379945
-0.004859,0.623575,2.362477
-0.145651,0.508517,2.323041
0.132935,0.482444,2.272729
-0.176423,0.349814,2.148324
0.187122,0.314895,2.115340
0.120264,0.374446,2.115340
-0.042787,0.380748,2.130029
0.194238,0.388627,2.141472
-0.112916,0.409127,2.155930
0.009764,0.250916,2.345214
0.004073,0.186330,2.289883
-0.061168,0.115610,2.248865
0.071772,0.122445,2.304384
-0.030614,-0.381144,2.358952
0.046614,-0.390427,2.366225
-0.012087,-0.720518,2.369539
0.053760,-0.718405,2.377984
-0.028236,-0.789261,2.318197
0.096999,-0.790886,2.332672
-0.003318,0.797622,2.380409
-0.004930,0.623319,2.362583
-0.146565,0.508948,2.324501
0.133121,0.481133,2.272861
-0.176373,0.349318,2.151512
0.188379,0.312501,2.118378
0.119512,0.372936,2.118378
-0.042785,0.380716,2.132451
0.193418,0.387097,2.143864
-0.112846,0.409067,2.155984
0.009908,0.250160,2.345267
0.004063,0.185593,2.289884
-0.061287,0.114979,2.249190
0.071981,0.121461,2.303964
-0.031048,-0.380727,2.360244
0.047074,-0.391125,2.367472
-0.013268,-0.719435,2.369655
0.054143,-0.718374,2.378279
-0.030014,-0.788779,2.316474
0.095317,-0.791154,2.331319
-0.002121,0.796274,2.380514
-0.004589,0.622239,2.362823
-0.148418,0.507807,2.324687
0.133447,0.480065,2.273245
-0.176067,0.349086,2.151181
0.189033,0.311325,2.120062
0.119037,0.372417,2.120062
-0.042751,0.380680,2.133098
0.192871,0.386560,2.144493
-0.112742,0.409003,2.156024
0.008933,0.251375,2.345503
0.002378,0.188349,2.290156
-0.064408,0.124695,2.262512
0.066644,0.126818,2.293174
-0.031031,-0.381708,2.361861
0.047184,-0.390785,2.367701
-0.013545,-0.719350,2.369822
0.054598,-0.718595,2.378753
-0.027888,-0.788675,2.317702
0.094258,-0.790950,2.331080
-0.002026,0.796006,2.380391
-0.004777,0.621930,2.363076
-0.148839,0.507971,2.324737
0.133239,0.479699,2.273563
-0.175860,0.349509,2.151692
0.189002,0.311500,2.120735
0.119194,0.359530,2.120735
-0.096943,0.374692,2.133340
0.192960,0.373626,2.144706
-0.166861,0.402986,2.154541
0.005035,0.263163,2.347434
-0.002670,0.205714,2.292753
-0.065436,0.148147,2.284046
0.057689,0.145054,2.278809
-0.030908,-0.382953,2.363786
0.047585,-0.391122,2.368347
-0.014135,-0.719204,2.370198
0.054821,-0.718635,2.378983
-0.028264,-0.788672,2.317581
0.094323,-0.791169,2.331466
-0.001741,0.795424,2.379942
-0.004537,0.621757,2.363231
-0.148125,0.507084,2.323072
0.137692,0.495224,2.290847
-0.177190,0.349454,2.150283
0.180249,0.327421,2.133366
0.115799,0.379424,2.133366
-0.108513,0.378974,2.142604
0.189483,0.393504,2.153945
-0.178352,0.407236,2.156314
0.002697,0.268344,2.348672
-0.002323,0.211232,2.293653
-0.064225,0.150941,2.285712
0.057663,0.149034,2.277514
-0.031383,-0.382987,2.364704
0.047560,-0.391111,2.368447
-0.015070,-0.719665,2.370859
0.054851,-0.718538,2.379014
-0.030256,-0.788540,2.316010
0.091715,-0.790976,2.332079
-0.001462,0.795295,2.380008
-0.004486,0.621658,2.363271
-0.148650,0.510406,2.325429
0.133750,0.483821,2.281997
-0.177686,0.353610,2.152521
0.183755,0.317542,2.126077
0.114931,0.380123,2.126077
-0.058563,0.383967,2.143311
0.188538,0.394188,2.154639
-0.128329,0.412199,2.157830
0.003229,0.270072,2.348866
-0.003253,0.212885,2.293977
-0.064712,0.152221,2.286993
0.056441,0.150118,2.276508
-0.031694,-0.383247,2.365423
0.047198,-0.391206,2.368622
-0.014630,-0.719930,2.370782
0.055300,-0.718265,2.379409
-0.030501,-0.788109,2.314936
0.091639,-0.791015,2.332047
-0.000729,0.794785,2.379827
-0.004172,0.621353,2.363356
-0.148441,0.510389,2.325284
0.137488,0.488114,2.287072
-0.178709,0.354774,2.152132
0.180933,0.321882,2.129611
0.113649,0.375915,2.129611
-0.082498,0.386525,2.141038
0.187169,0.389962,2.152352
-0.152180,0.414723,2.157850
0.002352,0.271388,2.349182
-0.003412,0.214365,2.294148
-0.064734,0.152864,2.287377
0.056315,0.151027,2.276036
-0.031937,-0.383455,2.366004
0.046834,-0.391039,2.368795
-0.014157,-0.720045,2.371495
0.055672,-0.718026,2.379922
-0.031080,-0.788006,2.315457
0.091568,-0.790926,2.332222
-0.000250,0.795076,2.379808
-0.004085,0.621305,2.363403
-0.148086,0.510298,2.324837
0.133979,0.480415,2.280957
-0.178938,0.354976,2.152245
0.184446,0.314874,2.125986
0.112867,0.374003,2.125986
-0.098214,0.381808,2.140215
0.186303,0.388033,2.151515
-0.167817,0.409974,2.155630
0.003573,0.264226,2.347760
-0.002615,0.202519,2.291950
-0.063975,0.139195,2.276221
0.058235,0.138556,2.281080
-0.032562,-0.383424,2.366264
0.046565,-0.390986,2.368950
-0.013842,-0.720175,2.371519
0.056075,-0.717531,2.380111
-0.030624,-0.788284,2.315899
0.091193,-0.791066,2.332232
0.000005,0.794324,2.379889
-0.003566,0.620811,2.363321
-0.148073,0.510271,2.324790
0.134104,0.478718,2.280386
-0.178917,0.355461,2.152413
0.185015,0.313463,2.126087
0.112349,0.371646,2.126087
-0.039087,0.380474,2.139310
0.185715,0.385663,2.150600
-0.108623,0.408613,2.155316
0.003250,0.265637,2.347991
-0.003387,0.205680,2.292417
-0.064797,0.144355,2.281475
0.056598,0.142072,2.278135
-0.032620,-0.383498,2.366394
0.046600,-0.390933,2.368990
-0.013353,-0.720699,2.371586
0.056397,-0.717517,2.380391
-0.032783,-0.788010,2.315835
0.091702,-0.790929,2.331663
0.000253,0.793738,2.379538
-0.003411,0.620235,2.363348
-0.148707,0.510472,2.325213
0.134159,0.477953,2.280022
-0.179056,0.356192,2.152927
0.183336,0.312230,2.126514
0.111605,0.370347,2.126514
-0.095115,0.378686,2.140540
0.184890,0.384349,2.151817
-0.164574,0.406794,2.159353
0.002731,0.267362,2.348300
-0.004268,0.208782,2.292892
-0.065617,0.146943,2.283355
0.055694,0.144447,2.276933
-0.032727,-0.383747,2.366544
0.046894,-0.391055,2.369141
-0.013293,-0.720702,2.371688
0.056508,-0.717680,2.380570
-0.032840,-0.787906,2.315959
0.091766,-0.790796,2.331524
0.001080,0.794057,2.379444
-0.003417,0.620181,2.363226
-0.148657,0.510437,2.325140
0.134330,0.476237,2.279037
-0.179037,0.356426,2.153311
0.181891,0.310045,2.126369
0.039229,0.384148,2.126369
-0.095206,0.378792,2.147767
0.112435,0.398135,2.159033
-0.164591,0.406870,2.159293
0.002411,0.268117,2.348325
-0.004707,0.209704,2.292953
-0.065969,0.147907,2.284254
0.055048,0.145433,2.276147
-0.033081,-0.383589,2.366461
0.046858,-0.390928,2.369112
-0.013207,-0.720730,2.371742
0.056750,-0.717719,2.380680
-0.033571,-0.787498,2.315500
0.091819,-0.790805,2.331473
0.001176,0.794251,2.379134
-0.002800,0.619653,2.362730
-0.149468,0.506817,2.321668
0.134735,0.474237,2.277941
-0.179516,0.352968,2.150361
0.182318,0.308467,2.125608
0.109981,0.360516,2.125608
-0.081625,0.380877,2.135310
0.183116,0.374489,2.146564
-0.150942,0.408928,2.159455
0.002076,0.262673,2.346827
-0.004799,0.202028,2.291001
-0.068453,0.136422,2.273674
0.056739,0.135692,2.280250
-0.033175,-0.382836,2.366108
0.046776,-0.390968,2.369077
-0.013171,-0.719908,2.371840
0.057080,-0.717490,2.380888
-0.033590,-0.787463,2.315532
0.091769,-0.790798,2.331500
0.001277,0.794101,2.378625
-0.002710,0.619269,2.362433
-0.149674,0.506947,2.321769
0.132421,0.471510,2.274560
-0.179497,0.353378,2.150881
0.183690,0.305629,2.124711
0.109294,0.360469,2.124711
-0.079862,0.381652,2.135339
0.182359,0.374429,2.146583
-0.149113,0.409675,2.159326
0.002175,0.260013,2.345872
-0.005228,0.198989,2.290013
-0.068652,0.134967,2.272806
0.056445,0.133895,2.280235
-0.033599,-0.382969,2.366065
0.046733,-0.390816,2.368811
-0.013091,-0.720031,2.371905
0.056998,-0.718648,2.380961
-0.036515,-0.787914,2.314920
0.091365,-0.791268,2.331744
0.001637,0.793470,2.377370
-0.002409,0.618271,2.361533
-0.149676,0.506788,2.321194
0.130759,0.469575,2.272099
-0.180005,0.353496,2.150868
0.184218,0.303382,2.124488
0.108133,0.356897,2.124488
-0.092233,0.376979,2.133846
0.181129,0.370843,2.145079
-0.161418,0.404976,2.155109
0.001956,0.261497,2.345612
-0.006020,0.201873,2.289864
-0.068492,0.140874,2.277809
0.053558,0.138965,2.275570
-0.036078,-0.381173,2.365328
0.045554,-0.390125,2.368063
-0.013023,-0.720208,2.371969
0.056837,-0.719163,2.381020
-0.035287,-0.788297,2.315664
0.090824,-0.791409,2.331669
0.001150,0.792687,2.375969
-0.002230,0.617911,2.361420
-0.149253,0.506600,2.320122
0.130365,0.468879,2.271417
-0.181857,0.353971,2.150322
0.182960,0.302102,2.125103
0.105604,0.358725,2.125103
-0.092655,0.376760,2.137419
0.178523,0.372657,2.148640
-0.161768,0.404728,2.154371
0.001975,0.257170,2.344285
-0.005822,0.196075,2.288097
-0.068274,0.134060,2.272326
0.054264,0.133386,2.276898
-0.037256,-0.380290,2.365435
0.044459,-0.389848,2.367408
-0.012691,-0.719975,2.372329
0.056819,-0.719240,2.381115
-0.035393,-0.787873,2.315604
0.089330,-0.792017,2.333929
0.001084,0.792866,2.374504
-0.002175,0.617743,2.361231
-0.149077,0.505813,2.318709
0.130188,0.469526,2.272139
-0.182492,0.353304,2.149691
0.181052,0.302814,2.125855
0.104241,0.346012,2.125855
-0.094390,0.376212,2.137647
0.177092,0.359931,2.148858
-0.163438,0.404154,2.153515
0.001414,0.256632,2.343891
-0.006105,0.195589,2.287634
-0.068709,0.133486,2.271063
0.054135,0.133120,2.277001
-0.037562,-0.380315,2.365524
0.044259,-0.389821,2.367123
-0.012674,-0.719930,2.372211
0.056930,-0.719137,2.381119
-0.036051,-0.787176,2.314054
0.089265,-0.792061,2.334505
0.001798,0.791938,2.370619
-0.002886,0.617661,2.360778
-0.149643,0.506168,2.318459
0.129684,0.469355,2.271874
-0.182375,0.353593,2.150097
0.181031,0.303047,2.126122
0.103748,0.350994,2.126122
-0.093485,0.377325,2.136231
0.176529,0.364899,2.147432
-0.162467,0.405240,2.153490
0.000881,0.255686,2.343191
-0.006493,0.194522,2.286873
-0.069225,0.132296,2.269136
0.054109,0.131792,2.277196
-0.037617,-0.380426,2.365536
0.044101,-0.389960,2.366869
-0.013037,-0.719756,2.372365
0.056924,-0.719068,2.381084
-0.035579,-0.786958,2.314174
0.087426,-0.791564,2.333273
0.000570,0.791692,2.368960
-0.003108,0.616756,2.360091
-0.150488,0.505709,2.316932
0.129751,0.469331,2.271997
-0.183827,0.353426,2.149141
0.179723,0.303167,2.126351
0.101598,0.356738,2.126351
-0.037828,0.372773,2.135930
0.174314,0.370631,2.147120
-0.106747,0.400663,2.150913
-0.000046,0.254746,2.342539
-0.007155,0.193691,2.286204
-0.070508,0.131250,2.267567
0.053764,0.130461,2.277215
-0.037610,-0.380571,2.365337
0.042441,-0.389882,2.365688
-0.013289,-0.719387,2.372488
0.056918,-0.718964,2.381053
-0.035486,-0.786773,2.314324
0.087223,-0.791658,2.333383
-0.000375,0.791681,2.367698
-0.004526,0.615616,2.358835
-0.152354,0.505125,2.315088
0.129844,0.469230,2.271981
-0.184287,0.352157,2.148451
0.179016,0.303130,2.126793
0.100438,0.356714,2.126793
-0.094564,0.376016,2.135608
0.173081,0.370593,2.146787
-0.163416,0.403878,2.153068
-0.002305,0.254080,2.341671
-0.009116,0.193165,2.285357
-0.073854,0.130572,2.265502
0.052550,0.129171,2.277318
-0.037690,-0.380203,2.364412
0.040530,-0.389830,2.363895
-0.013364,-0.719261,2.372332
0.056937,-0.718693,2.380978
-0.035531,-0.786708,2.314364
0.087272,-0.791506,2.333457
-0.001925,0.791050,2.365774
-0.005185,0.615135,2.357288
-0.153142,0.504066,2.312976
0.130217,0.468669,2.271558
-0.184863,0.350470,2.147737
0.177041,0.302513,2.126397
0.099197,0.348290,2.126397
-0.080108,0.371955,2.135035
0.171781,0.362158,2.146205
-0.148902,0.399794,2.154458
-0.005429,0.259414,2.340815
-0.012825,0.201341,2.284786
-0.077442,0.140945,2.272592
0.047576,0.136311,2.270522
-0.039638,-0.373950,2.359115
0.036346,-0.389887,2.360515
-0.015317,-0.713821,2.368797
0.056892,-0.718531,2.380951
-0.034749,-0.786897,2.314708
0.086574,-0.790819,2.332113
-0.002571,0.791468,2.364519
-0.006473,0.614345,2.353863
-0.154487,0.503749,2.312215
0.130354,0.468335,2.271076
-0.185738,0.349328,2.148514
0.176604,0.302313,2.126355
0.097666,0.349960,2.126355
-0.075677,0.371283,2.134055
0.170186,0.363816,2.145215
-0.144412,0.399098,2.154499
-0.008229,0.246989,2.335973
-0.015776,0.182949,2.279264
-0.084889,0.119067,2.274257
0.050177,0.110528,2.256479
-0.042516,-0.368349,2.355403
0.034948,-0.390102,2.358773
-0.015379,-0.713762,2.368625
0.056691,-0.718503,2.380804
-0.034640,-0.786882,2.314852
0.086318,-0.790677,2.332248
-0.004073,0.791868,2.360828
-0.007712,0.614537,2.351588
-0.156898,0.502592,2.310253
0.130590,0.468349,2.270810
-0.185596,0.347915,2.147018
0.174583,0.302219,2.126237
0.097080,0.344077,2.126237
-0.073195,0.373727,2.128960
0.169536,0.357920,2.140111
-0.141869,0.401517,2.154488
-0.010326,0.244911,2.334657
-0.017481,0.180876,2.278186
-0.087476,0.116693,2.274190
0.049301,0.109396,2.255356
-0.043950,-0.371837,2.355147
0.031794,-0.389362,2.356042
-0.015135,-0.715245,2.368417
0.056012,-0.718442,2.380412
-0.035910,-0.787692,2.314008
0.085744,-0.790512,2.331871
-0.005838,0.792422,2.357443
-0.009038,0.614650,2.350029
-0.159600,0.503605,2.309273
0.130577,0.468877,2.270803
-0.185649,0.347996,2.147297
0.171486,0.302463,2.126369
0.096327,0.341956,2.126369
-0.099390,0.377984,2.128930
0.168717,0.355786,2.140071
-0.168002,0.405749,2.144393
-0.012010,0.244248,2.333726
-0.018866,0.180284,2.277344
-0.089331,0.115664,2.273953
0.048215,0.109312,2.254125
-0.045368,-0.372329,2.355036
0.029720,-0.389221,2.353997
-0.015106,-0.717843,2.368250
0.055747,-0.718438,2.380137
-0.035937,-0.787689,2.313936
0.083992,-0.790715,2.331477
-0.008137,0.792781,2.354952
-0.009566,0.614796,2.349586
-0.161262,0.504904,2.309143
0.129245,0.469539,2.268928
-0.186039,0.349131,2.147806
0.170663,0.302353,2.126561
0.095189,0.339490,2.126561
-0.099724,0.377486,2.127930
0.167511,0.353307,2.139059
-0.168270,0.405225,2.144051
-0.012856,0.248635,2.332729
-0.020054,0.187480,2.276209
-0.088753,0.126109,2.265043
0.044753,0.121454,2.260013
-0.049864,-0.369344,2.354009
0.027066,-0.388195,2.351451
-0.014585,-0.718102,2.368134
0.055448,-0.718265,2.379758
-0.032706,-0.788424,2.316614
0.083446,-0.790928,2.332889
-0.008819,0.793370,2.352068
-0.012040,0.613901,2.346098
-0.162687,0.505373,2.307257
0.128807,0.470112,2.268460
-0.186409,0.348777,2.147373
0.165243,0.302854,2.125337
0.094150,0.339491,2.125337
-0.104926,0.376540,2.125071
0.166407,0.353297,2.136190
-0.173412,0.404253,2.142563
-0.014755,0.246811,2.331046
-0.021668,0.184958,2.274646
-0.091273,0.122245,2.265944
0.043789,0.117513,2.255852
-0.049848,-0.369036,2.352713
0.026204,-0.388064,2.349260
-0.013350,-0.719513,2.368449
0.054722,-0.717759,2.378984
-0.030786,-0.788528,2.317640
0.082895,-0.790972,2.332865
-0.010058,0.793163,2.346453
-0.013512,0.614086,2.343946
-0.163665,0.505166,2.304255
0.127963,0.470278,2.267122
-0.188162,0.347615,2.146343
0.164615,0.302752,2.125257
0.091894,0.340471,2.125257
-0.102479,0.381926,2.125856
0.164090,0.354265,2.136965
-0.170907,0.409616,2.142392
-0.016054,0.245163,2.329590
-0.022679,0.182543,2.273164
-0.092259,0.119814,2.266251
0.043219,0.114608,2.252923
-0.049697,-0.370408,2.351517
0.023796,-0.386338,2.344670
-0.012982,-0.719731,2.368449
0.053951,-0.718742,2.378915
-0.031660,-0.788349,2.317958
0.081644,-0.791279,2.333761
-0.012330,0.793949,2.341641
-0.016781,0.613089,2.340290
-0.165935,0.505449,2.302056
0.127721,0.470437,2.266763
-0.188620,0.347252,2.145293
0.162825,0.302914,2.125207
0.090860,0.340346,2.125207
-0.107285,0.373809,2.125771
0.162991,0.354127,2.136870
-0.175650,0.401474,2.135461
-0.017871,0.244622,2.328341
-0.023870,0.181763,2.272205
-0.093815,0.118505,2.266510
0.042535,0.113252,2.251007
-0.048871,-0.371925,2.350330
0.022020,-0.384875,2.339749
-0.012266,-0.719924,2.368423
0.052598,-0.720627,2.378548
-0.033232,-0.788592,2.317538
0.081204,-0.791221,2.333518
-0.014064,0.792104,2.337485
-0.020093,0.611926,2.336492
-0.167504,0.505148,2.297688
0.124450,0.468774,2.262871
-0.188879,0.345505,2.143165
0.162766,0.300953,2.123566
0.090017,0.338100,2.123566
-0.106275,0.373276,2.124852
0.162086,0.351869,2.135942
-0.174582,0.400917,2.135086
-0.020611,0.242688,2.326057
-0.026354,0.179428,2.270208
-0.095969,0.116753,2.265561
0.040843,0.111324,2.249485
-0.048742,-0.373059,2.348804
0.019870,-0.381885,2.334976
-0.010603,-0.721125,2.368182
0.049549,-0.723047,2.378368
-0.036231,-0.789280,2.316119
0.079293,-0.791360,2.331667
-0.015610,0.791052,2.333583
-0.021637,0.612185,2.333810
-0.168647,0.505292,2.295577
0.123392,0.469181,2.261937
-0.189642,0.345585,2.141732
0.159254,0.301892,2.121797
0.088503,0.333194,2.121797
-0.109408,0.373357,2.122732
0.160507,0.346951,2.133813
-0.177653,0.400973,2.133775
-0.021551,0.242627,2.324864
-0.026979,0.179105,2.269226
-0.096382,0.116465,2.265214
0.040363,0.110993,2.248454
-0.048488,-0.373875,2.347242
0.018942,-0.381341,2.333044
-0.008972,-0.721649,2.368168
0.048911,-0.724223,2.378471
-0.036021,-0.789218,2.316269
0.077628,-0.791596,2.331496
-0.016976,0.792319,2.331952
-0.023140,0.612492,2.332068
-0.170896,0.503743,2.290676
0.119969,0.468443,2.257973
-0.191437,0.343415,2.138214
0.158642,0.300508,2.120479
0.086153,0.330808,2.120479
-0.109514,0.372045,2.120537
0.158089,0.344552,2.131607
-0.177696,0.399636,2.130641
-0.025546,0.249651,2.323532
-0.031528,0.188656,2.268260
-0.099903,0.124841,2.272299
0.033025,0.120524,2.238341
-0.048734,-0.373629,2.346093
0.017532,-0.379189,2.330026
-0.007704,-0.722572,2.367587
0.048579,-0.724813,2.378463
-0.014556,-0.789496,2.327643
0.077483,-0.791527,2.331249
-0.020504,0.791469,2.327549
-0.024994,0.611707,2.329773
-0.176361,0.499927,2.282651
0.116213,0.467950,2.255022
-0.192886,0.336623,2.134163
0.158988,0.299890,2.120033
0.084335,0.329107,2.120033
-0.108727,0.371008,2.120590
0.156204,0.342839,2.131650
-0.176845,0.398573,2.129051
-0.028297,0.246403,2.321761
-0.033644,0.183935,2.266332
-0.103094,0.119421,2.267428
0.032125,0.116582,2.239630
-0.049473,-0.373443,2.345048
0.016581,-0.376765,2.327352
-0.007947,-0.723136,2.367444
0.048114,-0.724750,2.377824
-0.013638,-0.789211,2.327297
0.077746,-0.791632,2.331262
-0.023443,0.791011,2.324925
-0.026643,0.611639,2.327557
-0.176833,0.500698,2.282579
0.114770,0.467937,2.253175
-0.196071,0.339496,2.132417
0.156700,0.300521,2.117656
0.080187,0.322918,2.117656
-0.110743,0.370310,2.119880
0.151986,0.336635,2.130929
-0.178795,0.397848,2.127317
-0.028530,0.245179,2.320536
-0.033935,0.182128,2.265159
-0.103372,0.117649,2.265642
0.032332,0.115128,2.239710
-0.050414,-0.371733,2.342746
0.015729,-0.377794,2.325994
-0.008161,-0.722963,2.366874
0.048076,-0.725222,2.376542
-0.014202,-0.790249,2.327838
0.076914,-0.791794,2.331506
-0.024678,0.791412,2.323479
-0.030361,0.610544,2.323646
-0.179527,0.499879,2.280754
0.111008,0.464786,2.247087
-0.197516,0.339438,2.130121
0.151952,0.295565,2.114803
0.078033,0.320966,2.114803
-0.113674,0.369585,2.119361
0.149770,0.334672,2.130400
-0.181667,0.397099,2.125827
-0.030339,0.242042,2.318626
-0.036167,0.178037,2.263601
-0.105924,0.113781,2.263354
0.031075,0.110606,2.240164
-0.052689,-0.370324,2.341234
0.013126,-0.378420,2.323806
-0.009583,-0.722644,2.366245
0.047565,-0.725381,2.376440
-0.014523,-0.790364,2.327845
0.074213,-0.791497,2.329815
-0.029793,0.787615,2.318479
-0.033699,0.609127,2.321554
-0.180877,0.499542,2.279586
0.110631,0.464727,2.246740
-0.198409,0.340606,2.127674
0.150177,0.294069,2.117075
0.076840,0.327157,2.117075
-0.114759,0.368957,2.117500
0.148511,0.340850,2.128529
-0.182689,0.396446,2.125010
-0.035522,0.248915,2.317767
-0.041894,0.188197,2.263196
-0.110839,0.123681,2.268541
0.024938,0.117499,2.234980
-0.053506,-0.371187,2.341279
0.012188,-0.378869,2.322604
-0.009514,-0.722463,2.366111
0.047609,-0.725892,2.376771
-0.035083,-0.791751,2.322266
0.073069,-0.791455,2.329282
-0.031522,0.787238,2.318011
-0.035036,0.607880,2.319550
-0.182795,0.499535,2.279380
0.110637,0.464672,2.246696
-0.199754,0.341687,2.126673
0.149599,0.294730,2.116425
0.074929,0.327599,2.116425
-0.114898,0.369433,2.115228
0.146529,0.341279,2.126247
-0.182761,0.396895,2.122633
-0.035526,0.247339,2.316486
-0.041388,0.185744,2.261780
-0.110950,0.119832,2.263612
0.026570,0.114952,2.235741
-0.053811,-0.371321,2.341041
0.011443,-0.378742,2.322087
-0.010072,-0.722157,2.365897
0.047230,-0.726826,2.377114
-0.030015,-0.792827,2.320544
0.072826,-0.791488,2.329185
-0.032089,0.786033,2.317148
-0.036181,0.606857,2.317924
-0.183817,0.499773,2.279392
0.110445,0.464369,2.246414
-0.200188,0.342807,2.126148
0.148271,0.295208,2.115233
0.073776,0.325487,2.115233
-0.116059,0.368455,2.113806
0.145311,0.339154,2.124815
-0.183861,0.395892,2.121830
-0.036250,0.250080,2.315944
-0.041984,0.189497,2.261493
-0.111078,0.123966,2.267053
0.025583,0.117411,2.232547
-0.054549,-0.371436,2.341071
0.011025,-0.379075,2.321807
-0.010452,-0.721050,2.365696
0.047377,-0.727124,2.377590
-0.032928,-0.791574,2.320670
0.072562,-0.791116,2.329059
-0.032803,0.787243,2.316436
-0.036925,0.608058,2.316691
-0.184473,0.500328,2.278941
0.110172,0.466537,2.247231
-0.200104,0.343713,2.125778
0.145370,0.296589,2.117141
0.072960,0.321228,2.117141
-0.116132,0.378151,2.110600
0.144437,0.334884,2.121599
-0.183877,0.405565,2.118946
-0.036299,0.264230,2.314502
-0.041039,0.207217,2.260478
-0.106462,0.144114,2.260405
0.023952,0.139109,2.237896
-0.054814,-0.371632,2.341138
0.010731,-0.378917,2.321458
-0.010358,-0.720705,2.365590
0.047815,-0.726893,2.377058
-0.032725,-0.790835,2.320967
0.072601,-0.790967,2.328945
-0.033405,0.787331,2.315421
-0.037754,0.608054,2.315357
-0.185962,0.500618,2.277746
0.109696,0.467294,2.246723
-0.200776,0.344354,2.124648
0.140684,0.299107,2.113225
-0.014434,0.422301,2.113225
-0.123191,0.370590,2.103554
0.056969,0.435944,2.114542
-0.190867,0.397977,2.116359
-0.036434,0.263230,2.313772
-0.040926,0.205087,2.259535
-0.107089,0.138131,2.250656
0.024979,0.135891,2.242061
-0.056018,-0.371540,2.341151
0.010393,-0.378941,2.321422
-0.009457,-0.719565,2.365377
0.047787,-0.726713,2.376939
-0.032631,-0.790236,2.321653
0.071261,-0.790294,2.329338
-0.034840,0.788024,2.315048
-0.038886,0.608362,2.314930
-0.185603,0.500850,2.277134
0.109049,0.468096,2.245982
-0.202583,0.344855,2.124560
0.139872,0.300192,2.112685
-0.009211,0.402196,2.112685
-0.120609,0.381242,2.105665
0.062132,0.415826,2.116644
-0.188228,0.408605,2.118520
-0.037186,0.265875,2.313565
-0.041614,0.208100,2.259414
-0.106527,0.143814,2.253031
0.022953,0.140224,2.240958
-0.056251,-0.371576,2.341261
0.010404,-0.378942,2.321423
-0.009501,-0.719530,2.365346
0.047835,-0.726682,2.377141
-0.032420,-0.789522,2.321835
0.072541,-0.790088,2.329473
-0.035959,0.787972,2.314197
-0.039097,0.608500,2.314675
-0.186181,0.502668,2.278146
0.108035,0.468987,2.243808
-0.204576,0.348579,2.124011
0.137461,0.302539,2.108537
-0.011644,0.406183,2.108537
-0.126102,0.370662,2.105397
0.059621,0.419799,2.116364
-0.193647,0.397995,2.116655
-0.038936,0.268737,2.313543
-0.044509,0.211615,2.259624
-0.109756,0.148463,2.256106
0.018620,0.143040,2.239444
-0.057824,-0.371482,2.341904
0.010386,-0.379293,2.321769
-0.009604,-0.719449,2.365242
0.048451,-0.726857,2.377513
-0.032919,-0.788754,2.321762
0.072570,-0.790080,2.329409
-0.040000,0.788038,2.312773
-0.039161,0.609028,2.314151
-0.187978,0.507665,2.282881
0.105895,0.470332,2.240717
-0.204731,0.353851,2.128712
0.135495,0.304704,2.104860
-0.013079,0.412793,2.104860
-0.080152,0.373895,2.100324
0.058114,0.426396,2.111279
-0.147629,0.401201,2.116176
-0.039390,0.272212,2.313423
-0.046529,0.215569,2.259837
-0.111624,0.152404,2.258691
0.015620,0.146555,2.237915
-0.058286,-0.370970,2.342145
0.009771,-0.379528,2.322468
-0.009499,-0.719305,2.365078
0.048977,-0.726772,2.377789
-0.033818,-0.788437,2.321717
0.072720,-0.789966,2.329389
-0.040898,0.788004,2.312583
-0.038768,0.608717,2.312805
-0.192062,0.499905,2.280100
0.100710,0.472208,2.234482
-0.210487,0.346206,2.126580
0.128573,0.307611,2.097285
-0.021713,0.413677,2.097285
-0.135282,0.365613,2.103151
0.049395,0.427263,2.114094
-0.202678,0.392886,2.120643
-0.038738,0.272469,2.313260
-0.046823,0.215693,2.259830
-0.112153,0.152297,2.260090
0.014611,0.146783,2.236927
-0.059838,-0.370950,2.343154
0.009134,-0.379597,2.323782
-0.009782,-0.719369,2.364890
0.049102,-0.726695,2.378227
-0.033812,-0.787878,2.322033
0.073320,-0.789861,2.329359
-0.042322,0.788856,2.312980
-0.037708,0.609636,2.312251
-0.192538,0.496294,2.279961
0.098628,0.477647,2.230582
-0.226253,0.336435,2.138192
0.122270,0.311607,2.095176
-0.042030,0.411738,2.095176
-0.141200,0.366914,2.101645
0.029003,0.425310,2.112576
-0.208526,0.394158,2.122822
-0.038243,0.273519,2.313192
-0.047476,0.216672,2.259978
-0.113101,0.153073,2.263032
0.012793,0.148192,2.234757
-0.060676,-0.371175,2.344128
0.008366,-0.379380,2.324977
-0.010271,-0.720918,2.364967
0.048972,-0.726976,2.378486
-0.037566,-0.788343,2.315812
0.073308,-0.789962,2.329027
-0.043080,0.789530,2.313219
-0.036389,0.609986,2.311791
-0.193443,0.495312,2.284399
0.094956,0.479107,2.224848
-0.232568,0.334484,2.146328
0.110615,0.314002,2.087261
-0.050676,0.410017,2.087261
-0.150592,0.369564,2.098171
0.020282,0.423574,2.109090
-0.217847,0.396779,2.126765
-0.036665,0.273779,2.312966
-0.047884,0.216905,2.260138
-0.113785,0.152950,2.265572
0.011308,0.148561,2.233379
-0.060162,-0.370666,2.344280
0.008687,-0.380196,2.326761
-0.010873,-0.720297,2.365018
0.048503,-0.726532,2.377936
-0.040782,-0.786502,2.318047
0.073347,-0.789895,2.329056
-0.043351,0.789534,2.313128
-0.035470,0.609786,2.311055
-0.192884,0.492091,2.287869
0.093877,0.479728,2.222159
-0.247690,0.328194,2.162099
0.102800,0.315897,2.082615
-0.069546,0.406910,2.082615
-0.155900,0.371718,2.104911
0.001331,0.420451,2.115818
-0.223078,0.398903,2.132397
-0.036184,0.270740,2.313078
-0.049236,0.211796,2.260904
-0.117960,0.135365,2.285205
0.008818,0.132450,2.218802
-0.059680,-0.370794,2.344589
0.008812,-0.381831,2.329117
-0.011123,-0.720356,2.365180
0.048373,-0.726721,2.378107
-0.036692,-0.786494,2.319841
0.073334,-0.789897,2.329054
-0.043430,0.789520,2.313102
-0.033228,0.609108,2.309362
-0.193485,0.491667,2.294525
0.088820,0.480816,2.218463
-0.249641,0.329622,2.167208
0.091994,0.319312,2.075948
-0.071253,0.406897,2.075948
-0.163250,0.373928,2.110070
-0.000455,0.420423,2.120965
-0.230353,0.401082,2.139229
-0.034604,0.269145,2.312904
-0.049869,0.209552,2.261461
-0.118092,0.133668,2.287920
0.007924,0.131014,2.217165
-0.062429,-0.372315,2.347652
0.008425,-0.382278,2.330245
-0.011094,-0.720155,2.365283
0.048191,-0.726623,2.378238
-0.036303,-0.786449,2.319779
0.073521,-0.790123,2.329566
-0.042813,0.788992,2.312407
-0.031821,0.608909,2.308574
-0.190951,0.490832,2.300363
0.085158,0.481068,2.214196
-0.254730,0.330981,2.174783
0.085378,0.319900,2.071783
-0.076414,0.408450,2.071783
-0.167117,0.373400,2.119350
-0.005696,0.421961,2.130233
-0.234143,0.400523,2.143752
-0.033930,0.262373,2.313911
-0.052091,0.199873,2.263822
-0.122919,0.120939,2.306415
0.005591,0.111334,2.204484
-0.059573,-0.374878,2.349275
0.008349,-0.382770,2.331198
-0.010864,-0.719692,2.365629
0.047958,-0.726522,2.378434
-0.035588,-0.786242,2.319420
0.072615,-0.790227,2.329027
-0.041860,0.786474,2.310702
-0.029079,0.608359,2.307292
-0.190127,0.491579,2.305641
0.083401,0.480224,2.211335
-0.263898,0.336274,2.180485
0.082023,0.319131,2.069438
-0.085304,0.413081,2.069438
-0.166037,0.373467,2.126742
-0.014666,0.426577,2.137612
-0.232988,0.400559,2.146889
-0.033001,0.260045,2.314090
-0.052902,0.197325,2.264635
-0.123786,0.119858,2.308629
0.004789,0.108820,2.203259
-0.062093,-0.376973,2.352985
0.007848,-0.383662,2.332804
-0.010706,-0.719324,2.366300
0.047944,-0.726659,2.378697
-0.034754,-0.786461,2.319520
0.072712,-0.790341,2.329574
-0.037323,0.783758,2.307242
-0.025690,0.609043,2.305491
-0.189539,0.491244,2.307316
0.085239,0.481712,2.211049
-0.263436,0.336605,2.181907
0.079025,0.320202,2.070487
-0.084977,0.412652,2.070487
-0.169917,0.372110,2.127838
-0.014415,0.426133,2.138696
-0.236796,0.399174,2.151298
-0.032425,0.259744,2.314114
-0.052742,0.196981,2.264809
-0.124022,0.119396,2.309735
0.005528,0.108178,2.202491
-0.062819,-0.377512,2.354696
0.008033,-0.383926,2.333326
-0.009552,-0.718361,2.366943
0.048390,-0.725898,2.378486
-0.033703,-0.786605,2.319831
0.072687,-0.790355,2.329610
-0.037245,0.783789,2.307034
-0.021685,0.609204,2.303328
-0.188171,0.492094,2.310542
0.085998,0.482305,2.210937
-0.263364,0.337973,2.185960
0.078038,0.320905,2.070900
-0.084766,0.411248,2.070900
-0.170380,0.370355,2.129151
-0.014280,0.424715,2.139998
-0.237187,0.397389,2.153250
-0.031778,0.259586,2.313951
-0.052769,0.196817,2.264884
-0.124423,0.119318,2.310485
0.005439,0.107917,2.202092
-0.063229,-0.377665,2.355557
0.008043,-0.383966,2.333579
-0.009218,-0.718175,2.368097
0.050148,-0.724767,2.378107
-0.032727,-0.786327,2.319850
0.072650,-0.790659,2.330682
-0.036539,0.783919,2.306162
-0.020069,0.609232,2.302840
-0.187696,0.492299,2.311468
0.085885,0.482286,2.210884
-0.262109,0.338111,2.187052
0.077918,0.321156,2.071030
-0.083763,0.410951,2.071030
-0.170109,0.369815,2.129963
-0.013350,0.424404,2.140799
-0.236846,0.396822,2.153571
-0.030833,0.259706,2.313726
-0.052185,0.197076,2.264779
-0.121150,0.121165,2.307236
0.005618,0.112614,2.204416
-0.058378,-0.377817,2.354591
0.008245,-0.383952,2.333839
-0.008918,-0.717593,2.368580
0.050849,-0.723506,2.377816
-0.032551,-0.786019,2.319511
0.068012,-0.788757,2.330376
-0.035399,0.783083,2.305130
-0.019164,0.608571,2.302677
-0.185819,0.490812,2.310315
0.089183,0.481597,2.211093
-0.261904,0.337540,2.186391
0.079033,0.320259,2.072266
-0.083883,0.410920,2.072266
-0.168952,0.369343,2.130342
-0.013542,0.424359,2.141167
-0.235622,0.396322,2.153324
-0.027665,0.264363,2.313113
-0.047786,0.204899,2.263887
-0.109406,0.140076,2.289202
0.010566,0.137942,2.218915
-0.055594,-0.377221,2.353684
0.008160,-0.383746,2.333980
-0.008342,-0.717905,2.368722
0.050970,-0.723432,2.377669
-0.032590,-0.786082,2.319498
0.069129,-0.788832,2.329791
-0.034772,0.783532,2.305260
-0.015201,0.607876,2.300997
-0.183180,0.489449,2.306543
0.094571,0.480717,2.211586
-0.254941,0.336365,2.179755
0.083977,0.317781,2.075688
-0.077303,0.410205,2.075688
-0.164780,0.368822,2.124393
-0.007037,0.423630,2.135205
-0.231378,0.395772,2.151857
-0.022262,0.247455,2.309929
-0.041686,0.180305,2.259946
-0.111016,0.112136,2.278380
0.019689,0.111149,2.223960
-0.053816,-0.376598,2.352836
0.008284,-0.383665,2.334120
-0.008044,-0.717486,2.368876
0.051226,-0.723371,2.377563
-0.031177,-0.786236,2.319394
0.068946,-0.788774,2.329574
-0.032858,0.784152,2.305180
-0.012830,0.607740,2.300193
-0.181283,0.490530,2.303937
0.101896,0.480366,2.214623
-0.239666,0.340445,2.165309
0.097563,0.314008,2.084080
-0.061473,0.410179,2.084080
-0.154280,0.369238,2.106816
0.008723,0.423590,2.117618
-0.220811,0.396161,2.145182
-0.022418,0.246464,2.309775
-0.041172,0.179840,2.259624
-0.110969,0.111798,2.277341
0.020479,0.110651,2.224330
-0.051464,-0.375939,2.351913
0.009573,-0.383299,2.334290
-0.008094,-0.717491,2.368887
0.051756,-0.723364,2.377501
-0.032571,-0.787349,2.318518
0.069878,-0.789170,2.330045
-0.029345,0.786100,2.303948
-0.012148,0.607137,2.299809
-0.179670,0.491423,2.299148
0.108993,0.478183,2.218066
-0.236919,0.340218,2.161986
0.108801,0.309781,2.091353
-0.050381,0.381721,2.091353
-0.145122,0.365780,2.103783
0.019752,0.395121,2.114575
-0.211595,0.392679,2.141090
-0.023130,0.245471,2.309927
-0.040562,0.179264,2.259428
-0.110873,0.111440,2.276101
0.022255,0.109070,2.225576
-0.051072,-0.375732,2.351692
0.010748,-0.383209,2.334504
-0.007884,-0.717921,2.368790
0.052646,-0.723458,2.377402
-0.032613,-0.787327,2.318602
0.070273,-0.789399,2.329134
-0.025499,0.787857,2.302562
-0.012098,0.607197,2.299776
-0.175135,0.494320,2.289815
0.115790,0.474891,2.222901
-0.208295,0.346850,2.139179
0.126212,0.304352,2.100970
-0.018595,0.387811,2.100970
-0.115504,0.370161,2.098180
0.051473,0.401198,2.108962
-0.181915,0.397035,2.121973
-0.023580,0.244896,2.309944
-0.038040,0.178744,2.258697
-0.107628,0.111659,2.271299
0.026684,0.108392,2.227961
-0.050985,-0.375781,2.351404
0.011885,-0.383110,2.334610
-0.008010,-0.718054,2.368722
0.054410,-0.723173,2.377494
-0.032763,-0.787237,2.318700
0.071450,-0.789571,2.329766
-0.023679,0.788178,2.302284
-0.012076,0.607237,2.299795
-0.172600,0.497928,2.283018
0.120346,0.472441,2.227734
-0.197312,0.348570,2.133095
0.151734,0.290182,2.137698
-0.007239,0.390683,2.137698
-0.060107,0.378433,2.099148
0.062773,0.404059,2.109921
-0.126465,0.405286,2.118549
-0.020187,0.250203,2.309189
-0.030245,0.187392,2.257000
-0.094454,0.126126,2.250136
0.037483,0.122280,2.241377
-0.050337,-0.375341,2.350415
0.012689,-0.382813,2.334694
-0.008317,-0.718221,2.368686
0.055798,-0.722384,2.377364
-0.018149,-0.786515,2.321283
0.100233,-0.788554,2.329502
-0.022275,0.788674,2.302106
-0.012305,0.607405,2.300057
-0.167725,0.503143,2.275508
0.128043,0.473892,2.241845
-0.184298,0.353952,2.124410
0.151955,0.296370,2.137622
0.007208,0.391846,2.137622
-0.101095,0.369722,2.099778
0.077156,0.405211,2.110542
-0.167393,0.396550,2.108779
-0.022355,0.249771,2.309203
-0.028548,0.186584,2.256306
-0.094150,0.125396,2.249947
0.039741,0.120011,2.240752
-0.045372,-0.371392,2.346372
0.013419,-0.382674,2.334777
-0.008020,-0.718475,2.368625
0.055973,-0.722466,2.377255
-0.043607,-0.788532,2.313689
0.087734,-0.789788,2.328704
-0.020868,0.789070,2.302033
-0.013435,0.608059,2.300043
-0.163671,0.506928,2.266820
0.133679,0.475317,2.252547
-0.167661,0.357229,2.115657
0.167433,0.298090,2.151930
0.026304,0.379926,2.151930
-0.039479,0.371191,2.106402
0.096200,0.393280,2.117158
-0.105726,0.397999,2.105848
-0.023784,0.250302,2.308680
-0.026179,0.187035,2.255409
-0.092753,0.125135,2.248745
0.042328,0.119856,2.240986
-0.043647,-0.371480,2.344560
0.016006,-0.381905,2.334218
-0.007947,-0.718613,2.368581
0.056535,-0.722152,2.377013
-0.043410,-0.788631,2.314420
0.086324,-0.790567,2.330390
-0.018274,0.789805,2.302125
-0.014179,0.608510,2.299855
-0.157390,0.507982,2.255778
0.135904,0.473824,2.256514
-0.150408,0.353129,2.111543
0.190215,0.298955,2.163405
0.042468,0.382066,2.163405
-0.057219,0.369233,2.103642
0.112300,0.395408,2.114388
-0.123406,0.396017,2.099481
-0.020980,0.265223,2.308095
-0.019067,0.207559,2.255136
-0.082574,0.146090,2.246740
0.045957,0.137782,2.243561
-0.042222,-0.370331,2.342433
0.019472,-0.381992,2.333788
-0.007608,-0.718929,2.368530
0.057500,-0.721411,2.376787
-0.036825,-0.789126,2.317425
0.086134,-0.790388,2.330445
-0.016916,0.790231,2.301835
-0.014927,0.609364,2.299501
-0.155873,0.511167,2.253032
0.145901,0.481015,2.279181
-0.140929,0.357499,2.108312
0.194968,0.309176,2.175620
0.052973,0.374822,2.175620
-0.051400,0.369555,2.104793
0.122742,0.388152,2.115529
-0.117527,0.396314,2.098887
-0.022152,0.273176,2.307544
-0.016248,0.215661,2.255008
-0.079666,0.152589,2.243675
0.048885,0.145166,2.246661
-0.039872,-0.367969,2.339656
0.024962,-0.383035,2.333515
-0.006984,-0.719694,2.367901
0.058162,-0.721412,2.376613
-0.037224,-0.789098,2.317577
0.095015,-0.790362,2.327526
-0.014866,0.791787,2.303661
-0.016248,0.610112,2.299599
-0.155517,0.512873,2.252030
0.148076,0.487946,2.292389
-0.101300,0.349980,2.094606
0.197680,0.315764,2.190229
0.088165,0.377140,2.190229
-0.044052,0.367465,2.117695
0.157863,0.390456,2.128421
-0.110113,0.394197,2.094199
-0.021468,0.278345,2.307701
-0.012676,0.221693,2.255502
-0.075005,0.157981,2.241006
0.053427,0.151300,2.250262
-0.037882,-0.365534,2.336193
0.027303,-0.383028,2.333403
-0.006218,-0.720531,2.367845
0.059580,-0.721271,2.376522
-0.028271,-0.790876,2.320770
0.096621,-0.790596,2.328288
-0.012898,0.791452,2.304054
-0.017454,0.611440,2.299613
-0.155185,0.513470,2.251341
0.148746,0.491675,2.299280
-0.096975,0.352856,2.092624
0.205724,0.312963,2.221398
0.091877,0.377587,2.221398
-0.024834,0.361008,2.119824
0.161514,0.390892,2.130540
-0.090836,0.387717,2.098784
-0.020165,0.281752,2.307666
-0.009772,0.225278,2.255668
-0.070969,0.161329,2.238628
0.056906,0.154858,2.252782
-0.035498,-0.363675,2.332460
0.032618,-0.382138,2.332878
-0.006313,-0.720420,2.367702
0.061748,-0.720801,2.376432
-0.061791,-0.788145,2.317295
0.090044,-0.789619,2.327657
-0.011927,0.792247,2.304665
-0.018692,0.613640,2.299721
-0.154052,0.514802,2.248377
0.148950,0.493979,2.308631
-0.093561,0.375118,2.095643
0.210024,0.315829,2.234123
0.097814,0.364936,2.234123
-0.016155,0.361602,2.115942
0.167389,0.378229,2.126649
-0.082098,0.388287,2.102881
-0.017720,0.285423,2.308159
-0.004255,0.229109,2.256734
-0.063023,0.164545,2.235387
0.064213,0.158929,2.259000
-0.030175,-0.361884,2.329074
0.038396,-0.381462,2.333289
-0.006695,-0.720712,2.367449
0.064746,-0.720216,2.376371
-0.034888,-0.788033,2.313051
0.090185,-0.789192,2.327786
-0.011476,0.792018,2.304719
-0.020120,0.614709,2.299784
-0.151165,0.514941,2.242873
0.140181,0.507115,2.320394
-0.088947,0.379091,2.092745
0.211553,0.321958,2.245929
0.101456,0.361954,2.245929
-0.011617,0.363667,2.114975
0.170971,0.375236,2.125672
-0.077503,0.390329,2.108435
-0.015967,0.286588,2.308613
0.002028,0.230225,2.258240
-0.051141,0.166484,2.234651
0.069616,0.161490,2.263344
-0.025332,-0.361739,2.326610
0.043212,-0.381199,2.333772
-0.007013,-0.721096,2.367230
0.066854,-0.719672,2.376230
-0.034812,-0.788108,2.312738
0.095774,-0.787508,2.326271
-0.009990,0.792783,2.304895
-0.022041,0.617374,2.298948
-0.148215,0.513629,2.235670
0.132441,0.518773,2.325212
-0.074169,0.381849,2.087837
0.207932,0.325402,2.255436
0.153453,0.355074,2.255436
0.024228,0.367693,2.194223
0.222918,0.368346,2.204912
-0.041612,0.394336,2.067532
-0.013833,0.288057,2.308346
0.007231,0.231489,2.258779
-0.042953,0.168048,2.233709
0.073787,0.164850,2.266093
-0.022706,-0.361556,2.324525
0.047036,-0.381762,2.335321
-0.007510,-0.721159,2.367155
0.068299,-0.720548,2.376573
-0.030098,-0.788498,2.312916
0.098319,-0.786223,2.325372
-0.009595,0.792774,2.304674
-0.023322,0.619975,2.298428
-0.145234,0.512744,2.228780
0.131606,0.520347,2.328101
-0.054895,0.380907,2.081940
0.204503,0.320643,2.259213
0.153002,0.355793,2.259213
0.023595,0.361600,2.193805
0.222422,0.369056,2.204488
-0.042202,0.388226,2.068395
-0.010960,0.291815,2.308052
0.012488,0.235646,2.259167
-0.036136,0.171318,2.230697
0.078833,0.170567,2.270411
-0.014895,-0.363704,2.322379
0.053626,-0.383173,2.337690
-0.007914,-0.721285,2.366905
0.066743,-0.720451,2.377562
-0.029910,-0.788597,2.312496
0.099468,-0.787062,2.327867
-0.008870,0.792828,2.305031
-0.024064,0.623169,2.298137
-0.142499,0.513398,2.224394
0.130928,0.515072,2.332654
-0.047209,0.381504,2.079714
0.215627,0.327219,2.291003
0.133164,0.358132,2.291003
0.039099,0.364354,2.134460
0.202523,0.371384,2.145133
-0.026640,0.390956,2.095413
-0.010589,0.294010,2.307528
0.014498,0.237679,2.259274
-0.033209,0.173194,2.228411
0.080083,0.172408,2.272579
-0.010255,-0.364587,2.321078
0.055242,-0.383195,2.338384
-0.007513,-0.721972,2.366894
0.064866,-0.719518,2.378182
-0.028189,-0.788757,2.313851
0.095709,-0.787278,2.326513
-0.008657,0.792239,2.304769
-0.023871,0.625051,2.297207
-0.139281,0.513725,2.218638
0.131208,0.512472,2.334491
-0.040009,0.381201,2.078104
0.216773,0.327813,2.294492
0.137991,0.359267,2.294492
0.040128,0.365340,2.139034
0.207290,0.372507,2.149698
-0.025554,0.391919,2.099261
-0.009424,0.295792,2.306765
0.017112,0.239425,2.259192
-0.029725,0.174447,2.225915
0.082120,0.173634,2.274783
-0.006905,-0.365225,2.320163
0.056979,-0.384692,2.339610
-0.007749,-0.722359,2.366433
0.061924,-0.718402,2.377778
-0.030645,-0.789786,2.314594
0.097601,-0.787256,2.326136
-0.006565,0.792218,2.304359
-0.023899,0.625472,2.297080
-0.132616,0.509911,2.210884
0.130710,0.500435,2.333671
-0.028115,0.378156,2.077485
0.216677,0.327068,2.295360
0.147774,0.362195,2.295360
0.040110,0.364615,2.144445
0.217015,0.375424,2.155101
-0.025516,0.391172,2.100264
-0.009047,0.296238,2.306131
0.019472,0.240015,2.259354
-0.025455,0.174266,2.222985
0.084350,0.174172,2.277895
-0.000444,-0.368467,2.319707
0.058718,-0.385970,2.340838
-0.007914,-0.723082,2.366021
0.059965,-0.717757,2.377967
-0.028153,-0.790003,2.315331
0.099626,-0.787302,2.325549
-0.005238,0.793517,2.304210
-0.023710,0.627382,2.295569
-0.126257,0.507189,2.206075
0.127476,0.502977,2.337214
-0.005186,0.363760,2.074803
0.215459,0.326307,2.295810
0.162080,0.373139,2.295810
0.039081,0.363851,2.159198
0.231262,0.386357,2.169845
-0.026490,0.390385,2.100671
-0.009099,0.296941,2.305250
0.021182,0.240497,2.259472
-0.021583,0.174726,2.221049
0.084912,0.175072,2.280536
0.003792,-0.371938,2.319797
0.060101,-0.387980,2.342403
-0.008186,-0.723167,2.365941
0.059058,-0.717254,2.378013
-0.024174,-0.790042,2.315557
0.100807,-0.787788,2.324883
-0.004605,0.792511,2.303990
-0.022932,0.627706,2.295259
-0.122115,0.508544,2.202235
0.118621,0.518168,2.342063
0.002221,0.362091,2.074774
0.224051,0.322649,2.314122
0.164591,0.363239,2.314122
0.047688,0.360216,2.167478
0.233728,0.376449,2.178118
-0.017841,0.386734,2.119021
-0.009096,0.299301,2.305309
0.022837,0.243409,2.261024
-0.016604,0.185000,2.229833
0.082767,0.185005,2.280660
0.007801,-0.374114,2.320045
0.062012,-0.388436,2.344219
-0.008146,-0.723563,2.365918
0.058808,-0.717282,2.378102
-0.023436,-0.790165,2.316010
0.101222,-0.787778,2.324270
-0.004698,0.792492,2.303960
-0.022581,0.627901,2.294722
-0.121273,0.507743,2.201229
0.114764,0.528836,2.341530
0.003283,0.361486,2.075255
0.222697,0.321089,2.315191
0.164566,0.362626,2.315191
0.046406,0.358695,2.169593
0.233653,0.375826,2.180224
-0.019075,0.385193,2.120040
0.007231,0.282930,2.305655
0.044928,0.220360,2.262639
0.010748,0.129278,2.197753
0.115496,0.150670,2.313696
0.010282,-0.375576,2.320209
0.063098,-0.390922,2.345616
-0.007781,-0.724175,2.366124
0.058344,-0.716869,2.377982
-0.024538,-0.789832,2.315643
0.102020,-0.787839,2.324001
-0.002694,0.789301,2.303924
-0.022012,0.627943,2.294047
-0.114709,0.506598,2.197301
0.149994,0.473512,2.351444
0.006315,0.362213,2.074717
0.235408,0.299728,2.321665
0.175653,0.373808,2.321665
0.056262,0.355005,2.154886
0.244683,0.386997,2.165509
-0.009165,0.381481,2.133852
0.005813,0.276842,2.303672
0.042666,0.213882,2.261125
0.002573,0.125400,2.194786
0.111214,0.138254,2.311638
0.011382,-0.377470,2.323941
0.063690,-0.392233,2.346772
-0.007272,-0.724609,2.365839
0.057462,-0.717462,2.379112
-0.024744,-0.789889,2.315688
0.102524,-0.788380,2.324267
-0.003547,0.788871,2.304106
-0.020929,0.627799,2.293869
-0.108921,0.504613,2.192215
0.125027,0.505312,2.346994
0.008922,0.361235,2.073909
0.223620,0.317567,2.321322
0.163937,0.356735,2.321322
0.047572,0.355144,2.176713
0.232920,0.369915,2.187329
-0.017810,0.381602,2.126270
0.007342,0.273336,2.303340
0.044893,0.210840,2.261942
0.003927,0.124710,2.195160
0.111537,0.138054,2.312232
0.011530,-0.378606,2.326349
0.064208,-0.392458,2.347405
-0.007203,-0.724822,2.365937
0.056926,-0.717092,2.378974
-0.024734,-0.789881,2.315597
0.103352,-0.788490,2.324203
-0.003536,0.788994,2.304148
-0.020416,0.628035,2.293532
-0.108163,0.503762,2.191989
0.119859,0.523529,2.347832
0.010377,0.359467,2.073918
0.222809,0.316125,2.319789
0.164508,0.358498,2.319789
0.046792,0.353694,2.177934
0.233441,0.371669,2.188542
-0.018543,0.380133,2.124748
0.008545,0.273179,2.303513
0.045957,0.210699,2.262599
0.005599,0.124798,2.195799
0.112227,0.139273,2.313831
0.011444,-0.379025,2.327625
0.065403,-0.391913,2.347825
-0.007173,-0.725184,2.365916
0.056773,-0.716661,2.378932
-0.021994,-0.790064,2.314991
0.103414,-0.788116,2.324353
-0.002596,0.788138,2.304189
-0.019174,0.627640,2.292766
-0.107558,0.503605,2.191738
0.123845,0.513264,2.349089
0.010257,0.359532,2.073212
0.220840,0.314130,2.316575
0.164006,0.358475,2.316575
0.044872,0.351689,2.177657
0.232889,0.371636,2.188257
-0.020417,0.378109,2.121562
0.009618,0.271606,2.303140
0.046717,0.209031,2.262757
0.005770,0.124398,2.196091
0.112465,0.138863,2.313911
0.011526,-0.379015,2.328823
0.066668,-0.391203,2.348437
-0.007480,-0.725163,2.365894
0.057398,-0.716559,2.379426
-0.024496,-0.790198,2.314879
0.103857,-0.788161,2.324814
-0.000681,0.790153,2.304807
-0.018971,0.627714,2.292838
-0.108237,0.505484,2.193411
0.123873,0.516663,2.347500
0.007560,0.358139,2.073629
0.216507,0.306178,2.309177
0.170598,0.368021,2.309177
0.040573,0.343734,2.164297
0.239423,0.381170,2.174888
-0.024660,0.370131,2.114175
0.010476,0.271351,2.303473
0.046827,0.208639,2.263105
0.005466,0.124519,2.197467
0.112498,0.138896,2.313915
0.011054,-0.379352,2.329906
0.066937,-0.391019,2.348539
-0.007467,-0.724898,2.366352
0.057468,-0.716355,2.379522
-0.025159,-0.789985,2.314396
0.099582,-0.787860,2.323048
0.001851,0.790894,2.305457
-0.018234,0.627631,2.292735
-0.110157,0.507413,2.196196
0.121118,0.535135,2.337601
-0.011087,0.366296,2.076762
0.217362,0.306991,2.306278
0.161466,0.361351,2.306278
0.041449,0.344545,2.151076
0.230232,0.374489,2.161658
-0.023728,0.370920,2.111281
0.013043,0.271146,2.304600
0.047243,0.208199,2.263414
0.005547,0.124768,2.200107
0.113033,0.139617,2.313246
0.009808,-0.379974,2.331361
0.067141,-0.390801,2.348589
-0.008260,-0.723997,2.367024
0.058340,-0.715864,2.379531
-0.026725,-0.790061,2.315427
0.098775,-0.787874,2.322524
0.003638,0.791157,2.306071
-0.017903,0.627479,2.292742
-0.113419,0.508370,2.199486
0.137014,0.509829,2.348060
-0.019819,0.368391,2.077873
0.220592,0.310785,2.299446
0.165831,0.346474,2.299446
0.044757,0.348325,2.196250
0.234546,0.359603,2.206825
-0.020372,0.374680,2.104519
0.012890,0.270275,2.304180
0.046794,0.207092,2.263293
0.002489,0.123537,2.201420
0.113469,0.138370,2.311550
0.008189,-0.380395,2.332596
0.069183,-0.388802,2.348630
-0.008699,-0.723755,2.367165
0.058598,-0.715682,2.379584
-0.026719,-0.789907,2.315450
0.100460,-0.788300,2.323260
0.004067,0.791458,2.306425
-0.017140,0.626193,2.292830
-0.117546,0.506559,2.203848
0.136341,0.515390,2.344045
-0.026016,0.369012,2.077674
0.223291,0.315971,2.290269
0.168748,0.346201,2.290269
0.047538,0.353493,2.198576
0.237414,0.359320,2.209143
-0.017543,0.379830,2.095423
0.014396,0.269155,2.304792
0.046633,0.205918,2.263335
0.000691,0.122548,2.203524
0.114112,0.137870,2.309700
0.007514,-0.380471,2.333336
0.069885,-0.387763,2.348108
-0.009238,-0.723454,2.367424
0.058759,-0.715067,2.379421
-0.025772,-0.789473,2.315537
0.100889,-0.787887,2.322702
0.004021,0.791921,2.306522
-0.017156,0.625794,2.292762
-0.123228,0.506296,2.211129
0.136926,0.518547,2.342480
-0.035247,0.369763,2.080608
0.214353,0.307955,2.262224
0.168668,0.346754,2.262224
0.038656,0.345466,2.198422
0.237285,0.359864,2.208981
-0.026379,0.371783,2.067430
0.015729,0.269015,2.305135
0.046227,0.205663,2.263007
-0.001600,0.123677,2.207232
0.113476,0.139864,2.301542
0.004223,-0.381619,2.334754
0.070867,-0.385114,2.346339
-0.009773,-0.722885,2.367603
0.058994,-0.715241,2.379476
-0.026044,-0.789304,2.315421
0.101358,-0.787910,2.322671
0.004188,0.792327,2.306496
-0.016581,0.624738,2.292897
-0.128000,0.507521,2.216584
0.153026,0.500742,2.329275
-0.052288,0.366272,2.083004
0.215694,0.310182,2.261031
0.170153,0.346002,2.261031
0.040112,0.347668,2.197717
0.238718,0.359102,2.208268
-0.024874,0.373966,2.066354
0.015808,0.267809,2.305331
0.041575,0.204011,2.261136
-0.013572,0.123477,2.211707
0.109483,0.137092,2.292324
-0.000069,-0.381289,2.335177
0.069850,-0.380592,2.342641
-0.009881,-0.722494,2.367540
0.059645,-0.714467,2.379151
-0.035143,-0.790135,2.318399
0.102615,-0.787549,2.323810
0.005837,0.792194,2.307246
-0.015954,0.623853,2.293553
-0.135812,0.513328,2.230169
0.156210,0.497091,2.325233
-0.064182,0.373194,2.092239
0.216542,0.312638,2.249782
0.169538,0.343689,2.249782
-0.002370,0.359349,2.191803
0.238053,0.356780,2.202347
-0.067308,0.385627,2.110465
0.013906,0.266587,2.305210
0.035302,0.202613,2.259007
-0.024142,0.123312,2.213702
0.104841,0.134710,2.285342
-0.001767,-0.380893,2.335160
0.068092,-0.378838,2.339977
-0.010262,-0.722248,2.367546
0.059962,-0.714576,2.379198
-0.034759,-0.790239,2.317776
0.103445,-0.787707,2.324879
0.006014,0.792302,2.306320
-0.012157,0.618603,2.293818
-0.141821,0.517394,2.243207
0.162508,0.489425,2.303799
-0.094907,0.369521,2.103022
0.211577,0.312542,2.219191
0.095371,0.348785,2.219191
-0.017621,0.360935,2.112698
0.163761,0.361851,2.123222
-0.082441,0.387166,2.099740
0.012760,0.263370,2.305690
0.027571,0.199253,2.257296
-0.038731,0.120431,2.216156
0.100809,0.130386,2.280160
-0.005860,-0.379421,2.335051
0.063012,-0.379158,2.336219
-0.013609,-0.720925,2.368316
0.059609,-0.715090,2.379223
-0.036066,-0.789776,2.318984
0.100946,-0.788493,2.325612
0.005212,0.792758,2.305110
-0.011685,0.617922,2.293846
-0.142022,0.517865,2.244223
0.163323,0.485386,2.291230
-0.118714,0.352287,2.111198
0.206924,0.308821,2.201977
0.093665,0.326451,2.201977
-0.027864,0.364009,2.133946
0.162009,0.339509,2.144463
-0.092640,0.390221,2.098413
0.009205,0.253100,2.304929
0.020684,0.185891,2.255620
-0.050828,0.108448,2.220474
0.098685,0.117065,2.273325
-0.008165,-0.378424,2.334709
0.063524,-0.376361,2.333540
-0.014318,-0.720584,2.368453
0.059363,-0.714752,2.378958
-0.035979,-0.789842,2.318855
0.101808,-0.787607,2.324848
0.004208,0.791942,2.303927
-0.011520,0.617504,2.293889
-0.142776,0.517408,2.247508
0.156440,0.470691,2.265944
-0.127905,0.351647,2.113509
0.206014,0.292371,2.187398
0.089017,0.327656,2.187398
-0.030635,0.363569,2.135061
0.157316,0.340705,2.145571
-0.095369,0.389765,2.100541
0.010843,0.253241,2.305809
0.018136,0.186284,2.255866
-0.053476,0.109209,2.218907
0.095377,0.116553,2.275646
-0.010606,-0.377718,2.334557
0.060817,-0.377528,2.332372
-0.014259,-0.720621,2.368514
0.058668,-0.715406,2.378905
-0.035384,-0.789685,2.319488
0.094075,-0.788310,2.328516
0.003813,0.792366,2.303243
-0.010906,0.617344,2.293922
-0.146367,0.513962,2.252545
0.154361,0.470033,2.260270
-0.146848,0.351239,2.121758
0.197484,0.300038,2.155685
0.090129,0.329272,2.155685
-0.048552,0.368181,2.129222
0.158372,0.342310,2.139724
-0.113233,0.394356,2.100944
0.008553,0.254198,2.305382
0.012665,0.188105,2.254905
-0.062099,0.119977,2.236460
0.078003,0.120522,2.250359
-0.012290,-0.377339,2.334424
0.058356,-0.377254,2.331025
-0.014213,-0.720470,2.368435
0.058576,-0.715132,2.378615
-0.042639,-0.789244,2.318687
0.098102,-0.788450,2.329523
0.002866,0.792791,2.302362
-0.008843,0.616386,2.294222
-0.150029,0.511744,2.260237
0.148643,0.468316,2.248056
-0.151354,0.350855,2.124881
0.190826,0.292810,2.156606
0.089596,0.330557,2.156606
0.003505,0.364346,2.118267
0.157782,0.343585,2.128760
-0.061122,0.390499,2.113741
0.005588,0.267871,2.306291
0.003886,0.209406,2.256021
-0.063529,0.145181,2.249967
0.068248,0.141063,2.243883
-0.013674,-0.377761,2.334482
0.056900,-0.377695,2.329981
-0.014213,-0.720448,2.368400
0.057733,-0.716092,2.378321
-0.041879,-0.789325,2.318585
0.089814,-0.790108,2.332817
0.001941,0.791208,2.300975
-0.007246,0.614644,2.294359
-0.153919,0.507632,2.269880
0.145485,0.469734,2.240773
-0.158186,0.348793,2.132137
0.179840,0.296163,2.140736
0.100290,0.328941,2.140736
-0.037329,0.365165,2.105091
0.168422,0.341959,2.115575
-0.101905,0.391296,2.116512
0.005724,0.261489,2.305602
0.000720,0.198126,2.254854
-0.068364,0.129339,2.255084
0.067075,0.128037,2.236832
-0.015007,-0.377210,2.333948
0.053710,-0.378821,2.328042
-0.014340,-0.719554,2.367718
0.057481,-0.716421,2.378062
-0.041268,-0.789508,2.318947
0.088177,-0.790266,2.332867
0.001520,0.791054,2.300652
-0.005514,0.613434,2.294804
-0.157623,0.503689,2.275591
0.142004,0.471010,2.233933
-0.165648,0.345448,2.141900
0.160619,0.302262,2.119122
0.091002,0.321005,2.119122
-0.090067,0.366065,2.100528
0.159079,0.334012,2.111005
-0.154590,0.392175,2.132952
0.006745,0.257478,2.305022
-0.000199,0.193102,2.254120
-0.069647,0.124110,2.256430
0.067013,0.123123,2.233670
-0.016582,-0.376439,2.333161
0.049569,-0.380794,2.325632
-0.014758,-0.719812,2.367451
0.057175,-0.717143,2.377773
-0.040777,-0.789806,2.318462
0.088292,-0.790256,2.332558
0.000249,0.790774,2.299870
-0.001353,0.610598,2.293748
-0.161717,0.501721,2.286532
0.139195,0.471301,2.226688
-0.191119,0.342188,2.158959
0.149393,0.304002,2.108259
0.062687,0.318271,2.108259
-0.099633,0.368993,2.099545
0.130718,0.331269,2.110014
-0.164114,0.395086,2.133266
0.008644,0.255504,2.304003
-0.001307,0.191135,2.253443
-0.071838,0.120651,2.258741
0.065241,0.119891,2.228917
-0.022568,-0.377672,2.332606
0.047335,-0.381203,2.325133
-0.014544,-0.719690,2.367198
0.057105,-0.717198,2.377673
-0.040470,-0.790193,2.318803
0.093508,-0.789788,2.330373
-0.000660,0.790444,2.299575
0.000147,0.609208,2.292092
-0.162956,0.495264,2.288491
0.134070,0.471691,2.219195
-0.201302,0.337251,2.161901
0.138428,0.301576,2.105994
0.052236,0.317077,2.105994
-0.107776,0.366424,2.100780
0.120222,0.330066,2.111243
-0.172214,0.392500,2.147680
0.006524,0.251530,2.302114
-0.006150,0.186612,2.251913
-0.077665,0.115260,2.262789
0.058060,0.114704,2.221564
-0.023526,-0.377219,2.332024
0.044958,-0.382022,2.324208
-0.014914,-0.719015,2.366845
0.056266,-0.717666,2.377297
-0.038875,-0.790272,2.318124
0.097028,-0.789505,2.329722
-0.001299,0.790129,2.297997
-0.000397,0.608625,2.291591
-0.166342,0.497859,2.302348
0.125838,0.471213,2.210455
-0.209557,0.341851,2.174959
0.119474,0.304479,2.091459
0.039142,0.315802,2.091459
-0.124128,0.365205,2.096006
0.107076,0.328782,2.106460
-0.188516,0.391261,2.148468
0.002336,0.248296,2.300247
-0.014744,0.183374,2.250960
-0.085669,0.113096,2.266598
0.047143,0.110423,2.215880
-0.024049,-0.377621,2.331555
0.039745,-0.388337,2.321717
-0.015008,-0.719091,2.366648
0.054958,-0.718014,2.376764
-0.037234,-0.790364,2.317750
0.090370,-0.788109,2.328189
-0.001251,0.789165,2.296203
-0.000980,0.607900,2.290547
-0.166830,0.494268,2.302294
0.123118,0.470979,2.205779
-0.218383,0.338535,2.178815
0.109548,0.306475,2.084032
0.029906,0.315898,2.084032
-0.132264,0.364283,2.098121
0.097784,0.328867,2.108567
-0.196600,0.390317,2.149189
-0.001770,0.244924,2.298599
-0.020295,0.179727,2.249538
-0.091506,0.110037,2.268496
0.041468,0.106021,2.211633
-0.025736,-0.379694,2.330763
0.032941,-0.392768,2.318628
-0.018648,-0.721642,2.366513
0.052107,-0.719253,2.376092
-0.036474,-0.790233,2.317535
0.085442,-0.788376,2.330122
-0.001870,0.789038,2.294102
-0.000533,0.607905,2.289565
-0.167178,0.496640,2.310464
0.118698,0.473232,2.202211
-0.223833,0.342119,2.188246
0.100109,0.308346,2.082338
0.022398,0.316793,2.082338
-0.140582,0.364199,2.102129
0.090216,0.329750,2.112566
-0.204859,0.390210,2.151890
-0.007927,0.257294,2.298155
-0.031483,0.198474,2.250530
-0.102316,0.125269,2.285037
0.023241,0.119426,2.197035
-0.028365,-0.379693,2.328578
0.025210,-0.393039,2.314220
-0.020645,-0.722536,2.365923
0.051888,-0.719086,2.375297
-0.031101,-0.789464,2.316645
0.082249,-0.788710,2.329852
0.000000,0.000000,0.000000
0.000000,0.000000,0.000000
0.000000,0.000000,0.000000
0.000000,0.000000,0.000000
0.000000,0.000000,0.000000
0.000000,0.000000,0.000000
0.000000,0.000000,0.000000
0.000000,0.000000,0.000000
0.000000,0.000000,0.000000
0.000000,0.000000,0.000000
0.000000,0.000000,0.000000
0.000000,0.000000,0.000000
0.000000,0.000000,0.000000
0.000000,0.000000,0.000000
0.000000,0.000000,0.000000
0.000000,0.000000,0.000000
0.000000,0.000000,0.000000
0.000000,0.000000,0.000000
0.000000,0.000000,0.000000
0.000000,0.000000,0.000000
