-0.139008,0.941061,3.620015
-0.162705,0.765222,3.722731
-0.335494,0.663355,3.714756
0.011561,0.645091,3.738791
-0.526462,0.453646,3.687220
0.204018,0.480393,3.782233
-0.708694,0.289492,3.782233
0.408585,0.345866,3.580908
-0.766533,0.241482,3.552784
0.489777,0.280233,3.736249
-0.162358,0.433647,3.738230
-0.162209,0.367776,3.733741
-0.241414,0.293583,3.725296
-0.082821,0.285853,3.741247
-0.269986,-0.223848,3.770857
-0.040115,-0.248133,3.804075
-0.282460,-0.570601,3.853191
0.010204,-0.575375,3.870285
-0.220221,-0.623069,3.844841
0.022400,-0.643845,3.827164
-0.143514,0.937836,3.607548
-0.164813,0.763617,3.717762
-0.328557,0.677597,3.708816
0.005504,0.654046,3.738466
-0.565867,0.491908,3.678661
0.182365,0.528566,3.773582
-0.751806,0.370078,3.773582
0.418243,0.418037,3.574015
-0.848145,0.335524,3.551196
0.514903,0.378363,3.729859
-0.169657,0.432473,3.731953
-0.170284,0.366571,3.728141
-0.246541,0.296704,3.719631
-0.099734,0.283730,3.735043
-0.274478,-0.224643,3.773853
-0.046837,-0.233202,3.788770
-0.282146,-0.573874,3.853107
0.003827,-0.575044,3.871745
-0.315466,-0.646775,3.803899
0.014421,-0.648811,3.839082
-0.145117,0.936985,3.606360
-0.169542,0.761847,3.715494
-0.339788,0.672460,3.700942
-0.000398,0.671370,3.735675
-0.581640,0.520001,3.668471
0.265744,0.547682,3.777174
-0.801685,0.442278,3.777174
0.485157,0.496890,3.569617
-0.897945,0.407753,3.546817
0.581737,0.457250,3.740763
-0.173664,0.433796,3.729120
-0.173966,0.368391,3.725844
-0.251022,0.297703,3.716510
-0.100922,0.284694,3.733981
-0.277476,-0.221594,3.771991
-0.047592,-0.240209,3.785943
-0.281958,-0.573901,3.852955
-0.000096,-0.575024,3.866895
-0.278230,-0.638720,3.803880
0.041522,-0.636833,3.785829
-0.145768,0.936793,3.602232
-0.176572,0.761152,3.713481
-0.348559,0.676369,3.697457
-0.002264,0.674788,3.734854
-0.618744,0.573619,3.646702
0.243720,0.600586,3.771346
-0.835174,0.537127,3.771346
0.479251,0.583923,3.557125
-0.931362,0.502629,3.534342
0.575758,0.544312,3.771817
-0.178122,0.440155,3.725473
-0.177970,0.376905,3.721945
-0.254242,0.301429,3.712400
-0.102104,0.294748,3.730591
-0.278623,-0.221877,3.771436
-0.052499,-0.225612,3.764645
-0.282544,-0.574914,3.853341
-0.014348,-0.572530,3.862831
-0.272354,-0.642799,3.809384
0.008114,-0.628093,3.807580
-0.151698,0.924733,3.585388
-0.179012,0.759321,3.708008
-0.359331,0.681917,3.694299
-0.006062,0.679184,3.731044
-0.648526,0.620755,3.632179
0.248082,0.640096,3.760321
-0.865766,0.630776,3.760321
0.471093,0.666405,3.555249
-0.961862,0.596311,3.532487
0.567508,0.626832,3.763684
-0.180161,0.441685,3.722075
-0.179917,0.378642,3.719602
-0.258079,0.302918,3.708481
-0.102600,0.295195,3.729983
-0.282833,-0.222387,3.765991
-0.050999,-0.240878,3.756043
-0.283498,-0.576095,3.852566
-0.014882,-0.574004,3.861288
-0.311615,-0.651655,3.839839
0.003980,-0.642369,3.820886
-0.152789,0.920234,3.574051
-0.182289,0.760488,3.698470
-0.368241,0.690610,3.687130
-0.004829,0.685057,3.725583
-0.645962,0.648158,3.628885
0.228749,0.676428,3.741721
-0.870876,0.734840,3.741721
0.501056,0.761455,3.549402
-0.966981,0.700371,3.526638
0.597480,0.721878,3.755297
-0.183149,0.451620,3.715286
-0.182854,0.390724,3.714218
-0.262051,0.311579,3.702682
-0.103166,0.300784,3.728833
-0.284157,-0.218406,3.759687
-0.065144,-0.216670,3.735699
-0.282311,-0.574407,3.850019
-0.024915,-0.566119,3.839239
-0.314000,-0.644683,3.822621
0.008969,-0.638152,3.820354
-0.154535,0.919075,3.568867
-0.182021,0.761154,3.686686
-0.372459,0.694198,3.682961
-0.013495,0.697392,3.720963
-0.608039,0.676489,3.626015
0.231604,0.737811,3.725914
-0.777574,0.800875,3.725914
0.462230,0.803770,3.530687
-0.873609,0.766431,3.507939
0.554146,0.853550,3.784974
-0.184468,0.455177,3.710530
-0.184341,0.394191,3.711183
-0.264068,0.315676,3.698213
-0.105436,0.305228,3.728140
-0.287351,-0.215067,3.751456
-0.066277,-0.228404,3.726236
-0.286078,-0.574431,3.849524
-0.029692,-0.569877,3.834921
-0.327556,-0.640880,3.871917
-0.003752,-0.641383,3.805744
-0.155688,0.921099,3.561255
-0.179193,0.763285,3.679541
-0.373271,0.703187,3.671935
-0.011933,0.706255,3.716058
-0.648529,0.775478,3.580603
0.274753,0.809620,3.718609
-0.877502,0.924302,3.718609
0.474686,0.912914,3.524028
-0.973513,0.889867,3.501287
0.568511,0.957039,3.753165
-0.184633,0.462031,3.703427
-0.185111,0.401923,3.705092
-0.264706,0.320404,3.693182
-0.108605,0.316756,3.722704
-0.287505,-0.210582,3.746360
-0.067742,-0.225074,3.707521
-0.282195,-0.572168,3.847173
-0.036811,-0.569376,3.796440
-0.291756,-0.643009,3.807762
-0.007749,-0.643423,3.778126
-0.155707,0.920327,3.547783
-0.181016,0.763054,3.674107
-0.361291,0.719147,3.649552
-0.010479,0.721203,3.716202
-0.633019,0.822239,3.571980
0.203233,0.792811,3.708396
-0.841550,0.992102,3.708396
0.421488,0.951085,3.520301
-0.880303,1.058942,3.518705
0.515357,0.995232,3.732423
-0.185975,0.466525,3.698627
-0.186068,0.407511,3.701070
-0.264559,0.327503,3.686636
-0.110087,0.323902,3.721129
-0.287593,-0.212109,3.743754
-0.069095,-0.222068,3.693989
-0.282693,-0.572550,3.846303
-0.026555,-0.570108,3.741434
-0.289160,-0.644075,3.807162
-0.011582,-0.617570,3.659079
-0.153670,0.914119,3.533967
-0.176554,0.761868,3.660774
-0.364042,0.718721,3.648184
-0.006685,0.728404,3.714315
-0.621940,0.873380,3.565022
0.212291,0.824933,3.691802
-0.781508,1.054459,3.691802
0.412941,1.056103,3.489194
-0.820238,1.121261,3.487598
0.463977,1.158123,3.695998
-0.184889,0.473553,3.689878
-0.185605,0.416071,3.693435
-0.266258,0.331502,3.679485
-0.109270,0.330208,3.718031
-0.287751,-0.220188,3.740949
-0.074648,-0.208462,3.675643
-0.282923,-0.575236,3.845771
-0.038364,-0.561517,3.720112
-0.308967,-0.646081,3.815269
-0.031646,-0.628585,3.674457
-0.153009,0.911262,3.531289
-0.176172,0.764180,3.658390
-0.370797,0.722854,3.646685
-0.008274,0.739183,3.709290
-0.586874,0.930792,3.561397
0.225088,0.891923,3.683844
-0.707032,1.102971,3.683844
0.347883,1.124207,3.464709
-0.745650,1.169578,3.463119
0.373490,1.196808,3.651322
-0.185169,0.478175,3.683179
-0.186240,0.420938,3.686686
-0.267397,0.336408,3.671370
-0.110264,0.335152,3.709608
-0.288324,-0.216007,3.735152
-0.077876,-0.212371,3.668868
-0.283357,-0.575240,3.845568
-0.038816,-0.574191,3.699981
-0.300207,-0.651374,3.822156
-0.015139,-0.653602,3.627410
-0.150461,0.913717,3.530395
-0.174431,0.765453,3.646249
-0.390521,0.769449,3.636539
-0.011006,0.745689,3.699171
-0.575791,0.963823,3.528271
0.217228,0.949362,3.658158
-0.653185,1.169952,3.658158
0.324940,1.175550,3.462507
-0.691675,1.236340,3.460922
0.347448,1.248902,3.619927
-0.187312,0.485777,3.671089
-0.189394,0.429971,3.675057
-0.272086,0.345480,3.661688
-0.114338,0.342028,3.697844
-0.289427,-0.215791,3.731905
-0.079338,-0.212097,3.651751
-0.284021,-0.575192,3.840777
-0.047406,-0.569515,3.674813
-0.325369,-0.644135,3.826886
-0.024412,-0.621812,3.580370
-0.147406,0.915923,3.527891
-0.166986,0.749169,3.618520
-0.346865,0.741185,3.619894
-0.012677,0.749801,3.688491
-0.535295,0.973600,3.525360
0.193874,0.958752,3.637808
-0.596313,1.220948,3.637808
0.269987,1.192819,3.447731
-0.612922,1.291061,3.421686
0.277820,1.269841,3.565094
-0.186582,0.483140,3.658715
-0.189286,0.428601,3.665439
-0.270320,0.348402,3.653802
-0.117802,0.344882,3.688408
-0.289883,-0.206494,3.721553
-0.078923,-0.211186,3.635321
-0.279568,-0.571030,3.838558
-0.035358,-0.574793,3.602359
-0.307346,-0.646581,3.827358
-0.029670,-0.632834,3.532941
-0.146868,0.911883,3.515514
-0.166082,0.748175,3.607486
-0.354180,0.748904,3.613697
0.001585,0.768871,3.680230
-0.512315,0.999350,3.506511
0.152405,0.960273,3.613917
-0.517160,1.236295,3.613917
0.210872,1.185354,3.426012
-0.511964,1.312678,3.428965
0.227509,1.282410,3.521340
-0.183233,0.487663,3.644692
-0.185801,0.434939,3.651839
-0.268722,0.351164,3.643877
-0.113459,0.350445,3.678134
-0.290982,-0.213497,3.721522
-0.077233,-0.208747,3.624325
-0.281268,-0.573288,3.837102
-0.046515,-0.564616,3.575885
-0.317994,-0.649042,3.824972
-0.039434,-0.629825,3.507689
-0.149902,0.907465,3.487052
-0.174435,0.750058,3.604518
-0.356919,0.762701,3.602212
0.000165,0.769988,3.676268
-0.473585,0.987285,3.478814
0.133432,0.947383,3.586718
-0.448145,1.206103,3.586718
0.152019,1.230389,3.411458
-0.442957,1.282365,3.414407
0.145824,1.317422,3.516415
-0.185213,0.490863,3.637866
-0.186840,0.438886,3.644163
-0.266639,0.357670,3.630782
-0.113302,0.355302,3.668731
-0.290508,-0.214234,3.720970
-0.078592,-0.206541,3.615141
-0.277553,-0.572111,3.835519
-0.039508,-0.553522,3.558998
-0.296312,-0.647224,3.812072
-0.047962,-0.615089,3.496389
-0.149754,0.907510,3.486666
-0.165461,0.737835,3.594688
-0.358214,0.774922,3.597164
-0.004198,0.769951,3.666570
-0.447925,0.952262,3.463036
0.121290,0.942695,3.565576
-0.372282,1.245727,3.565576
0.097079,1.232784,3.408423
-0.351018,1.319072,3.423999
0.091395,1.308119,3.476613
-0.185611,0.489505,3.626829
-0.188836,0.439110,3.632733
-0.270593,0.360032,3.624403
-0.119445,0.356419,3.647179
-0.291069,-0.207132,3.708359
-0.079596,-0.207945,3.610693
-0.277416,-0.570795,3.836598
-0.042002,-0.541910,3.545707
-0.262421,-0.619609,3.756326
-0.037791,-0.602606,3.454776
-0.146498,0.908518,3.485067
-0.159832,0.735081,3.586996
-0.354141,0.777993,3.587561
-0.001065,0.779632,3.652241
-0.438035,0.952624,3.443439
0.117155,0.953123,3.543118
-0.322976,1.234893,3.543118
0.085659,1.234320,3.407401
-0.306545,1.306999,3.389232
0.077694,1.313710,3.482452
-0.180399,0.496306,3.613502
-0.183951,0.448892,3.618742
-0.267652,0.369878,3.610296
-0.115231,0.366571,3.637131
-0.286042,-0.202184,3.697758
-0.080706,-0.206122,3.603018
-0.276374,-0.570342,3.829670
-0.037780,-0.530772,3.519323
-0.262219,-0.618516,3.748914
-0.033220,-0.600780,3.435436
-0.133595,0.906018,3.460207
-0.150516,0.714626,3.559167
-0.352198,0.778852,3.578034
-0.000024,0.777912,3.642696
-0.425045,0.951436,3.424625
0.118407,0.946263,3.525093
-0.294540,1.225440,3.525093
0.058235,1.235325,3.380820
-0.262474,1.293595,3.370851
0.045749,1.309052,3.424028
-0.174336,0.497609,3.598550
-0.178344,0.452574,3.605982
-0.261772,0.375381,3.600085
-0.111175,0.368958,3.628017
-0.279889,-0.220187,3.692388
-0.081970,-0.224551,3.591630
-0.279127,-0.575029,3.832226
-0.037914,-0.576363,3.475574
-0.322188,-0.646021,3.799476
-0.026894,-0.631039,3.381385
-0.133281,0.905756,3.457273
-0.150178,0.715503,3.557810
-0.349870,0.778192,3.565309
0.012892,0.782218,3.618318
-0.392529,0.951206,3.402444
0.121747,0.961653,3.511738
-0.274825,1.219777,3.511738
0.058639,1.232067,3.358897
-0.240946,1.281280,3.330434
0.048411,1.306458,3.427480
-0.171776,0.496499,3.589384
-0.175557,0.451428,3.595968
-0.260189,0.373775,3.593159
-0.104821,0.366334,3.608726
-0.271821,-0.225493,3.681905
-0.082615,-0.226080,3.586864
-0.279659,-0.576332,3.832251
-0.036857,-0.575414,3.474010
-0.324143,-0.646547,3.805333
-0.028433,-0.633652,3.381522
-0.124328,0.891240,3.424930
-0.112393,0.707565,3.532215
-0.339167,0.768288,3.545559
0.014808,0.761467,3.585708
-0.388389,0.950495,3.398504
0.125683,0.951104,3.513899
-0.269491,1.212438,3.513899
0.089293,1.228028,3.325853
-0.243349,1.279840,3.303894
0.083598,1.303425,3.385608
-0.158961,0.489656,3.568922
-0.166769,0.445604,3.577702
-0.255982,0.370388,3.579029
-0.102928,0.364290,3.594212
-0.268538,-0.216712,3.665863
-0.079328,-0.229309,3.577944
-0.279793,-0.576005,3.831585
-0.036986,-0.575406,3.473932
-0.271695,-0.626593,3.751335
-0.031298,-0.636787,3.383445
-0.116532,0.893789,3.416673
-0.112377,0.711637,3.515264
-0.300425,0.742553,3.520776
0.025772,0.757588,3.578048
-0.380051,0.932976,3.382977
0.153891,0.957369,3.479131
-0.279195,1.209258,3.479131
0.135286,1.212114,3.309743
-0.249155,1.276676,3.293840
0.126392,1.285974,3.373775
-0.152933,0.476212,3.548351
-0.159866,0.427321,3.555653
-0.245041,0.357332,3.551731
-0.098365,0.345937,3.576581
-0.260977,-0.208191,3.647424
-0.071797,-0.235175,3.564559
-0.279674,-0.571856,3.826621
-0.034149,-0.575096,3.470601
-0.265821,-0.621675,3.746734
-0.028202,-0.639294,3.382174
-0.110503,0.897835,3.407301
-0.133711,0.741137,3.500902
-0.298005,0.742870,3.503267
0.042793,0.750791,3.568298
-0.385480,0.933044,3.353709
0.185991,0.934399,3.479506
-0.303822,1.215764,3.479506
0.212037,1.212396,3.268003
-0.304860,1.284027,3.235843
0.233094,1.281177,3.347594
-0.149771,0.474672,3.535424
-0.153289,0.422346,3.540706
-0.230962,0.348705,3.524846
-0.081633,0.334808,3.557716
-0.252621,-0.207343,3.632940
-0.066118,-0.233519,3.556930
-0.283468,-0.567851,3.810949
-0.032635,-0.577110,3.465909
-0.268597,-0.616556,3.730623
-0.034137,-0.643414,3.385688
-0.094104,0.884131,3.374349
-0.130353,0.742356,3.497563
-0.291759,0.725576,3.482614
0.069043,0.743687,3.549789
-0.392863,0.927476,3.335785
0.224202,0.913893,3.481835
-0.325827,1.216890,3.481835
0.290820,1.129374,3.263975
-0.371080,1.247644,3.211945
0.292256,1.231344,3.366017
-0.137000,0.470882,3.511488
-0.138351,0.416179,3.514795
-0.218230,0.336078,3.498706
-0.063543,0.329309,3.531670
-0.248429,-0.208194,3.624944
-0.056483,-0.226106,3.541693
-0.277152,-0.567001,3.812448
-0.033037,-0.560821,3.470768
-0.308857,-0.640017,3.826113
-0.036426,-0.629329,3.394253
-0.087694,0.883067,3.374334
-0.104472,0.726889,3.461965
-0.287714,0.722947,3.469317
0.094049,0.731507,3.533725
-0.425918,0.951227,3.299817
0.283126,0.919091,3.477617
-0.427503,1.220749,3.477617
0.369980,1.126356,3.185648
-0.422192,1.296039,3.186552
0.415543,1.185925,3.383448
-0.124079,0.469125,3.490727
-0.127581,0.416472,3.497901
-0.213174,0.336562,3.487772
-0.051772,0.323859,3.516775
-0.240768,-0.210700,3.599515
-0.054494,-0.230917,3.535747
-0.271422,-0.556783,3.788766
-0.031148,-0.567313,3.466372
-0.258328,-0.605145,3.707975
-0.032921,-0.631990,3.389566
-0.075200,0.887379,3.357330
-0.098675,0.728481,3.449152
-0.284091,0.728499,3.453031
0.099724,0.727616,3.528821
-0.445557,0.946241,3.290983
0.312318,0.867536,3.499421
-0.493835,1.161680,3.499421
0.457178,1.110909,3.186827
-0.536939,1.223538,3.147074
0.485637,1.179762,3.405650
-0.114685,0.469491,3.471837
-0.117707,0.417217,3.478571
-0.203847,0.336723,3.468818
-0.042488,0.321913,3.498860
-0.228897,-0.217305,3.582303
-0.048063,-0.237554,3.522189
-0.271773,-0.558364,3.787495
-0.028164,-0.575046,3.460000
-0.312400,-0.627753,3.781212
-0.023584,-0.635604,3.374933
-0.051090,0.897646,3.340416
-0.091553,0.734957,3.434942
-0.279213,0.728415,3.442783
0.115249,0.711939,3.511262
-0.467535,0.928053,3.286748
0.354814,0.830982,3.502409
-0.541903,1.129220,3.502409
0.494542,1.035494,3.188121
-0.585007,1.191079,3.148368
0.536714,1.097889,3.450669
-0.105289,0.467037,3.455255
-0.107603,0.413027,3.461118
-0.195283,0.330703,3.455276
-0.027026,0.317570,3.471440
-0.230009,-0.210807,3.560644
-0.041784,-0.228706,3.507470
-0.266018,-0.549461,3.762149
-0.026587,-0.568529,3.459596
-0.306343,-0.616893,3.780046
-0.024367,-0.631672,3.380897
-0.050123,0.901572,3.336159
-0.086144,0.736429,3.421275
-0.281205,0.720404,3.426799
0.124981,0.704295,3.495664
-0.501322,0.875472,3.287863
0.386261,0.806619,3.510866
-0.604661,1.076370,3.510866
0.538295,0.971244,3.173237
-0.647766,1.138229,3.133484
0.611145,1.041636,3.490557
-0.097858,0.463152,3.438287
-0.100004,0.408220,3.444001
-0.188084,0.319905,3.435019
-0.019199,0.312069,3.457319
-0.233033,-0.222198,3.544271
-0.038324,-0.232692,3.499517
-0.263104,-0.544728,3.743200
-0.024565,-0.572757,3.451091
-0.300950,-0.625429,3.735427
-0.024366,-0.632787,3.379344
-0.029356,0.904278,3.296752
-0.068075,0.734638,3.390915
-0.253728,0.705241,3.407330
0.135387,0.692371,3.480897
-0.500883,0.818520,3.305588
0.422651,0.766559,3.521758
-0.650702,0.989442,3.521758
0.612889,0.893679,3.183456
-0.693806,1.051301,3.143703
0.673804,0.931144,3.551376
-0.086494,0.451055,3.416412
-0.089689,0.394309,3.423394
-0.179691,0.311038,3.420103
-0.011878,0.301776,3.439106
-0.230169,-0.224646,3.514827
-0.032903,-0.227007,3.487038
-0.263286,-0.549632,3.730542
-0.022671,-0.572329,3.450699
-0.300448,-0.625114,3.727691
-0.043133,-0.621573,3.390597
-0.023635,0.898930,3.277721
-0.062333,0.733605,3.374764
-0.248610,0.699026,3.395967
0.147314,0.681717,3.469727
-0.494806,0.772451,3.311798
0.438469,0.724157,3.526354
-0.713007,0.950114,3.526354
0.644195,0.810894,3.197621
-0.750756,1.009755,3.171150
0.731593,0.846330,3.585637
-0.079360,0.446108,3.396037
-0.082625,0.388562,3.402875
-0.171312,0.302433,3.390076
-0.004108,0.293777,3.421104
-0.226193,-0.230141,3.495211
-0.028301,-0.228673,3.476830
-0.258175,-0.550920,3.725438
-0.022669,-0.572346,3.449005
-0.299749,-0.624464,3.726570
-0.029532,-0.640518,3.368646
-0.017527,0.888311,3.255981
-0.054096,0.732934,3.365191
-0.236600,0.689491,3.372461
0.154735,0.669791,3.454856
-0.462276,0.724351,3.321091
0.402549,0.646681,3.529870
-0.693539,0.840891,3.529870
0.613420,0.713620,3.255677
-0.731330,0.900599,3.229176
0.706053,0.738488,3.617388
-0.069901,0.441384,3.379685
-0.072892,0.382827,3.384829
-0.162582,0.298495,3.372176
0.006368,0.287328,3.401002
-0.219496,-0.229889,3.453345
-0.023692,-0.228285,3.464286
-0.240933,-0.553825,3.677128
-0.022360,-0.572646,3.448345
-0.294764,-0.623431,3.702064
-0.037056,-0.640399,3.386881
-0.011092,0.888188,3.248083
-0.050878,0.733470,3.353786
-0.230938,0.685603,3.360414
0.156169,0.656408,3.437997
-0.526393,0.709974,3.316006
0.404012,0.623148,3.529354
-0.735664,0.787226,3.529354
0.620915,0.652022,3.268200
-0.773499,0.847003,3.241669
0.718035,0.669266,3.644025
-0.063226,0.434789,3.366292
-0.065394,0.374609,3.371144
-0.152953,0.293498,3.361054
0.014205,0.278891,3.384294
-0.215949,-0.214342,3.412462
-0.020425,-0.229156,3.458167
-0.236506,-0.543773,3.623831
-0.021879,-0.573200,3.448477
-0.221085,-0.589690,3.542886
-0.036754,-0.635441,3.400167
-0.006431,0.887237,3.237615
-0.050109,0.735454,3.334521
-0.228260,0.681681,3.347374
0.154852,0.651239,3.422478
-0.501720,0.681334,3.322417
0.393564,0.595967,3.527631
-0.722471,0.723322,3.527631
0.607727,0.597770,3.286284
-0.760348,0.783167,3.259722
0.704958,0.615034,3.648782
-0.060053,0.430271,3.350015
-0.061885,0.369105,3.355558
-0.148302,0.288518,3.347380
0.018377,0.275535,3.367891
-0.212601,-0.220017,3.395042
-0.014966,-0.229706,3.447793
-0.225063,-0.551414,3.563821
-0.022355,-0.575048,3.444135
-0.264170,-0.633845,3.563867
-0.037676,-0.638452,3.397768
-0.001302,0.891440,3.227780
-0.047319,0.739263,3.324131
-0.222883,0.679298,3.336350
0.156977,0.650759,3.415068
-0.492963,0.661655,3.324221
0.380954,0.567843,3.516887
-0.716166,0.683612,3.516887
0.590118,0.557462,3.283818
-0.754095,0.743537,3.257221
0.687480,0.574749,3.649828
-0.057720,0.429224,3.339279
-0.059650,0.367141,3.344778
-0.145660,0.287591,3.338143
0.020332,0.273900,3.354663
-0.206807,-0.227804,3.373840
-0.009696,-0.235648,3.439104
-0.236152,-0.571625,3.539741
-0.021205,-0.581269,3.438187
-0.275967,-0.642994,3.532160
-0.036923,-0.643381,3.390574
0.001892,0.893363,3.223572
-0.045620,0.738877,3.322121
-0.219753,0.675832,3.327491
0.159167,0.651262,3.405446
-0.490065,0.650078,3.320023
0.378101,0.563393,3.513315
-0.715905,0.648252,3.513315
0.575514,0.540189,3.297973
-0.753890,0.708266,3.271337
0.673020,0.557501,3.640214
-0.054594,0.427818,3.331412
-0.056288,0.365503,3.335498
-0.141792,0.286017,3.326306
0.024129,0.272715,3.343393
-0.200924,-0.225503,3.347519
-0.004433,-0.241224,3.432802
-0.224039,-0.575530,3.478546
-0.024570,-0.583037,3.435739
-0.263427,-0.644984,3.481557
-0.037184,-0.646079,3.388296
0.004907,0.901762,3.206929
-0.035979,0.737537,3.301277
-0.216812,0.671508,3.317102
0.162728,0.651518,3.393126
-0.488458,0.642138,3.316566
0.377327,0.558584,3.509062
-0.714353,0.645523,3.509062
0.572977,0.532042,3.294086
-0.815798,0.659240,3.285410
0.658791,0.526084,3.641546
-0.050731,0.427467,3.316694
-0.053426,0.365356,3.322394
-0.139807,0.287325,3.315876
0.025546,0.271394,3.331720
-0.193195,-0.221561,3.324585
0.000309,-0.241797,3.425843
-0.212772,-0.580784,3.421282
-0.027040,-0.587467,3.430619
-0.263327,-0.641489,3.408811
-0.033479,-0.649960,3.381125
0.009028,0.902861,3.193491
-0.034375,0.738053,3.297603
-0.215892,0.669825,3.306362
0.165135,0.646349,3.377381
-0.482714,0.636118,3.304306
0.382247,0.555261,3.499024
-0.708857,0.641353,3.499024
0.583065,0.530208,3.293377
-0.753497,0.654073,3.285173
0.675619,0.527611,3.631967
-0.048872,0.426265,3.308832
-0.051642,0.363721,3.313641
-0.137903,0.285046,3.305066
0.026871,0.269747,3.322868
-0.186411,-0.227751,3.301656
0.003310,-0.247758,3.420029
-0.219956,-0.588363,3.380805
-0.028296,-0.592579,3.426510
-0.261414,-0.653614,3.351007
-0.034316,-0.656055,3.378582
0.009562,0.902535,3.187374
-0.032198,0.738750,3.289026
-0.211054,0.670799,3.292599
0.167478,0.643609,3.364817
-0.477087,0.635669,3.287905
0.388191,0.562578,3.475919
-0.703211,0.643408,3.475919
0.603615,0.541685,3.274480
-0.755840,0.657400,3.269270
0.696535,0.541664,3.585026
-0.045826,0.426076,3.298774
-0.048482,0.363425,3.303539
-0.134143,0.285338,3.293495
0.029783,0.269496,3.314120
-0.181172,-0.224925,3.280887
0.004762,-0.251255,3.413588
-0.229181,-0.590480,3.310354
-0.034416,-0.593730,3.421106
-0.258641,-0.657695,3.279361
-0.073076,-0.658787,3.352845
0.013067,0.903323,3.176057
-0.028410,0.735388,3.269748
-0.210469,0.671420,3.283720
0.168129,0.643725,3.346514
-0.468604,0.646680,3.272592
0.432013,0.590145,3.467992
-0.691548,0.675885,3.467992
0.639167,0.597765,3.231388
-0.723496,0.684792,3.233404
0.732169,0.597744,3.590997
-0.042078,0.425869,3.284123
-0.044770,0.363810,3.289756
-0.130678,0.285622,3.280670
0.033551,0.269964,3.301810
-0.178314,-0.224598,3.264048
0.004315,-0.252366,3.407273
-0.230488,-0.600874,3.281752
-0.035965,-0.597113,3.411483
-0.242321,-0.666945,3.239226
-0.025159,-0.660446,3.364728
0.013476,0.892021,3.160130
-0.027430,0.736680,3.261711
-0.207265,0.671591,3.264992
0.172093,0.646179,3.337345
-0.475033,0.666316,3.241251
0.397742,0.594700,3.409253
-0.693284,0.714601,3.409253
0.619198,0.633433,3.191514
-0.714544,0.715830,3.197801
0.712278,0.633412,3.545578
-0.040431,0.427257,3.274003
-0.042982,0.365280,3.279322
-0.128807,0.286359,3.267896
0.035558,0.271155,3.292790
-0.177752,-0.226575,3.246069
0.003155,-0.252212,3.398079
-0.215610,-0.604350,3.209600
-0.035326,-0.597666,3.410562
-0.251906,-0.664634,3.150813
-0.026071,-0.661504,3.364324
0.011666,0.900258,3.154037
-0.029656,0.739452,3.242909
-0.209499,0.671900,3.249184
0.174069,0.648259,3.320326
-0.480808,0.693135,3.208125
0.392167,0.612135,3.398150
-0.690015,0.770617,3.398150
0.622825,0.683427,3.156341
-0.759750,0.796445,3.143355
0.715980,0.683406,3.505931
-0.040393,0.427660,3.260466
-0.042586,0.365338,3.266754
-0.128584,0.285011,3.257695
0.037145,0.271394,3.280238
-0.177610,-0.231115,3.232484
0.003709,-0.253455,3.390310
-0.222319,-0.595936,3.156504
-0.033098,-0.601749,3.407213
-0.226937,-0.650799,3.098283
-0.024830,-0.668552,3.365557
0.010334,0.893656,3.145357
-0.029427,0.735875,3.225480
-0.211387,0.673126,3.229308
0.174316,0.651312,3.308987
-0.479961,0.714061,3.193614
0.463053,0.696059,3.377227
-0.665249,0.835873,3.377227
0.658877,0.765996,3.133483
-0.708681,0.821333,3.140106
0.743743,0.807554,3.496006
-0.039596,0.427352,3.246450
-0.041652,0.365573,3.253492
-0.127872,0.284533,3.245764
0.038596,0.271597,3.268119
-0.177057,-0.236294,3.217518
0.003910,-0.251445,3.380719
-0.217107,-0.600503,3.118764
-0.033307,-0.602107,3.407151
-0.227496,-0.651998,3.040756
-0.031940,-0.670640,3.367860
0.008922,0.880656,3.121508
-0.029731,0.733347,3.217846
-0.214012,0.677300,3.222174
0.177946,0.659019,3.297097
-0.497605,0.775212,3.156285
0.463233,0.725187,3.365180
-0.683090,0.898758,3.365180
0.657343,0.843420,3.099434
-0.749482,0.899101,3.099756
0.736788,0.881809,3.464283
-0.040176,0.430097,3.236861
-0.042292,0.369667,3.243234
-0.129205,0.286829,3.237004
0.038520,0.274812,3.256434
-0.174909,-0.250795,3.201937
0.004246,-0.251600,3.370083
-0.221422,-0.605858,3.067945
-0.034187,-0.605057,3.406627
-0.239323,-0.656970,2.975834
-0.025605,-0.671843,3.365355
0.001916,0.885308,3.113158
-0.033792,0.729570,3.203216
-0.217294,0.681859,3.209845
0.177832,0.671305,3.278176
-0.488861,0.819186,3.137365
0.455098,0.780739,3.325063
-0.651412,0.983258,3.325063
0.650447,0.924049,3.060283
-0.742242,0.999879,3.054805
0.713718,0.958735,3.398016
-0.042184,0.432981,3.225018
-0.043938,0.373639,3.231966
-0.130734,0.289207,3.226856
0.037678,0.279006,3.245466
-0.171664,-0.257871,3.190865
0.007515,-0.251329,3.362496
-0.219983,-0.612660,3.037251
-0.034013,-0.605341,3.406660
-0.241036,-0.657581,2.956776
-0.026139,-0.671598,3.364655
-0.000767,0.889343,3.100627
-0.033806,0.728693,3.189670
-0.220696,0.686806,3.194319
0.175532,0.679636,3.265989
-0.465989,0.851641,3.107750
0.414886,0.804374,3.280704
-0.590217,1.036183,3.280704
0.571619,0.965116,3.045757
-0.675085,1.043947,3.042639
0.600325,1.050887,3.321352
-0.043137,0.437421,3.211033
-0.045037,0.379215,3.218092
-0.132805,0.294955,3.211751
0.036883,0.284107,3.233053
-0.170859,-0.255383,3.177008
0.010604,-0.250970,3.353894
-0.219457,-0.606884,3.021889
-0.034860,-0.606161,3.407333
-0.235987,-0.651054,2.938461
-0.025932,-0.671855,3.364874
-0.003796,0.890009,3.092347
-0.029477,0.727404,3.167801
-0.226996,0.701206,3.179084
0.172559,0.707704,3.239535
-0.447417,0.903299,3.077004
0.422471,0.868546,3.260344
-0.542257,1.108718,3.260344
0.540805,1.063343,3.034223
-0.628389,1.115163,3.030230
0.602015,1.141357,3.288070
-0.045024,0.445548,3.193012
-0.048147,0.389373,3.200392
-0.137548,0.302973,3.197482
0.031557,0.294775,3.214521
-0.170545,-0.241844,3.158566
0.007759,-0.253626,3.338996
-0.216948,-0.604268,3.013834
-0.033655,-0.607439,3.406789
-0.222946,-0.642018,2.923605
-0.025839,-0.672006,3.362619
-0.008932,0.880301,3.062592
-0.036821,0.724507,3.140079
-0.232896,0.707985,3.164093
0.167092,0.707724,3.224329
-0.436510,0.914675,3.062262
0.364961,0.888841,3.227064
-0.487003,1.134238,3.227064
0.470553,1.115927,3.011986
-0.515760,1.202858,3.014892
0.504449,1.202456,3.241882
-0.050708,0.450210,3.168231
-0.053447,0.395246,3.176883
-0.142499,0.309856,3.169551
0.026606,0.299424,3.196895
-0.173842,-0.248083,3.145946
0.001627,-0.256927,3.321697
-0.216219,-0.605035,2.997989
-0.032940,-0.609450,3.406488
-0.221756,-0.650310,2.912300
-0.025364,-0.678689,3.370260
-0.015151,0.876504,3.048004
-0.038517,0.723854,3.128127
-0.231114,0.707257,3.145980
0.157024,0.715505,3.196377
-0.404381,0.908814,3.051864
0.324942,0.915214,3.180387
-0.426822,1.130331,3.180387
0.413569,1.136382,2.988236
-0.448207,1.202845,2.978456
0.447465,1.222912,3.175178
-0.051399,0.448427,3.149124
-0.053883,0.393253,3.156133
-0.141119,0.309129,3.150179
0.025228,0.301232,3.168867
-0.174429,-0.254448,3.137740
0.001903,-0.256969,3.311415
-0.217901,-0.607664,2.995690
-0.030276,-0.611756,3.406638
-0.225567,-0.661045,2.909230
-0.025760,-0.680299,3.368814
-0.026395,0.875802,3.034924
-0.040667,0.722777,3.116737
-0.235676,0.712460,3.122741
0.147463,0.723958,3.180252
-0.389585,0.919624,3.030369
0.293442,0.921632,3.152864
-0.372193,1.140277,3.152864
0.340189,1.143874,2.961753
-0.377525,1.215744,2.952312
0.332899,1.246529,3.110014
-0.054830,0.451913,3.127521
-0.057655,0.398041,3.132263
-0.143817,0.315018,3.123648
0.019328,0.309040,3.140919
-0.176954,-0.252443,3.124443
0.002502,-0.258423,3.297275
-0.217977,-0.607442,2.992163
-0.030357,-0.615349,3.405191
-0.222616,-0.661819,2.907927
-0.026266,-0.683526,3.366904
-0.032677,0.876515,3.021929
-0.056400,0.722884,3.098803
-0.240017,0.720836,3.107536
0.140609,0.734286,3.164114
-0.346405,0.919006,2.995413
0.258023,0.929180,3.124533
-0.317499,1.144168,3.124533
0.255991,1.178770,2.961488
-0.315458,1.219843,2.952940
0.241065,1.252841,3.062630
-0.064849,0.456745,3.107774
-0.066553,0.403580,3.112497
-0.149772,0.320427,3.104937
0.011121,0.314780,3.120509
-0.183033,-0.254718,3.102948
-0.003450,-0.263256,3.273037
-0.218753,-0.610482,2.984993
-0.030716,-0.615832,3.404402
-0.225723,-0.666114,2.914156
-0.030321,-0.685912,3.369856
-0.049245,0.883071,2.990809
-0.071688,0.701916,3.061966
-0.244937,0.740337,3.082525
0.119548,0.751931,3.136601
-0.323221,0.940179,2.971835
0.235451,0.947082,3.093821
-0.263641,1.159409,3.093821
0.183313,1.172727,2.944206
-0.245967,1.233246,2.939153
0.158916,1.244801,3.033023
-0.073294,0.459553,3.083640
-0.074272,0.409992,3.089450
-0.155230,0.329802,3.076922
0.003759,0.322502,3.105097
-0.192333,-0.254350,3.074882
-0.011251,-0.262711,3.244049
-0.218897,-0.610903,2.981774
-0.030731,-0.615597,3.400377
-0.219913,-0.666259,2.908765
-0.029089,-0.687521,3.370330
-0.056641,0.879956,2.979956
-0.218629,0.797072,3.029842
-0.251470,0.749256,3.069188
0.111588,0.757006,3.120965
-0.320311,0.948127,2.958425
0.206095,0.958777,3.051246
-0.234277,1.157987,3.051246
0.136774,1.172091,2.931592
-0.208575,1.228945,2.922252
0.094718,1.235415,3.004041
-0.131405,0.491601,3.044352
-0.113951,0.430507,3.050305
-0.166299,0.351353,3.047748
-0.014989,0.348980,3.060503
-0.196872,-0.257401,3.050773
-0.012532,-0.237612,3.214103
-0.216960,-0.610368,2.975543
-0.033877,-0.611677,3.388152
-0.222394,-0.670757,2.908486
-0.021333,-0.680068,3.353221
-0.058205,0.875121,2.956529
-0.198967,0.784686,3.053227
-0.258589,0.748880,3.055183
0.076019,0.771056,3.079096
-0.288114,0.963463,2.932264
0.207699,0.955932,3.053141
-0.207710,1.175307,3.053141
0.106101,1.164308,2.906234
-0.172560,1.242420,2.911796
0.067801,1.229777,2.984241
-0.130453,0.492887,3.045288
-0.113441,0.434302,3.046462
-0.165899,0.361272,3.035254
-0.019996,0.359451,3.046534
-0.201905,-0.246980,3.027887
-0.013778,-0.231916,3.180570
-0.216941,-0.610632,2.974880
-0.033560,-0.610282,3.382370
-0.227234,-0.674180,2.909655
-0.022692,-0.681737,3.353922
-0.064177,0.875308,2.944323
-0.186889,0.771435,3.036849
-0.269629,0.748778,3.020393
0.090553,0.776869,3.082567
-0.283904,0.961160,2.917646
0.189403,0.978428,3.026634
-0.190623,1.163686,3.026634
0.087074,1.175479,2.864459
-0.152785,1.225569,2.842209
0.040887,1.233802,2.953699
-0.126278,0.511506,3.032698
-0.112190,0.465953,3.027191
-0.164007,0.387634,2.991461
-0.019427,0.367416,3.046222
-0.201793,-0.218996,3.015388
-0.011634,-0.228757,3.157128
-0.214566,-0.613277,2.970095
-0.031867,-0.608606,3.367462
-0.227092,-0.675205,2.908715
-0.020996,-0.684860,3.358981
-0.069004,0.878296,2.922601
-0.194342,0.775203,3.028046
-0.265164,0.748346,3.001790
0.090694,0.775866,3.081385
-0.297505,0.958582,2.899828
0.185871,0.977757,3.019648
-0.194242,1.158439,3.019648
0.085003,1.172543,2.863377
-0.159347,1.224725,2.851919
0.041219,1.231665,2.933491
-0.134696,0.500346,3.018722
-0.121583,0.445249,3.008795
-0.175241,0.371622,2.990409
-0.030348,0.360926,3.007659
-0.203742,-0.235545,3.005987
-0.008374,-0.233122,3.124885
-0.214015,-0.621886,2.966648
-0.030901,-0.597273,3.320514
-0.229303,-0.681620,2.910040
-0.014771,-0.638416,3.241004
-0.069363,0.886434,2.914838
-0.219788,0.773467,2.989936
-0.263451,0.757213,2.987676
0.087735,0.775080,3.060961
-0.303130,0.962480,2.877270
0.182190,0.977685,3.003810
-0.238622,1.174436,3.003810
0.087326,1.174088,2.820748
-0.206302,1.242832,2.820090
0.050710,1.239865,2.925041
-0.142277,0.498279,2.997976
-0.125885,0.443727,2.994229
-0.177885,0.370421,2.982879
-0.032581,0.362870,2.996741
-0.208772,-0.236530,2.985627
0.003637,-0.233826,3.077481
-0.213727,-0.621785,2.965681
-0.045779,-0.576277,3.273412
-0.228497,-0.682132,2.909435
-0.030312,-0.618188,3.194173
-0.088910,0.867259,2.878983
-0.237725,0.785866,2.959966
-0.273745,0.760781,2.966663
0.077504,0.756606,3.042826
-0.336666,0.956435,2.848969
0.178166,0.957508,2.999424
-0.237307,1.158787,2.999424
0.129927,1.165075,2.832350
-0.226625,1.232031,2.817957
0.119002,1.238854,2.901954
-0.152479,0.478718,2.968287
-0.134273,0.416002,2.962098
-0.190975,0.339292,2.947838
-0.034613,0.340866,2.974493
-0.210275,-0.257121,2.979282
0.010513,-0.231268,3.055209
-0.213722,-0.621924,2.964604
-0.049589,-0.570487,3.262603
-0.228072,-0.682599,2.908800
-0.017822,-0.641780,3.292348
-0.091652,0.872289,2.875223
-0.116204,0.719852,2.936980
-0.284031,0.742323,2.949521
0.075897,0.752014,3.034292
-0.363434,0.936239,2.834017
0.185700,0.946884,2.984445
-0.310980,1.173200,2.984445
0.172188,1.163814,2.747604
-0.289079,1.242427,2.727700
0.178697,1.236707,2.895665
-0.115267,0.459252,2.947585
-0.120605,0.410083,2.951258
-0.190543,0.331426,2.938003
-0.032825,0.332278,2.966029
-0.210553,-0.257669,2.970442
0.017519,-0.219367,3.005616
-0.213826,-0.622165,2.963848
-0.059471,-0.546216,3.208425
-0.227963,-0.682648,2.908496
-0.021166,-0.625588,3.261612
-0.096625,0.880802,2.864981
-0.116177,0.720344,2.935112
-0.290815,0.732773,2.934792
0.075943,0.743170,3.020789
-0.395110,0.923956,2.813463
0.193983,0.933343,2.975933
-0.383549,1.140865,2.975933
0.239543,1.148830,2.743201
-0.408625,1.208600,2.722293
0.250691,1.222629,2.909544
-0.115281,0.458532,2.943496
-0.117276,0.407398,2.941369
-0.192284,0.325047,2.923186
-0.032264,0.324681,2.953099
-0.211212,-0.257794,2.962401
0.014044,-0.221376,2.982744
-0.213728,-0.621228,2.961694
-0.054988,-0.563859,3.186815
-0.241475,-0.686681,2.931159
-0.076863,-0.659175,3.149472
-0.096781,0.881955,2.861826
-0.114506,0.721166,2.923164
-0.298368,0.708997,2.914192
0.074619,0.723169,2.998602
-0.405939,0.904216,2.810972
0.222179,0.904755,2.968583
-0.422028,1.120945,2.968583
0.282759,1.129486,2.742026
-0.449226,1.186886,2.718523
0.285773,1.203431,2.922125
-0.113155,0.451351,2.931462
-0.112411,0.396886,2.927219
-0.190313,0.311920,2.908156
-0.029428,0.312092,2.941648
-0.211256,-0.261718,2.953764
0.011376,-0.240692,2.955144
-0.213818,-0.622993,2.960541
-0.041940,-0.596877,3.150609
-0.232853,-0.685690,2.919586
-0.005891,-0.672543,3.172472
-0.102485,0.878602,2.835123
-0.121200,0.718232,2.903976
-0.301350,0.705482,2.902562
0.070954,0.708431,2.987181
-0.455268,0.868566,2.792671
0.241567,0.899237,2.972518
-0.488515,1.085509,2.972518
0.348672,1.129816,2.733477
-0.512575,1.153159,2.712009
0.286891,1.169950,2.914924
-0.118766,0.443220,2.916371
-0.116963,0.388434,2.914567
-0.195234,0.304867,2.896943
-0.035045,0.301136,2.930187
-0.212117,-0.264343,2.945714
0.008708,-0.245516,2.928812
-0.213885,-0.624056,2.960572
-0.036228,-0.608087,3.098031
-0.224358,-0.682182,2.908884
-0.004605,-0.670950,3.066478
-0.100546,0.889699,2.820588
-0.126452,0.721124,2.886872
-0.304395,0.697505,2.889414
0.066959,0.691573,2.968139
-0.473202,0.857318,2.781733
0.299304,0.876086,2.988028
-0.555194,1.060441,2.988028
0.411635,1.080754,2.720172
-0.573315,1.127531,2.692323
0.436967,1.169311,2.965891
-0.122961,0.436522,2.902722
-0.121220,0.379425,2.901653
-0.199898,0.296007,2.883712
-0.039160,0.291867,2.920403
-0.213883,-0.267338,2.936157
0.001819,-0.242653,2.902757
-0.205696,-0.629276,2.961715
-0.025221,-0.601862,3.037676
-0.231061,-0.687238,2.916446
-0.001173,-0.668415,3.007406
-0.103292,0.884155,2.807000
-0.127858,0.715569,2.872336
-0.308852,0.690580,2.875040
0.068990,0.686024,2.961629
-0.526165,0.846160,2.759452
0.327281,0.830570,3.006028
-0.640390,1.031443,3.006028
0.462913,1.009363,2.691027
-0.669616,1.098889,2.676540
0.491070,1.106737,3.004443
-0.125220,0.432231,2.887080
-0.123428,0.375571,2.887198
-0.203491,0.290743,2.868355
-0.040989,0.285482,2.905784
-0.214510,-0.269071,2.926050
-0.003884,-0.264903,2.883110
-0.204698,-0.629753,2.962330
-0.027648,-0.634803,2.996493
-0.239454,-0.689724,2.925972
0.026069,-0.696066,2.967313
-0.102999,0.883916,2.792296
-0.130341,0.710007,2.844831
-0.307366,0.677190,2.855767
0.070104,0.678780,2.948620
-0.556265,0.815215,2.750501
0.336933,0.785272,3.002984
-0.698895,0.982382,3.002984
0.491658,0.942949,2.689687
-0.728149,1.049894,2.675186
0.556001,1.020675,3.043404
-0.125741,0.424544,2.868031
-0.123610,0.367355,2.870056
-0.202918,0.281922,2.852973
-0.041078,0.279214,2.893005
-0.215981,-0.272230,2.918047
-0.009459,-0.264687,2.860396
-0.200961,-0.631913,2.958788
-0.009069,-0.624895,2.930049
-0.225739,-0.686906,2.911310
0.021393,-0.672131,2.873587
-0.104337,0.887608,2.776738
-0.129516,0.711090,2.828781
-0.308225,0.667767,2.835199
0.072409,0.662450,2.928118
-0.562759,0.755132,2.755153
0.341935,0.752371,3.004148
-0.728940,0.898306,3.004148
0.528733,0.859198,2.691657
-0.758235,0.965913,2.677136
0.609997,0.898862,3.104078
-0.127067,0.419400,2.853554
-0.125455,0.360866,2.856411
-0.205620,0.277123,2.843739
-0.043040,0.270043,2.875777
-0.217443,-0.273265,2.911520
-0.014271,-0.274265,2.835445
-0.202834,-0.633426,2.960022
0.005436,-0.629394,2.858901
-0.229017,-0.688068,2.912979
0.032737,-0.693196,2.793843
-0.104469,0.879960,2.760378
-0.129328,0.709372,2.820928
-0.307209,0.661111,2.824495
0.073188,0.652138,2.920454
-0.571815,0.737802,2.752575
0.342355,0.696110,3.008182
-0.776108,0.868712,3.008182
0.527729,0.786763,2.691653
-0.805446,0.936419,2.677110
0.613984,0.820008,3.128596
-0.128153,0.412672,2.840829
-0.126925,0.352992,2.843334
-0.208100,0.268489,2.826764
-0.044683,0.261779,2.864541
-0.218362,-0.276010,2.906174
-0.014858,-0.279448,2.818375
-0.202531,-0.633714,2.958177
0.014320,-0.625765,2.794059
-0.239984,-0.693654,2.928692
0.032730,-0.686321,2.743567
-0.103766,0.881466,2.752522
-0.129154,0.709466,2.813888
-0.302967,0.649324,2.807235
0.071458,0.640738,2.903655
-0.576200,0.676165,2.750510
0.328215,0.648080,3.003750
-0.778403,0.793945,3.003750
0.519630,0.713011,2.698714
-0.807726,0.861616,2.684179
0.608123,0.735745,3.135675
-0.126734,0.406589,2.831022
-0.125210,0.345400,2.833329
-0.205679,0.262694,2.817764
-0.043157,0.255183,2.853890
-0.218199,-0.276641,2.901663
-0.011298,-0.288496,2.795423
-0.201704,-0.633051,2.957308
0.024203,-0.613621,2.743951
-0.240895,-0.692659,2.929397
0.038582,-0.680328,2.665947
-0.098838,0.880515,2.736262
-0.127694,0.709477,2.806919
-0.300717,0.642622,2.797572
0.070105,0.630768,2.882792
-0.584680,0.654398,2.751833
0.267051,0.605054,2.964452
-0.794680,0.726429,2.964452
0.509618,0.648077,2.700288
-0.824032,0.794168,2.685739
0.596506,0.660034,3.146661
-0.124711,0.400305,2.818045
-0.123303,0.337829,2.819536
-0.202395,0.254699,2.798676
-0.042238,0.248351,2.840701
-0.218968,-0.276420,2.894222
-0.012561,-0.288462,2.781206
-0.202270,-0.632890,2.957199
0.030291,-0.608987,2.702822
-0.240565,-0.692657,2.928311
0.036876,-0.670430,2.619564
-0.094611,0.880978,2.724314
-0.123074,0.707604,2.791163
-0.297993,0.637207,2.785182
0.069990,0.623843,2.869854
-0.569561,0.610191,2.746361
0.257816,0.575613,2.959561
-0.783845,0.670262,2.959561
0.517747,0.590875,2.698902
-0.853049,0.694582,2.694121
0.604740,0.602846,3.156973
-0.122114,0.393717,2.801433
-0.121212,0.330701,2.803344
-0.200582,0.248548,2.781202
-0.041098,0.241521,2.825968
-0.218364,-0.278625,2.887264
-0.013343,-0.294563,2.760919
-0.203293,-0.633895,2.956376
0.028530,-0.617136,2.652116
-0.233873,-0.691881,2.916779
0.040949,-0.677341,2.582123
-0.086270,0.867705,2.694960
-0.119138,0.706881,2.777421
-0.295849,0.630803,2.769643
0.071011,0.612831,2.851021
-0.565756,0.597495,2.743459
0.288652,0.540082,2.972483
-0.787655,0.619709,2.972483
0.499197,0.542376,2.698661
-0.833622,0.644306,2.696989
0.580497,0.519790,3.155767
-0.121861,0.388612,2.786878
-0.121770,0.324741,2.788556
-0.202358,0.243984,2.768462
-0.042441,0.234840,2.808096
-0.218295,-0.280725,2.881214
-0.014494,-0.292675,2.750523
-0.202889,-0.634214,2.956995
0.027870,-0.611629,2.624625
-0.234762,-0.692193,2.918434
0.048497,-0.665125,2.538328
-0.085257,0.870251,2.687822
-0.114253,0.701001,2.751317
-0.288214,0.622443,2.747322
0.071012,0.610725,2.838146
-0.557129,0.579953,2.733252
0.286751,0.531046,2.964671
-0.781164,0.588241,2.964671
0.490833,0.499687,2.697347
-0.853137,0.616179,2.691432
0.569991,0.482993,3.150775
-0.118441,0.380335,2.767229
-0.118580,0.316191,2.770605
-0.198363,0.237185,2.753382
-0.040870,0.229321,2.791708
-0.218562,-0.283710,2.873799
-0.017226,-0.289812,2.738904
-0.203023,-0.634695,2.957015
0.022965,-0.601272,2.606232
-0.238236,-0.693386,2.922652
0.046174,-0.660419,2.524383
-0.081119,0.872387,2.674179
-0.108955,0.699219,2.739248
-0.284137,0.619825,2.735146
0.073357,0.607667,2.814402
-0.549886,0.567375,2.713998
0.252464,0.497235,2.914929
-0.776999,0.573619,2.914929
0.495822,0.470123,2.695793
-0.854994,0.574971,2.688169
0.575612,0.449092,3.143685
-0.116018,0.377120,2.753885
-0.116879,0.312658,2.757280
-0.197578,0.235064,2.743093
-0.039613,0.225980,2.773312
-0.218156,-0.288265,2.863425
-0.019548,-0.292034,2.725613
-0.203224,-0.636030,2.956916
0.030266,-0.617452,2.573268
-0.217595,-0.685668,2.897535
0.036509,-0.658699,2.478354
-0.077522,0.872626,2.663084
-0.106171,0.695944,2.725255
-0.279662,0.618567,2.722400
0.078128,0.605895,2.800534
-0.544164,0.564863,2.705398
0.281708,0.491283,2.915512
-0.771650,0.566107,2.915512
0.465440,0.458386,2.688218
-0.854447,0.574574,2.687607
0.541394,0.444504,3.095743
-0.113667,0.374717,2.738954
-0.114684,0.310445,2.742519
-0.195411,0.232938,2.727729
-0.037635,0.223824,2.759195
-0.216959,-0.290805,2.856916
-0.019162,-0.294844,2.706544
-0.203282,-0.637533,2.957677
0.020999,-0.607488,2.566870
-0.222946,-0.692122,2.907542
0.033768,-0.653105,2.474570
-0.069490,0.874339,2.642168
-0.102005,0.695939,2.712202
-0.272823,0.614687,2.702751
0.082211,0.598108,2.778450
-0.540340,0.564482,2.692626
0.285052,0.488789,2.906655
-0.765750,0.562961,2.906655
0.469867,0.461426,2.675467
-0.846723,0.579351,2.677713
0.549995,0.443103,3.080454
-0.109577,0.370018,2.719940
-0.110600,0.304616,2.721936
-0.190826,0.227300,2.702934
-0.034147,0.218223,2.739610
-0.214153,-0.292953,2.844150
-0.017958,-0.292612,2.697901
-0.203802,-0.638953,2.957893
0.018797,-0.610316,2.562204
-0.241818,-0.700709,2.932872
0.030708,-0.658032,2.470807
-0.060245,0.866250,2.627414
-0.093707,0.693964,2.687326
-0.268875,0.613717,2.686463
0.089273,0.594521,2.767340
-0.533861,0.569387,2.673839
0.312346,0.500005,2.881976
-0.758463,0.583329,2.881976
0.503932,0.486480,2.646097
-0.841843,0.612394,2.642590
0.582937,0.464990,3.048186
-0.105384,0.369043,2.701386
-0.107146,0.303899,2.705052
-0.188648,0.227165,2.689149
-0.030941,0.215226,2.722300
-0.211925,-0.289957,2.824134
-0.016220,-0.301995,2.679869
-0.205673,-0.635300,2.951560
0.015183,-0.617728,2.550076
-0.227653,-0.683368,2.895859
0.028038,-0.668603,2.460413
-0.055214,0.855915,2.600705
-0.089612,0.691644,2.678100
-0.263208,0.612816,2.663997
0.101016,0.586743,2.746491
-0.531361,0.585997,2.637895
0.323923,0.510688,2.858435
-0.753724,0.617864,2.858435
0.529249,0.508550,2.604522
-0.852193,0.643375,2.610263
0.614533,0.499860,3.014199
-0.100989,0.366186,2.685257
-0.102749,0.301068,2.687202
-0.185251,0.223609,2.670450
-0.025864,0.210878,2.701435
-0.207053,-0.293477,2.811478
-0.015651,-0.307510,2.671104
-0.205789,-0.636603,2.948689
0.013720,-0.619648,2.547182
-0.225557,-0.686262,2.893430
0.026143,-0.672204,2.458289
-0.050460,0.856986,2.591857
-0.079860,0.687052,2.655152
-0.258618,0.613575,2.651083
0.109123,0.586688,2.733944
-0.528946,0.600210,2.621492
0.311761,0.526502,2.812467
-0.740888,0.673645,2.812467
0.566638,0.566501,2.585732
-0.839033,0.700887,2.583196
0.650961,0.556842,2.987051
-0.092584,0.366831,2.662072
-0.094554,0.302770,2.663924
-0.177800,0.224550,2.649024
-0.017930,0.212008,2.677279
-0.202486,-0.292220,2.794542
-0.012634,-0.308330,2.664222
-0.205040,-0.638495,2.945791
0.011426,-0.621186,2.543964
-0.225285,-0.688384,2.890794
0.025705,-0.673565,2.455109
-0.037132,0.856996,2.566153
-0.074554,0.684320,2.637841
-0.252388,0.617595,2.633973
0.122909,0.587704,2.715513
-0.531479,0.646125,2.590155
0.397294,0.577795,2.804800
-0.761243,0.730506,2.804800
0.594833,0.622981,2.551634
-0.811604,0.804132,2.547954
0.681053,0.646002,2.940863
-0.086452,0.368592,2.643829
-0.088148,0.305510,2.645039
-0.171340,0.226097,2.627669
-0.011237,0.213042,2.659951
-0.194574,-0.298104,2.776342
-0.007012,-0.305700,2.649878
-0.203939,-0.640866,2.940882
0.010987,-0.621583,2.541630
-0.230237,-0.696163,2.894138
0.025562,-0.674840,2.453234
-0.032717,0.856427,2.553459
-0.068926,0.684278,2.621877
-0.247776,0.619152,2.617033
0.136261,0.598045,2.694584
-0.520998,0.676470,2.566559
0.407354,0.616178,2.770146
-0.707140,0.798681,2.770146
0.603351,0.689473,2.516262
-0.725822,0.851509,2.518978
0.689086,0.728862,2.881461
-0.080414,0.372418,2.626303
-0.081962,0.310177,2.626610
-0.166049,0.228901,2.609313
-0.004229,0.216459,2.640857
-0.182951,-0.288775,2.746894
-0.000807,-0.307585,2.636382
-0.201876,-0.630672,2.911688
0.011101,-0.622651,2.540142
-0.237649,-0.698254,2.901824
0.024997,-0.677192,2.452319
-0.024751,0.858086,2.535027
-0.055128,0.682486,2.588632
-0.242692,0.627108,2.601786
0.148296,0.613156,2.676279
-0.487068,0.714291,2.538782
0.424468,0.661686,2.747296
-0.671377,0.840099,2.747296
0.633452,0.769536,2.490728
-0.734919,0.919519,2.481831
0.701426,0.821443,2.838992
-0.070057,0.379341,2.601088
-0.072257,0.318495,2.603019
-0.159175,0.235036,2.592499
0.006441,0.223896,2.614071
-0.167291,-0.296245,2.722983
0.005588,-0.314709,2.622976
-0.202092,-0.631100,2.911611
0.012983,-0.629603,2.534036
-0.233216,-0.699947,2.896105
0.027330,-0.686794,2.447939
-0.013976,0.858654,2.518675
-0.053651,0.682576,2.580415
-0.233888,0.635633,2.582945
0.155318,0.618397,2.660686
-0.494689,0.770561,2.514273
0.372833,0.684684,2.684651
-0.651329,0.925733,2.684651
0.558856,0.828933,2.452279
-0.668438,0.999201,2.452515
0.644862,0.874690,2.761769
-0.065153,0.382817,2.587561
-0.066540,0.322992,2.588364
-0.150734,0.240295,2.574954
0.011990,0.228732,2.598968
-0.162038,-0.296622,2.706240
0.010068,-0.313319,2.612228
-0.203029,-0.631439,2.901197
0.012078,-0.630533,2.529087
-0.230191,-0.701704,2.884598
0.025896,-0.689923,2.444387
-0.005791,0.857073,2.498059
-0.038830,0.684400,2.554644
-0.225815,0.641094,2.568557
0.165399,0.630016,2.641502
-0.440633,0.781386,2.498559
0.398622,0.736898,2.667196
-0.568687,0.961009,2.667196
0.577154,0.926793,2.437218
-0.583308,0.979863,2.443199
0.635594,1.009513,2.708121
-0.054068,0.388282,2.565742
-0.056461,0.328936,2.567913
-0.142540,0.245047,2.557307
0.021030,0.235369,2.579028
-0.160192,-0.295365,2.691330
0.016281,-0.310921,2.596130
-0.200869,-0.630130,2.892380
0.013908,-0.629408,2.524956
-0.228157,-0.701158,2.879676
0.024612,-0.691219,2.441542
0.002638,0.846917,2.477555
-0.033555,0.682654,2.536767
-0.219272,0.645508,2.557178
0.171650,0.639209,2.623965
-0.414292,0.802067,2.481633
0.412014,0.799248,2.633686
-0.498348,1.006641,2.633686
0.538119,0.986458,2.422727
-0.534612,1.070875,2.406900
0.549518,1.058754,2.612669
-0.050011,0.389813,2.550867
-0.052747,0.331072,2.553838
-0.138885,0.247041,2.544264
0.023961,0.238249,2.565398
-0.162353,-0.292671,2.665513
0.019232,-0.312189,2.585775
-0.201564,-0.629108,2.880485
0.014320,-0.630660,2.523905
-0.221545,-0.702704,2.868909
0.026326,-0.692943,2.441036
0.008298,0.849218,2.464514
-0.027571,0.681370,2.521686
-0.211147,0.655127,2.543291
0.177706,0.654112,2.606160
-0.374137,0.824617,2.461307
0.364520,0.808088,2.594354
-0.441774,1.035195,2.594354
0.480862,1.001484,2.403250
-0.488717,1.088665,2.378316
0.527904,1.060398,2.576258
-0.042579,0.394227,2.532733
-0.045073,0.336904,2.535292
-0.130298,0.253965,2.525424
0.031252,0.244474,2.545699
-0.163368,-0.290805,2.638004
0.022972,-0.312351,2.573080
-0.194837,-0.626912,2.860107
0.016348,-0.633121,2.520603
-0.222308,-0.696919,2.877300
0.028312,-0.695739,2.437964
0.013475,0.847505,2.443858
-0.020782,0.679921,2.505715
-0.200401,0.666023,2.531538
0.180752,0.662506,2.591174
-0.343426,0.857617,2.439499
0.333414,0.832207,2.563269
-0.393722,1.074113,2.563269
0.432230,1.032618,2.388140
-0.440626,1.127539,2.363227
0.485642,1.085051,2.528048
-0.037127,0.398464,2.518097
-0.039946,0.342169,2.521176
-0.124840,0.261331,2.514236
0.035436,0.251002,2.528205
-0.166534,-0.278114,2.602550
0.026080,-0.306558,2.562574
-0.188943,-0.615089,2.829121
0.016267,-0.633464,2.518456
-0.177410,-0.659195,2.750501
0.024815,-0.697805,2.436539
0.015826,0.844403,2.430959
-0.013124,0.679644,2.497104
-0.196054,0.670950,2.522358
0.184370,0.683901,2.564731
-0.319236,0.868022,2.427224
0.339479,0.888497,2.522451
-0.443224,1.066380,2.522451
0.375975,1.112230,2.343860
-0.481413,1.127476,2.322094
0.386728,1.185989,2.468026
-0.030170,0.404225,2.504207
-0.033270,0.349512,2.505734
-0.118207,0.269864,2.499129
0.040721,0.259414,2.509465
-0.162373,-0.273823,2.571101
0.032022,-0.295973,2.546062
-0.174133,-0.604768,2.788479
0.019323,-0.633926,2.513423
-0.166185,-0.648235,2.709035
0.024768,-0.700756,2.433216
0.017752,0.843864,2.421954
-0.004693,0.674641,2.480925
-0.187422,0.682244,2.507740
0.184406,0.687204,2.555782
-0.285131,0.871932,2.410563
0.304076,0.882629,2.500049
-0.398556,1.092127,2.500049
0.179507,1.071729,2.313987
-0.431167,1.155438,2.289868
0.131335,1.126155,2.406807
-0.024371,0.407650,2.490257
-0.027851,0.354266,2.492350
-0.111483,0.276218,2.484996
0.043998,0.264995,2.497928
-0.159974,-0.271515,2.539165
0.036323,-0.291575,2.536721
-0.171603,-0.602240,2.775074
0.020777,-0.632347,2.512398
-0.217761,-0.677289,2.794558
0.023797,-0.700494,2.433119
0.018263,0.839609,2.404604
-0.000239,0.676352,2.469643
-0.180395,0.690040,2.496690
0.183119,0.696658,2.538079
-0.257027,0.887658,2.396155
0.287749,0.891226,2.470266
-0.346023,1.117162,2.470266
0.409262,1.117188,2.295633
-0.371598,1.183114,2.270392
0.444181,1.182121,2.393426
-0.016857,0.413365,2.475372
-0.019787,0.360901,2.476645
-0.101375,0.284140,2.471355
0.052253,0.275836,2.477496
-0.160356,-0.262300,2.500288
0.038927,-0.290814,2.528995
-0.159124,-0.594382,2.703201
0.020808,-0.632614,2.510257
-0.206950,-0.669993,2.739220
0.021934,-0.700804,2.430794
0.022596,0.846384,2.388931
0.007547,0.676476,2.457452
-0.173112,0.691194,2.487256
0.180823,0.706910,2.523462
-0.243588,0.900245,2.379180
0.282056,0.901509,2.449209
-0.318392,1.122136,2.449209
0.399655,1.127565,2.278205
-0.340815,1.188647,2.251740
0.433428,1.192487,2.362720
-0.010959,0.415485,2.464203
-0.014286,0.363335,2.465444
-0.094413,0.288244,2.458746
0.055450,0.279721,2.468681
-0.158374,-0.268123,2.489269
0.041931,-0.293758,2.522138
-0.148028,-0.598407,2.651799
0.020699,-0.635139,2.505059
-0.184668,-0.667207,2.689440
0.027087,-0.706148,2.428280
0.027500,0.846250,2.374040
0.070376,0.675180,2.450606
-0.164875,0.696469,2.472331
0.181451,0.716074,2.503718
-0.223702,0.902120,2.372413
0.280983,0.911940,2.432050
-0.290903,1.137045,2.432050
0.396628,1.139514,2.274015
-0.310344,1.205008,2.249214
0.429821,1.204834,2.349404
0.009516,0.426084,2.451797
0.000201,0.375502,2.451374
-0.088415,0.300376,2.441255
0.062963,0.296842,2.454579
-0.150971,-0.282362,2.465102
0.046130,-0.290492,2.513721
-0.149386,-0.624200,2.616358
0.021026,-0.632887,2.504229
-0.209331,-0.697612,2.633416
0.019641,-0.697074,2.435105
0.026924,0.844872,2.351346
0.023830,0.684790,2.428776
-0.160978,0.693619,2.464295
0.189353,0.741890,2.480438
-0.214666,0.897598,2.362891
0.257711,0.936980,2.368308
-0.277055,1.134637,2.368308
0.337147,1.163689,2.261276
-0.294951,1.202632,2.235760
0.359934,1.228720,2.225137
0.008814,0.429945,2.443439
0.002087,0.379684,2.443150
-0.083162,0.301823,2.431741
0.069007,0.301968,2.447447
-0.148534,-0.292668,2.443705
0.050195,-0.291637,2.505425
-0.142777,-0.644481,2.560499
0.019334,-0.634256,2.502143
-0.203489,-0.706415,2.555330
0.023479,-0.702017,2.430495
0.027395,0.842219,2.343514
0.108057,0.720283,2.447983
-0.158089,0.698094,2.449414
0.189282,0.741828,2.471641
-0.214333,0.901040,2.347739
0.256912,0.979108,2.353636
-0.279701,1.136907,2.353636
0.314398,1.180796,2.245795
-0.298440,1.204524,2.220199
0.333551,1.247994,2.235416
0.021939,0.433275,2.438284
0.009309,0.379708,2.435170
-0.081509,0.302379,2.422140
0.071458,0.303372,2.438269
-0.144525,-0.298059,2.422651
0.053307,-0.291542,2.497068
-0.145268,-0.647383,2.535932
0.018851,-0.635016,2.501530
-0.199752,-0.707565,2.508667
0.022047,-0.702016,2.430161
0.025008,0.837529,2.323780
0.063464,0.680406,2.417873
-0.159656,0.698958,2.439934
0.189900,0.735976,2.458181
-0.212162,0.900054,2.331639
0.254581,0.979031,2.354803
-0.273181,1.133759,2.354803
0.309560,1.185628,2.221997
-0.290677,1.200768,2.194187
0.327880,1.254469,2.253146
0.021723,0.435928,2.428037
0.011426,0.385329,2.423042
-0.079796,0.306866,2.411508
0.074781,0.308252,2.424848
-0.143680,-0.294560,2.397198
0.055238,-0.290738,2.488811
-0.151171,-0.651378,2.462189
0.013931,-0.638157,2.503601
-0.189947,-0.708919,2.427858
0.023374,-0.703200,2.433111
0.025109,0.839862,2.317842
0.076418,0.698459,2.414836
-0.158601,0.697182,2.425944
0.190975,0.729062,2.450953
-0.233407,0.889042,2.313785
0.257723,0.931199,2.357431
-0.320382,1.112115,2.357431
0.335330,1.166219,2.199594
-0.345321,1.176079,2.170476
0.357583,1.233609,2.242006
0.024201,0.435453,2.419909
0.013940,0.383307,2.414094
-0.077578,0.305153,2.399441
0.076224,0.305941,2.417727
-0.141729,-0.295754,2.377968
0.054818,-0.293049,2.482771
-0.153808,-0.658320,2.407092
0.009655,-0.641651,2.497206
-0.209184,-0.706572,2.361185
0.029182,-0.708256,2.435294
0.024141,0.837126,2.308383
0.016581,0.665054,2.374695
-0.158800,0.693314,2.414572
0.186933,0.708222,2.441411
-0.243775,0.882965,2.307953
0.277091,0.899739,2.345372
-0.342626,1.103583,2.345372
0.381971,1.122528,2.200144
-0.370979,1.166862,2.172846
0.412054,1.186430,2.226101
0.004498,0.414841,2.391948
0.003370,0.367114,2.394349
-0.079303,0.296349,2.391773
0.073129,0.288012,2.398678
-0.139672,-0.299847,2.360584
0.054131,-0.301411,2.477797
-0.155671,-0.656318,2.362732
0.005850,-0.646678,2.492957
-0.218214,-0.711162,2.304186
0.026950,-0.710431,2.431028
0.021464,0.835228,2.296168
0.015515,0.663347,2.371624
-0.162714,0.689248,2.402680
0.184233,0.698972,2.430407
-0.260444,0.869027,2.289246
0.280687,0.891284,2.346948
-0.374218,1.078319,2.346948
0.392975,1.115167,2.173422
-0.406844,1.138335,2.143829
0.425175,1.179367,2.246435
0.002657,0.411289,2.386729
0.000542,0.361314,2.387093
-0.080703,0.286977,2.382967
0.070746,0.281293,2.391230
-0.137921,-0.303109,2.346593
0.052387,-0.305273,2.471927
-0.170549,-0.665428,2.291376
0.006263,-0.647304,2.492610
-0.203055,-0.711542,2.238386
0.031590,-0.714544,2.427914
0.020727,0.833899,2.289108
0.004538,0.666531,2.353385
-0.167071,0.676781,2.385809
0.182850,0.690840,2.420442
-0.272946,0.856573,2.283289
0.298352,0.872298,2.338121
-0.396296,1.066041,2.338121
0.432919,1.083706,2.180091
-0.431652,1.126082,2.154128
0.471490,1.144303,2.239239
-0.001771,0.404086,2.373459
-0.003006,0.351298,2.373989
-0.081518,0.275666,2.371255
0.069703,0.271034,2.379740
-0.136804,-0.304298,2.335420
0.050690,-0.310312,2.465705
-0.165533,-0.663465,2.255210
0.008768,-0.650195,2.493164
-0.203869,-0.712133,2.184427
0.032615,-0.715979,2.426802
0.016341,0.835464,2.277947
0.000710,0.669109,2.338874
-0.174072,0.670342,2.372976
0.183240,0.683076,2.410992
-0.307026,0.833011,2.264472
0.317052,0.854018,2.337796
-0.457265,1.016827,2.337796
0.473053,1.053306,2.157230
-0.500940,1.070264,2.129721
0.517749,1.110404,2.252540
-0.003825,0.400515,2.361607
-0.004491,0.346743,2.363769
-0.082774,0.269035,2.360136
0.069774,0.264619,2.371592
-0.135699,-0.305699,2.324773
0.049271,-0.311505,2.461442
-0.161349,-0.661755,2.228366
0.006851,-0.654073,2.496093
-0.201288,-0.707232,2.160276
0.033239,-0.716670,2.425613
0.014510,0.834777,2.258085
-0.006075,0.670838,2.322940
-0.182060,0.659659,2.355926
0.186094,0.674669,2.399198
-0.327963,0.820636,2.254798
0.348644,0.841839,2.337720
-0.308101,1.038937,2.337720
0.517650,1.015651,2.205583
-0.301480,1.111703,2.193381
0.568773,1.068227,2.275376
-0.006073,0.395705,2.347845
-0.005795,0.340578,2.350912
-0.084644,0.258815,2.346680
0.072038,0.256824,2.360223
-0.138174,-0.310407,2.312321
0.046159,-0.313846,2.455803
-0.181692,-0.655600,2.186124
0.006851,-0.654146,2.496109
-0.208215,-0.702952,2.115386
0.033985,-0.717411,2.425152
0.012720,0.830625,2.244762
-0.009738,0.670346,2.311352
-0.189273,0.653055,2.343546
0.188911,0.658338,2.387945
-0.369276,0.798582,2.240007
0.372194,0.828610,2.340403
-0.355892,1.018091,2.340403
0.502770,1.016701,2.196002
-0.351431,1.091261,2.185535
0.544312,1.077817,2.300892
-0.009511,0.392338,2.336102
-0.009075,0.336642,2.339965
-0.089434,0.253051,2.335780
0.070847,0.250487,2.350694
-0.138572,-0.312175,2.306653
0.044696,-0.316318,2.451620
-0.180705,-0.656530,2.182656
0.005889,-0.655725,2.497875
-0.204970,-0.703682,2.097327
0.033814,-0.717121,2.425214
0.010728,0.826121,2.232181
-0.013623,0.667300,2.299532
-0.194544,0.640715,2.322963
0.188512,0.645904,2.377257
-0.394301,0.780923,2.234116
0.407372,0.788350,2.355201
-0.524686,0.957953,2.355201
0.554448,0.953380,2.159357
-0.566166,1.015842,2.139210
0.604057,1.007428,2.311170
-0.012343,0.385031,2.321885
-0.011581,0.328339,2.325655
-0.092678,0.243062,2.320591
0.070357,0.241035,2.337125
-0.139769,-0.312962,2.301258
-0.003371,-0.332259,2.408654
-0.177292,-0.656169,2.177495
0.005561,-0.657890,2.498975
-0.202197,-0.705790,2.091321
0.030309,-0.715395,2.425215
0.005087,0.821820,2.213048
-0.021853,0.662375,2.279419
-0.200524,0.630603,2.305132
0.182811,0.624946,2.358746
-0.432318,0.743617,2.229517
0.414903,0.755002,2.365055
-0.562770,0.915181,2.365055
0.597204,0.885755,2.163106
-0.615458,0.960427,2.137937
0.666026,0.932125,2.359443
-0.017517,0.375985,2.304031
-0.016240,0.318537,2.308629
-0.097408,0.233570,2.302662
0.067570,0.230391,2.322871
-0.140813,-0.315319,2.298345
0.031641,-0.329022,2.427033
-0.176689,-0.658432,2.174398
0.006699,-0.656446,2.497553
-0.201127,-0.706394,2.091214
0.029260,-0.715332,2.430633
0.000460,0.818218,2.199707
-0.028508,0.660315,2.262983
-0.208576,0.620418,2.285586
0.178190,0.618198,2.349284
-0.452323,0.720279,2.224059
0.411600,0.699144,2.372849
-0.625766,0.850257,2.372849
0.625052,0.855289,2.162849
-0.649311,0.856931,2.154012
0.693555,0.906474,2.368653
-0.023830,0.369016,2.287089
-0.022445,0.310553,2.291944
-0.103999,0.225283,2.284653
0.062124,0.221484,2.307504
-0.143726,-0.320347,2.291848
0.031669,-0.329471,2.426689
-0.177254,-0.661345,2.170993
0.006832,-0.656262,2.496979
-0.201536,-0.711413,2.089317
0.029434,-0.715088,2.432131
-0.008085,0.814784,2.187393
-0.035453,0.658883,2.251612
-0.217130,0.605309,2.265615
0.167630,0.607738,2.335674
-0.496744,0.685287,2.216354
0.418592,0.668499,2.380784
-0.678791,0.806994,2.380784
0.624428,0.775670,2.165760
-0.762203,0.860290,2.152539
0.713123,0.818070,2.414613
-0.030314,0.362137,2.272294
-0.028816,0.302474,2.276685
-0.109786,0.216841,2.267552
0.055811,0.213987,2.292432
-0.147874,-0.324037,2.283785
0.031218,-0.330021,2.423165
-0.177703,-0.664055,2.169645
0.006272,-0.656735,2.496904
-0.202198,-0.714526,2.089137
0.032035,-0.715662,2.436577
-0.016409,0.805416,2.169417
-0.042877,0.658183,2.236863
-0.220061,0.595794,2.249973
0.159216,0.594784,2.320278
-0.484708,0.632031,2.220192
0.410043,0.618109,2.390498
-0.679809,0.736630,2.390498
0.609338,0.692443,2.187263
-0.763191,0.789907,2.174046
0.701937,0.718949,2.468759
-0.036938,0.354176,2.253733
-0.035301,0.293007,2.257597
-0.115596,0.208487,2.245656
0.049137,0.204675,2.274113
-0.155700,-0.328369,2.270849
-0.008106,-0.348722,2.376882
-0.177833,-0.666517,2.168498
0.005890,-0.656228,2.493661
-0.203749,-0.718285,2.088214
0.031511,-0.715345,2.435925
-0.023481,0.801309,2.157408
-0.050696,0.655736,2.221650
-0.226215,0.592596,2.237866
0.148290,0.585477,2.304286
-0.495159,0.613920,2.218574
0.397869,0.595480,2.390452
-0.711405,0.664684,2.390452
0.603145,0.623286,2.195460
-0.794762,0.717945,2.182247
0.692836,0.640863,2.498796
-0.044954,0.349596,2.236288
-0.043362,0.288227,2.240182
-0.123000,0.204627,2.227777
0.039812,0.200002,2.255427
-0.159625,-0.330516,2.263636
0.016756,-0.339209,2.383195
-0.178530,-0.667729,2.166625
0.005947,-0.656649,2.490274
-0.204071,-0.718786,2.088688
0.032788,-0.716875,2.426704
-0.028795,0.797559,2.145779
-0.057593,0.656989,2.208243
-0.232156,0.587137,2.223281
0.136643,0.580388,2.287939
-0.506497,0.588157,2.216517
0.375966,0.547186,2.390403
-0.726489,0.621126,2.390403
0.585457,0.574609,2.201392
-0.809821,0.674371,2.188183
0.674591,0.585264,2.529808
-0.052250,0.345489,2.220450
-0.050901,0.282975,2.223847
-0.129992,0.200235,2.211128
0.031569,0.196584,2.238574
-0.164475,-0.333097,2.254155
0.015987,-0.335391,2.373780
-0.178369,-0.667902,2.166372
0.004555,-0.657947,2.486736
-0.201147,-0.720118,2.085316
0.031820,-0.716248,2.426747
-0.037081,0.793587,2.129653
-0.062610,0.655064,2.196050
-0.237403,0.582897,2.209849
0.126320,0.576284,2.272316
-0.510067,0.573583,2.214794
0.374530,0.540181,2.390589
-0.729675,0.609982,2.390589
0.566761,0.540601,2.203408
-0.812988,0.663215,2.190202
0.650452,0.532051,2.544029
-0.058738,0.339442,2.205205
-0.057674,0.276155,2.208292
-0.136188,0.194779,2.197322
0.023387,0.191227,2.219942
-0.169468,-0.333148,2.245697
0.004446,-0.334253,2.339691
-0.178309,-0.667898,2.166350
0.004451,-0.658523,2.479312
-0.199770,-0.720266,2.084897
0.034412,-0.719452,2.424211
-0.042524,0.793314,2.117562
-0.069855,0.655551,2.184762
-0.242890,0.581308,2.196222
0.114177,0.572265,2.255289
-0.519425,0.555392,2.208028
0.334962,0.513147,2.375644
-0.740091,0.582673,2.375644
0.543297,0.503831,2.208057
-0.839232,0.594385,2.207865
0.614085,0.516343,2.503815
-0.067141,0.335754,2.192084
-0.066332,0.271632,2.194601
-0.144091,0.191737,2.184643
0.013193,0.188166,2.203913
-0.175347,-0.333555,2.236557
0.006290,-0.333872,2.330557
-0.178559,-0.667592,2.166322
0.002174,-0.659429,2.475000
-0.198997,-0.720050,2.085147
0.036458,-0.721841,2.422322
-0.048030,0.793193,2.106314
-0.080558,0.653455,2.169579
-0.248925,0.578889,2.183289
0.107326,0.569911,2.246004
-0.524193,0.546193,2.203282
0.329229,0.504788,2.373675
-0.746327,0.557363,2.373675
0.532925,0.488694,2.204151
-0.845315,0.569522,2.208116
0.614444,0.469039,2.541431
-0.074888,0.332881,2.179490
-0.073495,0.268726,2.182789
-0.150699,0.189539,2.173163
0.006633,0.186134,2.192810
-0.178097,-0.332610,2.230849
0.002895,-0.333973,2.302422
-0.179056,-0.665950,2.167108
0.001318,-0.658107,2.466416
-0.197980,-0.717842,2.088608
0.036666,-0.722398,2.421041
-0.058439,0.789567,2.093446
-0.086040,0.651623,2.160836
-0.253921,0.577081,2.172452
0.097832,0.569031,2.233908
-0.528586,0.541896,2.196840
0.310222,0.497194,2.361513
-0.751200,0.538684,2.361513
0.521832,0.475511,2.195496
-0.847708,0.562689,2.203772
0.605164,0.464072,2.536542
-0.081377,0.329966,2.169152
-0.080166,0.265611,2.172176
-0.156931,0.187672,2.162073
-0.000847,0.183366,2.182065
-0.181252,-0.331968,2.225116
0.005996,-0.330916,2.280111
-0.179712,-0.665487,2.167790
0.004713,-0.666886,2.449833
-0.197942,-0.716932,2.090341
0.040090,-0.727406,2.416444
-0.061964,0.788368,2.086563
-0.092011,0.649820,2.152722
-0.259165,0.577148,2.163293
0.094103,0.569886,2.229511
-0.533069,0.538305,2.186822
0.309419,0.496311,2.359208
-0.755320,0.541216,2.359208
0.518731,0.474749,2.192615
-0.853754,0.555038,2.201234
0.601581,0.464932,2.532951
-0.086049,0.329712,2.161818
-0.084604,0.265647,2.165131
-0.161201,0.187640,2.153522
-0.004990,0.183375,2.176464
-0.183772,-0.331724,2.220068
0.015004,-0.326293,2.257719
-0.179650,-0.665258,2.167835
-0.001038,-0.646344,2.422206
-0.197821,-0.716835,2.090555
0.040637,-0.722285,2.418407
-0.076936,0.784176,2.067372
-0.107168,0.645892,2.134545
-0.278588,0.577423,2.141877
0.078068,0.570399,2.212459
-0.543840,0.558705,2.149553
0.296002,0.532225,2.314252
-0.763284,0.599287,2.314252
0.515622,0.573139,2.137049
-0.858399,0.628925,2.133186
0.600838,0.575860,2.456151
-0.099437,0.330636,2.142067
-0.097631,0.267567,2.145117
-0.174012,0.187274,2.131105
-0.017142,0.185828,2.158231
-0.191714,-0.329794,2.208570
0.012692,-0.312939,2.197053
-0.180090,-0.664223,2.168758
0.005470,-0.645706,2.355571
-0.199237,-0.717164,2.091315
0.040575,-0.713827,2.343422
-0.081503,0.783470,2.062843
-0.110347,0.645375,2.130877
-0.283943,0.579735,2.137124
0.076610,0.573426,2.210614
-0.573236,0.594407,2.124269
0.299622,0.560916,2.300123
-0.795212,0.616292,2.300123
0.509542,0.624911,2.120237
-0.891478,0.642118,2.119978
0.596278,0.651710,2.408529
-0.102963,0.333220,2.138072
-0.101271,0.270956,2.140784
-0.178337,0.189633,2.125386
-0.019626,0.187853,2.155555
-0.193499,-0.330240,2.205215
0.012359,-0.313384,2.186859
-0.180350,-0.664126,2.168972
0.007369,-0.646440,2.335912
-0.199509,-0.717248,2.091732
0.042819,-0.713067,2.289514
-0.118101,0.776047,2.030566
-0.137358,0.637100,2.101121
-0.318211,0.614340,2.121615
0.044906,0.622023,2.167059
-0.484922,0.757765,2.057889
0.197452,0.804010,2.131591
-0.636218,0.909426,2.131591
0.352805,0.989345,1.982640
-0.686650,0.959979,1.961752
0.399778,1.045384,2.104728
-0.132005,0.354899,2.117276
-0.131103,0.298572,2.122366
-0.209011,0.214258,2.111882
-0.051423,0.215847,2.136238
-0.207337,-0.322775,2.184728
-0.008788,-0.333774,2.101836
-0.181499,-0.661309,2.178296
0.055068,-0.666582,2.074865
-0.203615,-0.712964,2.098625
0.071530,-0.715101,1.991939
-0.120449,0.775564,2.029151
-0.136060,0.634266,2.096917
-0.318744,0.616855,2.120475
0.039630,0.630752,2.160113
-0.469143,0.775589,2.052103
0.166482,0.812645,2.112020
-0.620198,0.925702,2.112020
0.312390,1.021864,1.973398
-0.670549,0.975739,1.951356
0.353998,1.081525,2.064850
-0.132796,0.355715,2.114597
-0.132261,0.300011,2.119785
-0.210288,0.216274,2.110078
-0.053610,0.218728,2.132821
-0.208060,-0.321299,2.182532
-0.006949,-0.327508,2.085654
-0.181490,-0.660929,2.178825
0.052000,-0.654437,2.041416
-0.205741,-0.713793,2.097360
0.071459,-0.703099,1.950315
-0.123162,0.773942,2.024238
-0.131907,0.635079,2.095722
-0.321896,0.625063,2.118179
0.028438,0.633812,2.151176
-0.445958,0.803452,2.044492
0.153902,0.816025,2.100565
-0.605352,0.943097,2.100565
0.298285,1.025715,1.963304
-0.658484,0.989645,1.940433
0.339441,1.085487,2.049646
-0.133413,0.357477,2.112166
-0.133876,0.302297,2.116901
-0.213212,0.220875,2.107255
-0.058403,0.223816,2.127012
-0.208731,-0.320325,2.180792
-0.006802,-0.322650,2.076586
-0.181651,-0.660781,2.179244
0.051927,-0.652151,2.030103
-0.205390,-0.713418,2.097960
0.069643,-0.699619,1.937911
-0.125879,0.772069,2.020305
-0.125109,0.637101,2.096689
-0.322136,0.629168,2.117380
0.024805,0.640239,2.145464
-0.437011,0.812120,2.039492
0.146935,0.823033,2.086587
-0.603080,0.943448,2.086587
0.287553,1.033497,1.958565
-0.658437,0.987225,1.935778
0.327595,1.093427,2.023420
-0.133095,0.362162,2.109345
-0.134708,0.308089,2.113314
-0.214546,0.229177,2.104500
-0.062293,0.232016,2.119792
-0.209570,-0.319447,2.178754
-0.007768,-0.314036,2.067801
-0.181355,-0.661142,2.179379
0.058574,-0.658507,2.000005
-0.205339,-0.713255,2.098076
0.069814,-0.700673,1.914911
-0.126801,0.768623,2.015764
-0.124756,0.637832,2.096724
-0.321963,0.634415,2.115076
0.022789,0.639687,2.142459
-0.429758,0.819800,2.032177
0.150751,0.859494,2.057342
-0.604668,0.940024,2.057342
0.259519,1.046330,1.953802
-0.662972,0.980099,1.931865
0.295163,1.107557,1.976551
-0.134420,0.364432,2.106812
-0.136571,0.310436,2.110356
-0.216382,0.233032,2.101572
-0.065020,0.234043,2.115951
-0.210408,-0.318492,2.175732
-0.007741,-0.316079,2.060214
-0.180640,-0.662241,2.179431
0.060308,-0.655718,1.987449
-0.205895,-0.713746,2.099216
0.070671,-0.695007,1.891650
-0.126793,0.767649,2.013953
-0.122662,0.638328,2.096286
-0.321552,0.634526,2.113645
0.020851,0.641881,2.136211
-0.416213,0.824819,2.024999
0.139728,0.864432,2.044256
-0.595773,0.940269,2.044256
0.240773,1.053600,1.951641
-0.655627,0.978752,1.931374
0.273868,1.115557,1.955753
-0.134380,0.366086,2.104278
-0.136981,0.312254,2.107330
-0.216891,0.235882,2.098404
-0.066189,0.235682,2.112335
-0.211520,-0.316335,2.170212
-0.011340,-0.312431,2.055110
-0.180472,-0.663084,2.178890
0.058779,-0.650936,1.978439
-0.206857,-0.715195,2.100781
0.070641,-0.690293,1.881373
-0.127374,0.766998,2.008174
-0.118468,0.639124,2.091448
-0.319630,0.640271,2.104561
0.016319,0.646076,2.125507
-0.405739,0.832741,2.012415
0.135812,0.864412,2.024092
-0.594217,0.934778,2.024092
0.237380,1.049999,1.944346
-0.657043,0.968791,1.925838
0.270620,1.110735,1.924917
-0.134616,0.370752,2.095939
-0.138051,0.317477,2.097520
-0.218203,0.242930,2.088919
-0.068782,0.241615,2.101151
-0.212155,-0.315789,2.160872
-0.014440,-0.318974,2.044114
-0.180157,-0.664218,2.178139
0.055895,-0.639432,1.959008
-0.206567,-0.715281,2.100660
0.067700,-0.683360,1.865865
-0.127785,0.765758,2.002963
-0.117473,0.640215,2.088382
-0.318842,0.641302,2.100248
0.016156,0.644353,2.123445
-0.402941,0.833324,2.005291
0.135936,0.860109,2.016524
-0.594355,0.931071,2.016524
0.237750,1.043502,1.940792
-0.658159,0.963653,1.923472
0.271058,1.103498,1.911135
-0.135239,0.370328,2.091925
-0.138892,0.316594,2.092613
-0.219498,0.242849,2.084719
-0.069430,0.240096,2.095572
-0.212518,-0.315388,2.155067
-0.015348,-0.319976,2.039208
-0.180113,-0.664852,2.177170
0.055889,-0.639840,1.951940
-0.206549,-0.715483,2.100837
0.067022,-0.682402,1.855893
-0.128214,0.763868,1.997853
-0.116393,0.639555,2.084211
-0.319060,0.640703,2.096192
0.016793,0.638433,2.118407
-0.402766,0.832183,2.000266
0.138986,0.853394,2.014142
-0.594190,0.929774,2.014142
0.242849,1.036111,1.936830
-0.657998,0.962304,1.919863
0.276820,1.095872,1.911750
-0.136274,0.368360,2.087474
-0.140270,0.314290,2.087362
-0.220730,0.241041,2.080203
-0.071909,0.236621,2.089499
-0.212310,-0.315881,2.149602
-0.015260,-0.324609,2.032270
-0.179673,-0.665083,2.176220
0.055368,-0.640422,1.947525
-0.206711,-0.715573,2.100720
0.066888,-0.682944,1.851872
-0.129318,0.763665,1.988687
-0.108321,0.644953,2.079057
-0.319588,0.638972,2.092147
0.017353,0.634825,2.114161
-0.406068,0.828210,1.994572
0.147230,0.844512,2.009245
-0.599985,0.921652,2.009245
0.257626,1.022746,1.934290
-0.664624,0.952800,1.918373
0.293725,1.081027,1.906120
-0.135262,0.367700,2.083440
-0.139982,0.312689,2.082287
-0.222090,0.238755,2.073688
-0.072034,0.235096,2.084826
-0.211333,-0.315108,2.143008
-0.015220,-0.326507,2.027968
-0.179344,-0.665508,2.176085
0.056770,-0.643776,1.940037
-0.206787,-0.715749,2.100631
0.067141,-0.686446,1.844210
-0.127851,0.763921,1.982513
-0.118266,0.635524,2.064350
-0.322659,0.635775,2.085483
0.020165,0.625712,2.107574
-0.418335,0.819011,1.985099
0.161296,0.830968,2.011963
-0.606648,0.922925,2.011963
0.281257,1.005436,1.925520
-0.669419,0.957563,1.909836
0.320467,1.062460,1.919335
-0.139145,0.363134,2.073589
-0.143079,0.308718,2.073813
-0.225510,0.233862,2.065036
-0.073504,0.229213,2.078128
-0.211164,-0.316210,2.138554
-0.015140,-0.328279,2.022346
-0.179723,-0.666234,2.175496
0.055722,-0.649036,1.934779
-0.206943,-0.716287,2.100708
0.067031,-0.688691,1.839151
-0.127463,0.760810,1.979151
-0.122636,0.623716,2.050904
-0.322506,0.625411,2.074976
0.023546,0.620003,2.102213
-0.430605,0.805145,1.984471
0.154171,0.788152,2.022869
-0.606242,0.923411,2.022869
0.305341,0.982746,1.912779
-0.664787,0.962833,1.893055
0.348048,1.037720,1.929062
-0.138676,0.353340,2.062225
-0.141724,0.299252,2.063503
-0.223980,0.221933,2.053138
-0.069425,0.219124,2.070901
-0.211186,-0.316715,2.132703
-0.014488,-0.326547,2.014447
-0.179747,-0.667560,2.174432
0.054689,-0.648166,1.930848
-0.207539,-0.717614,2.101489
0.066540,-0.689277,1.834042
-0.126612,0.757997,1.973219
-0.126383,0.620031,2.043699
-0.319773,0.616220,2.066125
0.027660,0.616509,2.096967
-0.448867,0.779779,1.972113
0.181899,0.766963,2.029817
-0.601749,0.924685,2.029817
0.360496,0.941178,1.897399
-0.652710,0.972987,1.876666
0.410956,0.990399,1.954063
-0.138634,0.348668,2.054870
-0.140874,0.294309,2.056482
-0.222417,0.216729,2.045816
-0.066818,0.213553,2.065380
-0.210590,-0.317404,2.127199
-0.013573,-0.326758,2.007907
-0.179765,-0.667641,2.173861
0.053181,-0.647678,1.924645
-0.207261,-0.717715,2.101635
0.064931,-0.688964,1.828674
-0.125165,0.756031,1.964775
-0.127846,0.618340,2.035705
-0.316715,0.607532,2.055016
0.034871,0.606962,2.089301
-0.464319,0.759203,1.972437
0.199019,0.758589,2.028923
-0.596088,0.922944,2.028923
0.378444,0.924328,1.896811
-0.640011,0.977524,1.875773
0.430549,0.972459,1.965889
-0.137814,0.343028,2.046446
-0.139490,0.287752,2.048335
-0.220803,0.209926,2.037686
-0.063886,0.205623,2.058277
-0.209629,-0.318458,2.122026
-0.012550,-0.326644,2.001345
-0.179093,-0.669176,2.171894
0.050879,-0.642982,1.916566
-0.207335,-0.718852,2.101429
0.062870,-0.687789,1.821245
-0.118448,0.754123,1.950368
-0.136008,0.619998,2.024519
-0.313070,0.600691,2.040985
0.042517,0.600880,2.082588
-0.474152,0.741962,1.969663
0.227796,0.740888,2.030569
-0.583632,0.923099,2.030569
0.417687,0.884381,1.899751
-0.620125,0.983478,1.880617
0.474605,0.927392,1.981472
-0.136871,0.340789,2.039828
-0.137132,0.284790,2.042178
-0.216314,0.205550,2.029844
-0.058649,0.201444,2.053527
-0.207634,-0.318338,2.114859
-0.010659,-0.331258,1.993007
-0.178768,-0.669211,2.171355
0.050080,-0.641151,1.905234
-0.207498,-0.719420,2.101845
0.062654,-0.684281,1.809133
-0.112011,0.752726,1.940367
-0.136740,0.619288,2.014148
-0.309256,0.591997,2.026385
0.050417,0.591459,2.074275
-0.486031,0.727418,1.964210
0.255453,0.718609,2.036275
-0.679790,0.875851,2.036275
0.452097,0.840554,1.910461
-0.736022,0.918928,1.898491
0.513055,0.878356,2.006866
-0.135661,0.336017,2.029695
-0.135346,0.279317,2.032996
-0.214726,0.200184,2.021172
-0.055509,0.194696,2.046541
-0.206382,-0.318596,2.109976
-0.010464,-0.332684,1.986966
-0.178560,-0.669646,2.170391
0.046182,-0.638877,1.889539
-0.207812,-0.720382,2.102224
0.062474,-0.684097,1.796991
-0.106537,0.751028,1.929829
-0.134277,0.619315,2.005096
-0.300741,0.585596,2.009148
0.055375,0.585850,2.065164
-0.494480,0.708233,1.957665
0.278256,0.681257,2.047527
-0.697871,0.836981,2.047527
0.451876,0.809870,1.916877
-0.758150,0.875138,1.908493
0.515789,0.840236,1.987692
-0.131640,0.331777,2.019780
-0.130816,0.274102,2.023275
-0.209541,0.194536,2.010417
-0.050927,0.190462,2.038904
-0.203621,-0.320321,2.103034
-0.008738,-0.332647,1.977527
-0.178353,-0.671884,2.168424
0.045592,-0.636015,1.879632
-0.207316,-0.722635,2.101588
0.062838,-0.679553,1.787482
-0.101929,0.749340,1.911608
-0.128488,0.616857,1.986417
-0.300355,0.584877,1.999597
0.060103,0.575190,2.050812
-0.503443,0.694091,1.951865
0.314290,0.665975,2.051503
-0.703261,0.759098,2.051503
0.504056,0.773634,1.877479
-0.769868,0.780768,1.856850
0.593506,0.809099,2.008050
-0.127813,0.329235,2.007684
-0.127404,0.271620,2.012762
-0.206898,0.191558,2.001033
-0.047360,0.187541,2.030081
-0.200161,-0.321433,2.095594
-0.008470,-0.332186,1.969424
-0.178221,-0.673026,2.166570
0.047078,-0.635728,1.868896
-0.205645,-0.723970,2.100796
0.062389,-0.675521,1.777067
-0.095634,0.745590,1.895017
-0.121160,0.613621,1.970813
-0.297569,0.578809,1.983895
0.064297,0.566524,2.036546
-0.530936,0.667749,1.945323
0.341608,0.624582,2.062165
-0.730378,0.748430,2.062165
0.550466,0.738308,1.891329
-0.797253,0.769839,1.877658
0.632397,0.765032,2.020434
-0.122746,0.324471,1.993783
-0.122796,0.266599,1.999559
-0.203733,0.186388,1.988133
-0.042589,0.181987,2.018379
-0.197139,-0.321469,2.087258
-0.008862,-0.331073,1.962450
-0.178236,-0.672609,2.163167
0.046512,-0.632445,1.860231
-0.205639,-0.724670,2.100150
0.061410,-0.672631,1.772583
-0.087301,0.741108,1.875992
-0.112828,0.614032,1.957426
-0.288983,0.569155,1.963461
0.069846,0.564581,2.023939
-0.533958,0.631127,1.948065
0.335929,0.580437,2.070002
-0.733442,0.714916,2.070002
0.553171,0.666950,1.900806
-0.784427,0.757634,1.874622
0.622926,0.681859,2.060774
-0.116793,0.320952,1.980717
-0.117240,0.262271,1.986658
-0.198529,0.181482,1.974089
-0.038007,0.178305,2.007057
-0.194658,-0.320062,2.078772
-0.006329,-0.328255,1.949745
-0.177392,-0.672577,2.162513
0.048850,-0.628056,1.852092
-0.206465,-0.724919,2.100426
0.060583,-0.671212,1.768334
-0.079350,0.741432,1.859956
-0.108417,0.613497,1.939786
-0.285850,0.563055,1.952754
0.075615,0.552627,2.008407
-0.538679,0.603483,1.947274
0.334888,0.550087,2.073169
-0.753915,0.643830,2.073169
0.549321,0.573725,1.925483
-0.772323,0.684751,1.898299
0.619027,0.588624,2.098259
-0.112184,0.316060,1.964402
-0.112671,0.256504,1.970801
-0.194690,0.175867,1.959766
-0.032627,0.172195,1.990510
-0.193563,-0.321089,2.073790
-0.004367,-0.324726,1.941651
-0.176929,-0.673111,2.161731
0.047676,-0.624365,1.847896
-0.206869,-0.725610,2.101444
0.059578,-0.670169,1.765084
-0.066790,0.737164,1.841249
-0.101881,0.613532,1.924172
-0.276392,0.554996,1.935207
0.081324,0.545776,1.996250
-0.539359,0.568605,1.947469
0.325622,0.498681,2.074510
-0.753770,0.613369,2.074510
0.543823,0.512104,1.925554
-0.789982,0.657307,1.897612
0.639408,0.517479,2.141630
-0.107452,0.311556,1.949198
-0.108290,0.251073,1.955793
-0.190965,0.171188,1.944544
-0.028582,0.166997,1.976072
-0.190272,-0.321182,2.063159
-0.002360,-0.322730,1.933447
-0.176574,-0.673805,2.160472
0.046705,-0.623112,1.846448
-0.207628,-0.726442,2.101370
0.058370,-0.670436,1.764815
-0.057855,0.726176,1.814411
-0.098085,0.613503,1.906338
-0.267414,0.545917,1.918839
0.086645,0.537024,1.976331
-0.533859,0.543747,1.944095
0.322352,0.480220,2.072222
-0.752789,0.556533,2.072222
0.547748,0.447421,1.933117
-0.781018,0.602263,1.904357
0.643179,0.442640,2.153691
-0.101679,0.303931,1.929846
-0.102098,0.241719,1.936175
-0.184236,0.163461,1.927396
-0.022049,0.158751,1.953513
-0.187330,-0.322349,2.053787
0.000198,-0.320762,1.923452
-0.176691,-0.674763,2.159131
0.045765,-0.621150,1.844943
-0.208831,-0.727299,2.100873
0.054250,-0.672358,1.765730
-0.048383,0.726006,1.799969
-0.088371,0.611798,1.890767
-0.254645,0.537579,1.901686
0.092478,0.531905,1.962667
-0.520976,0.515576,1.940747
0.314962,0.438617,2.067469
-0.740073,0.507041,2.067469
0.515479,0.387651,1.935970
-0.782850,0.554443,1.907071
0.606864,0.367783,2.164587
-0.094238,0.297936,1.912060
-0.095231,0.235006,1.918251
-0.175869,0.156987,1.906410
-0.017490,0.153907,1.936683
-0.182969,-0.323842,2.044628
0.003432,-0.320546,1.914548
-0.175453,-0.676124,2.156311
0.045150,-0.620780,1.842848
-0.209428,-0.728660,2.101144
0.051915,-0.673444,1.766865
-0.036823,0.728258,1.785005
-0.077096,0.611293,1.873366
-0.239939,0.531518,1.883431
0.096563,0.527740,1.931527
-0.523694,0.489254,1.936183
0.309311,0.417132,2.063212
-0.740206,0.454696,2.063212
0.504652,0.332424,1.936043
-0.806308,0.461358,1.916552
0.593037,0.302161,2.165018
-0.084618,0.288753,1.889722
-0.085955,0.223843,1.894723
-0.165040,0.149154,1.886309
-0.011485,0.146202,1.907841
-0.177193,-0.322965,2.029008
0.007799,-0.319510,1.904942
-0.174495,-0.676950,2.154394
0.044287,-0.620763,1.839268
-0.209655,-0.729012,2.101407
0.049833,-0.674131,1.768307
-0.024977,0.723407,1.766844
-0.067297,0.610151,1.858073
-0.228172,0.526059,1.868495
0.101839,0.525039,1.916315
-0.497464,0.462122,1.926539
0.305795,0.394179,2.054667
-0.713307,0.425630,2.054667
0.503020,0.296415,1.933567
-0.807942,0.412692,1.915953
0.586530,0.250738,2.152721
-0.076500,0.283516,1.872982
-0.078273,0.218043,1.878131
-0.155711,0.143740,1.867995
-0.005284,0.142307,1.891404
-0.170591,-0.323049,2.015814
0.015920,-0.317963,1.890012
-0.174722,-0.678767,2.152676
0.044101,-0.621153,1.833591
-0.208901,-0.730193,2.099669
0.048056,-0.674557,1.768037
-0.010548,0.720298,1.748827
-0.057281,0.612480,1.843334
-0.216291,0.521136,1.852577
0.111027,0.521806,1.905661
-0.477199,0.444101,1.916927
0.296220,0.375960,2.038171
-0.699949,0.381408,2.038171
0.494634,0.248186,1.926039
-0.791277,0.366032,1.915665
0.568274,0.206363,2.138566
-0.067968,0.281115,1.854349
-0.069959,0.214681,1.858600
-0.147577,0.141223,1.849367
0.002811,0.138755,1.868439
-0.159278,-0.322234,1.996668
0.023156,-0.317372,1.875017
-0.174062,-0.682697,2.153045
0.043864,-0.621983,1.828193
-0.208053,-0.731743,2.097616
0.045438,-0.675917,1.769198
0.002203,0.722022,1.736684
-0.047040,0.611769,1.828396
-0.210277,0.519400,1.841612
0.123616,0.521419,1.892409
-0.464218,0.430464,1.906261
0.295029,0.362680,2.024103
-0.667235,0.348265,2.024103
0.489376,0.227555,1.914835
-0.763086,0.331625,1.910665
0.559916,0.170304,2.132820
-0.053758,0.282583,1.835845
-0.054945,0.216760,1.839478
-0.132597,0.141018,1.829038
0.019667,0.141066,1.849378
-0.149989,-0.323084,1.975112
0.031883,-0.315815,1.861250
-0.180447,-0.677674,2.135740
0.044190,-0.621350,1.823009
-0.210145,-0.736161,2.093174
0.044523,-0.676933,1.768010
0.040687,0.718932,1.709624
-0.029581,0.618935,1.800285
-0.189406,0.518467,1.813255
0.142143,0.514005,1.867092
-0.432821,0.401554,1.881161
0.298470,0.345489,1.993655
-0.639524,0.300924,1.993655
0.478472,0.191280,1.883162
-0.716808,0.253454,1.878297
0.544293,0.133799,2.083536
-0.038754,0.281674,1.805035
-0.040303,0.214203,1.807375
-0.116761,0.137792,1.796383
0.032326,0.140118,1.815791
-0.138913,-0.314910,1.939701
0.046129,-0.314465,1.835738
-0.175512,-0.671850,2.121917
0.044240,-0.621727,1.814339
-0.213132,-0.735549,2.096722
0.041759,-0.681376,1.764093
0.056029,0.722084,1.702475
-0.022533,0.620724,1.787262
-0.181537,0.518056,1.801993
0.148800,0.511771,1.850399
-0.418422,0.389716,1.866928
0.302934,0.340416,1.979196
-0.623989,0.286299,1.979196
0.484853,0.178495,1.864833
-0.681775,0.245111,1.852505
0.548271,0.127048,2.065856
-0.030009,0.279671,1.789884
-0.031097,0.211398,1.790923
-0.108272,0.135140,1.782372
0.042865,0.138749,1.796197
-0.135341,-0.312796,1.922679
0.051821,-0.312136,1.823809
-0.172191,-0.668783,2.106550
0.044657,-0.623289,1.809136
-0.214396,-0.736237,2.096627
0.039391,-0.684975,1.761785
0.087645,0.714712,1.684161
-0.009288,0.621991,1.762582
-0.165925,0.516022,1.776224
0.172577,0.512101,1.827512
-0.379491,0.368487,1.825749
0.315761,0.326582,1.941457
-0.583809,0.250632,1.941457
0.488296,0.166272,1.809031
-0.648582,0.221163,1.798386
0.554130,0.107469,1.983628
-0.013382,0.279415,1.760919
-0.013573,0.210991,1.759606
-0.090010,0.133198,1.751332
0.061475,0.136173,1.761749
-0.136252,-0.323873,1.885572
0.059887,-0.311796,1.805715
-0.160046,-0.660366,2.061893
0.045409,-0.625446,1.802699
-0.213326,-0.734066,2.091532
0.038100,-0.689164,1.758489
0.096210,0.715315,1.679410
-0.004569,0.623312,1.755252
-0.159618,0.512868,1.767437
0.186331,0.509338,1.822739
-0.369892,0.361199,1.817495
0.321102,0.321565,1.931639
-0.559901,0.233533,1.931639
0.493721,0.157822,1.781625
-0.624119,0.203806,1.769202
0.556809,0.101003,1.946910
-0.009784,0.279805,1.755882
-0.009957,0.211258,1.753765
-0.088009,0.132767,1.747168
0.066559,0.135190,1.754629
-0.135886,-0.324540,1.872108
0.063111,-0.311361,1.797998
-0.154030,-0.650029,2.048889
0.046082,-0.626784,1.797397
-0.211334,-0.730876,2.084659
0.035826,-0.692197,1.756413
0.104748,0.716980,1.673792
0.001938,0.624837,1.747855
-0.154206,0.512411,1.757066
0.193754,0.509940,1.815248
-0.349302,0.343341,1.796281
0.328890,0.314192,1.911546
-0.522041,0.210086,1.911546
0.492157,0.144067,1.746812
-0.584505,0.179960,1.728323
0.552298,0.086830,1.898988
-0.003339,0.280693,1.748592
-0.003292,0.212077,1.745253
-0.082951,0.132779,1.740066
0.074634,0.135277,1.744562
-0.138785,-0.318848,1.843277
0.066298,-0.312747,1.791959
-0.136518,-0.631477,2.011407
0.046141,-0.627077,1.794399
-0.193311,-0.706300,2.059189
0.034796,-0.693788,1.755813
0.112637,0.717635,1.666261
0.008296,0.625799,1.739334
-0.147626,0.509255,1.746636
0.201002,0.505420,1.804481
-0.327505,0.333169,1.777947
0.336126,0.306616,1.887101
-0.479766,0.182562,1.887101
0.493774,0.128018,1.712892
-0.544962,0.147296,1.690132
0.544774,0.072518,1.859743
0.001932,0.279245,1.741420
0.001970,0.210188,1.737225
-0.078557,0.131668,1.733598
0.080274,0.132181,1.735163
-0.138381,-0.314312,1.818399
0.071081,-0.314431,1.785814
-0.138274,-0.633937,2.005198
0.046575,-0.627731,1.792142
-0.194093,-0.708823,2.054078
0.033542,-0.694843,1.754762
0.117605,0.717865,1.661885
0.012540,0.626265,1.734639
-0.141441,0.506536,1.736960
0.206187,0.500460,1.790998
-0.309935,0.313418,1.754134
0.338144,0.299812,1.863628
-0.440229,0.147765,1.863628
0.482470,0.107643,1.676739
-0.485749,0.114480,1.652813
0.527627,0.051985,1.811922
0.006365,0.277331,1.736642
0.006556,0.207794,1.731264
-0.073527,0.130057,1.726312
0.084358,0.129537,1.730260
-0.136019,-0.310437,1.793316
0.074373,-0.317754,1.782626
-0.134053,-0.637072,1.980463
0.046493,-0.628314,1.790374
-0.196277,-0.718886,2.003690
0.034166,-0.695723,1.753350
0.133361,0.708243,1.657137
0.019262,0.622812,1.725961
-0.135746,0.507577,1.729263
0.208801,0.497114,1.776838
-0.292088,0.303162,1.734937
0.336661,0.293539,1.841826
-0.392899,0.127313,1.841826
0.461652,0.086217,1.635599
-0.423847,0.080114,1.606188
0.498403,0.027979,1.762163
0.009749,0.274796,1.731460
0.009302,0.205399,1.726148
-0.070910,0.128686,1.720906
0.086097,0.127577,1.726694
-0.132262,-0.310948,1.775817
0.078715,-0.319537,1.778895
-0.130925,-0.652556,1.951023
0.046960,-0.627931,1.789443
-0.198505,-0.733320,1.953445
0.034081,-0.695437,1.752853
0.144747,0.706639,1.657620
0.027825,0.618617,1.721295
-0.131066,0.503683,1.721520
0.210511,0.494668,1.763538
-0.262713,0.294370,1.712593
0.331306,0.286948,1.815057
-0.332664,0.106648,1.815057
0.426362,0.071470,1.608046
-0.347525,0.049767,1.570722
0.454884,0.010581,1.706447
0.014934,0.269906,1.726794
0.013767,0.200409,1.720912
-0.067090,0.124670,1.716036
0.089482,0.123355,1.721501
-0.131269,-0.325542,1.763312
0.080232,-0.320285,1.776359
-0.121321,-0.654354,1.898072
0.047184,-0.628297,1.788681
-0.192162,-0.731180,1.911171
0.034262,-0.695859,1.752237
0.155774,0.700625,1.657800
0.033482,0.615631,1.717816
-0.124691,0.498877,1.711710
0.213238,0.490320,1.753493
-0.237521,0.287562,1.696764
0.325194,0.277003,1.789364
-0.274727,0.092862,1.789364
0.392749,0.062224,1.587938
-0.273358,0.025837,1.546731
0.405556,-0.013465,1.664354
0.018406,0.266169,1.723578
0.016858,0.196544,1.717200
-0.063828,0.121171,1.712205
0.091466,0.120260,1.717994
-0.130759,-0.339346,1.751116
0.081591,-0.321836,1.773762
-0.131064,-0.661038,1.866205
0.032809,-0.729209,1.800306
-0.199514,-0.730128,1.864199
0.040308,-0.785663,1.721816
0.160131,0.702737,1.656436
0.039440,0.612573,1.713939
-0.119007,0.492612,1.702520
0.215070,0.487377,1.744230
-0.208849,0.269359,1.678996
0.319535,0.263463,1.757978
-0.224657,0.074162,1.757978
0.355973,0.039497,1.565553
-0.217080,0.017621,1.532116
0.353243,-0.034518,1.631682
0.022425,0.261645,1.719569
0.020542,0.191731,1.712557
-0.059545,0.116694,1.705873
0.093745,0.116526,1.714738
-0.128220,-0.348701,1.739260
0.082573,-0.324119,1.771721
-0.146431,-0.672763,1.816763
0.031036,-0.730545,1.801223
-0.184862,-0.738770,1.801859
0.038422,-0.787787,1.722912
0.164359,0.702115,1.654530
0.043623,0.610170,1.710422
-0.117871,0.490560,1.697624
0.216447,0.485253,1.735864
-0.189257,0.260769,1.665902
0.307924,0.251048,1.732026
-0.180330,0.065669,1.732026
0.319199,0.026899,1.551558
-0.167093,0.019703,1.521924
0.302003,-0.047862,1.603709
0.027243,0.257912,1.714975
0.025389,0.187823,1.706955
-0.054666,0.112631,1.699332
0.098900,0.112449,1.708996
-0.126010,-0.356267,1.727543
0.083462,-0.324920,1.770224
-0.167075,-0.742380,1.786075
0.029984,-0.730670,1.800549
-0.158757,-0.785493,1.705710
0.036187,-0.789837,1.722357
0.169085,0.700413,1.650140
0.048851,0.608029,1.706427
-0.111270,0.488968,1.690607
0.218001,0.478710,1.724089
-0.173851,0.261736,1.657089
0.290775,0.232766,1.700993
-0.137665,0.072291,1.700993
0.272852,0.012808,1.538320
-0.111327,0.027066,1.510966
0.261544,-0.053583,1.583613
0.034648,0.253510,1.709017
0.033208,0.183075,1.699399
-0.044844,0.108984,1.688684
0.105424,0.108945,1.703358
-0.122701,-0.358346,1.716994
0.084778,-0.326703,1.768734
-0.194393,-0.747226,1.731004
0.028504,-0.731530,1.800231
-0.187048,-0.790122,1.650398
0.033551,-0.790957,1.721917
0.166906,0.717536,1.644859
0.088405,0.583935,1.695694
-0.104122,0.485397,1.682251
0.219431,0.474900,1.716840
-0.162809,0.268413,1.646579
0.282261,0.232055,1.686050
-0.090025,0.087281,1.686050
0.255085,0.027749,1.532346
-0.057438,0.031040,1.500089
0.244997,-0.051204,1.571941
0.045754,0.246810,1.702286
0.040899,0.178354,1.693138
-0.038819,0.106065,1.682203
0.109455,0.105756,1.698649
-0.120937,-0.357658,1.706921
0.084954,-0.328591,1.767345
-0.210271,-0.747039,1.681372
0.028953,-0.732970,1.799232
-0.202540,-0.790364,1.601007
0.034366,-0.793033,1.721206
0.177630,0.707963,1.637923
0.090025,0.583209,1.693200
-0.097345,0.483830,1.672716
0.221513,0.470926,1.702560
-0.137733,0.269287,1.620962
0.248701,0.231663,1.644812
-0.006275,0.070346,1.644812
0.199590,0.036405,1.503599
0.032389,0.019135,1.472702
0.164918,-0.045430,1.506400
0.047277,0.244964,1.696418
0.041353,0.177045,1.685358
-0.039024,0.107867,1.675379
0.107290,0.102402,1.686479
-0.122729,-0.342023,1.686180
0.086246,-0.329158,1.764320
-0.228017,-0.733610,1.591853
0.028395,-0.732468,1.798878
-0.221315,-0.776593,1.511193
0.032608,-0.792802,1.720764
0.169962,0.714727,1.632672
0.072270,0.595881,1.685755
-0.094920,0.482360,1.667590
0.221952,0.473464,1.697495
-0.135698,0.267539,1.619816
0.248105,0.232520,1.643166
0.003950,0.071491,1.643166
0.158602,0.061453,1.503387
0.085164,0.021083,1.491411
0.114935,0.004829,1.492421
0.044367,0.245866,1.690658
0.039460,0.177086,1.678366
-0.039443,0.109829,1.669523
0.105873,0.101568,1.677976
-0.124023,-0.331861,1.678574
0.087910,-0.329244,1.761743
-0.229821,-0.722151,1.578608
0.027430,-0.731394,1.798832
-0.224874,-0.771698,1.496646
0.031682,-0.790842,1.720671
0.167227,0.716013,1.629242
0.070535,0.596851,1.683111
-0.092432,0.482803,1.662887
0.221045,0.475105,1.691444
-0.138601,0.268964,1.617963
0.253738,0.258989,1.644557
0.052611,0.071370,1.644557
0.092074,0.055202,1.492492
0.102307,0.023052,1.476556
0.103394,-0.014839,1.483209
0.043277,0.245736,1.686561
0.038894,0.176645,1.673179
-0.039030,0.110698,1.666169
0.105283,0.101286,1.671133
-0.125529,-0.324686,1.668895
0.090337,-0.328785,1.758810
-0.233730,-0.710974,1.555049
0.026556,-0.729478,1.799428
-0.230440,-0.765116,1.471632
0.030479,-0.788251,1.721224
0.164533,0.716198,1.622293
0.068349,0.596879,1.676601
-0.091831,0.482679,1.657982
0.220521,0.475522,1.682648
-0.140310,0.269394,1.614245
0.255767,0.256365,1.637250
-0.014653,0.106472,1.637250
0.091085,0.053384,1.496040
0.034485,0.060724,1.472838
0.098287,-0.016767,1.475039
0.041364,0.245180,1.680333
0.037150,0.175932,1.666270
-0.039513,0.110843,1.662752
0.102601,0.100307,1.660996
-0.126184,-0.315614,1.638011
0.092570,-0.328433,1.751986
-0.235812,-0.703679,1.536017
0.043690,-0.635008,1.786224
-0.236540,-0.766030,1.450997
0.039670,-0.701355,1.745541
0.156336,0.696074,1.601724
0.060442,0.576336,1.655909
-0.083261,0.493027,1.648406
0.219666,0.478524,1.676016
-0.143058,0.282163,1.612980
0.257121,0.248167,1.631947
0.011936,0.067074,1.631947
0.092864,0.046797,1.466781
0.061057,0.021342,1.443587
0.127787,-0.014213,1.466988
0.038289,0.243370,1.670125
0.034872,0.175601,1.657756
-0.039737,0.112501,1.656714
0.099165,0.101078,1.652170
-0.126989,-0.313250,1.626175
0.092849,-0.327276,1.747155
-0.234664,-0.703613,1.535691
0.043166,-0.634750,1.785714
-0.234474,-0.767380,1.451711
0.041285,-0.701178,1.744991
0.175592,0.691830,1.598449
0.079780,0.572025,1.652753
-0.085261,0.491699,1.646489
0.217976,0.477080,1.670588
-0.148221,0.281910,1.610645
0.258207,0.250298,1.631884
-0.051773,0.068885,1.631884
0.184692,0.073672,1.465747
-0.045662,0.003076,1.440255
0.130253,0.007137,1.469728
0.040202,0.241075,1.663790
0.034914,0.174017,1.650762
-0.042048,0.110989,1.648395
0.097965,0.099766,1.644950
-0.128458,-0.314319,1.612948
0.091907,-0.327482,1.742716
-0.235272,-0.706719,1.536862
0.041941,-0.634896,1.785033
-0.236231,-0.771043,1.453300
0.042201,-0.701558,1.744637
0.178548,0.691128,1.596815
0.082696,0.571291,1.651166
-0.088108,0.489253,1.643427
0.218365,0.476861,1.668011
-0.153220,0.277658,1.605637
0.259872,0.251999,1.632380
-0.106535,0.090250,1.632380
0.193497,0.070977,1.489415
-0.068966,0.046682,1.459414
0.159174,0.016326,1.485812
0.041697,0.240188,1.659001
0.035628,0.173762,1.645181
-0.043401,0.109829,1.641707
0.098863,0.099462,1.639771
-0.129460,-0.314948,1.602072
0.091308,-0.328136,1.736699
-0.234074,-0.708635,1.534753
0.041412,-0.634913,1.783913
-0.234978,-0.773268,1.451412
0.042649,-0.702136,1.744458
0.162612,0.720434,1.596726
0.066728,0.600563,1.651133
-0.090116,0.489725,1.639428
0.217991,0.474408,1.663410
-0.157846,0.269116,1.601347
0.263279,0.252491,1.633660
-0.129984,0.074254,1.633660
0.221045,0.060130,1.492615
-0.112359,0.019664,1.462436
0.194349,-0.025946,1.491956
0.040833,0.241628,1.656801
0.035475,0.174017,1.641998
-0.043469,0.109393,1.637187
0.100327,0.099869,1.636853
-0.131180,-0.314273,1.591259
0.090311,-0.329189,1.730701
-0.235945,-0.708546,1.534173
0.040870,-0.635498,1.783506
-0.237006,-0.773444,1.451408
0.043686,-0.702542,1.743804
0.149841,0.688725,1.576056
0.053923,0.568809,1.630510
-0.096006,0.485311,1.632499
0.216477,0.472433,1.658256
-0.165826,0.245506,1.591626
0.268592,0.252596,1.635684
-0.159777,0.043489,1.635684
0.238040,0.052402,1.494742
-0.146840,0.004634,1.471330
0.222737,-0.036789,1.507203
0.038725,0.241368,1.649146
0.034723,0.174453,1.636500
-0.043866,0.108578,1.632639
0.101430,0.100352,1.632987
-0.132892,-0.314322,1.584850
0.089544,-0.330578,1.724546
-0.239405,-0.707928,1.529644
0.040515,-0.636386,1.782607
-0.240370,-0.773561,1.447516
0.044370,-0.703393,1.742907
0.140358,0.733492,1.584086
0.044399,0.613521,1.638564
-0.102880,0.482893,1.624799
0.208621,0.474736,1.649739
-0.171346,0.235438,1.588627
0.271642,0.248695,1.636514
-0.188694,0.026183,1.636514
0.257401,0.011806,1.514049
-0.191837,-0.037789,1.483467
0.237380,-0.053590,1.513863
0.035858,0.242773,1.645295
0.032766,0.174154,1.631367
-0.044548,0.107746,1.627239
0.100519,0.100700,1.627172
-0.135089,-0.314547,1.580285
0.088534,-0.331560,1.719285
-0.244069,-0.707119,1.524882
0.040272,-0.636480,1.780215
-0.245319,-0.771952,1.442296
0.044670,-0.704831,1.742909
0.171056,0.684064,1.558165
0.075062,0.564053,1.612674
-0.113102,0.477659,1.606268
0.198670,0.473817,1.636953
-0.209641,0.206466,1.575846
0.279979,0.235313,1.638822
-0.239614,-0.008125,1.638822
0.319156,-0.004912,1.531438
-0.256869,-0.075797,1.519808
0.319225,-0.076719,1.558832
0.031339,0.237567,1.630543
0.025623,0.170086,1.617360
-0.053494,0.104119,1.613696
0.088714,0.096998,1.612436
-0.141077,-0.319617,1.574714
0.085657,-0.333228,1.711776
-0.257357,-0.709502,1.516849
0.040036,-0.637472,1.778752
-0.256696,-0.774513,1.434712
0.044853,-0.706338,1.742441
0.123498,0.722705,1.556342
0.027467,0.602646,1.610875
-0.116649,0.476603,1.597901
0.190527,0.474298,1.629008
-0.211761,0.214554,1.575561
0.282528,0.231818,1.640653
-0.250630,0.000493,1.640653
0.332887,-0.005767,1.537389
-0.264056,-0.067858,1.525755
0.341139,-0.075259,1.579658
0.020428,0.237451,1.621354
0.017647,0.167686,1.608624
-0.056975,0.102412,1.608152
0.082877,0.096003,1.603483
-0.143870,-0.324407,1.573606
0.083070,-0.333300,1.706415
-0.261323,-0.713466,1.514642
0.040114,-0.638031,1.777789
-0.259604,-0.774959,1.432388
0.044557,-0.707204,1.741991
0.120662,0.720359,1.552157
0.024595,0.600256,1.606714
-0.123092,0.475332,1.587282
0.177834,0.472751,1.617068
-0.217473,0.219931,1.574746
0.283367,0.230854,1.641807
-0.265506,0.006996,1.641807
0.348415,-0.001436,1.543012
-0.272921,-0.062267,1.532141
0.361922,-0.071430,1.602038
0.013006,0.236650,1.613148
0.011223,0.166330,1.599873
-0.062188,0.101371,1.599019
0.077922,0.095689,1.595436
-0.146308,-0.326882,1.572984
0.081000,-0.333006,1.701813
-0.263532,-0.715516,1.512779
0.040000,-0.638232,1.776977
-0.261713,-0.775875,1.430398
0.044621,-0.707810,1.741975
0.113954,0.718591,1.543856
0.017851,0.598443,1.598438
-0.130476,0.473766,1.576988
0.172118,0.471602,1.609923
-0.228351,0.224824,1.572237
0.283611,0.231937,1.643090
-0.272476,0.010719,1.643090
0.357331,0.005916,1.543751
-0.278857,-0.058618,1.533420
0.374104,-0.066569,1.617097
0.006599,0.235390,1.605260
0.005742,0.164469,1.591532
-0.067310,0.098893,1.589340
0.073687,0.094347,1.588168
-0.151004,-0.329607,1.571102
0.078966,-0.333562,1.697751
-0.263099,-0.719541,1.512877
0.040248,-0.638606,1.776316
-0.260170,-0.779727,1.430675
0.044520,-0.708440,1.741761
0.103819,0.719488,1.534507
0.007678,0.599293,1.589114
-0.138825,0.473550,1.566180
0.165454,0.471710,1.601479
-0.240280,0.228476,1.567528
0.283115,0.234658,1.644548
-0.277455,0.012776,1.644548
0.361601,0.006473,1.542336
-0.281894,-0.056622,1.532124
0.378622,-0.065641,1.623410
-0.000058,0.235747,1.596812
0.000178,0.164329,1.582787
-0.071914,0.098246,1.580543
0.068957,0.094260,1.579347
-0.153255,-0.331417,1.569447
0.076150,-0.331393,1.690397
-0.263219,-0.721797,1.513688
0.040474,-0.640070,1.775572
-0.259336,-0.781054,1.431730
0.044662,-0.709874,1.740920
0.092015,0.717386,1.522593
-0.004164,0.597143,1.577227
-0.149443,0.475700,1.554692
0.158498,0.471050,1.592753
-0.247921,0.229354,1.562527
0.281048,0.238737,1.645264
-0.280892,0.012886,1.645264
0.363155,0.008766,1.537708
-0.284097,-0.056454,1.527413
0.380371,-0.063625,1.627807
-0.007682,0.235765,1.586016
-0.006338,0.164463,1.571869
-0.078567,0.097498,1.568415
0.064345,0.093980,1.569545
-0.155746,-0.331585,1.566370
0.072703,-0.333651,1.685145
-0.261963,-0.723017,1.515857
0.040319,-0.641337,1.774362
-0.257498,-0.783185,1.434134
0.045054,-0.711350,1.740177
0.081465,0.713853,1.511039
-0.014758,0.593555,1.565707
-0.160553,0.475312,1.543846
0.152688,0.470141,1.585546
-0.257260,0.228801,1.554194
0.275049,0.243145,1.644925
-0.283834,0.009317,1.644925
0.361973,0.011196,1.528490
-0.286671,-0.059670,1.516657
0.379364,-0.060649,1.630382
-0.017105,0.235413,1.573799
-0.015137,0.164724,1.559120
-0.088934,0.096660,1.553743
0.057896,0.093153,1.558041
-0.158400,-0.333135,1.562709
0.066758,-0.338757,1.678434
-0.262249,-0.725155,1.517707
0.039613,-0.642118,1.771717
-0.256830,-0.785072,1.436274
0.045026,-0.713413,1.740362
0.063586,0.668859,1.476603
-0.032679,0.548508,1.531317
-0.173752,0.474251,1.532589
0.144527,0.467291,1.575751
-0.264524,0.226585,1.543897
0.263973,0.246964,1.641016
-0.285613,0.008879,1.641016
0.355691,0.014305,1.514096
-0.288913,-0.059584,1.500190
0.371248,-0.056354,1.630128
-0.028562,0.231532,1.556479
-0.025859,0.164818,1.545719
-0.099487,0.095243,1.542045
0.048322,0.092346,1.546258
-0.162645,-0.336439,1.556991
0.059369,-0.345287,1.670842
-0.265967,-0.728557,1.520376
0.039113,-0.642623,1.768066
-0.260034,-0.788182,1.439973
0.043575,-0.715925,1.741520
