0.099336,0.775921,2.751919
-0.017542,0.633185,2.845855
-0.163125,0.549871,2.802846
0.127444,0.530697,2.996521
-0.289223,0.296999,2.778776
0.158870,0.284261,3.122694
-0.266127,0.050858,3.122694
0.196121,0.061109,2.761973
-0.259177,-0.018769,2.737580
0.208699,-0.011112,3.095852
-0.038432,0.312947,2.926042
-0.040145,0.247712,2.941121
-0.108506,0.179988,2.918713
0.019913,0.166766,2.992496
-0.182400,-0.295123,2.840240
0.001268,-0.289295,3.133867
-0.194720,-0.626609,2.747874
-0.049678,-0.612928,3.324113
-0.157509,-0.677073,2.671795
-0.041989,-0.693145,3.314485
0.098600,0.763900,2.709990
-0.019855,0.624494,2.809122
-0.156694,0.538026,2.760665
0.126351,0.522217,2.964447
-0.280001,0.302033,2.720748
0.145987,0.285119,3.096406
-0.254026,0.057584,3.096406
0.189033,0.062946,2.714327
-0.242501,-0.024555,2.694757
0.201629,0.008636,3.072759
-0.039217,0.307093,2.903273
-0.040926,0.242648,2.922065
-0.106952,0.175834,2.904491
0.016998,0.163902,2.976304
-0.184288,-0.292361,2.831547
0.013337,-0.282215,3.098039
-0.196077,-0.626433,2.747100
-0.045871,-0.603965,3.285787
-0.156848,-0.679071,2.671955
-0.000829,-0.658616,3.222152
0.105013,0.749919,2.679021
-0.021570,0.618866,2.789536
-0.154304,0.530245,2.733433
0.126949,0.518935,2.953176
-0.273411,0.281705,2.697907
0.143788,0.288019,3.082665
-0.240137,0.032306,3.082665
0.182097,0.065939,2.682558
-0.231456,-0.040974,2.678854
0.196319,0.022116,3.030492
-0.040253,0.297908,2.882279
-0.041926,0.232919,2.901415
-0.107197,0.165256,2.884388
0.015806,0.157134,2.955839
-0.186558,-0.283840,2.818346
0.020101,-0.285118,3.079058
-0.196752,-0.625655,2.746100
-0.055201,-0.594031,3.255226
-0.156701,-0.678587,2.674357
-0.011105,-0.669111,3.242017
0.117565,0.740797,2.647209
-0.013338,0.606943,2.737822
-0.145995,0.519357,2.698453
0.126591,0.512717,2.924260
-0.258173,0.283915,2.663595
0.137252,0.294373,3.056803
-0.233675,0.036044,3.056803
0.164910,0.071169,2.673476
-0.202036,-0.052135,2.653641
0.194139,0.032114,3.014015
-0.037032,0.292929,2.865675
-0.039662,0.228945,2.890136
-0.105191,0.162285,2.877269
0.017142,0.157216,2.947441
-0.185991,-0.280566,2.809103
0.037002,-0.274242,3.036110
-0.197034,-0.625286,2.745012
-0.042851,-0.591162,3.187255
-0.156974,-0.678645,2.674305
-0.005783,-0.664020,3.191585
0.128498,0.722201,2.616984
-0.009917,0.599671,2.724123
-0.139138,0.512604,2.676207
0.128845,0.511229,2.920430
-0.247704,0.276906,2.627594
0.133429,0.293681,3.048747
-0.215775,0.040076,3.048747
0.163292,0.075791,2.636350
-0.192208,-0.057130,2.637478
0.182588,0.014959,2.944245
-0.036684,0.289627,2.849705
-0.039944,0.226709,2.875869
-0.106157,0.159428,2.861983
0.016062,0.156916,2.939557
-0.183893,-0.279377,2.796248
0.038609,-0.273184,3.023896
-0.194960,-0.626155,2.743368
-0.034246,-0.613308,3.143091
-0.157357,-0.679328,2.674743
-0.001427,-0.681482,3.115126
0.146870,0.695616,2.592931
0.002168,0.585531,2.687985
-0.126379,0.499055,2.640315
0.132680,0.517321,2.872738
-0.236942,0.264502,2.605224
0.127987,0.295954,3.034050
-0.202362,0.038427,3.034050
0.157715,0.079456,2.615417
-0.170536,-0.056580,2.612096
0.178246,0.058294,2.928156
-0.037491,0.283238,2.832965
-0.042401,0.221147,2.861817
-0.106661,0.154629,2.850931
0.007863,0.155512,2.925883
-0.183466,-0.279815,2.784677
0.040361,-0.272724,3.005023
-0.193943,-0.625709,2.742750
-0.025475,-0.611640,3.064028
-0.157983,-0.679967,2.676223
0.028087,-0.676379,3.040751
0.157434,0.678749,2.576771
0.021840,0.554327,2.667056
-0.116829,0.487007,2.622727
0.129092,0.466060,2.854667
-0.216109,0.254200,2.573447
0.125967,0.292029,3.024343
-0.184103,0.030311,3.024343
0.142720,0.079297,2.588976
-0.155504,-0.065588,2.596021
0.175729,0.028870,2.892162
-0.038035,0.270942,2.817835
-0.046247,0.211393,2.848270
-0.110999,0.145556,2.835485
-0.002618,0.147474,2.917569
-0.183174,-0.282014,2.776763
0.044391,-0.266486,2.982191
-0.193415,-0.626645,2.740196
-0.014962,-0.613473,3.005486
-0.158556,-0.680506,2.677077
0.043781,-0.681041,3.025819
0.173863,0.656808,2.563433
0.029490,0.538947,2.649888
-0.105363,0.470851,2.606369
0.132044,0.466870,2.852758
-0.186902,0.222440,2.545437
0.121467,0.267072,2.978851
-0.148023,-0.020970,2.978851
0.103846,0.047774,2.569052
-0.125281,-0.118173,2.579894
0.097972,-0.025325,2.894577
-0.041161,0.264496,2.811302
-0.051428,0.206399,2.843414
-0.115710,0.143288,2.832896
-0.014609,0.142893,2.914347
-0.180106,-0.283793,2.761573
0.044574,-0.269749,2.976256
-0.192062,-0.627696,2.740220
0.014575,-0.624718,2.978479
-0.158855,-0.681023,2.677147
0.089148,-0.677566,2.932955
0.197873,0.612961,2.539745
0.048446,0.509913,2.632317
-0.096682,0.456726,2.591512
0.137964,0.447403,2.838743
-0.159556,0.168027,2.531208
0.111369,0.233059,2.953114
-0.130651,-0.053338,2.953114
0.112981,0.012730,2.556127
-0.100390,-0.148990,2.561185
0.113518,-0.060713,2.870126
-0.051071,0.247785,2.799537
-0.068574,0.190874,2.832497
-0.134029,0.135591,2.825190
-0.045263,0.129176,2.901520
-0.177177,-0.288744,2.762202
0.046976,-0.275066,2.968496
-0.189621,-0.628741,2.739692
0.022123,-0.631143,2.943872
-0.161477,-0.681276,2.679563
0.101147,-0.681289,2.915218
0.205373,0.598017,2.533365
0.067425,0.484653,2.610564
-0.079433,0.429190,2.573408
0.135364,0.384892,2.824866
-0.147308,0.160941,2.520586
0.110075,0.217259,2.950077
-0.085052,-0.132505,2.950077
0.134374,0.029472,2.537600
-0.066270,-0.203963,2.541872
0.145411,0.049840,2.742586
-0.057746,0.226365,2.778386
-0.080270,0.172208,2.813046
-0.159117,0.104174,2.787379
-0.061000,0.113483,2.900452
-0.171104,-0.316977,2.759330
0.053400,-0.285672,2.960223
-0.187642,-0.631441,2.736832
0.033163,-0.636917,2.920007
-0.161330,-0.682402,2.679636
0.123103,-0.681835,2.877725
0.225411,0.563014,2.525787
0.081892,0.461520,2.592815
-0.068463,0.412611,2.566279
0.132093,0.348505,2.814860
-0.120325,0.144728,2.498159
0.105948,0.203412,2.960529
-0.070283,-0.146993,2.960529
0.095397,0.032277,2.530885
-0.053090,-0.218729,2.533085
0.106403,0.052588,2.729750
-0.069547,0.182146,2.768109
-0.099363,0.123760,2.805042
-0.165369,0.091350,2.790083
-0.083077,0.068099,2.878303
-0.160677,-0.327869,2.739128
0.071778,-0.313185,2.953648
-0.186817,-0.630183,2.735363
0.040311,-0.637742,2.903199
-0.160769,-0.682081,2.679469
0.130055,-0.686710,2.872231
0.253514,0.520405,2.517803
0.095527,0.440928,2.584761
-0.053760,0.381367,2.561356
0.142040,0.329598,2.809267
-0.095348,0.082559,2.484105
0.092322,0.154136,2.922466
-0.042444,-0.182228,2.922466
0.057569,-0.030048,2.514005
-0.018369,-0.253563,2.523901
0.068547,-0.009787,2.712744
-0.061518,0.180686,2.762886
-0.090519,0.124716,2.799425
-0.160561,0.089110,2.786653
-0.078095,0.066980,2.875777
-0.160178,-0.333489,2.750825
0.089976,-0.313296,2.924560
-0.184900,-0.633898,2.733533
0.039830,-0.641923,2.893332
-0.160331,-0.684851,2.676213
0.123451,-0.690384,2.871859
0.267263,0.483368,2.513788
0.114510,0.389056,2.571722
-0.039469,0.340558,2.546977
0.160761,0.276160,2.796526
-0.084300,0.070254,2.478862
0.091712,0.128742,2.927500
-0.031871,-0.191609,2.927500
0.045219,-0.059012,2.507262
0.000624,-0.285289,2.515770
0.056189,-0.038767,2.727486
-0.032575,0.156144,2.730193
-0.060476,0.107510,2.763363
-0.133009,0.056905,2.744979
-0.066002,0.046297,2.861890
-0.177711,-0.358057,2.687790
0.105392,-0.329999,2.920511
-0.184701,-0.650666,2.733748
0.036674,-0.642427,2.887825
-0.154251,-0.690183,2.670632
0.110479,-0.691526,2.870640
0.284655,0.445700,2.516956
0.126126,0.362508,2.574861
-0.019202,0.314219,2.539626
0.172377,0.249612,2.799665
-0.062508,0.054049,2.468756
0.112620,0.089079,2.921092
0.001684,-0.241832,2.921092
0.087930,-0.136818,2.497350
0.037984,-0.331917,2.502232
0.079700,-0.212116,2.900980
-0.025685,0.115145,2.719561
-0.054560,0.062617,2.749154
-0.130856,0.046884,2.738782
-0.040474,-0.009433,2.817508
-0.166135,-0.367795,2.676626
0.094171,-0.380358,2.945366
-0.183241,-0.657569,2.730871
0.039169,-0.643288,2.884688
-0.152438,-0.692658,2.665631
0.081259,-0.700385,2.847209
0.302695,0.398353,2.510345
0.144940,0.313779,2.562927
-0.024519,0.280017,2.545425
0.191191,0.200883,2.787731
-0.027875,-0.022052,2.472750
0.124705,0.047295,2.913680
0.042209,-0.308428,2.913680
0.112442,-0.175886,2.493418
0.091561,-0.394131,2.501147
0.108354,-0.250280,2.856441
-0.003959,0.066142,2.730366
-0.032351,0.014596,2.765179
-0.104120,-0.021355,2.770604
-0.019679,-0.035351,2.817711
-0.158348,-0.372344,2.665264
0.040373,-0.373198,2.915531
-0.176930,-0.640709,2.720059
0.036400,-0.644631,2.881255
-0.151635,-0.694876,2.664286
0.082540,-0.700881,2.848014
0.306133,0.391716,2.519094
0.137468,0.325654,2.586368
-0.016610,0.252550,2.547424
0.183719,0.212758,2.811172
-0.016055,0.016536,2.457629
0.118873,0.056009,2.934251
0.054988,-0.278386,2.934251
0.115166,-0.169410,2.479759
0.107217,-0.425895,2.497267
0.113930,-0.244550,2.853920
-0.001879,0.065412,2.739629
-0.028607,0.012474,2.773563
-0.097145,-0.024153,2.773902
-0.011179,-0.037307,2.828440
-0.145317,-0.391876,2.655856
-0.009872,-0.419245,2.921000
-0.171589,-0.643960,2.716285
0.035815,-0.648069,2.879900
-0.150833,-0.698468,2.661497
0.080627,-0.720347,2.839514
0.342079,0.316696,2.520015
0.181408,0.236916,2.570584
0.004770,0.207884,2.538802
0.227659,0.124021,2.795387
0.026610,-0.026045,2.483259
0.163083,-0.031971,2.918963
0.093593,-0.321675,2.918963
0.152944,-0.255085,2.488912
0.122633,-0.416310,2.490261
0.149564,-0.329457,2.840048
0.015715,-0.007673,2.742900
-0.016094,-0.058694,2.778739
-0.091993,-0.082514,2.793520
0.005973,-0.115446,2.817104
-0.138276,-0.385663,2.643572
0.003165,-0.434604,2.909088
-0.150069,-0.646865,2.728907
0.036074,-0.650237,2.869942
-0.147336,-0.699164,2.668335
0.097276,-0.696136,2.846296
0.350032,0.294412,2.522029
0.187421,0.218182,2.573741
-0.013533,0.160374,2.549974
0.233672,0.105287,2.798545
0.035365,-0.055589,2.482403
0.345032,0.151520,2.507639
0.108054,-0.351338,2.507639
0.331891,-0.078844,2.482846
0.136358,-0.446010,2.478418
0.327511,-0.155632,2.437987
0.024888,-0.012214,2.746774
-0.005701,-0.061499,2.783099
-0.087662,-0.085382,2.795845
0.022395,-0.123329,2.833171
-0.138605,-0.446334,2.579598
0.036654,-0.481228,2.882730
-0.144126,-0.646469,2.730640
0.038772,-0.650421,2.867482
-0.145091,-0.697407,2.669156
0.099253,-0.695319,2.840986
0.376749,0.253908,2.534826
0.201058,0.200133,2.585616
0.012948,0.135125,2.538336
0.247310,0.087237,2.810419
0.061846,-0.081607,2.475805
0.362389,0.134106,2.506399
0.129613,-0.378363,2.506399
0.349369,-0.096208,2.475459
0.157246,-0.473100,2.472531
0.345029,-0.172980,2.436356
0.002824,-0.040826,2.753395
-0.040372,-0.095038,2.788864
-0.113415,-0.107879,2.800126
-0.029414,-0.155931,2.826630
-0.124855,-0.385920,2.616380
0.042479,-0.492371,2.879960
-0.141399,-0.648462,2.732212
0.041917,-0.650361,2.863382
-0.145881,-0.697937,2.668869
0.101667,-0.698052,2.840159
0.396097,0.210613,2.533745
0.229894,0.139498,2.574848
0.018825,0.120349,2.544753
0.276145,0.026602,2.799652
0.076138,-0.093587,2.478805
0.373143,0.127770,2.503456
0.139084,-0.391350,2.503456
0.360086,-0.102506,2.476115
0.169300,-0.485245,2.475316
0.355734,-0.179265,2.433491
0.008979,-0.061115,2.757039
-0.035578,-0.105750,2.793004
-0.118042,-0.118410,2.822890
-0.021468,-0.173483,2.824084
-0.119324,-0.454287,2.563077
0.045607,-0.498201,2.877953
-0.141248,-0.649062,2.732148
0.041791,-0.650110,2.862621
-0.146287,-0.698207,2.666700
0.101621,-0.697886,2.839591
0.399767,0.199863,2.540692
0.229278,0.139112,2.578969
0.021126,0.107117,2.555959
0.275529,0.026216,2.803773
0.081227,-0.184164,2.465556
0.415307,0.098834,2.517522
0.167409,-0.475992,2.517522
0.274191,-0.167372,2.458256
0.201345,-0.568131,2.466960
0.227152,-0.256108,2.561642
0.009441,-0.068824,2.756218
-0.034152,-0.114829,2.791533
-0.118500,-0.122196,2.822726
-0.020450,-0.186870,2.816713
-0.088189,-0.433361,2.534571
0.070121,-0.553152,2.867702
-0.140937,-0.651183,2.732614
0.041069,-0.650946,2.861878
-0.145651,-0.698029,2.667375
0.099743,-0.699339,2.837056
0.428540,0.148585,2.558097
0.266188,0.091175,2.595578
0.011944,0.084918,2.573214
0.312439,-0.021721,2.820382
0.086513,-0.198358,2.465588
0.397138,0.018637,2.545288
0.173745,-0.489669,2.545288
0.254488,-0.245425,2.457405
0.207094,-0.581763,2.467894
0.206938,-0.333446,2.597693
0.053060,-0.112778,2.744690
0.011282,-0.155787,2.775742
-0.099410,-0.168732,2.828146
0.022373,-0.239339,2.788592
-0.088488,-0.452250,2.510899
0.072376,-0.550526,2.868878
-0.161464,-0.642732,2.701060
0.042974,-0.649149,2.859565
-0.144609,-0.709786,2.660732
0.099890,-0.701081,2.837879
0.438043,0.125680,2.558051
0.276138,0.066165,2.594189
0.012483,0.075539,2.581399
0.322389,-0.046731,2.818993
0.098148,-0.205283,2.477362
0.396753,0.017929,2.544635
0.184695,-0.496291,2.544635
0.279322,-0.167139,2.452344
0.213171,-0.561798,2.465803
0.240179,-0.228829,2.736145
0.068906,-0.120402,2.736957
0.029328,-0.160953,2.766179
-0.093519,-0.171050,2.829092
0.040663,-0.253474,2.770348
-0.104743,-0.488768,2.639898
0.173364,-0.577340,2.839734
-0.164805,-0.656971,2.709367
0.042390,-0.648408,2.860142
-0.144110,-0.709847,2.652943
0.098397,-0.700721,2.837022
0.450902,0.104358,2.563956
0.284284,0.058592,2.599108
0.012437,0.051056,2.586548
0.330535,-0.054303,2.823912
0.104830,-0.225353,2.475809
0.449001,0.026728,2.536205
0.191205,-0.516130,2.536205
0.333875,-0.154107,2.450847
0.220125,-0.581986,2.460596
0.295500,-0.214385,2.732787
0.074944,-0.129520,2.734359
0.034441,-0.169775,2.762440
-0.089982,-0.183080,2.824948
0.044720,-0.262639,2.766025
-0.095309,-0.489784,2.639316
0.176034,-0.588408,2.836674
-0.165177,-0.656815,2.708152
0.057169,-0.640377,2.851858
-0.144022,-0.710861,2.653002
0.094794,-0.709877,2.839048
0.460039,0.087138,2.567044
0.295446,0.042206,2.606766
0.012479,0.040923,2.589052
0.341697,-0.070690,2.831570
0.110716,-0.233860,2.480124
0.439060,0.009836,2.535122
0.194721,-0.524934,2.535122
0.323934,-0.170998,2.450082
0.232800,-0.614901,2.460054
0.285559,-0.231277,2.731710
0.079325,-0.132603,2.734107
0.037697,-0.171401,2.761591
-0.089872,-0.183454,2.824749
0.047253,-0.263925,2.765211
-0.081141,-0.487799,2.635707
0.179698,-0.581692,2.835400
-0.163461,-0.655022,2.706782
0.068013,-0.642033,2.848955
-0.141670,-0.710791,2.653541
0.092314,-0.717325,2.836299
0.465676,0.074004,2.576434
0.301372,0.030261,2.617069
0.086588,-0.042321,2.539994
0.347623,-0.082635,2.841872
0.142050,-0.319735,2.459035
0.457641,-0.010089,2.544150
0.202860,-0.552553,2.544150
0.342516,-0.190924,2.447423
0.240691,-0.642496,2.458453
0.304140,-0.251202,2.740746
0.083522,-0.146840,2.740314
0.041358,-0.184549,2.766779
-0.069389,-0.202232,2.823757
0.046653,-0.265706,2.767120
-0.076577,-0.487061,2.634199
0.186022,-0.589005,2.838425
-0.164239,-0.654409,2.704385
0.069468,-0.641130,2.847778
-0.143462,-0.711919,2.652524
0.091388,-0.717496,2.836984
0.469114,0.058763,2.580469
0.304076,0.021335,2.622437
0.084807,-0.044227,2.540301
0.350328,-0.091560,2.847240
0.144180,-0.324471,2.459053
0.457377,-0.012000,2.548477
0.203784,-0.552119,2.548477
0.343424,-0.191963,2.444577
0.240602,-0.642279,2.457115
0.305440,-0.251951,2.741086
0.097992,-0.210657,2.730814
0.057712,-0.257079,2.752786
-0.048132,-0.273288,2.801861
0.063939,-0.347922,2.748034
-0.074381,-0.486790,2.633173
0.225710,-0.788001,2.832508
-0.167455,-0.656310,2.704362
0.014766,-0.582638,2.859178
-0.141135,-0.711097,2.651987
0.078193,-0.669063,2.842111
0.473755,0.054895,2.581093
0.311742,0.008324,2.624070
0.084280,-0.045350,2.541511
0.357993,-0.104572,2.848874
0.146411,-0.328373,2.458654
0.448776,-0.020298,2.545433
0.206113,-0.562790,2.545433
0.334216,-0.200608,2.440996
0.244230,-0.651930,2.456408
0.296030,-0.260711,2.739727
0.099971,-0.211433,2.730635
0.059384,-0.257475,2.752676
-0.047363,-0.273285,2.801769
0.065907,-0.348150,2.748271
-0.070626,-0.515047,2.649887
0.225481,-0.787864,2.832328
-0.167462,-0.656207,2.704391
0.016290,-0.580743,2.859096
-0.141082,-0.710890,2.651884
0.079217,-0.667661,2.842387
0.478400,0.047219,2.583937
0.314897,0.002879,2.624803
0.082367,-0.046780,2.543321
0.361148,-0.110017,2.849607
0.149086,-0.332896,2.457754
0.459262,-0.020411,2.550123
0.208072,-0.566904,2.550123
0.344524,-0.200892,2.438145
0.246052,-0.655870,2.454630
0.306278,-0.261052,2.745285
0.101527,-0.212398,2.730399
0.060607,-0.257983,2.752471
-0.047121,-0.273405,2.801492
0.067577,-0.348467,2.748581
-0.076776,-0.580847,2.697796
0.225166,-0.787255,2.832144
-0.167114,-0.655090,2.701669
0.017313,-0.578754,2.858739
-0.136907,-0.713137,2.655121
0.074941,-0.664268,2.841385
0.482046,0.041679,2.585345
0.320151,-0.005085,2.627719
0.081341,-0.049456,2.544405
0.366402,-0.117981,2.852523
0.150720,-0.335322,2.456856
0.460997,-0.021642,2.554336
0.208898,-0.562910,2.554336
0.347394,-0.200925,2.435845
0.245191,-0.652535,2.452346
0.309527,-0.260686,2.745094
0.104462,-0.216127,2.730808
0.062962,-0.260881,2.752673
-0.046642,-0.274732,2.801295
0.070256,-0.352178,2.749313
-0.065706,-0.552862,2.675640
0.224886,-0.786731,2.831570
-0.169341,-0.657533,2.701740
0.017315,-0.577853,2.857720
-0.134276,-0.712411,2.654705
0.074178,-0.664645,2.840711
0.482301,0.040334,2.585856
0.320603,-0.006939,2.627958
0.080631,-0.051749,2.544964
0.366854,-0.119835,2.852762
0.151241,-0.335819,2.456240
0.461432,-0.022724,2.555161
0.209402,-0.562434,2.555161
0.421407,-0.242186,2.433136
0.244435,-0.652910,2.447258
0.408065,-0.315340,2.575922
0.107404,-0.223013,2.731418
0.066490,-0.268795,2.753424
-0.043591,-0.283654,2.803051
0.073848,-0.363606,2.749956
-0.061119,-0.558529,2.675950
0.224848,-0.787014,2.831537
-0.169535,-0.657816,2.701266
0.016776,-0.578929,2.858520
-0.133734,-0.712650,2.654727
0.073574,-0.666545,2.840643
0.486510,0.031885,2.588528
0.322546,-0.010389,2.628440
0.080557,-0.052399,2.545465
0.368797,-0.123285,2.853244
0.152801,-0.339293,2.453809
0.461785,-0.023430,2.556501
0.215043,-0.571069,2.556501
0.410349,-0.241142,2.430759
0.246972,-0.660303,2.445327
0.393204,-0.313713,2.564335
0.107919,-0.226917,2.731940
0.066612,-0.272607,2.753965
-0.043840,-0.285569,2.802481
0.074212,-0.367227,2.751445
-0.061462,-0.556733,2.674669
0.224858,-0.790324,2.831211
-0.164736,-0.655652,2.699307
0.020140,-0.578730,2.856626
-0.132072,-0.715156,2.656377
0.071445,-0.664136,2.839523
0.489390,0.027697,2.588256
0.325477,-0.013167,2.628599
0.080405,-0.053632,2.546046
0.371728,-0.126062,2.853403
0.153451,-0.339795,2.452531
0.465513,-0.023998,2.558207
0.215504,-0.573935,2.558207
0.405663,-0.239510,2.430915
0.246891,-0.659705,2.442337
0.385713,-0.311348,2.560544
0.109435,-0.228392,2.731615
0.067800,-0.273785,2.753602
-0.043574,-0.286686,2.802270
0.074999,-0.368373,2.751051
-0.058496,-0.560377,2.672563
0.223876,-0.787296,2.830488
-0.163650,-0.655826,2.697933
0.026813,-0.567512,2.850265
-0.122584,-0.714880,2.662280
0.065434,-0.647029,2.836471
0.494089,0.030654,2.585545
0.330613,-0.015368,2.623537
0.075053,-0.009143,2.560038
0.376865,-0.128263,2.848341
0.143111,-0.295208,2.462823
0.467192,-0.022609,2.553805
0.215751,-0.575620,2.553805
0.404415,-0.236268,2.430842
0.246849,-0.659534,2.441203
0.383489,-0.307487,2.568574
0.111111,-0.229682,2.730042
0.068755,-0.274772,2.752310
-0.043626,-0.287182,2.800125
0.075780,-0.369761,2.750992
-0.058008,-0.562654,2.671787
0.222606,-0.789718,2.830208
-0.164065,-0.657347,2.697689
0.027761,-0.568591,2.851936
-0.126559,-0.719249,2.663050
0.067119,-0.650945,2.837223
0.493231,0.028463,2.585733
0.329582,-0.015513,2.624127
0.078101,-0.055019,2.547294
0.375833,-0.128409,2.848931
0.153078,-0.339245,2.451338
0.466700,-0.022710,2.555042
0.215092,-0.575326,2.555042
0.402836,-0.236072,2.430005
0.246963,-0.660000,2.440030
0.381548,-0.307193,2.564899
0.110976,-0.229609,2.729717
0.068864,-0.274740,2.752006
-0.043181,-0.287404,2.799039
0.076254,-0.368877,2.750473
-0.057559,-0.563419,2.671089
0.222193,-0.788306,2.829234
-0.163888,-0.657541,2.697441
0.026957,-0.568210,2.853147
-0.125426,-0.718947,2.663054
0.068191,-0.652775,2.837347
0.492569,0.033365,2.584439
0.330588,-0.015564,2.622940
0.078227,-0.054159,2.547072
0.376839,-0.128460,2.847744
0.152380,-0.338171,2.450973
0.466657,-0.036736,2.551051
0.214364,-0.573361,2.551051
0.392226,-0.244845,2.430199
0.246580,-0.660025,2.439606
0.367415,-0.314215,2.578535
0.106682,-0.236461,2.730434
0.061769,-0.284789,2.753831
-0.048027,-0.296237,2.791008
0.070331,-0.375501,2.761589
-0.057302,-0.563771,2.670886
0.196893,-0.814200,2.830842
-0.195695,-0.705808,2.710758
0.039397,-0.565334,2.851095
-0.129535,-0.685668,2.670204
0.066958,-0.654258,2.837101
0.491380,0.037766,2.583597
0.329762,-0.012763,2.621439
0.078471,-0.053542,2.546160
0.376013,-0.125659,2.846242
0.149533,-0.337920,2.449965
0.462323,-0.032429,2.547376
0.211810,-0.576145,2.547376
0.390886,-0.241870,2.431569
0.244678,-0.661475,2.440899
0.367073,-0.311684,2.569127
0.105564,-0.236571,2.730685
0.060791,-0.284938,2.754222
-0.048237,-0.296215,2.791223
0.069518,-0.375495,2.761917
-0.058753,-0.559508,2.671375
0.197303,-0.814406,2.831107
-0.159653,-0.657848,2.703864
0.039172,-0.565982,2.850626
-0.136626,-0.720381,2.659352
0.066359,-0.654208,2.836939
0.487721,0.041635,2.582214
0.325446,-0.006204,2.620016
0.077768,-0.051311,2.544427
0.371698,-0.119100,2.844820
0.142625,-0.336793,2.448104
0.456371,-0.035932,2.543263
0.197344,-0.568046,2.543263
0.337675,-0.223811,2.431205
0.238558,-0.655535,2.443739
0.298110,-0.286437,2.513387
0.102914,-0.235411,2.731331
0.058701,-0.284064,2.755024
-0.049266,-0.295291,2.792682
0.067531,-0.374873,2.762099
-0.067525,-0.549800,2.674753
0.199485,-0.815154,2.831487
-0.159794,-0.655130,2.702147
0.039307,-0.567964,2.849835
-0.137120,-0.720747,2.662153
0.066078,-0.654575,2.836698
0.483942,0.048116,2.577124
0.322809,-0.001682,2.615723
0.111961,-0.038525,2.542755
0.369061,-0.114577,2.840527
0.134558,-0.329992,2.445998
0.459250,-0.023814,2.542518
0.194382,-0.566580,2.542518
0.335687,-0.202078,2.431627
0.235132,-0.654147,2.444592
0.294499,-0.261499,2.464090
0.098411,-0.232897,2.729384
0.054248,-0.281694,2.753531
-0.048825,-0.292343,2.792610
0.057652,-0.368551,2.756158
-0.062863,-0.531484,2.664464
0.199034,-0.815209,2.831270
-0.160578,-0.651011,2.698419
0.036361,-0.569992,2.850860
-0.137183,-0.718932,2.662964
0.064550,-0.657737,2.837200
0.475713,0.066057,2.574562
0.315715,0.015785,2.614913
0.110222,-0.028722,2.541189
0.361967,-0.097111,2.839717
0.121812,-0.320158,2.443403
0.452293,-0.011613,2.540524
0.182973,-0.561361,2.540524
0.336960,-0.195417,2.436672
0.227111,-0.644983,2.460084
0.298516,-0.256684,2.464494
0.119594,-0.174944,2.711009
0.082679,-0.217454,2.731828
-0.012918,-0.229411,2.757716
0.101303,-0.287733,2.741058
-0.062309,-0.530594,2.665357
0.372568,-0.596617,2.725385
-0.161026,-0.654769,2.698404
0.079325,-0.635238,2.838911
-0.139302,-0.721150,2.659263
0.034708,-0.701557,2.834269
0.469400,0.080742,2.570646
0.308027,0.030307,2.607756
0.105845,0.011224,2.544808
0.354279,-0.082589,2.832560
0.108740,-0.280417,2.448715
0.434359,-0.007031,2.531419
0.175870,-0.557892,2.531419
0.309933,-0.190247,2.442755
0.222431,-0.640705,2.464150
0.268458,-0.251319,2.503139
0.117053,-0.168863,2.732377
0.080039,-0.210663,2.765504
-0.012271,-0.217576,2.794184
0.100410,-0.281658,2.794930
-0.042125,-0.492576,2.673872
0.340794,-0.612519,2.820782
-0.156464,-0.646833,2.694493
0.051151,-0.651257,2.849058
-0.148298,-0.718291,2.659427
0.038232,-0.728461,2.832469
0.465973,0.094114,2.565949
0.305676,0.042676,2.604367
0.104962,0.014633,2.542249
0.351927,-0.070219,2.829171
0.095056,-0.275873,2.443651
0.429256,-0.003003,2.528809
0.166451,-0.551321,2.528809
0.305853,-0.186652,2.450464
0.212784,-0.633522,2.474501
0.264718,-0.247868,2.501744
0.117136,-0.168791,2.733357
0.080290,-0.211151,2.765805
-0.011050,-0.220454,2.796250
0.101069,-0.282772,2.792079
-0.086172,-0.466594,2.628161
0.338690,-0.615395,2.816558
-0.156080,-0.645640,2.694605
0.051212,-0.658997,2.850849
-0.140718,-0.717667,2.663398
0.115973,-0.701930,2.831862
0.450152,0.117336,2.562659
0.286901,0.064460,2.600026
0.106866,0.036291,2.543772
0.333152,-0.048436,2.824830
0.083156,-0.252622,2.443191
0.428401,-0.002596,2.529334
0.150036,-0.532025,2.529334
0.347408,0.201408,2.458704
0.197925,-0.608306,2.495542
0.358134,0.221203,2.419700
0.106072,-0.159796,2.736096
0.071561,-0.205518,2.766720
-0.015258,-0.214081,2.790621
0.091132,-0.275167,2.794132
-0.091780,-0.464317,2.627665
0.328041,-0.608473,2.814671
-0.156208,-0.645518,2.694669
0.042377,-0.657711,2.851850
-0.141614,-0.717830,2.663761
0.110142,-0.696985,2.835636
0.445013,0.137294,2.560574
0.283558,0.075413,2.600442
0.109432,0.040939,2.541947
0.329809,-0.037482,2.825245
0.068889,-0.245702,2.441276
0.413894,0.038928,2.529349
0.142726,-0.526820,2.529349
0.329242,0.242552,2.462486
0.188429,-0.596080,2.495238
0.339957,0.262326,2.432782
0.103304,-0.142680,2.735319
0.068933,-0.188352,2.764560
-0.013880,-0.196653,2.796300
0.086359,-0.251097,2.774861
-0.102042,-0.480299,2.644055
0.316746,-0.586913,2.809880
-0.159825,-0.651668,2.700352
0.041953,-0.670604,2.856739
-0.140361,-0.716441,2.657715
0.114951,-0.691147,2.831410
0.436124,0.157237,2.555884
0.273214,0.093029,2.595011
0.110570,0.053813,2.536051
0.319465,-0.019866,2.819814
0.055395,-0.231990,2.443016
0.413242,0.039998,2.529802
0.123214,-0.507248,2.529802
0.333701,0.243775,2.465100
0.166213,-0.573930,2.497983
0.344401,0.263523,2.418278
0.086727,-0.147857,2.718296
0.048231,-0.199966,2.741354
-0.028748,-0.222312,2.757978
0.065891,-0.257093,2.753685
-0.112843,-0.498120,2.656280
0.309084,-0.578825,2.812856
-0.161471,-0.652429,2.701061
0.037665,-0.672880,2.858095
-0.139306,-0.713169,2.654043
0.111330,-0.681294,2.828197
0.430893,0.187226,2.550046
0.269931,0.119636,2.590153
0.112008,0.063557,2.530043
0.316182,0.006741,2.814956
0.043787,-0.220210,2.442142
0.407275,0.057130,2.527696
0.097286,-0.475331,2.527696
0.331524,0.260145,2.465621
0.140664,-0.540176,2.492484
0.342208,0.279863,2.405362
0.081348,-0.146113,2.715816
0.043907,-0.199694,2.740164
-0.030035,-0.222011,2.757144
0.061053,-0.255153,2.753132
-0.113065,-0.495735,2.656288
0.301806,-0.577963,2.813474
-0.162125,-0.653167,2.701488
0.037313,-0.686522,2.862147
-0.138513,-0.712846,2.653883
0.108235,-0.675940,2.826882
0.412046,0.226387,2.553604
0.237115,0.176088,2.604590
0.066964,0.107606,2.547271
0.283366,0.063193,2.829394
0.024327,-0.177192,2.444606
0.386419,0.113449,2.528611
0.081028,-0.454523,2.528611
0.330911,0.310526,2.464906
0.122413,-0.514208,2.493337
0.341576,0.330208,2.366231
0.063013,-0.122978,2.714355
0.031208,-0.184940,2.738310
-0.040369,-0.212352,2.746370
0.049998,-0.238869,2.759941
-0.115666,-0.491269,2.655379
0.125414,-0.479413,2.874041
-0.161612,-0.652346,2.701713
0.039748,-0.660934,2.852988
-0.138116,-0.712731,2.654989
0.109475,-0.689651,2.826623
0.408619,0.234700,2.549067
0.237362,0.176513,2.600208
0.067570,0.119986,2.544617
0.283613,0.063618,2.825011
0.018238,-0.164121,2.444881
0.387150,0.114608,2.524951
0.063981,-0.432939,2.524951
0.328834,0.312684,2.462651
0.098597,-0.489318,2.489346
0.339473,0.332318,2.368036
0.054028,-0.108962,2.706477
0.017298,-0.164829,2.728734
-0.058410,-0.196044,2.727298
0.034428,-0.218241,2.759982
-0.118241,-0.487542,2.656015
0.124774,-0.476439,2.873238
-0.161438,-0.652014,2.701864
0.035834,-0.657218,2.855510
-0.137944,-0.712678,2.655573
0.104761,-0.689302,2.831125
0.397097,0.269014,2.545471
0.231612,0.193398,2.597690
0.072099,0.144570,2.535273
0.277863,0.080502,2.822494
-0.007944,-0.130554,2.441329
0.379635,0.136859,2.523109
0.014789,-0.349187,2.523109
0.316439,0.336485,2.447372
0.049641,-0.436137,2.470284
0.327068,0.356102,2.375293
0.041373,-0.094695,2.703006
0.005617,-0.154099,2.725678
-0.064481,-0.186534,2.725795
0.019606,-0.201956,2.751924
-0.121271,-0.481026,2.658808
0.139061,-0.422026,2.863286
-0.162616,-0.651874,2.701160
0.034132,-0.654702,2.857721
-0.137568,-0.713878,2.657543
0.100065,-0.695117,2.837876
0.390310,0.300362,2.543323
0.229614,0.214535,2.595739
0.066736,0.167160,2.532663
0.275865,0.101639,2.820543
-0.019913,-0.099496,2.439310
0.378173,0.156309,2.521294
-0.007722,-0.327771,2.521294
0.313252,0.356263,2.457922
0.031163,-0.414627,2.473015
0.323873,0.375863,2.376863
0.032435,-0.070621,2.701712
-0.005351,-0.129149,2.724406
-0.077080,-0.162232,2.721931
0.009692,-0.180493,2.754412
-0.116563,-0.498473,2.678968
0.134889,-0.422146,2.863331
-0.158695,-0.647540,2.703171
0.034370,-0.653846,2.857898
-0.142344,-0.707908,2.653549
0.099994,-0.693147,2.835034
0.380574,0.329896,2.538218
0.219975,0.246800,2.586480
0.062138,0.198842,2.529718
0.266226,0.133904,2.811284
-0.037937,-0.048615,2.440110
0.368412,0.189255,2.512470
-0.015746,-0.304231,2.512470
0.303113,0.389120,2.454988
0.000770,-0.380380,2.471570
0.313716,0.408689,2.369073
0.027346,-0.043558,2.703019
-0.009543,-0.103163,2.727526
-0.075336,-0.113860,2.743511
0.004799,-0.159746,2.746608
-0.124244,-0.480080,2.673621
0.117565,-0.399941,2.862836
-0.159523,-0.647915,2.703107
0.033916,-0.653533,2.860234
-0.140826,-0.708400,2.654914
0.099678,-0.690719,2.835271
0.356297,0.379369,2.536485
0.218628,0.271793,2.584078
0.059629,0.222627,2.528538
0.241527,0.142966,2.711400
-0.046231,-0.033566,2.440090
0.409507,0.020596,2.616802
-0.028075,-0.304142,2.616802
0.251451,0.220817,2.457971
-0.013305,-0.370982,2.476555
0.262029,0.240337,2.554533
0.024239,-0.038163,2.706255
-0.013207,-0.099542,2.731107
-0.078381,-0.112345,2.752767
0.001600,-0.157397,2.744569
-0.122909,-0.460718,2.665566
0.106227,-0.372835,2.861811
-0.160885,-0.647837,2.702945
0.035092,-0.651927,2.860419
-0.140308,-0.709934,2.658092
0.098598,-0.691226,2.833697
0.350882,0.397217,2.533910
0.176434,0.273549,2.598616
0.044898,0.254940,2.524883
0.248177,0.179653,2.716399
-0.066813,-0.004259,2.443652
0.105700,0.003166,2.845894
-0.066320,-0.231422,2.845894
0.035820,0.203411,2.454716
-0.047913,-0.315744,2.466609
0.046383,0.222906,2.712126
0.003474,0.013748,2.708026
-0.029237,-0.039965,2.730767
-0.092171,-0.061623,2.757158
-0.018467,-0.098808,2.734735
-0.122671,-0.462751,2.675064
0.127222,-0.431840,2.901047
-0.161661,-0.647494,2.703345
0.035905,-0.650468,2.860720
-0.140224,-0.708293,2.657202
0.087926,-0.707380,2.842280
0.335792,0.428719,2.534169
0.168138,0.277481,2.602499
0.042141,0.279926,2.527195
0.241368,0.186101,2.720280
-0.084621,0.051304,2.445431
0.110745,0.023987,2.859617
-0.074782,-0.224801,2.859617
0.068060,0.238228,2.457410
-0.057508,-0.298258,2.470637
0.078605,0.257688,2.767400
-0.000686,0.020465,2.710854
-0.033206,-0.032181,2.733776
-0.096121,-0.054036,2.753475
-0.023073,-0.085192,2.748767
-0.146213,-0.380683,2.667289
0.121650,-0.427509,2.895590
-0.162031,-0.647448,2.703438
0.035659,-0.650949,2.862125
-0.141733,-0.707910,2.656705
0.097751,-0.693314,2.837604
0.292423,0.444324,2.551996
0.139863,0.274980,2.615790
0.028674,0.325454,2.525673
0.228289,0.238802,2.718412
-0.098907,0.076010,2.448909
0.113647,0.043298,2.869188
-0.102605,-0.193140,2.869188
0.070429,0.256944,2.466301
-0.086923,-0.259421,2.484573
0.080945,0.276352,2.772814
0.000107,0.025580,2.710705
-0.028755,-0.023298,2.732254
-0.085597,-0.053572,2.740312
-0.021530,-0.076039,2.755155
-0.155793,-0.364370,2.671660
0.091773,-0.425786,2.910525
-0.165098,-0.647535,2.704648
0.035785,-0.650256,2.862610
-0.142409,-0.705880,2.656696
0.097125,-0.693090,2.837693
0.312332,0.529105,2.528979
0.179803,0.413055,2.582306
0.024669,0.340381,2.528605
0.241614,0.288592,2.745989
-0.117849,0.108374,2.457353
0.126988,0.080201,2.879805
-0.122739,-0.152087,2.879805
0.043295,0.277168,2.486676
-0.114588,-0.221564,2.479471
0.053782,0.296522,2.754608
0.023071,0.147864,2.744116
-0.007095,0.093249,2.778113
-0.081343,0.047639,2.770448
0.007267,0.036386,2.844340
-0.158056,-0.363472,2.678401
0.058811,-0.369730,2.877743
-0.167027,-0.650482,2.706119
0.035625,-0.660621,2.864096
-0.143226,-0.706920,2.656748
0.100921,-0.694828,2.836610
0.305892,0.543269,2.527118
0.173649,0.430627,2.582143
0.017582,0.375445,2.534130
0.241411,0.337460,2.757669
-0.138096,0.153874,2.464084
0.136584,0.101831,2.876815
-0.151852,-0.097500,2.876815
0.034828,0.292161,2.484837
-0.149610,-0.170341,2.480418
0.045294,0.311477,2.762434
0.024850,0.152172,2.743656
-0.004392,0.096520,2.777622
-0.077658,0.050234,2.771107
0.016352,0.045624,2.838478
-0.163840,-0.339668,2.699861
0.062234,-0.369352,2.878703
-0.166973,-0.642301,2.705523
0.035457,-0.659712,2.864867
-0.146621,-0.702944,2.659718
0.094552,-0.702054,2.834787
0.280129,0.588363,2.525491
0.155393,0.469085,2.586143
0.010479,0.394215,2.534429
0.248743,0.372177,2.770745
-0.156829,0.171845,2.471996
0.145198,0.127877,2.876426
-0.168939,-0.079537,2.876426
0.095763,0.338888,2.487378
-0.170946,-0.149334,2.482672
0.106199,0.358148,2.766730
0.040073,0.175604,2.739400
0.019422,0.119117,2.771334
-0.053414,0.068326,2.767547
0.051583,0.063342,2.828115
-0.152805,-0.324413,2.723902
0.062021,-0.331585,2.894148
-0.163447,-0.640676,2.717360
0.036874,-0.648375,2.866502
-0.149931,-0.696260,2.663591
0.094834,-0.693951,2.839542
0.268630,0.620533,2.528511
0.146680,0.490029,2.583383
-0.002091,0.420743,2.539163
0.244802,0.372145,2.768726
-0.180885,0.204441,2.484027
0.188523,0.192174,2.872510
-0.189913,-0.056696,2.872510
0.144375,0.406312,2.497468
-0.187880,-0.126150,2.489252
0.154809,0.425569,2.801385
0.038868,0.192137,2.739747
0.018871,0.131397,2.772159
-0.055013,0.082907,2.770136
0.053180,0.072508,2.827926
-0.147327,-0.313420,2.738445
0.059304,-0.322083,2.893489
-0.164915,-0.638398,2.718061
0.036738,-0.647346,2.866938
-0.157171,-0.693572,2.657000
0.092221,-0.695930,2.840491
0.253070,0.641037,2.527524
0.132972,0.514223,2.588047
-0.016114,0.441790,2.543031
0.238490,0.388227,2.767405
-0.193781,0.233618,2.505051
0.192820,0.200933,2.866179
-0.217743,-0.001908,2.866179
0.142209,0.413353,2.498343
-0.199939,-0.089474,2.500283
0.152628,0.432582,2.799928
0.038736,0.212165,2.740327
0.020840,0.151264,2.772225
-0.053691,0.095688,2.771206
0.058833,0.091102,2.827156
-0.146921,-0.306040,2.743122
0.057281,-0.303566,2.889831
-0.167667,-0.638335,2.718932
0.036534,-0.647004,2.867123
-0.158444,-0.693332,2.656273
0.091560,-0.696477,2.841864
0.227768,0.684724,2.531445
0.116832,0.544790,2.591416
-0.028365,0.460596,2.547340
0.236158,0.414523,2.764962
-0.210167,0.252456,2.521386
0.193926,0.205448,2.863094
-0.226376,0.008704,2.863094
0.185962,-0.009977,2.504868
-0.214487,-0.069679,2.514409
0.183308,-0.081786,2.800170
0.030774,0.233802,2.733567
0.014351,0.171038,2.763991
-0.061865,0.114465,2.760054
0.056074,0.102233,2.822218
-0.148182,-0.302385,2.744595
0.057005,-0.291567,2.886841
-0.171707,-0.638093,2.719913
0.036050,-0.646544,2.867012
-0.160576,-0.693619,2.655012
0.090031,-0.696652,2.841205
0.199763,0.714110,2.527626
0.102379,0.569190,2.594728
-0.050748,0.486974,2.553049
0.227966,0.430745,2.756323
-0.227980,0.274740,2.538590
0.197629,0.213047,2.859310
-0.245047,0.030607,2.859310
0.174456,0.004953,2.523340
-0.235354,-0.039503,2.527524
0.150848,-0.073064,2.734638
0.021218,0.261911,2.722712
0.005784,0.200285,2.749560
-0.069425,0.134610,2.743310
0.047924,0.129148,2.809172
-0.149730,-0.300930,2.744265
0.053488,-0.284112,2.882003
-0.178150,-0.638777,2.720678
0.036356,-0.645783,2.866640
-0.165794,-0.694920,2.660026
0.089608,-0.697165,2.842288
0.184861,0.723846,2.528129
0.087627,0.583295,2.598050
-0.062947,0.498230,2.557583
0.222427,0.460362,2.744533
-0.238985,0.286853,2.550242
0.208035,0.242010,2.849297
-0.252924,0.044427,2.849297
0.179023,0.029830,2.539175
-0.243263,-0.027899,2.532451
0.152483,-0.048901,2.745248
0.018772,0.271133,2.720317
0.004900,0.208826,2.746647
-0.070731,0.140952,2.739730
0.049537,0.138037,2.805356
-0.154455,-0.296863,2.739718
0.052251,-0.284044,2.877328
-0.178508,-0.638674,2.721164
0.034665,-0.647000,2.868245
-0.168307,-0.693679,2.658593
0.090797,-0.694620,2.843111
0.160303,0.747395,2.528910
0.072493,0.595879,2.598958
-0.091116,0.518002,2.564065
0.218372,0.478057,2.738842
-0.251529,0.305848,2.569602
0.214823,0.247913,2.845168
-0.269332,0.080445,2.845168
0.180630,0.043983,2.569546
-0.257393,-0.005426,2.540567
0.152555,-0.010280,2.740062
0.014514,0.286494,2.713133
0.003005,0.224943,2.737610
-0.074744,0.152828,2.730772
0.053694,0.150832,2.795315
-0.156001,-0.296538,2.738895
0.048537,-0.281421,2.867002
-0.181577,-0.643017,2.722342
0.034878,-0.646759,2.868239
-0.172564,-0.695511,2.660988
0.090835,-0.694498,2.843383
0.145997,0.759525,2.531513
0.055066,0.611976,2.599597
-0.100229,0.527004,2.566450
0.212250,0.485520,2.732594
-0.263161,0.313609,2.579694
0.222298,0.256874,2.829697
-0.275601,0.084940,2.829697
0.193702,0.047907,2.579053
-0.275108,0.013231,2.563600
0.162138,0.000078,2.733951
0.008855,0.294944,2.707453
-0.000851,0.231973,2.731356
-0.080226,0.161335,2.724253
0.054012,0.157409,2.783905
-0.158004,-0.294209,2.736249
0.046717,-0.281055,2.859013
-0.182779,-0.643603,2.723199
0.036443,-0.643302,2.868002
-0.172749,-0.695307,2.661045
0.089405,-0.694448,2.843770
0.120456,0.790220,2.532898
0.043757,0.623456,2.599469
-0.119397,0.537642,2.570764
0.207014,0.494509,2.726715
-0.273900,0.315974,2.592440
0.228399,0.272610,2.815452
-0.283633,0.089666,2.815452
0.195711,0.062304,2.586547
-0.283554,0.019818,2.581737
0.170046,0.000101,2.723293
0.001141,0.306950,2.697622
-0.007382,0.243819,2.719157
-0.088763,0.173561,2.712607
0.052777,0.164230,2.767764
-0.159577,-0.292269,2.734320
0.044498,-0.278738,2.851739
-0.183477,-0.644079,2.723776
0.038013,-0.641106,2.868585
-0.174864,-0.694147,2.660457
0.087398,-0.695995,2.845448
0.105629,0.794967,2.530305
0.033059,0.634299,2.602270
-0.129849,0.544876,2.572937
0.197071,0.517090,2.712802
-0.284538,0.321316,2.602184
0.230940,0.288351,2.791147
-0.291559,0.092802,2.791147
0.198322,0.074982,2.597062
-0.290547,0.022990,2.592245
0.176009,0.002819,2.708060
-0.004487,0.313835,2.691480
-0.012265,0.250185,2.711342
-0.093506,0.180069,2.706068
0.049424,0.170112,2.751823
-0.159632,-0.292346,2.734282
0.042238,-0.277749,2.846367
-0.181258,-0.645843,2.727982
0.038385,-0.640772,2.869378
-0.178391,-0.692645,2.659256
0.085398,-0.697655,2.846550
0.075125,0.813044,2.528127
0.021073,0.643279,2.603763
-0.144663,0.550032,2.573356
0.188505,0.525862,2.703032
-0.292124,0.326160,2.609691
0.228299,0.293358,2.772356
-0.298355,0.098400,2.772356
0.198196,0.081767,2.602227
-0.303861,0.028687,2.603845
0.177472,0.000089,2.685200
-0.012917,0.320239,2.684522
-0.019936,0.255930,2.702811
-0.101007,0.185841,2.698829
0.043646,0.174327,2.738761
-0.161129,-0.291240,2.731001
0.038046,-0.279334,2.839463
-0.181229,-0.645828,2.727796
0.039360,-0.640165,2.870599
-0.179247,-0.695174,2.662558
0.089811,-0.692995,2.845787
0.064049,0.819117,2.529362
0.006774,0.652106,2.601929
-0.161254,0.555610,2.574252
0.180214,0.531420,2.693711
-0.299066,0.329404,2.616003
0.225669,0.297137,2.758162
-0.305136,0.105378,2.758162
0.199720,0.083721,2.606301
-0.309080,0.035619,2.608503
0.182587,0.004729,2.676849
-0.021751,0.325844,2.675276
-0.027733,0.260837,2.692111
-0.108724,0.189885,2.689490
0.038562,0.177625,2.723809
-0.161701,-0.290770,2.727968
0.030817,-0.283838,2.831547
-0.177096,-0.646586,2.732112
0.039499,-0.640659,2.871747
-0.179044,-0.695696,2.661695
0.091193,-0.691362,2.845366
0.041989,0.825321,2.526542
-0.009276,0.659804,2.601701
-0.176591,0.560633,2.574797
0.172248,0.535619,2.684511
-0.302505,0.328920,2.620249
0.220515,0.298388,2.742796
-0.321165,0.108717,2.742796
0.200534,0.086854,2.617690
-0.317887,0.029729,2.616650
0.187332,0.010128,2.658002
-0.033855,0.333592,2.664489
-0.039026,0.268564,2.679031
-0.121574,0.196793,2.675233
0.030990,0.182658,2.707913
-0.162029,-0.290665,2.723897
0.029061,-0.280510,2.822155
-0.178191,-0.644111,2.730467
0.039685,-0.640930,2.871291
-0.178300,-0.695234,2.662813
0.085341,-0.695220,2.841484
0.021912,0.841513,2.527152
-0.020256,0.663599,2.600428
-0.188105,0.564071,2.573314
0.157388,0.545931,2.671146
-0.304587,0.328516,2.622582
0.210814,0.297551,2.717874
-0.324617,0.107631,2.717874
0.202533,0.084648,2.618556
-0.319573,0.027889,2.619544
0.192749,0.016104,2.632469
-0.038826,0.336421,2.657459
-0.042970,0.271222,2.670887
-0.124144,0.198508,2.666159
0.027956,0.185742,2.697183
-0.165247,-0.289488,2.715453
0.025710,-0.265900,2.801213
-0.180525,-0.643453,2.726930
0.039810,-0.640071,2.870170
-0.177643,-0.694893,2.662138
0.085388,-0.694437,2.840720
0.007719,0.846538,2.525183
-0.033945,0.669670,2.595786
-0.201560,0.565712,2.570836
0.143813,0.552531,2.659221
-0.308543,0.328091,2.623182
0.200930,0.301360,2.697670
-0.332959,0.109798,2.697670
0.205540,0.085939,2.621296
-0.332784,0.035617,2.630400
0.193979,0.016799,2.603145
-0.046902,0.339173,2.647568
-0.049815,0.273243,2.660239
-0.129278,0.199088,2.655396
0.022055,0.188947,2.684380
-0.169421,-0.287098,2.705536
0.025261,-0.272161,2.794855
-0.182435,-0.644996,2.724886
0.039795,-0.640036,2.868576
-0.177698,-0.695813,2.665215
0.084923,-0.695343,2.840058
-0.013947,0.850203,2.523869
-0.044608,0.673094,2.593913
-0.220290,0.568690,2.568201
0.129094,0.562412,2.648460
-0.315011,0.324800,2.622409
0.194908,0.304872,2.687986
-0.336442,0.106594,2.687986
0.203501,0.092552,2.621818
-0.335699,0.028962,2.630255
0.194294,0.018070,2.591881
-0.055475,0.342340,2.636715
-0.057886,0.276318,2.647155
-0.136865,0.200709,2.640458
0.015187,0.192614,2.667802
-0.171949,-0.285311,2.700492
0.025896,-0.283377,2.783145
-0.181239,-0.644515,2.726208
0.036664,-0.642662,2.866582
-0.177663,-0.693352,2.665708
0.115681,-0.695893,2.824841
-0.026215,0.854092,2.519604
-0.058257,0.676721,2.590560
-0.229046,0.569348,2.566276
0.118483,0.566461,2.638186
-0.319829,0.322654,2.619973
0.185484,0.309588,2.675489
-0.340543,0.099700,2.675489
0.202479,0.097858,2.617064
-0.340381,0.022216,2.618535
0.193977,0.025847,2.570222
-0.062502,0.342938,2.628054
-0.063753,0.276325,2.637767
-0.141179,0.200370,2.631009
0.010387,0.192871,2.656616
-0.174664,-0.281894,2.691094
0.027778,-0.289100,2.764138
-0.179744,-0.643316,2.729019
0.035152,-0.640509,2.857189
-0.178751,-0.691765,2.663401
0.087671,-0.685873,2.824280
-0.045189,0.859416,2.511931
-0.067061,0.678747,2.587119
-0.241085,0.568287,2.562913
0.109415,0.567510,2.632090
-0.333479,0.312724,2.613513
0.181275,0.311414,2.669277
-0.345681,0.093441,2.669277
0.200805,0.103265,2.610971
-0.345430,0.016805,2.607924
0.190943,0.029334,2.555748
-0.069993,0.343021,2.617788
-0.070719,0.275864,2.626102
-0.147368,0.198731,2.618300
0.004085,0.193158,2.642606
-0.176897,-0.283744,2.686321
0.029108,-0.291624,2.741117
-0.179688,-0.644034,2.729201
0.033626,-0.637543,2.841789
-0.179062,-0.691849,2.663321
0.117636,-0.692322,2.814443
-0.052318,0.860451,2.508916
-0.073198,0.680005,2.583971
-0.249535,0.568939,2.560891
0.099550,0.567667,2.622842
-0.339219,0.310503,2.605861
0.177509,0.314482,2.662713
-0.352933,0.087256,2.662713
0.193659,0.109167,2.595539
-0.347282,0.000372,2.586088
0.177205,0.028903,2.524591
-0.075063,0.342911,2.609800
-0.075439,0.275427,2.617242
-0.151497,0.197616,2.609581
-0.000306,0.193508,2.631489
-0.182456,-0.280832,2.675409
0.034998,-0.290939,2.708404
-0.180173,-0.641792,2.726493
0.034388,-0.628083,2.803027
-0.182536,-0.690732,2.664581
0.113466,-0.694951,2.806862
-0.064119,0.859226,2.501625
-0.085176,0.681196,2.578784
-0.256357,0.570215,2.556598
0.091737,0.566155,2.614449
-0.344415,0.310718,2.595641
0.170888,0.315786,2.657426
-0.356741,0.084309,2.657426
0.181990,0.110990,2.575696
-0.351403,0.001963,2.562105
0.170113,0.033785,2.521544
-0.083205,0.342474,2.600451
-0.082872,0.274698,2.607278
-0.158394,0.196826,2.597941
-0.006645,0.193052,2.621807
-0.185558,-0.280188,2.670100
0.037437,-0.291760,2.681784
-0.179893,-0.641217,2.726053
0.019941,-0.617658,2.762693
-0.183158,-0.690384,2.664244
0.068983,-0.687144,2.753086
-0.073108,0.853831,2.497580
-0.095581,0.680316,2.570796
-0.266432,0.569339,2.549590
0.085800,0.564408,2.607691
-0.351417,0.306399,2.576664
0.163706,0.316464,2.646935
-0.356633,0.084042,2.646935
0.165634,0.103375,2.546583
-0.356501,0.006364,2.540483
0.163162,0.035256,2.516133
-0.089041,0.342436,2.591065
-0.087842,0.274823,2.597795
-0.162943,0.195730,2.587530
-0.010084,0.193382,2.613044
-0.187634,-0.279001,2.664512
0.037587,-0.289446,2.646870
-0.180950,-0.638578,2.724038
0.016999,-0.627112,2.749692
-0.183053,-0.689145,2.664560
0.065577,-0.693905,2.713411
-0.079116,0.857508,2.492050
-0.101127,0.680179,2.564322
-0.271647,0.566509,2.539375
0.079767,0.564880,2.599911
-0.352880,0.304853,2.565654
0.156966,0.318211,2.636488
-0.363014,0.083689,2.636488
0.163864,0.102983,2.530299
-0.357812,0.005977,2.521067
0.160726,0.036893,2.513983
-0.094827,0.341758,2.580530
-0.093539,0.274039,2.586502
-0.168464,0.194273,2.573671
-0.015634,0.193461,2.602408
-0.190841,-0.282687,2.659091
0.036419,-0.283467,2.606459
-0.181189,-0.638695,2.723191
0.022902,-0.628565,2.686732
-0.187169,-0.691151,2.666918
0.064297,-0.690547,2.644909
-0.085912,0.859783,2.488519
-0.105564,0.678857,2.558044
-0.278049,0.565877,2.526745
0.075697,0.568057,2.593665
-0.357755,0.299711,2.548445
0.148995,0.318444,2.626343
-0.366889,0.080896,2.626343
0.156956,0.101201,2.509722
-0.350369,-0.007208,2.479082
0.151729,0.032794,2.500968
-0.099719,0.342168,2.568999
-0.098482,0.274922,2.573815
-0.173660,0.194409,2.558091
-0.020315,0.194111,2.589912
-0.192879,-0.284990,2.653432
0.030020,-0.285377,2.582466
-0.181452,-0.638381,2.721522
0.019578,-0.643865,2.637599
-0.187476,-0.691271,2.666417
0.058651,-0.701874,2.585719
-0.092749,0.856083,2.476889
-0.109683,0.678843,2.549701
-0.282390,0.563643,2.517680
0.069288,0.565972,2.582372
-0.360048,0.304639,2.529844
0.143187,0.316760,2.618999
-0.364873,0.086593,2.618999
0.155462,0.103094,2.483760
-0.361095,0.005947,2.459891
0.150463,0.032685,2.498590
-0.104295,0.341267,2.557743
-0.103104,0.273782,2.562111
-0.178009,0.193756,2.548090
-0.025372,0.193004,2.575507
-0.193585,-0.286304,2.647827
0.022967,-0.295095,2.553600
-0.186488,-0.634770,2.719151
0.012676,-0.644736,2.608938
-0.187977,-0.690499,2.666621
0.053402,-0.692118,2.532373
