-0.313922,0.609409,2.694876
-0.303604,0.436467,2.700555
-0.473380,0.334614,2.698094
-0.159683,0.309458,2.671019
-0.518064,0.048845,2.643766
-0.113393,0.061976,2.625560
-0.524745,-0.178319,2.625560
-0.115172,-0.162901,2.538995
-0.526398,-0.260043,2.513211
-0.118715,-0.234659,2.456400
-0.320229,0.098846,2.683387
-0.329168,0.036744,2.638400
-0.403168,-0.032445,2.635378
-0.263773,-0.035411,2.615195
-0.372752,-0.532114,2.645249
-0.256976,-0.499024,2.439449
-0.326043,-0.850748,2.813076
-0.268669,-0.817515,2.182950
-0.319084,-0.894544,2.714592
-0.272794,-0.880344,2.101662
-0.315796,0.610962,2.659652
-0.305657,0.438959,2.665869
-0.474221,0.336045,2.661906
-0.160968,0.312441,2.636323
-0.517057,0.050205,2.603705
-0.114309,0.064823,2.590419
-0.520925,-0.175767,2.590419
-0.113728,-0.153135,2.493258
-0.522307,-0.255750,2.468449
-0.118352,-0.223670,2.408485
-0.321414,0.100282,2.647242
-0.329937,0.038607,2.599932
-0.403627,-0.030315,2.595821
-0.264406,-0.033291,2.576561
-0.375297,-0.528240,2.569270
-0.259433,-0.498576,2.416946
-0.338184,-0.851818,2.726542
-0.272321,-0.820051,2.167600
-0.333438,-0.897902,2.646625
-0.276209,-0.884396,2.095507
-0.317054,0.613052,2.625065
-0.307210,0.441495,2.630945
-0.474441,0.337497,2.624099
-0.161935,0.315431,2.603967
-0.515993,0.051914,2.566371
-0.114942,0.067863,2.558453
-0.516142,-0.173260,2.558453
-0.111632,-0.141866,2.448321
-0.517828,-0.251348,2.424224
-0.116688,-0.211744,2.360975
-0.322189,0.101826,2.612629
-0.330020,0.040468,2.563441
-0.403292,-0.028233,2.557860
-0.264439,-0.031162,2.540858
-0.377405,-0.524250,2.499226
-0.261628,-0.498152,2.396815
-0.352252,-0.850173,2.625783
-0.275565,-0.823272,2.159747
-0.347446,-0.894018,2.546441
-0.278889,-0.889096,2.096910
-0.317998,0.615069,2.592238
-0.308679,0.443864,2.598928
-0.474354,0.338798,2.588459
-0.162649,0.318224,2.573985
-0.514711,0.053951,2.528466
-0.115182,0.071523,2.529709
-0.510813,-0.170620,2.529709
-0.108900,-0.128155,2.405355
-0.511345,-0.245037,2.377636
-0.113606,-0.195339,2.316142
-0.322639,0.103164,2.579799
-0.329624,0.042160,2.528674
-0.402383,-0.026293,2.521486
-0.263851,-0.029147,2.506721
-0.379497,-0.517955,2.433661
-0.263593,-0.497751,2.378643
-0.366676,-0.844063,2.519014
-0.278432,-0.827105,2.158404
-0.361662,-0.885640,2.439613
-0.280865,-0.894210,2.104115
-0.318331,0.616757,2.560301
-0.310310,0.446037,2.568132
-0.473917,0.339151,2.551481
-0.163143,0.321014,2.546685
-0.513321,0.056203,2.492496
-0.115346,0.075058,2.504281
-0.504779,-0.167476,2.504281
-0.104386,-0.110916,2.363652
-0.503982,-0.239045,2.333865
-0.109974,-0.178500,2.274770
-0.322907,0.104505,2.548808
-0.328723,0.043838,2.496110
-0.400721,-0.024348,2.486380
-0.262801,-0.027223,2.475561
-0.381266,-0.511644,2.375787
-0.265337,-0.497362,2.362154
-0.379437,-0.834295,2.415105
-0.280817,-0.831201,2.162226
-0.372850,-0.873838,2.335629
-0.282245,-0.899466,2.115650
-0.318134,0.618326,2.530240
-0.311969,0.448298,2.538093
-0.473434,0.339677,2.517254
-0.163598,0.323784,2.521762
-0.511735,0.058739,2.455881
-0.115590,0.078411,2.481895
-0.498670,-0.164271,2.481895
-0.098852,-0.093369,2.324863
-0.495707,-0.232700,2.292497
-0.107206,-0.166004,2.241422
-0.322770,0.106073,2.519477
-0.327299,0.045706,2.465520
-0.398279,-0.022133,2.452770
-0.261370,-0.025267,2.447171
-0.382908,-0.504597,2.322798
-0.266870,-0.496988,2.347210
-0.389977,-0.823128,2.318778
-0.282782,-0.835367,2.170111
-0.381777,-0.860934,2.239045
-0.283138,-0.904649,2.130221
-0.317425,0.619722,2.501544
-0.313671,0.450257,2.510028
-0.472372,0.339644,2.481655
-0.164056,0.326551,2.499103
-0.509783,0.061385,2.420079
-0.115821,0.081736,2.461876
-0.492127,-0.159858,2.461876
-0.089371,-0.067720,2.287412
-0.486286,-0.226868,2.252805
-0.096777,-0.138583,2.206809
-0.322485,0.107599,2.491837
-0.325375,0.047606,2.436784
-0.394914,-0.019875,2.420178
-0.259494,-0.023303,2.421079
-0.384221,-0.496882,2.275503
-0.268167,-0.496578,2.333625
-0.398816,-0.811625,2.234773
-0.284354,-0.839478,2.181037
-0.388145,-0.847951,2.155177
-0.283604,-0.909604,2.146647
-0.316222,0.620922,2.474100
-0.315406,0.451948,2.482799
-0.470230,0.338944,2.445987
-0.165296,0.330473,2.477012
-0.507410,0.063819,2.383549
-0.116036,0.084774,2.443969
-0.484826,-0.156009,2.443969
-0.078011,-0.040906,2.251921
-0.474807,-0.221277,2.214284
-0.082008,-0.099540,2.181250
-0.321956,0.108957,2.465736
-0.323088,0.049288,2.409918
-0.390768,-0.017801,2.389071
-0.257549,-0.021487,2.397479
-0.385384,-0.488945,2.232317
-0.269272,-0.496161,2.321312
-0.406043,-0.806790,2.168653
-0.285607,-0.843462,2.193870
-0.393677,-0.842783,2.088888
-0.283732,-0.914324,2.164022
-0.314749,0.622087,2.448439
-0.317161,0.453482,2.456949
-0.467660,0.338223,2.411611
-0.166423,0.334022,2.457314
-0.504830,0.066473,2.347874
-0.116214,0.087832,2.427985
-0.477199,-0.152083,2.427985
-0.063675,-0.009148,2.218641
-0.466371,-0.216913,2.182746
-0.064649,-0.052965,2.165386
-0.321390,0.110279,2.440829
-0.320561,0.050953,2.384503
-0.386107,-0.015677,2.358748
-0.255485,-0.019775,2.375776
-0.386206,-0.481428,2.193082
-0.270213,-0.495733,2.310127
-0.412403,-0.802604,2.109820
-0.286565,-0.847239,2.207988
-0.398268,-0.838342,2.029998
-0.283601,-0.918693,2.181639
-0.312590,0.622959,2.423468
-0.319072,0.454937,2.432040
-0.464234,0.337116,2.376431
-0.167509,0.337380,2.439567
-0.501810,0.068966,2.311844
-0.116306,0.091159,2.414009
-0.467896,-0.147922,2.414009
-0.047278,0.026061,2.186036
-0.452863,-0.211948,2.149620
-0.045529,-0.002067,2.158777
-0.320869,0.111659,2.417418
-0.317882,0.052651,2.360960
-0.380916,-0.013512,2.330018
-0.253426,-0.018180,2.356135
-0.386770,-0.474195,2.157474
-0.270983,-0.495286,2.299999
-0.417999,-0.798854,2.057479
-0.287279,-0.850772,2.222559
-0.402053,-0.834372,1.977793
-0.283272,-0.922737,2.198958
-0.310374,0.623835,2.399980
-0.320996,0.456276,2.407424
-0.460527,0.336098,2.343081
-0.168708,0.340807,2.423236
-0.498156,0.070983,2.276110
-0.116426,0.095563,2.402981
-0.457468,-0.144064,2.402981
-0.029878,0.066448,2.154842
-0.438466,-0.207758,2.118837
-0.027521,0.050019,2.161521
-0.320282,0.113258,2.395148
-0.315073,0.054529,2.338948
-0.375352,-0.011181,2.302832
-0.251418,-0.016637,2.338300
-0.387027,-0.467246,2.125268
-0.271630,-0.494850,2.290787
-0.422999,-0.795424,2.010629
-0.287785,-0.854019,2.237212
-0.405373,-0.830745,1.931067
-0.282799,-0.926400,2.215632
-0.307981,0.624763,2.377666
-0.322770,0.457610,2.384252
-0.456181,0.335342,2.309862
-0.170234,0.344277,2.407811
-0.493557,0.074249,2.240656
-0.117007,0.101262,2.395341
-0.446862,-0.139596,2.395341
-0.014186,0.106654,2.125814
-0.424272,-0.203225,2.090775
-0.011242,0.101883,2.171332
-0.319737,0.114881,2.373811
-0.312208,0.056417,2.318161
-0.369522,-0.008816,2.276727
-0.249511,-0.015183,2.321856
-0.387100,-0.460720,2.096142
-0.272156,-0.494395,2.282399
-0.427517,-0.792319,1.968550
-0.288095,-0.856985,2.251401
-0.408263,-0.827496,1.889081
-0.282237,-0.929753,2.231411
-0.304241,0.625327,2.354350
-0.324115,0.459456,2.359309
-0.450127,0.335066,2.273988
-0.172886,0.347902,2.391300
-0.486576,0.078244,2.201996
-0.119949,0.112084,2.394899
-0.434146,-0.134699,2.394899
-0.003045,0.153858,2.096113
-0.408068,-0.198625,2.063017
-0.000131,0.155502,2.190981
-0.319215,0.116582,2.350297
-0.308964,0.058229,2.296049
-0.363011,-0.006261,2.248553
-0.247604,-0.013796,2.305428
-0.386977,-0.454291,2.068612
-0.272575,-0.493949,2.274603
-0.431614,-0.789544,1.930586
-0.288397,-0.859427,2.264333
-0.410551,-0.824781,1.851354
-0.281623,-0.932662,2.246106
-0.300009,0.625784,2.331465
-0.324920,0.461350,2.334814
-0.442984,0.335067,2.237874
-0.174680,0.350841,2.376994
-0.478472,0.082270,2.163240
-0.125957,0.129082,2.399303
-0.421021,-0.130046,2.399303
0.005170,0.198248,2.068085
-0.391745,-0.194470,2.037373
0.004353,0.205733,2.215848
-0.318741,0.118267,2.327603
-0.305806,0.059911,2.275133
-0.356617,-0.003964,2.221981
-0.245896,-0.012625,2.290135
-0.386632,-0.448343,2.043586
-0.272772,-0.493632,2.267278
-0.435288,-0.787078,1.896192
-0.288746,-0.861601,2.276161
-0.412253,-0.822570,1.817510
-0.281008,-0.935304,2.259735
-0.295597,0.626108,2.308686
-0.325327,0.463230,2.311409
-0.435640,0.335151,2.203832
-0.176381,0.353662,2.363489
-0.470222,0.086298,2.126767
-0.132520,0.147022,2.405680
-0.407913,-0.125413,2.405680
0.011208,0.238494,2.041566
-0.376018,-0.190533,2.013860
0.005138,0.250150,2.240749
-0.318274,0.119967,2.306102
-0.302774,0.061540,2.255545
-0.350488,-0.001853,2.197141
-0.244347,-0.011586,2.276069
-0.386174,-0.442852,2.020914
-0.272795,-0.493345,2.260467
-0.438466,-0.784987,1.865286
-0.289116,-0.863542,2.287038
-0.413283,-0.820914,1.787562
-0.280403,-0.937691,2.272371
-0.290790,0.626737,2.285228
-0.325159,0.465445,2.286224
-0.426701,0.335329,2.168208
-0.178086,0.356619,2.349527
-0.460631,0.090641,2.089237
-0.139432,0.167926,2.409995
-0.395048,-0.121022,2.409995
0.018675,0.266706,2.016426
-0.360978,-0.186981,1.991849
0.013064,0.283187,2.253338
-0.317817,0.122099,2.282616
-0.299577,0.063489,2.234565
-0.344135,0.000544,2.170190
-0.242848,-0.010581,2.262035
-0.385443,-0.437752,2.000288
-0.272496,-0.493023,2.253857
-0.441179,-0.783239,1.837598
-0.289490,-0.865289,2.296751
-0.413687,-0.819764,1.761132
-0.279792,-0.939868,2.284039
-0.286082,0.627306,2.263942
-0.324808,0.467566,2.263039
-0.418259,0.335486,2.136056
-0.180370,0.365381,2.330713
-0.451643,0.094429,2.055417
-0.146183,0.188623,2.413244
-0.382812,-0.117052,2.413244
0.024388,0.290239,1.992830
-0.347036,-0.183853,1.971779
0.020507,0.311337,2.269934
-0.317200,0.124367,2.261355
-0.296524,0.065642,2.215389
-0.338271,0.002818,2.145971
-0.241428,-0.009468,2.249156
-0.384502,-0.432930,1.981605
-0.272078,-0.492721,2.247722
-0.443365,-0.781811,1.813195
-0.289928,-0.866889,2.305576
-0.413622,-0.818995,1.738033
-0.279259,-0.941866,2.294922
-0.281441,0.627809,2.244364
-0.324263,0.469600,2.241262
-0.410108,0.335571,2.106486
-0.182055,0.371251,2.316330
-0.442931,0.097688,2.024405
-0.152362,0.207594,2.416225
-0.371440,-0.113637,2.416225
0.029148,0.310739,1.971478
-0.334282,-0.181316,1.953489
0.027657,0.335985,2.287844
-0.316637,0.126666,2.241626
-0.293668,0.067777,2.197758
-0.332864,0.004912,2.123964
-0.240119,-0.008367,2.237306
-0.383368,-0.428389,1.964643
-0.271541,-0.492434,2.242001
-0.445003,-0.780720,1.792116
-0.290376,-0.868338,2.313538
-0.412819,-0.818703,1.718606
-0.278770,-0.943664,2.304881
-0.276746,0.628436,2.225103
-0.323196,0.471672,2.218932
-0.401842,0.335492,2.077998
-0.184022,0.379882,2.298864
-0.434266,0.100460,1.994942
-0.158041,0.225226,2.418356
-0.360688,-0.110731,2.418356
0.033447,0.328072,1.951419
-0.322614,-0.179322,1.936478
0.034106,0.357155,2.301347
-0.316067,0.129139,2.222166
-0.290877,0.069979,2.180698
-0.327777,0.006946,2.103386
-0.238868,-0.007157,2.225673
-0.382012,-0.424132,1.949180
-0.270878,-0.492188,2.236602
-0.446095,-0.779977,1.774390
-0.290812,-0.869638,2.320715
-0.411232,-0.818837,1.702966
-0.278316,-0.945264,2.313947
-0.272362,0.629008,2.207066
-0.322253,0.473626,2.197977
-0.394262,0.335408,2.052253
-0.185935,0.388242,2.282117
-0.426404,0.102834,1.968561
-0.163339,0.241927,2.420236
-0.350991,-0.108239,2.420236
0.037569,0.344788,1.933014
-0.312086,-0.177647,1.920966
0.039453,0.377431,2.311039
-0.315547,0.131599,2.203951
-0.288267,0.072188,2.164757
-0.323012,0.008909,2.084317
-0.237714,-0.005963,2.214882
-0.380543,-0.420237,1.935156
-0.270099,-0.491949,2.231505
-0.446630,-0.779639,1.759953
-0.291235,-0.870776,2.327147
-0.408988,-0.819284,1.690783
-0.277911,-0.946642,2.322179
-0.268351,0.629525,2.190036
-0.321380,0.475407,2.178047
-0.387301,0.335255,2.028636
-0.187955,0.395705,2.266341
-0.419455,0.104957,1.944829
-0.168174,0.257807,2.421588
-0.342295,-0.105996,2.421588
0.041203,0.359565,1.916324
-0.302594,-0.176106,1.907010
0.044390,0.395441,2.319808
-0.315119,0.133968,2.186719
-0.285850,0.074309,2.149795
-0.318577,0.010693,2.066488
-0.236668,-0.004823,2.204851
-0.379021,-0.416627,1.922579
-0.269181,-0.491661,2.226627
-0.446641,-0.779607,1.748526
-0.291602,-0.871759,2.332889
-0.406114,-0.820184,1.681865
-0.277559,-0.947811,2.329604
-0.264615,0.629968,2.173951
-0.320610,0.477048,2.159211
-0.381044,0.335074,2.007262
-0.189680,0.402988,2.250459
-0.413377,0.106752,1.923564
-0.172746,0.273598,2.422298
-0.334506,-0.104023,2.422298
0.044621,0.373754,1.901350
-0.294058,-0.174645,1.894390
0.040351,0.411740,2.330470
-0.314698,0.136109,2.170790
-0.283621,0.076221,2.135904
-0.314583,0.012272,2.050498
-0.235687,-0.003738,2.195039
-0.377413,-0.413205,1.911331
-0.268178,-0.491342,2.221983
-0.446160,-0.779755,1.739931
-0.291929,-0.872623,2.338059
-0.402916,-0.821368,1.675595
-0.277245,-0.948824,2.336292
-0.261261,0.630358,2.159349
-0.319893,0.478510,2.141710
-0.375509,0.334920,1.987949
-0.191320,0.410048,2.234950
-0.408149,0.108309,1.904515
-0.176216,0.288946,2.422390
-0.327541,-0.102342,2.422390
0.047415,0.387399,1.887805
-0.286391,-0.173325,1.882997
0.037500,0.427045,2.338421
-0.314320,0.138094,2.155940
-0.281590,0.078005,2.122889
-0.310992,0.013683,2.035984
-0.234796,-0.002656,2.185568
-0.375822,-0.410049,1.901206
-0.267107,-0.491003,2.217529
-0.445235,-0.780152,1.734078
-0.292202,-0.873409,2.342700
-0.399401,-0.822790,1.671921
-0.275462,-0.948266,2.340615
-0.258261,0.630696,2.145919
-0.319272,0.479805,2.125484
-0.370718,0.334817,1.970472
-0.192916,0.416539,2.220425
-0.403643,0.109622,1.887360
-0.179949,0.305393,2.422150
-0.321391,-0.100904,2.422150
0.048485,0.400842,1.875480
-0.279566,-0.172150,1.872619
0.035001,0.441356,2.343863
-0.313968,0.139842,2.142200
-0.279719,0.079569,2.110801
-0.307765,0.014925,2.022905
-0.233928,-0.001605,2.176352
-0.374269,-0.407137,1.892168
-0.265914,-0.490574,2.213123
-0.443930,-0.780767,1.730631
-0.292449,-0.874023,2.346854
-0.395637,-0.824442,1.670554
-0.273350,-0.947007,2.343623
-0.255673,0.630991,2.133235
-0.318771,0.480934,2.110282
-0.366485,0.334717,1.954760
-0.194597,0.422642,2.206264
-0.399738,0.110792,1.871888
-0.183151,0.323338,2.421143
-0.315954,-0.099752,2.421143
0.047827,0.415125,1.864188
-0.273531,-0.171117,1.863087
0.032761,0.455396,2.346562
-0.313643,0.141415,2.129523
-0.278015,0.080976,2.099612
-0.304859,0.016018,2.011039
-0.233112,-0.000578,2.167616
-0.372806,-0.404481,1.884093
-0.264651,-0.490113,2.208811
-0.442287,-0.781614,1.729340
-0.292657,-0.874477,2.350535
-0.391709,-0.826301,1.671191
-0.270977,-0.945226,2.345450
-0.253561,0.631278,2.120853
-0.318417,0.481923,2.096051
-0.362812,0.334647,1.940535
-0.196433,0.428613,2.191864
-0.396548,0.111745,1.857890
-0.184973,0.343121,2.418259
-0.311250,-0.098890,2.418259
0.046352,0.430314,1.853807
-0.268241,-0.170275,1.854295
0.030225,0.469768,2.344012
-0.313210,0.142903,2.117723
-0.276412,0.082309,2.089205
-0.302235,0.017019,2.000329
-0.232125,0.000718,2.158791
-0.371435,-0.402004,1.876914
-0.263364,-0.489648,2.204650
-0.440328,-0.782551,1.729976
-0.292812,-0.874792,2.353755
-0.387764,-0.828182,1.673347
-0.268462,-0.943049,2.346086
-0.252876,0.631785,2.107530
-0.318199,0.482751,2.082633
-0.359612,0.334553,1.927635
-0.198253,0.434103,2.178023
-0.394419,0.112441,1.845430
-0.184420,0.365450,2.411927
-0.308050,-0.098107,2.411927
0.044079,0.448252,1.844154
-0.264369,-0.169760,1.845872
0.027609,0.486486,2.331649
-0.312738,0.144362,2.106621
-0.274969,0.083618,2.079481
-0.299929,0.017937,1.990520
-0.231069,0.002272,2.150294
-0.370158,-0.399725,1.870581
-0.262010,-0.489123,2.200538
-0.438165,-0.783619,1.732200
-0.292900,-0.874903,2.356477
-0.383875,-0.830153,1.676780
-0.265780,-0.940394,2.345565
-0.252798,0.632419,2.094842
-0.318176,0.483444,2.070054
-0.356995,0.334440,1.915919
-0.200351,0.439426,2.162909
-0.393428,0.112907,1.834636
-0.180019,0.389039,2.400964
-0.305783,-0.097422,2.400964
0.041029,0.469639,1.835441
-0.261443,-0.169338,1.838161
0.025038,0.505839,2.306107
-0.312202,0.145839,2.096285
-0.273689,0.084959,2.070431
-0.297871,0.018799,1.981614
-0.230018,0.003973,2.142213
-0.369000,-0.397567,1.865034
-0.260599,-0.488460,2.196373
-0.435808,-0.784664,1.735749
-0.292895,-0.874711,2.358619
-0.380272,-0.832026,1.680897
-0.263157,-0.937127,2.343587
-0.253465,0.633166,2.082009
-0.318298,0.484033,2.058187
-0.355722,0.334400,1.905425
-0.200388,0.443750,2.152188
-0.395090,0.113575,1.826807
-0.158862,0.429414,2.371403
-0.307605,-0.096624,2.371403
0.036855,0.498782,1.827742
-0.262123,-0.168646,1.830712
0.019442,0.537799,2.238017
-0.311842,0.147723,2.086044
-0.272853,0.086862,2.061338
-0.296854,0.020083,1.973289
-0.228629,0.006551,2.132563
-0.368017,-0.395147,1.860303
-0.259172,-0.487603,2.192036
-0.433248,-0.785103,1.740394
-0.292742,-0.874133,2.360068
-0.376718,-0.833269,1.685691
-0.260322,-0.933223,2.340299
-0.254692,0.633974,2.069384
-0.318595,0.484485,2.046949
-0.355847,0.334629,1.896406
-0.199586,0.447955,2.141417
-0.398561,0.114270,1.821648
-0.133472,0.472145,2.329533
-0.311228,-0.095643,2.329533
0.030631,0.530475,1.821171
-0.265241,-0.167914,1.823813
0.013576,0.565891,2.165689
-0.311534,0.149778,2.076299
-0.272329,0.088977,2.052660
-0.296396,0.021494,1.965770
-0.227233,0.009463,2.122613
-0.367275,-0.392739,1.856144
-0.257764,-0.486632,2.187719
-0.430539,-0.785350,1.745889
-0.292440,-0.873280,2.360927
-0.373458,-0.834272,1.690932
-0.257691,-0.929006,2.335858
-0.256016,0.634313,2.056991
-0.318985,0.484842,2.036483
-0.357220,0.335080,1.888938
-0.197852,0.451884,2.129103
-0.404187,0.115093,1.819676
-0.106568,0.513375,2.273435
-0.317072,-0.094365,2.273435
0.018929,0.561420,1.815970
-0.270913,-0.166918,1.817735
0.003931,0.593384,2.081336
-0.311235,0.151924,2.067074
-0.272102,0.091229,2.044391
-0.296608,0.023078,1.959026
-0.225889,0.012712,2.112156
-0.366689,-0.390305,1.852659
-0.256401,-0.485429,2.183284
-0.426024,-0.779910,1.757348
-0.291952,-0.872002,2.361075
-0.369952,-0.829496,1.700275
-0.255477,-0.924315,2.330128
-0.257731,0.634739,2.044965
-0.319414,0.485118,2.026806
-0.359874,0.336261,1.883180
-0.195521,0.455280,2.115946
-0.411432,0.116073,1.820821
-0.082023,0.550247,2.208035
-0.325293,-0.092838,2.208035
0.004607,0.590717,1.812232
-0.282306,-0.166110,1.812603
-0.011161,0.617994,1.986378
-0.310964,0.154104,2.058356
-0.272141,0.093558,2.036543
-0.297448,0.024853,1.953051
-0.224733,0.016156,2.101344
-0.366293,-0.387822,1.849756
-0.255066,-0.484155,2.178931
-0.421388,-0.773897,1.769269
-0.291207,-0.870531,2.360605
-0.367017,-0.824143,1.709706
-0.253489,-0.919612,2.323565
-0.259994,0.635183,2.033142
-0.319881,0.485297,2.017761
-0.364214,0.338178,1.879351
-0.192789,0.457977,2.100694
-0.419950,0.116948,1.824560
-0.059715,0.584476,2.132829
-0.335013,-0.091263,2.132829
-0.014204,0.617247,1.809729
-0.294722,-0.165216,1.808361
-0.035956,0.639413,1.871541
-0.310728,0.156390,2.050001
-0.272510,0.096068,2.028967
-0.299072,0.026936,1.947818
-0.223780,0.019842,2.090138
-0.366080,-0.385222,1.847422
-0.253769,-0.482844,2.174693
-0.416612,-0.767484,1.781314
-0.290226,-0.868901,2.359672
-0.364753,-0.818384,1.719033
-0.251951,-0.915002,2.316583
-0.263292,0.635729,2.021111
-0.320356,0.485362,2.009278
-0.369352,0.340562,1.877005
-0.189861,0.459958,2.084018
-0.429236,0.117740,1.830247
-0.042143,0.612531,2.057144
-0.345903,-0.089690,2.057144
-0.030785,0.638964,1.808329
-0.308505,-0.164382,1.805051
-0.049150,0.656174,1.793381
-0.310529,0.158751,2.041969
-0.273153,0.098711,2.021662
-0.301304,0.029303,1.943291
-0.223104,0.023784,2.078393
-0.366065,-0.382493,1.845588
-0.252455,-0.481591,2.170628
-0.411890,-0.760954,1.793097
-0.288953,-0.867235,2.358424
-0.363031,-0.812393,1.728169
-0.250601,-0.910693,2.309652
-0.266794,0.636379,2.009530
-0.320806,0.485312,2.001196
-0.374580,0.345072,1.875968
-0.186717,0.461107,2.065307
-0.438676,0.119099,1.837211
-0.029339,0.635096,1.980817
-0.357639,-0.088166,1.980817
-0.051192,0.653711,1.807944
-0.323131,-0.163556,1.802497
-0.064995,0.668351,1.718159
-0.310432,0.161176,2.034127
-0.274184,0.101477,2.014495
-0.304366,0.032104,1.939450
-0.223036,0.027932,2.065893
-0.366305,-0.379549,1.844165
-0.251097,-0.480170,2.166509
-0.407134,-0.754350,1.804355
-0.287174,-0.865245,2.356532
-0.361727,-0.806219,1.736949
-0.249363,-0.906351,2.302418
-0.270476,0.637240,1.997382
-0.321399,0.484315,1.992281
-0.378112,0.347694,1.873727
-0.182682,0.461178,2.038927
-0.448325,0.120317,1.845359
-0.028367,0.647198,1.893873
-0.370650,-0.086396,1.893873
-0.071241,0.665892,1.808701
-0.338747,-0.162412,1.800794
-0.086918,0.677824,1.640071
-0.310455,0.164260,2.025460
-0.275912,0.105334,2.006368
-0.308353,0.035913,1.935990
-0.223320,0.033307,2.050781
-0.366716,-0.375897,1.843428
-0.249370,-0.478308,2.162011
-0.402347,-0.747770,1.814782
-0.284238,-0.862522,2.353653
-0.361011,-0.799943,1.745270
-0.248054,-0.901740,2.294901
-0.274207,0.637681,1.985649
-0.320817,0.483247,1.981532
-0.380771,0.350095,1.871054
-0.180195,0.458585,2.013566
-0.457120,0.122371,1.853302
-0.030747,0.653171,1.818732
-0.383740,-0.084609,1.818732
-0.088843,0.676537,1.810065
-0.354785,-0.161258,1.799712
-0.105604,0.686769,1.571529
-0.310616,0.167253,2.016653
-0.277923,0.108915,1.998354
-0.312699,0.039889,1.933036
-0.224562,0.038245,2.035588
-0.367195,-0.372186,1.843042
-0.246862,-0.470029,2.152082
-0.397718,-0.741340,1.824286
-0.278868,-0.852209,2.344504
-0.360095,-0.793902,1.752802
-0.245833,-0.889947,2.280675
-0.277651,0.638314,1.975450
-0.319498,0.483683,1.969025
-0.383326,0.353492,1.868287
-0.178515,0.455443,1.988118
-0.464621,0.126182,1.860294
-0.036588,0.654571,1.749858
-0.396610,-0.083119,1.749858
-0.105413,0.685479,1.811535
-0.370427,-0.160383,1.798778
-0.122962,0.694550,1.509528
-0.310906,0.170244,2.007460
-0.280246,0.112230,1.990270
-0.317263,0.043923,1.930504
-0.226705,0.042791,2.019922
-0.367730,-0.368495,1.842876
-0.245731,-0.459460,2.139722
-0.393291,-0.734959,1.832737
-0.273192,-0.839092,2.332868
-0.359226,-0.787876,1.759519
-0.243768,-0.875899,2.264456
-0.281796,0.638650,1.964763
-0.318724,0.483468,1.955533
-0.385989,0.356577,1.865465
-0.179411,0.448259,1.959137
-0.471594,0.129372,1.866771
-0.046843,0.650512,1.684232
-0.409140,-0.081661,1.684232
-0.122325,0.691779,1.813173
-0.385663,-0.159469,1.798013
-0.140617,0.700012,1.451587
-0.311672,0.172539,1.996618
-0.283370,0.114658,1.980907
-0.321916,0.047363,1.927942
-0.230311,0.045709,2.001344
-0.368185,-0.365502,1.842445
-0.243743,-0.454307,2.130665
-0.389157,-0.728925,1.840307
-0.268188,-0.831904,2.325262
-0.358693,-0.781995,1.765603
-0.241912,-0.867952,2.253353
-0.286009,0.638604,1.954107
-0.316645,0.480768,1.939137
-0.388128,0.358805,1.862565
-0.180600,0.440884,1.931947
-0.477860,0.131665,1.872451
-0.057094,0.645254,1.627437
-0.420988,-0.082133,1.627437
-0.137948,0.696547,1.812933
-0.400230,-0.160173,1.796389
-0.156870,0.704083,1.399898
-0.312582,0.174058,1.985338
-0.286720,0.116416,1.971451
-0.326529,0.050347,1.925413
-0.234238,0.047983,1.983511
-0.368633,-0.362939,1.841848
-0.242172,-0.444237,2.115350
-0.385331,-0.723228,1.847057
-0.262017,-0.818794,2.311863
-0.358033,-0.776532,1.771023
-0.239453,-0.854875,2.236809
-0.290271,0.638442,1.943810
-0.315480,0.478975,1.924052
-0.390408,0.361230,1.859722
-0.181970,0.432900,1.905659
-0.483526,0.133862,1.877409
-0.067781,0.638588,1.577259
-0.432044,-0.082766,1.577259
-0.152504,0.700174,1.812629
-0.413969,-0.161077,1.794556
-0.171907,0.707294,1.353544
-0.313615,0.175290,1.973950
-0.290257,0.117820,1.961808
-0.331139,0.052981,1.922768
-0.238342,0.049622,1.965917
-0.369036,-0.360696,1.841254
-0.240501,-0.438467,2.103540
-0.381830,-0.717907,1.853042
-0.256806,-0.810453,2.302459
-0.357633,-0.771252,1.775849
-0.237509,-0.846387,2.224818
-0.294646,0.638135,1.933690
-0.314579,0.477281,1.909639
-0.392672,0.363630,1.856942
-0.183669,0.424839,1.880766
-0.488625,0.135806,1.881699
-0.078558,0.630733,1.533130
-0.442400,-0.083517,1.533130
-0.166016,0.702612,1.812137
-0.426964,-0.162020,1.792311
-0.185751,0.709568,1.311871
-0.314866,0.176280,1.962276
-0.294016,0.118937,1.951916
-0.335790,0.055374,1.920059
-0.242608,0.050861,1.948662
-0.369468,-0.358639,1.840613
-0.239308,-0.429237,2.085597
-0.378606,-0.712900,1.858307
-0.250973,-0.797952,2.287613
-0.357397,-0.766147,1.780085
-0.235754,-0.834133,2.207793
-0.299088,0.637746,1.923823
-0.313927,0.475640,1.895848
-0.394931,0.365988,1.854192
-0.185509,0.417044,1.857476
-0.493225,0.137519,1.885407
-0.089022,0.621784,1.494180
-0.452047,-0.084339,1.494180
-0.178641,0.703754,1.811226
-0.439189,-0.163071,1.789595
-0.198645,0.710791,1.274225
-0.316389,0.177159,1.950413
-0.298042,0.119935,1.941809
-0.340687,0.057659,1.917237
-0.247038,0.051878,1.931755
-0.369907,-0.356706,1.839945
-0.238714,-0.420051,2.066629
-0.375652,-0.708254,1.862967
-0.245618,-0.785385,2.272181
-0.357289,-0.761302,1.783818
-0.234446,-0.821914,2.190590
-0.303509,0.637292,1.914142
-0.313578,0.473772,1.882838
-0.397178,0.368155,1.851534
-0.187317,0.409704,1.835693
-0.497377,0.138886,1.888491
-0.098471,0.611850,1.459188
-0.461063,-0.085267,1.459188
-0.190632,0.703446,1.809773
-0.450567,-0.164168,1.786210
-0.210890,0.709826,1.239905
-0.318091,0.177939,1.938527
-0.302233,0.120911,1.931495
-0.345848,0.059879,1.914086
-0.251451,0.052869,1.915265
-0.370308,-0.354865,1.839205
-0.238584,-0.410796,2.046083
-0.372934,-0.703883,1.867033
-0.240641,-0.772588,2.255635
-0.357326,-0.756627,1.787037
-0.233541,-0.809538,2.172670
-0.308504,0.637345,1.903669
-0.314104,0.473462,1.868525
-0.400097,0.371394,1.847920
-0.189180,0.403427,1.815501
-0.501406,0.140776,1.890467
-0.106128,0.597273,1.426332
-0.469788,-0.086131,1.426332
-0.206075,0.688329,1.806277
-0.460844,-0.165312,1.780638
-0.229039,0.692725,1.209033
-0.320780,0.180078,1.924083
-0.307416,0.123035,1.918935
-0.352106,0.062965,1.909270
-0.256518,0.054881,1.897485
-0.370532,-0.353368,1.838287
-0.240691,-0.399352,2.017534
-0.370463,-0.699826,1.870617
-0.236133,-0.757623,2.231009
-0.357337,-0.752242,1.789823
-0.232981,-0.795140,2.147012
-0.313318,0.637753,1.891191
-0.314720,0.472631,1.855523
-0.402890,0.374172,1.844552
-0.190916,0.397724,1.797304
-0.505450,0.142218,1.891194
-0.112694,0.579024,1.397282
-0.478004,-0.086953,1.397282
-0.220773,0.667751,1.801841
-0.470115,-0.166333,1.774414
-0.245852,0.672893,1.183292
-0.323471,0.181828,1.910183
-0.312473,0.124850,1.906722
-0.358403,0.065704,1.904101
-0.261297,0.056610,1.880887
-0.370717,-0.351996,1.837282
-0.243029,-0.388951,1.989710
-0.368242,-0.696072,1.873761
-0.230945,-0.743160,2.199948
-0.357472,-0.748096,1.792213
-0.231752,-0.781288,2.115343
-0.317439,0.637167,1.875593
-0.314919,0.471925,1.842460
-0.405390,0.376944,1.840886
-0.191856,0.391896,1.781042
-0.509385,0.143540,1.887888
-0.112134,0.537685,1.379064
-0.484795,-0.088919,1.379064
-0.228111,0.620451,1.792141
-0.477442,-0.167544,1.763891
-0.257094,0.629540,1.167691
-0.325348,0.181752,1.894803
-0.316699,0.124578,1.892938
-0.364133,0.066769,1.896802
-0.265080,0.056228,1.864112
-0.371139,-0.350929,1.835823
-0.246644,-0.382566,1.954670
-0.366266,-0.692718,1.876593
-0.228799,-0.732991,2.157847
-0.357554,-0.744341,1.794327
-0.231815,-0.772287,2.086785
-0.321138,0.636441,1.860380
-0.314916,0.471187,1.830232
-0.409025,0.380098,1.836122
-0.192019,0.387633,1.765979
-0.513223,0.144003,1.882597
-0.105883,0.482223,1.375242
-0.490695,-0.089990,1.375242
-0.226167,0.551524,1.781679
-0.483294,-0.168633,1.752284
-0.258730,0.563672,1.163351
-0.326805,0.181824,1.879970
-0.320278,0.124634,1.879484
-0.369570,0.067650,1.888918
-0.267962,0.056168,1.848603
-0.371710,-0.349963,1.834147
-0.250269,-0.376178,1.920985
-0.364493,-0.689761,1.879191
-0.223927,-0.727064,2.121631
-0.357723,-0.740999,1.796269
-0.229277,-0.767148,2.052140
-0.323509,0.634981,1.842431
-0.315133,0.470545,1.818292
-0.414157,0.381134,1.829039
-0.192157,0.383623,1.752589
-0.516263,0.143417,1.869446
-0.101016,0.415083,1.392922
-0.493582,-0.090744,1.392922
-0.208172,0.435198,1.765192
-0.484897,-0.169149,1.734662
-0.238761,0.431291,1.183021
-0.327885,0.181897,1.864098
-0.323204,0.124640,1.864499
-0.374741,0.067854,1.876346
-0.269810,0.055990,1.833047
-0.372376,-0.349407,1.832415
-0.253181,-0.369858,1.879168
-0.362880,-0.687106,1.881546
-0.217236,-0.723992,2.066097
-0.357732,-0.738123,1.798108
-0.223308,-0.765115,1.997408
-0.325261,0.633412,1.824722
-0.315592,0.469960,1.806518
-0.419422,0.381760,1.821248
-0.192221,0.379948,1.740592
-0.518350,0.142146,1.853228
-0.100248,0.353243,1.422459
-0.494868,-0.091271,1.422459
-0.186332,0.316549,1.746828
-0.484038,-0.169259,1.715253
-0.208334,0.288678,1.228587
-0.328489,0.181889,1.848154
-0.325361,0.124543,1.849236
-0.379128,0.067731,1.862848
-0.270661,0.055678,1.817990
-0.373078,-0.349040,1.830617
-0.254413,-0.364061,1.837189
-0.361420,-0.684686,1.883635
-0.210281,-0.722573,2.001556
-0.357732,-0.735495,1.799755
-0.216213,-0.765141,1.932566
-0.325550,0.631435,1.806316
-0.316170,0.469371,1.794798
-0.424781,0.381832,1.811619
-0.192227,0.376611,1.729790
-0.519006,0.140248,1.832739
-0.101087,0.292811,1.455038
-0.493013,-0.091718,1.455038
-0.163303,0.197908,1.724483
-0.479443,-0.168942,1.692238
-0.176634,0.149535,1.288366
-0.328332,0.181616,1.831835
-0.326381,0.124136,1.833302
-0.381820,0.066938,1.846839
-0.270433,0.055111,1.803384
-0.373844,-0.348894,1.828664
-0.255221,-0.359192,1.798293
-0.360104,-0.682477,1.885463
-0.202704,-0.721764,1.929169
-0.357705,-0.733084,1.801219
-0.207153,-0.765671,1.857834
-0.324198,0.628626,1.785463
-0.316951,0.468483,1.781042
-0.429960,0.380330,1.796625
-0.192078,0.373569,1.719905
-0.516024,0.136608,1.802159
-0.103273,0.237474,1.488153
-0.483051,-0.093812,1.488153
-0.141450,0.076966,1.692648
-0.467235,-0.168709,1.661040
-0.145192,0.007048,1.380631
-0.326334,0.180790,1.812827
-0.324889,0.123144,1.814320
-0.381223,0.065191,1.825979
-0.267769,0.054138,1.787637
-0.374839,-0.348816,1.825517
-0.252183,-0.354256,1.752818
-0.358947,-0.680442,1.886971
-0.197911,-0.721947,1.853006
-0.357616,-0.730846,1.802484
-0.200680,-0.767517,1.779703
-0.321917,0.625346,1.764206
-0.317710,0.467505,1.767239
-0.434644,0.378051,1.780304
-0.191579,0.370699,1.710759
-0.512036,0.132705,1.770491
-0.105410,0.189580,1.518810
-0.472463,-0.095268,1.518810
-0.124909,-0.016351,1.661593
-0.453287,-0.168151,1.629497
-0.121930,-0.103140,1.467879
-0.323966,0.179775,1.794139
-0.322835,0.121968,1.795614
-0.379881,0.063019,1.804630
-0.264414,0.053003,1.772435
-0.376414,-0.348755,1.820010
-0.251413,-0.350556,1.716633
-0.358039,-0.678482,1.887960
-0.190794,-0.719596,1.770588
-0.357541,-0.728723,1.803474
-0.190103,-0.765043,1.693426
-0.318648,0.621337,1.742011
-0.318167,0.466070,1.752229
-0.438510,0.374561,1.761220
-0.190614,0.367848,1.702060
-0.505137,0.126726,1.733548
-0.107762,0.146866,1.548770
-0.459686,-0.097071,1.548770
-0.111303,-0.097216,1.629042
-0.436001,-0.168855,1.595693
-0.102829,-0.194350,1.550083
-0.320969,0.178364,1.774362
-0.319975,0.120437,1.775723
-0.377638,0.060119,1.780773
-0.260195,0.051616,1.756958
-0.378176,-0.348763,1.813704
-0.247068,-0.347031,1.676627
-0.357366,-0.676514,1.888250
-0.190275,-0.718668,1.692142
-0.357439,-0.726652,1.804106
-0.188330,-0.764949,1.611754
-0.311811,0.615052,1.714714
-0.317523,0.463162,1.732106
-0.439907,0.368291,1.734170
-0.188068,0.364438,1.692442
-0.495840,0.119356,1.691393
-0.110181,0.109392,1.577875
-0.438375,-0.102039,1.577875
-0.101795,-0.161236,1.587740
-0.413008,-0.171376,1.555958
-0.089586,-0.263555,1.606324
-0.316204,0.174723,1.747727
-0.314994,0.116554,1.748263
-0.373398,0.053501,1.746966
-0.253528,0.048670,1.735819
-0.380675,-0.350455,1.801532
-0.241316,-0.345313,1.630348
-0.357668,-0.677172,1.887430
-0.188651,-0.718536,1.606757
-0.357046,-0.724947,1.805364
-0.184189,-0.765086,1.523069
-0.304036,0.608521,1.687626
-0.316228,0.459818,1.710947
-0.439560,0.361099,1.704856
-0.185031,0.361008,1.682907
-0.486289,0.112159,1.650830
-0.112386,0.077148,1.604078
-0.418969,-0.105718,1.604078
-0.093677,-0.215249,1.550130
-0.391989,-0.172837,1.520013
-0.078481,-0.323259,1.659782
-0.310572,0.170443,1.719396
-0.308777,0.112022,1.718323
-0.367563,0.046675,1.710079
-0.245684,0.045041,1.712233
-0.381887,-0.352258,1.786641
-0.235042,-0.344544,1.584381
-0.357467,-0.676408,1.885597
-0.189717,-0.720383,1.538035
-0.356698,-0.723367,1.805155
-0.183525,-0.767509,1.454645
-0.293403,0.601052,1.658185
-0.313420,0.455946,1.686889
-0.436472,0.352695,1.670626
-0.180925,0.356858,1.672604
-0.475188,0.104404,1.606847
-0.114310,0.049353,1.627253
-0.402209,-0.109298,1.627253
-0.086533,-0.262287,1.513573
-0.371414,-0.175344,1.484784
-0.068841,-0.374490,1.707555
-0.303815,0.165243,1.687948
-0.301137,0.106513,1.684598
-0.360163,0.039174,1.668976
-0.236742,0.040517,1.685386
-0.382367,-0.354269,1.767998
-0.227535,-0.345052,1.538638
-0.357343,-0.675691,1.881171
-0.188512,-0.716665,1.472215
-0.356029,-0.721818,1.803648
-0.181779,-0.757387,1.395589
-0.275659,0.592038,1.622975
-0.306656,0.451575,1.655360
-0.428060,0.342979,1.625770
-0.174105,0.353973,1.655526
-0.456174,0.089332,1.547687
-0.115327,0.025435,1.643927
-0.376459,-0.118477,1.643927
-0.079701,-0.302331,1.463599
-0.342319,-0.184402,1.436517
-0.059847,-0.416930,1.747309
-0.293218,0.158425,1.648006
-0.289196,0.099219,1.641103
-0.347326,0.030015,1.616942
-0.224556,0.034628,1.649443
-0.379729,-0.357940,1.735634
-0.221023,-0.345265,1.498195
-0.356749,-0.676483,1.875565
-0.185799,-0.712941,1.406670
-0.354512,-0.721842,1.799560
-0.179352,-0.746250,1.338279
-0.256982,0.583557,1.589075
-0.298671,0.447382,1.622900
-0.417982,0.333491,1.579829
-0.166298,0.351398,1.637362
-0.436365,0.074780,1.487775
-0.115722,0.005198,1.657918
-0.350598,-0.127687,1.657918
-0.073563,-0.334545,1.410234
-0.315871,-0.191715,1.386546
-0.051859,-0.444703,1.779297
-0.282203,0.151732,1.609054
-0.276639,0.092084,1.598557
-0.334109,0.021094,1.567283
-0.211647,0.028958,1.613378
-0.375197,-0.363558,1.694676
-0.208934,-0.347176,1.448696
-0.354959,-0.679212,1.864593
-0.183041,-0.709878,1.349913
-0.351035,-0.723745,1.790179
-0.177012,-0.735912,1.287658
