0.133892,0.393396,2.613478
0.166056,0.221876,2.592322
0.000737,0.074597,2.556261
0.297600,0.130117,2.524418
-0.031302,-0.178658,2.510361
0.367037,-0.161378,2.428250
-0.068818,-0.378794,2.428250
0.386444,-0.378410,2.402952
-0.068683,-0.423386,2.374704
0.388693,-0.433545,2.308939
0.168459,-0.120263,2.536426
0.159760,-0.171511,2.475060
0.091648,-0.243577,2.471773
0.225658,-0.229419,2.434670
0.104920,-0.651659,2.436552
0.224370,-0.611421,2.358701
0.158660,-0.970323,2.532838
0.238061,-0.993808,2.311473
0.155169,-1.018943,2.489879
0.230572,-1.030329,2.230914
0.132533,0.395486,2.595959
0.164818,0.223927,2.574378
-0.000145,0.076283,2.538417
0.296208,0.132666,2.505836
-0.031182,-0.175640,2.491128
0.365905,-0.156854,2.405110
-0.064378,-0.365048,2.405110
0.381515,-0.371162,2.368912
-0.059935,-0.404575,2.332114
0.382294,-0.426347,2.278345
0.167283,-0.118511,2.517817
0.158565,-0.169727,2.456358
0.090555,-0.241797,2.453900
0.224345,-0.227631,2.414834
0.102805,-0.647288,2.409990
0.222181,-0.609416,2.345763
0.156556,-0.969780,2.513384
0.235132,-0.992573,2.293930
0.153069,-1.018944,2.469368
0.227429,-1.029231,2.213275
0.131553,0.397499,2.579689
0.163904,0.225927,2.557956
-0.000760,0.077988,2.521863
0.295152,0.134972,2.488834
-0.031088,-0.171488,2.470107
0.365153,-0.151783,2.383692
-0.060093,-0.352216,2.383692
0.375878,-0.361945,2.334210
-0.048899,-0.378607,2.286867
0.374474,-0.417880,2.248636
0.166351,-0.116776,2.500662
0.157627,-0.167940,2.439076
0.089695,-0.239921,2.437137
0.223289,-0.225907,2.396681
0.100958,-0.643008,2.385665
0.220306,-0.607563,2.334049
0.154454,-0.969443,2.493818
0.232526,-0.991460,2.278077
0.150894,-1.018892,2.448045
0.224618,-1.028224,2.197304
0.130852,0.399359,2.564798
0.163193,0.227766,2.542998
-0.001077,0.079674,2.506434
0.294347,0.137087,2.473274
-0.031974,-0.166580,2.447047
0.364652,-0.146656,2.363974
-0.045548,-0.323945,2.363974
0.369183,-0.350756,2.287154
-0.033024,-0.344257,2.240002
0.363405,-0.407351,2.216722
0.165575,-0.115219,2.484917
0.156859,-0.166330,2.423178
0.089022,-0.238139,2.421529
0.222388,-0.224387,2.380177
0.099295,-0.638905,2.363460
0.218722,-0.605856,2.323440
0.152326,-0.969346,2.474862
0.230249,-0.990487,2.263870
0.148636,-1.018896,2.426919
0.222143,-1.027315,2.182950
0.130337,0.401086,2.551139
0.162670,0.229473,2.529389
-0.001196,0.081293,2.492224
0.293779,0.139032,2.459037
-0.034482,-0.161871,2.425893
0.364427,-0.141225,2.345485
-0.033407,-0.297315,2.345485
0.362115,-0.339514,2.246756
-0.015556,-0.306109,2.198451
0.351064,-0.396153,2.187132
0.164965,-0.113758,2.470611
0.156265,-0.164813,2.408733
0.088529,-0.236438,2.407300
0.221650,-0.222978,2.365224
0.097743,-0.634882,2.343143
0.217434,-0.604280,2.313811
0.150222,-0.969317,2.456599
0.228318,-0.989618,2.251291
0.146340,-1.018791,2.406191
0.220019,-1.026468,2.170194
0.130057,0.402683,2.538560
0.162262,0.231012,2.517008
-0.001121,0.082834,2.479027
0.293405,0.140759,2.445927
-0.035191,-0.156053,2.405153
0.364393,-0.135318,2.327679
-0.011338,-0.255964,2.327679
0.353689,-0.327419,2.204508
0.014982,-0.252374,2.149299
0.335538,-0.383070,2.159270
0.164473,-0.112415,2.457617
0.155797,-0.163408,2.395609
0.088176,-0.234862,2.394374
0.221028,-0.221676,2.351625
0.096379,-0.631162,2.324842
0.216419,-0.602846,2.305096
0.148168,-0.969381,2.439330
0.226692,-0.988832,2.240255
0.144060,-1.018656,2.386322
0.218211,-1.025667,2.158960
0.129931,0.404134,2.527068
0.161950,0.232415,2.505794
-0.000869,0.084296,2.466722
0.293212,0.142256,2.433877
-0.035935,-0.150416,2.385735
0.364529,-0.129386,2.311101
0.008374,-0.217751,2.311101
0.343609,-0.313999,2.169453
0.041572,-0.203966,2.109975
0.317327,-0.368221,2.133921
0.164064,-0.111121,2.445807
0.155431,-0.162019,2.383656
0.088009,-0.233201,2.382360
0.220462,-0.220409,2.339357
0.095187,-0.627769,2.308369
0.215661,-0.601526,2.297215
0.146055,-0.969393,2.422844
0.225344,-0.988047,2.230635
0.141695,-1.018329,2.367117
0.216707,-1.024834,2.149130
0.129937,0.405465,2.516589
0.161742,0.233710,2.495581
-0.000519,0.085721,2.455395
0.293183,0.143542,2.422799
-0.036466,-0.143305,2.365073
0.364836,-0.123138,2.295239
0.029519,-0.178092,2.295239
0.331809,-0.299559,2.138627
0.069636,-0.155074,2.077071
0.296566,-0.348762,2.113616
0.163734,-0.109912,2.435091
0.155145,-0.160718,2.372813
0.087923,-0.231634,2.371449
0.219969,-0.219245,2.328266
0.094137,-0.624673,2.293539
0.215124,-0.600340,2.290106
0.144057,-0.969411,2.407433
0.224285,-0.987290,2.222454
0.139441,-1.017926,2.349005
0.215509,-1.023991,2.140719
0.130084,0.406533,2.506930
0.161881,0.233924,2.485305
0.000113,0.087626,2.443865
0.293271,0.144657,2.412250
-0.035473,-0.130519,2.337448
0.363683,-0.115188,2.277488
0.057207,-0.130198,2.277488
0.315898,-0.283658,2.115600
0.095051,-0.112860,2.054519
0.272565,-0.329062,2.098143
0.163535,-0.108887,2.424894
0.155054,-0.159488,2.362498
0.088259,-0.230032,2.360346
0.219555,-0.218160,2.318069
0.093242,-0.621783,2.279960
0.214763,-0.599295,2.283628
0.142031,-0.969459,2.392668
0.223463,-0.986455,2.215520
0.137264,-1.017459,2.331524
0.214645,-1.023034,2.133568
0.130297,0.407506,2.498188
0.162127,0.233982,2.475924
0.000906,0.089611,2.433064
0.293403,0.145645,2.402561
-0.033489,-0.116868,2.310232
0.362270,-0.107301,2.261001
0.076712,-0.096801,2.261001
0.299780,-0.267939,2.095609
0.119698,-0.073882,2.035982
0.249029,-0.309812,2.085263
0.163412,-0.107946,2.415604
0.155048,-0.158323,2.353089
0.088708,-0.228478,2.350140
0.219205,-0.217137,2.308829
0.092446,-0.619142,2.267709
0.214593,-0.598358,2.277808
0.140143,-0.969452,2.378989
0.222877,-0.985562,2.209826
0.135245,-1.016889,2.315237
0.214057,-1.021987,2.127652
0.130574,0.408487,2.490251
0.162329,0.234696,2.467742
0.001941,0.091655,2.422740
0.293590,0.146528,2.393747
-0.031455,-0.104047,2.284882
0.360719,-0.099643,2.245798
0.094585,-0.066356,2.245798
0.260669,-0.221847,2.078337
0.142368,-0.038334,2.020674
0.218122,-0.278076,2.076205
0.163325,-0.107075,2.407182
0.155114,-0.157252,2.344516
0.089219,-0.227030,2.340847
0.218927,-0.216187,2.300421
0.091744,-0.616741,2.256651
0.214610,-0.597522,2.272607
0.138384,-0.969432,2.366329
0.222506,-0.984647,2.205236
0.133427,-1.016276,2.300099
0.213762,-1.020885,2.122847
0.130916,0.409385,2.483073
0.162592,0.235373,2.460336
0.003115,0.093667,2.412759
0.293817,0.147322,2.385755
-0.029140,-0.092538,2.261386
0.359048,-0.092306,2.231906
0.111022,-0.038533,2.231906
0.224845,-0.179866,2.063597
0.163283,-0.005666,2.008510
0.188508,-0.247413,2.069285
0.163295,-0.106185,2.399531
0.155272,-0.156171,2.336714
0.089798,-0.225605,2.332476
0.218766,-0.215186,2.292701
0.091121,-0.614550,2.246650
0.214806,-0.596794,2.267996
0.136705,-0.969309,2.354545
0.222353,-0.983553,2.201694
0.131771,-1.015514,2.285953
0.213799,-1.019565,2.119118
0.131359,0.410201,2.476532
0.162920,0.236016,2.453633
0.004329,0.095589,2.403458
0.294072,0.148031,2.378519
-0.026518,-0.082269,2.240204
0.357328,-0.085237,2.219243
0.138827,-0.014328,2.219243
0.192693,-0.142135,2.054294
0.190774,0.019579,2.000076
0.160639,-0.218235,2.064215
0.163301,-0.105348,2.392599
0.155484,-0.155144,2.329639
0.090416,-0.224246,2.324876
0.218661,-0.214241,2.285721
0.090571,-0.612543,2.237599
0.215177,-0.596157,2.263938
0.135139,-0.969135,2.343685
0.222393,-0.982389,2.199134
0.130262,-1.014690,2.272880
0.214097,-1.018148,2.116384
0.131943,0.410943,2.470560
0.163377,0.236645,2.447548
0.005617,0.097397,2.394819
0.294361,0.148658,2.371954
-0.023930,-0.073371,2.221518
0.355661,-0.078609,2.207809
0.165208,0.006422,2.207809
0.168251,-0.112431,2.047521
0.217251,0.041512,1.994100
0.137406,-0.193321,2.060143
0.163364,-0.104545,2.386307
0.155766,-0.154153,2.323218
0.091083,-0.222946,2.318003
0.218633,-0.213313,2.279372
0.090089,-0.610704,2.229394
0.215715,-0.595639,2.260388
0.133648,-0.968877,2.333647
0.223514,-0.976934,2.200170
0.128850,-1.013762,2.260764
0.215187,-1.015539,2.117142
0.132683,0.411606,2.465149
0.163923,0.237238,2.442050
0.006924,0.099103,2.386916
0.294679,0.149209,2.365997
-0.021401,-0.065403,2.204865
0.354108,-0.072417,2.197531
0.189726,0.024091,2.197531
0.146676,-0.086172,2.042899
0.242296,0.060349,1.990288
0.116154,-0.170325,2.057245
0.163482,-0.103810,2.380591
0.156114,-0.153246,2.317380
0.091865,-0.221709,2.311607
0.218667,-0.212460,2.273662
0.089674,-0.608997,2.221966
0.216405,-0.595208,2.257316
0.132275,-0.968617,2.324422
0.224891,-0.970973,2.202317
0.127566,-1.012846,2.249614
0.217934,-1.010956,2.123852
0.133581,0.412183,2.460239
0.164552,0.237800,2.437091
0.008294,0.100728,2.379709
0.295066,0.149684,2.360591
-0.018962,-0.058227,2.190023
0.352641,-0.066670,2.188306
0.212504,0.038967,2.188306
0.127118,-0.062550,2.040147
0.265923,0.076301,1.988369
0.096411,-0.148902,2.055441
0.163659,-0.103148,2.375404
0.156525,-0.152439,2.312079
0.092676,-0.220578,2.305793
0.218778,-0.211692,2.268524
0.089330,-0.607406,2.215269
0.217227,-0.594856,2.254686
0.130938,-0.968364,2.315814
0.226457,-0.964684,2.205353
0.126321,-1.011945,2.239214
0.220889,-1.006167,2.131896
0.134610,0.412675,2.455812
0.165283,0.238325,2.432629
0.009722,0.102269,2.373109
0.295524,0.150074,2.355700
-0.016652,-0.051775,2.176746
0.351287,-0.061393,2.180028
0.233515,0.051324,2.180028
0.109646,-0.041508,2.039053
0.288058,0.089631,1.988152
0.078345,-0.129204,2.054454
0.163884,-0.102540,2.370716
0.156986,-0.151699,2.307294
0.093515,-0.219523,2.300499
0.218977,-0.210984,2.263954
0.089053,-0.605923,2.209251
0.218174,-0.594578,2.252466
0.129702,-0.968097,2.307938
0.228151,-0.958236,2.209055
0.125186,-1.011052,2.229692
0.223480,-0.999718,2.136545
0.135758,0.413083,2.451828
0.166093,0.238815,2.428636
0.011261,0.103717,2.367064
0.296057,0.150384,2.351291
-0.014470,-0.045932,2.164814
0.350088,-0.056622,2.172643
0.252747,0.061299,2.172643
0.094074,-0.022737,2.039453
0.308654,0.100451,1.989493
0.061920,-0.111170,2.054137
0.164164,-0.101985,2.366488
0.157507,-0.151024,2.302983
0.094392,-0.218539,2.295686
0.219272,-0.210328,2.259929
0.088848,-0.604541,2.203866
0.219241,-0.594363,2.250618
0.128529,-0.967821,2.300690
0.229912,-0.951757,2.213187
0.124117,-1.010168,2.220932
0.226111,-0.993114,2.141371
0.137116,0.413421,2.448199
0.167013,0.239257,2.425092
0.012795,0.105061,2.361567
0.296774,0.150552,2.347355
-0.012427,-0.040656,2.154105
0.349037,-0.052352,2.166039
0.270861,0.068872,2.166039
0.079993,-0.005956,2.041606
0.328337,0.108779,1.992596
0.046858,-0.094687,2.054499
0.164523,-0.101482,2.362694
0.158118,-0.150411,2.299120
0.095322,-0.217627,2.291310
0.219715,-0.209733,2.256447
0.088710,-0.603249,2.199064
0.220441,-0.594211,2.249119
0.127419,-0.967538,2.294034
0.231718,-0.945352,2.217639
0.123120,-1.009302,2.212894
0.229693,-0.987790,2.150096
0.138557,0.413681,2.444954
0.168060,0.239604,2.421975
0.014321,0.106269,2.356567
0.297738,0.150455,2.343852
-0.010465,-0.035991,2.144570
0.348133,-0.048614,2.160087
0.286029,0.076325,2.160087
0.068936,0.008538,2.042231
0.346717,0.114923,1.996968
0.034396,-0.080171,2.055436
0.164965,-0.101065,2.359296
0.158819,-0.149896,2.295661
0.096273,-0.216822,2.287352
0.220284,-0.209254,2.253410
0.088629,-0.602045,2.194801
0.221767,-0.594132,2.247952
0.126383,-0.967275,2.287940
0.232968,-0.941904,2.220786
0.122203,-1.008488,2.205545
0.231673,-0.984547,2.154207
0.140073,0.413874,2.442066
0.169201,0.239869,2.419274
0.015825,0.107343,2.352037
0.298816,0.150227,2.340787
-0.008470,-0.031872,2.136143
0.347365,-0.045242,2.154903
0.299872,0.082237,2.154903
0.060461,0.021353,2.043732
0.363716,0.119123,2.002519
0.024443,-0.066726,2.057869
0.165485,-0.100726,2.356277
0.159602,-0.149469,2.292588
0.097254,-0.216114,2.283785
0.220963,-0.208865,2.250795
0.088605,-0.600922,2.191054
0.223191,-0.594113,2.247084
0.125409,-0.967025,2.282364
0.234185,-0.938886,2.224039
0.121350,-1.007719,2.198829
0.233546,-0.981640,2.158168
0.141646,0.414009,2.439509
0.170432,0.240044,2.416979
0.017303,0.108279,2.347974
0.300088,0.149789,2.338183
-0.006267,-0.028432,2.129020
0.346786,-0.042408,2.150901
0.312599,0.085902,2.150901
0.054051,0.031607,2.046550
0.379657,0.120296,2.009809
0.015227,-0.054907,2.060396
0.166085,-0.100470,2.353616
0.160467,-0.149131,2.289876
0.098267,-0.215505,2.280579
0.221759,-0.208573,2.248571
0.088631,-0.599880,2.187768
0.224689,-0.594144,2.246478
0.124506,-0.966791,2.277274
0.235352,-0.936266,2.227350
0.120567,-1.006999,2.192707
0.235305,-0.979046,2.161959
0.143267,0.414080,2.437266
0.171756,0.240122,2.415074
0.018761,0.109061,2.344327
0.301516,0.149161,2.336009
-0.003916,-0.025617,2.123030
0.346402,-0.040041,2.147843
0.324121,0.087990,2.147843
0.049919,0.039696,2.050128
0.394276,0.119598,2.017934
0.007658,-0.044395,2.063572
0.166762,-0.100299,2.351292
0.161404,-0.148882,2.287503
0.099300,-0.214989,2.277706
0.222655,-0.208377,2.246713
0.088717,-0.598908,2.184927
0.226247,-0.594203,2.246091
0.123655,-0.966571,2.272617
0.236486,-0.934011,2.230707
0.119837,-1.006323,2.187117
0.236964,-0.976739,2.165591
0.144944,0.414076,2.435294
0.173141,0.240105,2.413535
0.020212,0.109717,2.341064
0.303378,0.147589,2.334204
-0.001408,-0.023390,2.118141
0.346201,-0.038493,2.145258
0.334480,0.088731,2.145258
0.044576,0.046515,2.054306
0.407573,0.117410,2.026597
-0.000150,-0.035056,2.066392
0.167491,-0.100229,2.349273
0.162398,-0.148744,2.285434
0.100337,-0.214572,2.275128
0.223637,-0.208319,2.245189
0.088857,-0.598002,2.182510
0.227839,-0.594297,2.245907
0.122866,-0.966370,2.268375
0.237572,-0.932133,2.234101
0.119170,-1.005701,2.182035
0.238532,-0.974725,2.169076
0.146658,0.413991,2.433583
0.174575,0.240004,2.412327
0.021647,0.110269,2.338162
0.305289,0.146094,2.332855
0.001218,-0.021715,2.114335
0.346168,-0.037304,2.143664
0.343572,0.078610,2.143664
0.044026,0.050233,2.064234
0.419629,0.109402,2.036997
-0.005010,-0.027209,2.070428
0.168276,-0.100232,2.347550
0.163450,-0.148681,2.283662
0.101401,-0.214233,2.272841
0.224699,-0.208343,2.243984
0.089050,-0.597162,2.180490
0.229448,-0.594424,2.245899
0.122131,-0.966177,2.264509
0.238609,-0.930542,2.237445
0.118558,-1.005115,2.177410
0.240006,-0.972941,2.172371
0.148447,0.413812,2.432108
0.176130,0.239787,2.411462
0.023143,0.110632,2.335633
0.307280,0.144545,2.331841
0.003908,-0.020843,2.111987
0.346380,-0.036486,2.143049
0.350414,0.072553,2.143049
0.044427,0.052736,2.070884
0.428549,0.099291,2.047619
-0.009416,-0.020200,2.074748
0.169153,-0.100388,2.346104
0.164562,-0.148777,2.282148
0.102474,-0.214019,2.270793
0.225829,-0.208551,2.243067
0.089287,-0.596416,2.178802
0.231079,-0.594602,2.246031
0.121440,-0.965971,2.260981
0.239577,-0.929171,2.240674
0.117981,-1.004535,2.173190
0.241352,-0.971338,2.175438
0.150238,0.413588,2.430857
0.177721,0.239509,2.410861
0.024639,0.110893,2.333429
0.309296,0.142968,2.331124
0.006597,-0.020463,2.110633
0.346732,-0.035999,2.143183
0.356805,0.066087,2.143183
0.045926,0.053855,2.077488
0.437185,0.088857,2.057956
-0.012886,-0.014186,2.079350
0.170071,-0.100610,2.344909
0.165702,-0.148941,2.280883
0.103547,-0.213872,2.268991
0.226997,-0.208833,2.242409
0.089564,-0.595734,2.177458
0.232693,-0.594813,2.246292
0.120797,-0.965768,2.257766
0.240495,-0.928017,2.243826
0.117448,-1.003979,2.169348
0.242606,-0.969914,2.178326
0.152019,0.413319,2.429806
0.179335,0.239179,2.410499
0.026124,0.111061,2.331527
0.311315,0.141396,2.330671
0.009243,-0.020508,2.110172
0.347205,-0.035787,2.143985
0.361393,0.058556,2.143985
0.049350,0.053461,2.084217
0.443406,0.077165,2.068217
-0.015015,-0.009191,2.084456
0.171021,-0.100892,2.343946
0.166861,-0.149166,2.279846
0.104618,-0.213789,2.267419
0.228192,-0.209178,2.241988
0.089875,-0.595115,2.176434
0.234287,-0.595051,2.246668
0.120199,-0.965567,2.254839
0.241362,-0.927057,2.246888
0.116955,-1.003445,2.165853
0.243769,-0.968650,2.181039
0.153798,0.413034,2.428941
0.180960,0.238809,2.410358
0.027595,0.111143,2.329906
0.313318,0.139843,2.330459
0.011806,-0.020936,2.110511
0.347766,-0.035788,2.145342
0.364912,0.050461,2.145342
0.053127,0.052146,2.090901
0.448331,0.064949,2.078179
-0.016501,-0.005061,2.089657
0.172000,-0.101224,2.343197
0.168036,-0.149444,2.279021
0.105689,-0.213765,2.266068
0.229405,-0.209574,2.241777
0.090226,-0.594562,2.175721
0.235849,-0.595308,2.247140
0.119639,-0.965368,2.252172
0.242454,-0.924461,2.250373
0.116497,-1.002930,2.162673
0.245206,-0.965599,2.184013
0.155553,0.412724,2.428243
0.182578,0.238404,2.410407
0.029049,0.111143,2.328541
0.315300,0.138313,2.330457
0.014284,-0.021707,2.111550
0.348382,-0.035980,2.147170
0.367499,0.042034,2.147170
0.058139,0.049794,2.097463
0.452126,0.052556,2.087745
-0.016904,-0.001817,2.095132
0.172988,-0.101599,2.342642
0.169204,-0.149765,2.278386
0.106737,-0.213791,2.264914
0.230610,-0.210013,2.241752
0.090605,-0.594061,2.175283
0.237373,-0.595578,2.247693
0.119123,-0.965172,2.249748
0.243514,-0.921838,2.253758
0.116077,-1.002434,2.159786
0.246585,-0.962488,2.186828
0.157273,0.412392,2.427696
0.184186,0.237975,2.410625
0.030478,0.111074,2.327417
0.317250,0.136835,2.330651
0.016652,-0.022747,2.113190
0.349032,-0.036308,2.149425
0.368534,0.030004,2.149425
0.061456,0.048863,2.106212
0.455937,0.041149,2.096884
-0.016280,0.000729,2.100875
0.173984,-0.102008,2.342264
0.170367,-0.150121,2.277929
0.107768,-0.213862,2.263953
0.231805,-0.210481,2.241890
0.091003,-0.593613,2.175092
0.238854,-0.595857,2.248311
0.118654,-0.964979,2.247547
0.244537,-0.919217,2.257023
0.115701,-1.001949,2.157169
0.247901,-0.959357,2.189482
0.158957,0.412048,2.427289
0.185779,0.237524,2.410994
0.031876,0.110943,2.326508
0.319144,0.135398,2.330991
0.018902,-0.024000,2.115305
0.349710,-0.036769,2.151979
0.368793,0.018030,2.151979
0.067223,0.045779,2.114654
0.458981,0.029986,2.105534
-0.014949,0.002584,2.106666
0.174986,-0.102449,2.342047
0.171522,-0.150510,2.277628
0.108784,-0.213976,2.263160
0.232990,-0.210978,2.242174
0.091419,-0.593213,2.175125
0.240288,-0.596144,2.248983
0.118216,-0.964784,2.245547
0.245516,-0.916624,2.260152
0.115352,-1.001474,2.154795
0.249148,-0.956241,2.191972
0.160592,0.411702,2.426995
0.187342,0.237058,2.411486
0.033241,0.110756,2.325799
0.321075,0.135033,2.332040
0.021021,-0.025426,2.117805
0.350414,-0.037273,2.154849
0.369756,0.009310,2.154849
0.073187,0.042316,2.121068
0.461361,0.019180,2.113669
-0.013058,0.003835,2.112429
0.176003,-0.102898,2.341985
0.172678,-0.150898,2.277486
0.109800,-0.214119,2.262541
0.234167,-0.211461,2.242586
0.091848,-0.592859,2.175357
0.241670,-0.596433,2.249697
0.117807,-0.964581,2.243729
0.246477,-0.914073,2.263142
0.115029,-1.000996,2.152645
0.250344,-0.953161,2.194303
0.162170,0.411359,2.426800
0.188874,0.236585,2.412075
0.034571,0.110524,2.325285
0.322816,0.133821,2.332640
0.023011,-0.026955,2.120648
0.351144,-0.038009,2.157805
0.370293,0.000929,2.157805
0.079349,0.038532,2.127113
0.463112,0.008737,2.121303
-0.010681,0.004534,2.118117
0.177019,-0.103364,2.342052
0.173819,-0.151305,2.277471
0.110800,-0.214295,2.262069
0.235322,-0.211955,2.243107
0.092286,-0.592557,2.175770
0.242998,-0.596726,2.250444
0.117419,-0.964367,2.242079
0.247358,-0.911589,2.265962
0.114724,-1.000513,2.150703
0.251431,-0.950145,2.196459
0.163696,0.410998,2.426700
0.190362,0.236108,2.412749
0.035862,0.110252,2.324938
0.324480,0.132635,2.333306
0.024866,-0.028569,2.123730
0.351879,-0.038824,2.160878
0.370489,-0.007040,2.160878
0.084705,0.034848,2.132770
0.464351,-0.001212,2.128414
-0.008536,0.004920,2.123450
0.178022,-0.103843,2.342231
0.174933,-0.151726,2.277566
0.111774,-0.214500,2.261726
0.236444,-0.212457,2.243713
0.092728,-0.592294,2.176335
0.244270,-0.597019,2.251214
0.117056,-0.964146,2.240587
0.248187,-0.909185,2.268618
0.114443,-1.000028,2.148954
0.252443,-0.947212,2.198452
0.165166,0.410637,2.426684
0.191800,0.235631,2.413492
0.037111,0.109945,2.324742
0.326071,0.131499,2.334037
0.026606,-0.030243,2.126989
0.352605,-0.039660,2.164032
0.369262,-0.016481,2.164032
0.088803,0.032146,2.138986
0.465177,-0.010609,2.134978
-0.006234,0.004851,2.128546
0.179009,-0.104330,2.342507
0.176021,-0.152156,2.277759
0.112723,-0.214729,2.261504
0.237533,-0.212960,2.244393
0.093173,-0.592068,2.177030
0.245488,-0.597309,2.251998
0.116715,-0.963917,2.239237
0.248967,-0.906867,2.271116
0.114181,-0.999539,2.147382
0.253386,-0.944370,2.200294
0.166563,0.410268,2.426717
0.193187,0.235158,2.414289
0.038317,0.109608,2.324680
0.327584,0.130410,2.334811
0.028215,-0.031936,2.130352
0.353325,-0.040521,2.167231
0.368591,-0.024150,2.167231
0.094016,0.028303,2.143942
0.465330,-0.019959,2.140940
-0.003455,0.004375,2.133536
0.179977,-0.104821,2.342867
0.177079,-0.152591,2.278036
0.113647,-0.214977,2.261388
0.238588,-0.213462,2.245133
0.093628,-0.591878,2.177848
0.246648,-0.597593,2.252789
0.116389,-0.963677,2.238020
0.249702,-0.904638,2.273459
0.113934,-0.999047,2.145975
0.254266,-0.941627,2.201993
0.167907,0.409895,2.426804
0.194519,0.234690,2.415127
0.039479,0.109248,2.324739
0.329018,0.129362,2.335617
0.029695,-0.033624,2.133766
0.354038,-0.041400,2.170430
0.367629,-0.031423,2.170430
0.097087,0.025332,2.148520
0.464975,-0.028905,2.146425
-0.002235,0.004227,2.137796
0.180923,-0.105313,2.343299
0.178105,-0.153028,2.278387
0.114543,-0.215243,2.261367
0.239606,-0.213960,2.245921
0.094079,-0.591719,2.178759
0.247753,-0.597873,2.253581
0.116079,-0.963428,2.236924
0.250385,-0.902509,2.275645
0.113701,-0.998548,2.144718
0.255076,-0.938996,2.203549
0.169191,0.409524,2.426941
0.195795,0.234230,2.415990
0.040595,0.108868,2.324903
0.330371,0.128364,2.336439
0.031044,-0.035297,2.137202
0.354731,-0.042281,2.173603
0.360848,-0.035158,2.173603
0.102166,0.020887,2.153993
0.455389,-0.032020,2.153156
0.000972,0.002809,2.142347
0.181843,-0.105802,2.343792
0.179098,-0.153466,2.278799
0.115412,-0.215522,2.261431
0.240585,-0.214450,2.246745
0.094522,-0.591577,2.179750
0.248804,-0.598146,2.254369
0.115783,-0.963168,2.235938
0.251021,-0.900479,2.277676
0.113481,-0.998043,2.143598
0.255821,-0.936477,2.204971
0.170422,0.409146,2.427112
0.197019,0.233773,2.416858
0.041668,0.108469,2.325158
0.331886,0.128290,2.337971
0.032309,-0.036945,2.140619
0.355403,-0.043145,2.176725
0.353956,-0.038671,2.176725
0.106125,0.017579,2.159222
0.450025,-0.036158,2.158612
0.004328,0.001110,2.146666
0.182748,-0.106257,2.344341
0.180081,-0.153855,2.279281
0.116275,-0.215785,2.261574
0.241551,-0.214881,2.247626
0.094956,-0.591460,2.180797
0.249803,-0.598413,2.255147
0.115494,-0.962869,2.235054
0.251608,-0.898548,2.279560
0.113273,-0.997496,2.142607
0.256515,-0.934065,2.206268
0.171596,0.408755,2.427294
0.198186,0.233327,2.417726
0.042691,0.108057,2.325486
0.333351,0.128384,2.339598
0.033455,-0.038554,2.143970
0.356043,-0.044001,2.179750
0.349283,-0.042103,2.179750
0.110742,0.013384,2.163515
0.444247,-0.039605,2.163719
0.007791,-0.000801,2.150748
0.183629,-0.106694,2.344930
0.181036,-0.154225,2.279809
0.117118,-0.216052,2.261788
0.242483,-0.215285,2.248520
0.095382,-0.591363,2.181887
0.250749,-0.598670,2.255908
0.115215,-0.962551,2.234261
0.252152,-0.896713,2.281305
0.113076,-0.996933,2.141732
0.257153,-0.931764,2.207449
0.172712,0.408369,2.427500
0.199292,0.232893,2.418582
0.043667,0.107627,2.325876
0.334551,0.127834,2.340596
0.034490,-0.040114,2.147216
0.356648,-0.044823,2.182652
0.344520,-0.045066,2.182652
0.115084,0.009530,2.167508
0.434416,-0.041366,2.169209
0.011264,-0.002730,2.154628
0.184494,-0.107126,2.345547
0.181956,-0.154594,2.280364
0.117932,-0.216329,2.262054
0.243378,-0.215683,2.249416
0.095799,-0.591284,2.183003
0.251642,-0.598920,2.256651
0.114947,-0.962224,2.233554
0.252655,-0.894975,2.282918
0.112879,-0.996365,2.140964
0.257720,-0.929581,2.208521
0.173773,0.407989,2.427725
0.200344,0.232474,2.419429
0.044596,0.107190,2.326322
0.335674,0.127297,2.341548
0.035420,-0.041602,2.150353
0.357226,-0.045631,2.185436
0.339761,-0.047653,2.185436
0.118597,0.006523,2.171175
0.427735,-0.043639,2.173663
0.014779,-0.004721,2.158327
0.185332,-0.107547,2.346186
0.182839,-0.154956,2.280940
0.118717,-0.216609,2.262368
0.244233,-0.216070,2.250303
0.096206,-0.591220,2.184137
0.252484,-0.599158,2.257372
0.114689,-0.961882,2.232926
0.253134,-0.893339,2.284402
0.112690,-0.995785,2.140294
0.258250,-0.927516,2.209487
0.174780,0.407619,2.427939
0.201354,0.232065,2.420226
0.045479,0.106745,2.326791
0.336735,0.126674,2.342396
0.036277,-0.043003,2.153326
0.357799,-0.046473,2.187922
0.335002,-0.049809,2.187922
0.121921,0.003781,2.174504
0.418024,-0.044414,2.178026
0.018373,-0.006660,2.161788
0.186130,-0.107979,2.346804
0.183662,-0.155341,2.281494
0.119448,-0.216910,2.262695
0.245015,-0.216483,2.251131
0.096605,-0.591158,2.185266
0.253278,-0.599386,2.258061
0.114441,-0.961523,2.232374
0.253573,-0.891800,2.285761
0.112506,-0.995187,2.139723
0.258720,-0.925564,2.210355
0.175733,0.407258,2.428162
0.202317,0.231679,2.420988
0.046319,0.106296,2.327290
0.337761,0.125882,2.343161
0.037069,-0.044298,2.156106
0.358362,-0.047413,2.190177
0.330340,-0.051618,2.190177
0.125554,0.000687,2.177537
0.408496,-0.044769,2.181951
0.021891,-0.008709,2.164977
0.186894,-0.108411,2.347414
0.184438,-0.155735,2.282041
0.120137,-0.217222,2.263042
0.245749,-0.216902,2.251931
0.096993,-0.591107,2.186390
0.254024,-0.599604,2.258723
0.114201,-0.961160,2.231887
0.253982,-0.890357,2.287004
0.112325,-0.994591,2.139234
0.259149,-0.923727,2.211133
0.176634,0.406906,2.428390
0.203232,0.231318,2.421709
0.047118,0.105845,2.327795
0.338695,0.125237,2.343899
0.037782,-0.045528,2.158732
0.358882,-0.048212,2.192333
0.325744,-0.053105,2.192333
0.128989,-0.002271,2.180274
0.399130,-0.044723,2.185389
0.025345,-0.010791,2.167935
0.187622,-0.108828,2.348017
0.185175,-0.156121,2.282587
0.120794,-0.217537,2.263410
0.246440,-0.217309,2.252705
0.097368,-0.591067,2.187504
0.254725,-0.599813,2.259356
0.113969,-0.960786,2.231459
0.254356,-0.889009,2.288147
0.112153,-0.993988,2.138818
0.259538,-0.922003,2.211835
0.177479,0.406576,2.428617
0.204104,0.230978,2.422384
0.047876,0.105397,2.328315
0.339589,0.124456,2.344552
0.038427,-0.046676,2.161201
0.359393,-0.049078,2.194282
0.321254,-0.054304,2.194282
0.132238,-0.005069,2.182746
0.390085,-0.044370,2.188411
0.028727,-0.012871,2.170665
0.188322,-0.109240,2.348602
0.185875,-0.156508,2.283118
0.121416,-0.217857,2.263788
0.247093,-0.217713,2.253448
0.097728,-0.591037,2.188601
0.255383,-0.600013,2.259962
0.113746,-0.960408,2.231086
0.254701,-0.887749,2.289194
0.111985,-0.993385,2.138470
0.259885,-0.920386,2.212465
0.178279,0.406251,2.428840
0.204931,0.230655,2.423022
0.048596,0.104956,2.328844
0.340447,0.123568,2.345129
0.039009,-0.047746,2.163524
0.359879,-0.049975,2.196056
0.316893,-0.055256,2.196056
0.135302,-0.007690,2.184959
0.381451,-0.043812,2.191015
0.032027,-0.014921,2.173188
0.188992,-0.109647,2.349169
0.186538,-0.156897,2.283637
0.122006,-0.218182,2.264174
0.247708,-0.218117,2.254160
0.098073,-0.591014,2.189674
0.256002,-0.600203,2.260542
0.113532,-0.960025,2.230763
0.255017,-0.886573,2.290152
0.111822,-0.992781,2.138187
0.260194,-0.918871,2.213030
0.179032,0.405938,2.429061
0.205711,0.230346,2.423621
0.049276,0.104522,2.329377
0.341261,0.122644,2.345649
0.039535,-0.048738,2.165698
0.360336,-0.050843,2.197672
0.312664,-0.055971,2.197672
0.138184,-0.010152,2.186924
0.373243,-0.043041,2.193224
0.035228,-0.016938,2.175497
0.189631,-0.110044,2.349720
0.187166,-0.157280,2.284144
0.122564,-0.218508,2.264564
0.248288,-0.218514,2.254843
0.098407,-0.590996,2.190720
0.256581,-0.600379,2.261090
0.113322,-0.959634,2.230488
0.255308,-0.885475,2.291029
0.111661,-0.992174,2.137964
0.260472,-0.917453,2.213537
0.179741,0.405641,2.429269
0.206459,0.230061,2.424177
0.049929,0.104105,2.329917
0.342035,0.121664,2.346100
0.040013,-0.049644,2.167741
0.360778,-0.051697,2.199136
0.308620,-0.056560,2.199136
0.140902,-0.012469,2.188572
0.365582,-0.042339,2.194844
0.038331,-0.018918,2.177596
0.190243,-0.110434,2.350249
0.187762,-0.157662,2.284633
0.123093,-0.218838,2.264956
0.248836,-0.218908,2.255491
0.098731,-0.590992,2.191730
0.257124,-0.600548,2.261611
0.113116,-0.959234,2.230255
0.255579,-0.884463,2.291830
0.111500,-0.991560,2.137794
0.261000,-0.916837,2.215512
0.180409,0.405357,2.429474
0.207166,0.229791,2.424700
0.050556,0.103705,2.330462
0.342767,0.120669,2.346502
0.040445,-0.050472,2.169660
0.361195,-0.052519,2.200471
0.304733,-0.056974,2.200471
0.143052,-0.014543,2.190006
0.358402,-0.041542,2.196146
0.040853,-0.020679,2.179413
0.190828,-0.110812,2.350759
0.188328,-0.158037,2.285108
0.123597,-0.219165,2.265347
0.249353,-0.219293,2.256112
0.099044,-0.590993,2.192710
0.257633,-0.600707,2.262105
0.112915,-0.958826,2.230060
0.255831,-0.883523,2.292561
0.111342,-0.990943,2.137670
0.261518,-0.916427,2.217645
0.181032,0.405131,2.429603
0.207838,0.229545,2.425129
0.051183,0.103364,2.330936
0.343432,0.119987,2.346846
0.040875,-0.051151,2.171359
0.361530,-0.053093,2.201651
0.301951,-0.058120,2.201651
0.145037,-0.016474,2.191021
0.353580,-0.042179,2.197205
0.043227,-0.022331,2.180964
0.191401,-0.111143,2.351203
0.188874,-0.158361,2.285522
0.124092,-0.219448,2.265688
0.249847,-0.219616,2.256662
0.099373,-0.590999,2.193629
0.258117,-0.600855,2.262551
0.112439,-0.954412,2.229664
0.256078,-0.882646,2.293214
0.110950,-0.986051,2.137569
0.262026,-0.916156,2.219741
0.181622,0.404925,2.429699
0.208473,0.229317,2.425505
0.051785,0.103042,2.331368
0.344055,0.119377,2.347136
0.041277,-0.051765,2.172904
0.361832,-0.053612,2.202717
0.297681,-0.057971,2.202717
0.146991,-0.018332,2.191394
0.348218,-0.041890,2.198018
0.045604,-0.023990,2.182307
0.191952,-0.111453,2.351608
0.189394,-0.158668,2.285903
0.124568,-0.219723,2.266017
0.250314,-0.219917,2.257158
0.099696,-0.591007,2.194494
0.258566,-0.600989,2.262959
0.111975,-0.949508,2.229251
0.256313,-0.881833,2.293805
0.110563,-0.980665,2.137481
0.262712,-0.915975,2.221809
0.182182,0.404740,2.429766
0.209080,0.229105,2.425837
0.052357,0.102741,2.331768
0.344638,0.118829,2.347393
0.041645,-0.052320,2.174319
0.362108,-0.054085,2.203684
0.294002,-0.058506,2.203684
0.148731,-0.020040,2.191667
0.343455,-0.042072,2.198678
0.047789,-0.025548,2.183489
0.192482,-0.111740,2.351983
0.189891,-0.158954,2.286257
0.125024,-0.219984,2.266333
0.250759,-0.220195,2.257616
0.100010,-0.591016,2.195314
0.258986,-0.601115,2.263339
0.111515,-0.944274,2.228843
0.256530,-0.881081,2.294338
0.110192,-0.974957,2.137417
0.263445,-0.915909,2.223896
0.182718,0.404573,2.429804
0.209656,0.228909,2.426131
0.052901,0.102458,2.332142
0.345187,0.118387,2.347646
0.041983,-0.052821,2.175615
0.362360,-0.054516,2.204562
0.290963,-0.058980,2.204562
0.150426,-0.021720,2.192089
0.339083,-0.042283,2.199159
0.049963,-0.027140,2.184500
0.192992,-0.112001,2.352329
0.190371,-0.159213,2.286587
0.125468,-0.220231,2.266639
0.251188,-0.220443,2.258034
0.100317,-0.591023,2.196094
0.259379,-0.601232,2.263693
0.111072,-0.938826,2.228435
0.256733,-0.880386,2.294821
0.109857,-0.969053,2.137362
0.264095,-0.916031,2.226123
0.183230,0.404422,2.429814
0.210202,0.228729,2.426392
0.053418,0.102192,2.332483
0.345703,0.117996,2.347873
0.042290,-0.053274,2.176790
0.362590,-0.054908,2.205360
0.287202,-0.058705,2.205360
0.151948,-0.023277,2.191762
0.334875,-0.042110,2.199327
0.051980,-0.028649,2.185369
0.193477,-0.112242,2.352650
0.190828,-0.159455,2.286895
0.125892,-0.220466,2.266933
0.251594,-0.220671,2.258418
0.100616,-0.591030,2.196832
0.259747,-0.601340,2.264021
0.110663,-0.933286,2.228033
0.256922,-0.879741,2.295254
0.109573,-0.963081,2.137317
0.264482,-0.915596,2.227224
0.183716,0.404280,2.429803
0.210720,0.228561,2.426620
0.053909,0.101943,2.332797
0.346343,0.118480,2.348290
0.042570,-0.053684,2.177862
0.362802,-0.055265,2.206084
0.285024,-0.059406,2.206084
0.153385,-0.024747,2.191663
0.332229,-0.042982,2.199244
0.053925,-0.030119,2.186091
0.193947,-0.112454,2.352947
0.191269,-0.159664,2.287183
0.126308,-0.220679,2.267221
0.251983,-0.220868,2.258770
0.100909,-0.591040,2.197535
0.260089,-0.601437,2.264323
0.110309,-0.927758,2.227655
0.257097,-0.879134,2.295638
0.109339,-0.957148,2.137293
0.264818,-0.915128,2.228145
0.184179,0.404147,2.429770
0.211218,0.228399,2.426812
0.054380,0.101709,2.333087
0.346828,0.118290,2.348480
0.042826,-0.054053,2.178839
0.362997,-0.055590,2.206740
0.281704,-0.058982,2.206740
0.154696,-0.026110,2.191057
0.328838,-0.042885,2.199099
0.055756,-0.031521,2.186696
0.194400,-0.112650,2.353222
0.191691,-0.159857,2.287451
0.126709,-0.220879,2.267498
0.252352,-0.221047,2.259093
0.101193,-0.591051,2.198199
0.260411,-0.601527,2.264603
0.110054,-0.922367,2.227312
0.257259,-0.878569,2.295979
0.109198,-0.951384,2.137297
0.265525,-0.915210,2.229884
0.184622,0.404024,2.429715
0.211687,0.228245,2.426975
0.054828,0.101491,2.333351
0.347283,0.118119,2.348642
0.043060,-0.054386,2.179729
0.363176,-0.055886,2.207334
0.278494,-0.058436,2.207334
0.155846,-0.027362,2.190319
0.325705,-0.042740,2.198835
0.057437,-0.032837,2.187198
0.194834,-0.112828,2.353476
0.192095,-0.160032,2.287702
0.127098,-0.221062,2.267755
0.252707,-0.221209,2.259396
0.101467,-0.591063,2.198827
0.260713,-0.601610,2.264864
0.109828,-0.917121,2.226986
0.257412,-0.878045,2.296285
0.109090,-0.945795,2.137309
0.266161,-0.915438,2.231717
0.185071,0.403903,2.429607
0.212133,0.228102,2.427110
0.055255,0.101289,2.333590
0.347710,0.117966,2.348776
0.043275,-0.054682,2.180536
0.363345,-0.056151,2.207862
0.275409,-0.057755,2.207862
0.157059,-0.028541,2.189464
0.322542,-0.042281,2.197931
0.059171,-0.034145,2.187539
0.195249,-0.112992,2.353710
0.192484,-0.160195,2.287934
0.127474,-0.221234,2.268000
0.253047,-0.221356,2.259676
0.101730,-0.591075,2.199412
0.260995,-0.601687,2.265106
0.109623,-0.912052,2.226673
0.257556,-0.877557,2.296559
0.109004,-0.940415,2.137321
0.266789,-0.915754,2.233581
0.185497,0.403797,2.429476
0.212554,0.227968,2.427221
0.055659,0.101106,2.333807
0.348108,0.117850,2.348887
0.043467,-0.054940,2.181269
0.363507,-0.056385,2.208327
0.272408,-0.056956,2.208327
0.158213,-0.029645,2.188498
0.319568,-0.041741,2.196865
0.060848,-0.035412,2.187772
0.195647,-0.113140,2.353926
0.192855,-0.160342,2.288151
0.127838,-0.221392,2.268235
0.253371,-0.221487,2.259935
0.101983,-0.591087,2.199962
0.261262,-0.601757,2.265332
0.109441,-0.907198,2.226377
0.257692,-0.877107,2.296804
0.108934,-0.935282,2.137336
0.267392,-0.916151,2.235438
0.185910,0.403701,2.429322
0.212953,0.227844,2.427310
0.056033,0.100938,2.334001
0.348486,0.117751,2.348974
0.043643,-0.055163,2.181931
0.363648,-0.056576,2.208709
0.269950,-0.056637,2.208709
0.159318,-0.030653,2.187575
0.317186,-0.041807,2.195650
0.062472,-0.036621,2.187906
0.196026,-0.113273,2.354126
0.193209,-0.160476,2.288354
0.128187,-0.221540,2.268461
0.253680,-0.221606,2.260174
0.102229,-0.591101,2.200481
0.261513,-0.601821,2.265543
0.109280,-0.902582,2.226096
0.257819,-0.876692,2.297025
0.108888,-0.930415,2.137351
0.268002,-0.916578,2.237214
0.186313,0.403612,2.429141
0.213329,0.227732,2.427379
0.056387,0.100786,2.334171
0.348841,0.117670,2.349038
0.043809,-0.055340,2.182518
0.363781,-0.056727,2.209021
0.267051,-0.055236,2.209021
0.160403,-0.031542,2.186021
0.314493,-0.040590,2.193649
0.064070,-0.037759,2.187943
0.196386,-0.113393,2.354311
0.193547,-0.160597,2.288544
0.128522,-0.221675,2.268677
0.253974,-0.221711,2.260396
0.102463,-0.591112,2.200963
0.261755,-0.601874,2.265739
0.109135,-0.898199,2.225811
0.257939,-0.876309,2.297222
0.108856,-0.925812,2.137346
0.268566,-0.917071,2.238986
0.186702,0.403532,2.428938
0.213679,0.227632,2.427432
0.056721,0.100647,2.334320
0.349181,0.117603,2.349069
0.043962,-0.055472,2.183036
0.363900,-0.056835,2.209261
0.264270,-0.053681,2.209261
0.161432,-0.032293,2.184395
0.311990,-0.039217,2.191556
0.065603,-0.038806,2.187896
0.196726,-0.113498,2.354483
0.193866,-0.160705,2.288723
0.128840,-0.221799,2.268885
0.254253,-0.221804,2.260603
0.102683,-0.591116,2.201405
0.261984,-0.601922,2.265924
0.108977,-0.893981,2.225488
0.258052,-0.875954,2.297399
0.108809,-0.921403,2.137289
0.268903,-0.916980,2.239771
0.187077,0.403461,2.428712
0.214005,0.227546,2.427467
0.057036,0.100523,2.334449
0.349497,0.117569,2.349057
0.044098,-0.055539,2.183471
0.364040,-0.056871,2.209407
0.261574,-0.051931,2.209407
0.162410,-0.032926,2.182667
0.309640,-0.037645,2.189338
0.067064,-0.039775,2.187763
0.197049,-0.113588,2.354643
0.194167,-0.160799,2.288891
0.129144,-0.221909,2.269088
0.254514,-0.221883,2.260797
0.102891,-0.591106,2.201803
0.262208,-0.601953,2.266099
0.108823,-0.889961,2.225113
0.258160,-0.875624,2.297556
0.108750,-0.917220,2.137167
0.269184,-0.916820,2.240370
0.187426,0.403401,2.428476
0.214308,0.227475,2.427480
0.057322,0.100414,2.334559
0.349795,0.117552,2.349005
0.044216,-0.055565,2.183843
0.364171,-0.056844,2.209448
0.258903,-0.049943,2.209448
0.162873,-0.033349,2.180712
0.307366,-0.035775,2.186769
0.068242,-0.040646,2.187418
0.197356,-0.113656,2.354793
0.194453,-0.160871,2.289052
0.129433,-0.221999,2.269284
0.254767,-0.221941,2.260985
0.103084,-0.591090,2.202162
0.262425,-0.601975,2.266265
0.108644,-0.886105,2.224680
0.258262,-0.875317,2.297697
0.108659,-0.913229,2.136976
0.269418,-0.916598,2.240798
0.187751,0.403380,2.428159
0.214599,0.227444,2.427404
0.057569,0.100320,2.334641
0.350067,0.117583,2.348855
0.044312,-0.055583,2.184165
0.364380,-0.056708,2.209364
0.257815,-0.049495,2.209364
0.163935,-0.032733,2.179081
0.306939,-0.035814,2.184792
0.069765,-0.041108,2.186540
0.197662,-0.113662,2.354938
0.194739,-0.160882,2.289218
0.129718,-0.222037,2.269473
0.255024,-0.221926,2.261213
0.103280,-0.591021,2.202450
0.262641,-0.601974,2.266425
0.108448,-0.882157,2.223920
0.258360,-0.875031,2.297821
0.108542,-0.909181,2.136462
0.269608,-0.916321,2.241073
0.188052,0.403378,2.427778
0.214872,0.227425,2.427258
0.057790,0.100231,2.334697
0.350318,0.117620,2.348566
0.044386,-0.055641,2.184487
0.364581,-0.056542,2.209191
0.257016,-0.049439,2.209191
0.164987,-0.031895,2.177203
0.306886,-0.036267,2.182534
0.071273,-0.041452,2.185502
0.197958,-0.113646,2.355070
0.195009,-0.160875,2.289375
0.129985,-0.222061,2.269657
0.255262,-0.221900,2.261421
0.103478,-0.590920,2.202673
0.262850,-0.601964,2.266575
0.108259,-0.878281,2.223001
0.258452,-0.874765,2.297932
0.108404,-0.905231,2.135784
0.269744,-0.915996,2.241212
0.188317,0.403407,2.427266
0.215133,0.227428,2.427037
0.057990,0.100154,2.334740
0.350549,0.117684,2.348209
0.044448,-0.055708,2.184779
0.364776,-0.056359,2.208926
0.253145,-0.046254,2.208926
0.165804,-0.030968,2.172193
0.304399,-0.034084,2.177971
0.072658,-0.041744,2.184239
0.198238,-0.113603,2.355186
0.195259,-0.160846,2.289519
0.130235,-0.222065,2.269837
0.255477,-0.221862,2.261607
0.103683,-0.590747,2.202789
0.263054,-0.601946,2.266719
0.108071,-0.874397,2.221796
0.258543,-0.874516,2.298029
0.108246,-0.901298,2.134822
0.269844,-0.915632,2.241230
0.188544,0.403463,2.426636
0.215377,0.227465,2.426710
0.058164,0.100078,2.334757
0.350762,0.117793,2.347791
0.044455,-0.055825,2.185035
0.364944,-0.056200,2.208573
0.248285,-0.042592,2.208573
0.167099,-0.029873,2.166205
0.299114,-0.029290,2.168761
0.074340,-0.041951,2.182468
0.198505,-0.113532,2.355287
0.195494,-0.160797,2.289653
0.130469,-0.222053,2.270012
0.255677,-0.221811,2.261778
0.103887,-0.590540,2.202789
0.263248,-0.601921,2.266855
0.107872,-0.870570,2.220308
0.258628,-0.874288,2.298117
0.108068,-0.897444,2.133574
0.269907,-0.915243,2.241143
0.188727,0.403556,2.425889
0.215597,0.227540,2.426249
0.058315,0.100005,2.334751
0.350952,0.117942,2.347296
0.044297,-0.055920,2.185251
0.365111,-0.056078,2.208148
0.243143,-0.039826,2.208148
0.169955,-0.028648,2.159753
0.295458,-0.027032,2.162329
0.077430,-0.042295,2.179134
0.198756,-0.113437,2.355364
0.195711,-0.160734,2.289770
0.130678,-0.222034,2.270161
0.255863,-0.221751,2.261938
0.104095,-0.590269,2.202640
0.263436,-0.601890,2.266984
0.107634,-0.866761,2.218358
0.258709,-0.874082,2.298195
0.107829,-0.893625,2.131866
0.269944,-0.914856,2.240974
0.188839,0.403687,2.424984
0.215766,0.227679,2.425563
0.058443,0.099938,2.334728
0.351106,0.118152,2.346694
0.044075,-0.056010,2.185446
0.365291,-0.056028,2.207679
0.237485,-0.038365,2.207679
0.173527,-0.027953,2.152233
0.291385,-0.025882,2.154882
0.082647,-0.042449,2.171323
0.198995,-0.113303,2.355411
0.195911,-0.160652,2.289868
0.130872,-0.222004,2.270302
0.256034,-0.221680,2.262074
0.104271,-0.589933,2.202224
0.263616,-0.601854,2.267104
0.107282,-0.862909,2.215463
0.258785,-0.873892,2.298263
0.108012,-0.890918,2.131267
0.269936,-0.914451,2.240717
0.188540,0.404118,2.423086
0.215683,0.228044,2.423905
0.058464,0.099899,2.334638
0.350988,0.119043,2.345472
0.043252,-0.056275,2.186177
0.365484,-0.056064,2.207188
0.230518,-0.039372,2.207188
0.177660,-0.035925,2.145515
0.276741,-0.033162,2.138053
0.089063,-0.047077,2.158787
0.199154,-0.113121,2.355281
0.196024,-0.160566,2.289858
0.130993,-0.222001,2.270419
0.256121,-0.221613,2.262020
0.104316,-0.589147,2.201201
0.263790,-0.601758,2.267176
0.106641,-0.860751,2.211221
0.258852,-0.873711,2.298321
0.107306,-0.888951,2.127521
0.269808,-0.914004,2.240355
0.187953,0.404696,2.420401
0.215367,0.228524,2.421460
0.058398,0.099889,2.334472
0.350685,0.120181,2.343740
0.042303,-0.056588,2.187007
0.365684,-0.056147,2.206659
0.212688,-0.050705,2.206659
0.188461,-0.054188,2.134909
0.251282,-0.053697,2.119430
0.108518,-0.075055,2.145464
0.199251,-0.112857,2.354900
0.196054,-0.160434,2.289668
0.131039,-0.221996,2.270494
0.256169,-0.221509,2.261661
0.104259,-0.588182,2.199720
0.263936,-0.601669,2.267210
0.105718,-0.858981,2.205690
0.258911,-0.873541,2.298365
0.106199,-0.887365,2.122401
0.269585,-0.913522,2.239885
0.187016,0.405374,2.416975
0.214795,0.229104,2.418175
0.058159,0.099910,2.334102
0.350034,0.121627,2.341280
0.041184,-0.057022,2.187946
0.365888,-0.056265,2.206091
0.193984,-0.063537,2.206091
0.199619,-0.072484,2.124723
0.225379,-0.075389,2.101950
0.128214,-0.106353,2.131839
0.199237,-0.112500,2.354021
0.195930,-0.160240,2.289045
0.130913,-0.222012,2.270399
0.256147,-0.221313,2.260644
0.104152,-0.587082,2.197840
0.264071,-0.601556,2.267194
0.104478,-0.857674,2.198473
0.258964,-0.873376,2.298396
0.104648,-0.886232,2.115506
0.269282,-0.913007,2.239321
0.185668,0.406061,2.412551
0.214013,0.229789,2.414042
0.057693,0.099945,2.333383
0.349069,0.123330,2.338069
0.039840,-0.057871,2.188868
0.366083,-0.056553,2.205339
0.171239,-0.081539,2.205339
0.211174,-0.091610,2.114924
0.197110,-0.104554,2.082857
0.148346,-0.138265,2.118518
0.199136,-0.112071,2.352614
0.195693,-0.160009,2.287956
0.130653,-0.222053,2.270053
0.256076,-0.221075,2.259085
0.103875,-0.585806,2.195267
0.264176,-0.601413,2.267070
0.103132,-0.856762,2.190041
0.259010,-0.873220,2.298411
0.102921,-0.885481,2.107322
0.268915,-0.912473,2.238662
0.184037,0.406876,2.407444
0.212946,0.230576,2.408487
0.056899,0.100002,2.332175
0.347900,0.125188,2.333912
0.037756,-0.060825,2.189370
0.366241,-0.057076,2.204286
0.145310,-0.107471,2.204286
0.223336,-0.112808,2.103791
0.165039,-0.144522,2.063335
0.168020,-0.171253,2.105257
0.198881,-0.111602,2.350430
0.195265,-0.159796,2.286182
0.130052,-0.222220,2.269118
0.255938,-0.220871,2.256896
0.103397,-0.584225,2.191882
0.264237,-0.601259,2.266779
0.101409,-0.856083,2.180263
0.259049,-0.873067,2.298399
0.100695,-0.885264,2.097522
0.268482,-0.911921,2.237887
0.181861,0.407793,2.400837
0.211306,0.231385,2.401481
0.055664,0.100079,2.330215
0.346177,0.127242,2.328247
0.035380,-0.064384,2.189700
0.366282,-0.058004,2.202626
0.117808,-0.139432,2.202626
0.235800,-0.136049,2.093444
0.129491,-0.188276,2.047968
0.187266,-0.203555,2.092128
0.198315,-0.111060,2.347247
0.194479,-0.159555,2.283490
0.129139,-0.222429,2.267645
0.255481,-0.220662,2.253587
0.102683,-0.582369,2.187733
0.264226,-0.601108,2.266230
0.099702,-0.855544,2.169389
0.259078,-0.872894,2.298319
0.098388,-0.885332,2.086476
0.267940,-0.911295,2.236900
0.178947,0.408752,2.392405
0.209071,0.232218,2.393101
0.053688,0.099996,2.326728
0.344053,0.129546,2.321486
0.032409,-0.069031,2.189575
0.366110,-0.059087,2.200444
0.090864,-0.171245,2.200444
0.247685,-0.158215,2.085495
0.093084,-0.233571,2.037986
0.206568,-0.235445,2.078216
0.197298,-0.110413,2.342996
0.193278,-0.159243,2.279790
0.127770,-0.222664,2.265221
0.254685,-0.220400,2.249412
0.101484,-0.580101,2.182196
0.264058,-0.600939,2.265223
0.098143,-0.855124,2.157314
0.259074,-0.872697,2.298139
0.096316,-0.885630,2.074109
0.267320,-0.910603,2.235667
0.175506,0.409654,2.382803
0.206336,0.233034,2.382983
0.051133,0.099781,2.322078
0.341414,0.131949,2.313278
0.028995,-0.074276,2.189103
0.365490,-0.060520,2.197241
0.064029,-0.201594,2.197241
0.259166,-0.180009,2.080149
0.058862,-0.275610,2.031696
0.224653,-0.265226,2.065090
0.195797,-0.109763,2.337276
0.191531,-0.158977,2.274678
0.125808,-0.223038,2.261525
0.253390,-0.220207,2.243926
0.099563,-0.577572,2.174739
0.263694,-0.600723,2.263566
0.096784,-0.855027,2.144742
0.258999,-0.872421,2.297768
0.094434,-0.886262,2.061246
0.266490,-0.909756,2.234056
0.171421,0.410503,2.371732
0.202877,0.233949,2.370935
0.047824,0.099593,2.315725
0.338263,0.134610,2.303645
0.025120,-0.079789,2.188325
0.364597,-0.062063,2.193388
0.038958,-0.229461,2.193388
0.269995,-0.200629,2.076513
0.026037,-0.314062,2.029543
0.241501,-0.292518,2.052582
0.193780,-0.109043,2.329866
0.189298,-0.158702,2.267945
0.123303,-0.223429,2.256109
0.251722,-0.220065,2.237142
0.097023,-0.574958,2.165198
0.263094,-0.600471,2.261085
0.095296,-0.855290,2.131520
0.258793,-0.872015,2.297090
0.092451,-0.887113,2.047790
0.265417,-0.908700,2.231939
0.166612,0.411399,2.359231
0.198688,0.234767,2.357053
0.043528,0.099236,2.307249
0.334099,0.137173,2.291649
0.020636,-0.085743,2.187240
0.363435,-0.063956,2.188479
0.014847,-0.255367,2.188479
0.280118,-0.219800,2.074759
-0.004740,-0.348851,2.030469
0.257113,-0.317561,2.040523
0.191124,-0.108468,2.320371
0.186387,-0.158616,2.259121
0.120065,-0.224034,2.248598
0.249487,-0.220117,2.228479
0.093941,-0.572275,2.154101
0.262183,-0.600301,2.257643
0.093786,-0.855743,2.117445
0.258393,-0.871324,2.295811
0.090435,-0.888324,2.033384
0.263980,-0.907245,2.228958
0.160991,0.412394,2.344980
0.193708,0.235746,2.341676
0.038412,0.099052,2.297166
0.329429,0.139976,2.278394
0.015440,-0.091506,2.185881
0.361897,-0.065882,2.182591
-0.008120,-0.279560,2.182591
0.289538,-0.237617,2.074116
-0.032686,-0.379768,2.033059
0.271408,-0.340361,2.029036
0.187777,-0.107700,2.308847
0.182802,-0.158337,2.248221
0.116091,-0.224521,2.238762
0.246651,-0.219994,2.217832
0.090175,-0.569338,2.141031
0.260659,-0.600028,2.252112
0.091823,-0.856289,2.102221
0.257665,-0.870150,2.293520
0.087975,-0.889650,2.017809
0.262056,-0.905183,2.224681
0.154664,0.413422,2.328962
0.187890,0.236964,2.324188
0.032660,0.099292,2.285545
0.323556,0.142688,2.262637
0.009792,-0.096960,2.184342
0.358975,-0.068279,2.173689
-0.030328,-0.302285,2.173689
0.298094,-0.253707,2.074893
-0.057861,-0.407280,2.036563
0.284362,-0.360810,2.018239
0.183708,-0.106762,2.294860
0.178415,-0.157928,2.234851
0.111434,-0.224712,2.226476
0.242968,-0.219759,2.204929
0.085075,-0.566242,2.125080
0.258259,-0.599446,2.243509
0.090322,-0.856934,2.087575
0.256509,-0.868195,2.289393
0.085920,-0.890755,2.002985
0.259440,-0.902227,2.218260
0.147804,0.414511,2.311152
0.181445,0.238437,2.305525
0.025744,0.099810,2.271455
0.317393,0.145421,2.246033
0.003529,-0.102143,2.182480
0.355678,-0.070675,2.163944
-0.050278,-0.321366,2.163944
0.305914,-0.268388,2.075530
-0.080819,-0.431128,2.040724
0.296124,-0.378997,2.007940
0.178724,-0.105469,2.278484
0.173195,-0.157087,2.218916
0.105815,-0.224511,2.211240
0.238501,-0.219129,2.189358
0.079443,-0.563758,2.107530
0.254892,-0.600109,2.231737
0.088580,-0.857834,2.072531
0.254547,-0.866348,2.282565
0.083715,-0.891893,1.987802
0.255994,-0.899439,2.208864
0.140534,0.415819,2.292254
0.174185,0.240260,2.285333
0.017943,0.100533,2.255750
0.310026,0.148460,2.227125
-0.003254,-0.107071,2.180227
0.351528,-0.072878,2.152322
-0.068797,-0.338020,2.152322
0.312993,-0.281938,2.076661
-0.101588,-0.451913,2.045068
0.306776,-0.395104,1.997954
0.172950,-0.104001,2.259976
0.167094,-0.156107,2.200781
0.099284,-0.224134,2.193623
0.233210,-0.218372,2.171776
0.073369,-0.561840,2.088885
0.249783,-0.600418,2.213576
0.086605,-0.858888,2.057796
0.251565,-0.863273,2.270953
0.081216,-0.893127,1.972952
0.252926,-0.896735,2.199968
0.132885,0.417166,2.272273
0.166435,0.242203,2.264374
0.009633,0.102011,2.238198
0.302472,0.151547,2.207819
-0.010947,-0.111398,2.176891
0.346690,-0.074890,2.139180
-0.085736,-0.352607,2.139180
0.319321,-0.294119,2.077908
-0.120445,-0.469857,2.049323
0.316409,-0.409328,1.988102
0.166187,-0.102370,2.239474
0.160059,-0.154881,2.180461
0.091858,-0.223393,2.173630
0.226793,-0.217300,2.151773
0.067351,-0.561858,2.069094
0.242561,-0.599739,2.188071
0.084357,-0.860016,2.043806
0.247371,-0.858575,2.252240
0.078551,-0.894373,1.958855
0.249258,-0.893164,2.187234
0.123128,0.419595,2.247842
0.156506,0.245203,2.238461
-0.001171,0.104190,2.215511
0.292474,0.155044,2.183376
-0.020886,-0.115335,2.170846
0.340191,-0.076581,2.121259
-0.102044,-0.365274,2.121259
0.324638,-0.305250,2.077899
-0.137786,-0.485485,2.051666
0.324936,-0.421469,1.975670
0.157165,-0.100218,2.213009
0.150725,-0.153231,2.154033
0.082052,-0.222241,2.147074
0.218147,-0.215723,2.125963
0.061421,-0.562812,2.048596
0.229357,-0.597255,2.146729
0.081596,-0.861307,2.030352
0.243598,-0.856583,2.233477
0.075371,-0.895735,1.945303
0.244410,-0.890812,2.167270
0.113605,0.421921,2.224037
0.146798,0.248115,2.213480
-0.011875,0.106556,2.192979
0.282591,0.158412,2.159395
-0.031321,-0.118882,2.163169
0.333438,-0.078044,2.102910
-0.117013,-0.376357,2.102910
0.329120,-0.315114,2.077407
-0.153526,-0.498989,2.053466
0.332318,-0.431731,1.963163
0.148183,-0.097913,2.187014
0.141432,-0.151307,2.127986
0.072485,-0.220889,2.121249
0.209242,-0.213696,2.099790
0.054810,-0.562652,2.027525
0.215991,-0.594725,2.103834
0.079497,-0.862233,2.018622
0.238266,-0.855259,2.208568
0.072893,-0.896717,1.933489
0.237815,-0.889088,2.140564
0.104162,0.424486,2.199893
0.136880,0.251293,2.188075
-0.022897,0.109315,2.169018
0.272619,0.161810,2.135226
-0.042760,-0.121974,2.153057
0.326111,-0.079163,2.083331
-0.131187,-0.385674,2.083331
0.332575,-0.323636,2.075558
-0.168110,-0.509738,2.053734
0.338235,-0.439903,1.949360
0.138900,-0.095339,2.160506
0.131978,-0.149104,2.101445
0.062678,-0.219225,2.094471
0.200287,-0.211373,2.073634
0.048262,-0.561990,2.007205
0.201713,-0.589271,2.055627
0.077792,-0.862985,2.007790
0.232347,-0.853640,2.177225
0.070879,-0.897499,1.922585
0.230703,-0.886984,2.106992
0.094563,0.427268,2.175117
0.126997,0.254583,2.162311
-0.033986,0.112139,2.144556
0.262344,0.164994,2.110435
-0.054936,-0.124549,2.140258
0.318482,-0.080121,2.062672
-0.145092,-0.393001,2.062672
0.334769,-0.330805,2.070989
-0.181592,-0.517735,2.052100
0.342511,-0.445865,1.934142
0.129615,-0.092596,2.133754
0.122522,-0.146711,2.074672
0.052992,-0.217366,2.067723
0.191191,-0.208787,2.047010
0.041829,-0.562195,1.987582
0.188049,-0.583010,2.007662
0.076337,-0.863584,1.997806
0.225662,-0.852223,2.140319
0.069129,-0.898111,1.912536
0.222769,-0.885061,2.067637
0.083423,0.430513,2.144517
0.115281,0.258791,2.131177
-0.046795,0.116008,2.112534
0.250641,0.169127,2.080905
-0.070505,-0.125656,2.115219
0.308244,-0.080052,2.035607
-0.160666,-0.395285,2.035607
0.334006,-0.335900,2.051712
-0.194946,-0.516880,2.032783
0.343312,-0.448060,1.912111
0.118877,-0.088954,2.101845
0.111971,-0.143435,2.042814
0.042019,-0.214563,2.034343
0.181390,-0.205228,2.016839
0.034853,-0.564483,1.967632
0.172106,-0.572313,1.948063
0.074840,-0.863991,1.987968
0.212090,-0.846644,2.064297
0.067434,-0.898493,1.902632
0.208118,-0.878713,1.988166
0.072710,0.433807,2.114486
0.103837,0.263038,2.100355
-0.059251,0.119900,2.080966
0.238610,0.173036,2.050151
-0.086217,-0.125578,2.086119
0.297902,-0.079811,2.007471
-0.175501,-0.393260,2.007471
0.331640,-0.339671,2.023143
-0.206632,-0.510677,2.003186
0.342220,-0.448441,1.888316
0.108566,-0.085273,2.070135
0.101748,-0.140084,2.011101
0.031524,-0.211717,2.001328
0.171809,-0.201464,1.986619
0.027281,-0.563074,1.946693
0.157287,-0.562113,1.892928
0.073391,-0.864123,1.978896
0.200019,-0.841004,1.989634
0.065757,-0.898583,1.893490
0.194840,-0.872380,1.910504
0.062182,0.437056,2.084105
0.092761,0.267262,2.069529
-0.071344,0.123604,2.048788
0.227304,0.176739,2.020384
-0.101708,-0.124503,2.053431
0.287180,-0.079322,1.978340
-0.189017,-0.388076,1.978340
0.327870,-0.342074,1.987820
-0.216260,-0.499559,1.964393
0.339471,-0.447106,1.863205
0.098564,-0.081601,2.038795
0.092002,-0.136736,1.979814
0.021568,-0.208859,1.968915
0.162656,-0.197715,1.956682
0.020209,-0.561660,1.927325
0.143223,-0.553265,1.840106
0.071923,-0.864197,1.970198
0.189081,-0.836078,1.920026
0.064135,-0.898595,1.884734
0.183114,-0.866845,1.838383
0.051981,0.440060,2.053778
0.081988,0.271289,2.039214
-0.082865,0.127181,2.017091
0.216105,0.180247,1.990226
-0.116461,-0.122767,2.018246
0.276787,-0.078437,1.947747
-0.200952,-0.379476,1.947747
0.323321,-0.343265,1.945310
-0.223681,-0.484200,1.916748
0.335506,-0.444308,1.837331
0.089026,-0.078061,2.008007
0.082701,-0.133482,1.949055
0.012178,-0.206017,1.937082
0.153879,-0.194039,1.927245
0.013313,-0.559940,1.908488
0.130747,-0.545538,1.792977
0.070361,-0.864132,1.962030
0.177944,-0.831004,1.851232
0.062414,-0.898451,1.876511
0.171186,-0.861228,1.767455
