0.006219,0.387250,2.475908
0.038746,0.226045,2.464122
-0.109315,0.104101,2.479387
0.170208,0.119418,2.424034
-0.134567,-0.181371,2.459980
0.273303,-0.128087,2.415434
-0.162363,-0.401869,2.415434
0.254555,-0.328507,2.372433
-0.149727,-0.442887,2.360164
0.247737,-0.393441,2.270951
0.046851,-0.104802,2.452631
0.042691,-0.163888,2.398807
-0.018211,-0.238112,2.404978
0.105900,-0.222624,2.366282
0.026336,-0.605253,2.311954
0.154175,-0.638547,2.323257
0.044990,-0.966975,2.246535
0.139509,-1.035581,2.496379
0.046043,-0.984031,2.131357
0.136223,-1.073486,2.418925
0.006091,0.389432,2.469819
0.038900,0.228511,2.456323
-0.107761,0.106093,2.472337
0.171025,0.121358,2.417492
-0.133617,-0.181422,2.458088
0.281680,-0.115072,2.421468
-0.161064,-0.401963,2.421468
0.250623,-0.297900,2.374601
-0.148846,-0.443127,2.361439
0.242945,-0.354379,2.265267
0.046642,-0.103815,2.444860
0.042181,-0.162985,2.391032
-0.018466,-0.236903,2.397614
0.104878,-0.221558,2.358325
0.026909,-0.607090,2.312247
0.153738,-0.634808,2.310941
0.046062,-0.969602,2.243761
0.138733,-1.031249,2.477019
0.046745,-0.987961,2.133381
0.136253,-1.070064,2.401411
0.006853,0.391286,2.468145
0.039890,0.230486,2.453727
-0.105516,0.107505,2.469582
0.173474,0.122394,2.417664
-0.132276,-0.181805,2.460771
0.288650,-0.105645,2.423229
-0.159418,-0.402330,2.423229
0.245802,-0.261082,2.381044
-0.147676,-0.443705,2.367034
0.238949,-0.312473,2.264271
0.046988,-0.103414,2.442028
0.042339,-0.162624,2.388157
-0.018183,-0.236163,2.394869
0.104657,-0.221147,2.355502
0.028046,-0.609677,2.316476
0.153506,-0.631710,2.303598
0.046903,-0.970094,2.244122
0.138065,-1.027141,2.459759
0.047841,-0.990506,2.152289
0.136570,-1.066795,2.386147
0.008310,0.392871,2.470229
0.041591,0.232087,2.455504
-0.102802,0.108534,2.470700
0.176664,0.123015,2.422529
-0.130587,-0.182386,2.467167
0.295728,-0.096868,2.425852
-0.157537,-0.402840,2.425852
0.240655,-0.225833,2.390774
-0.146311,-0.444546,2.375984
0.234261,-0.287988,2.256483
0.047881,-0.103451,2.443408
0.043065,-0.162673,2.389481
-0.017446,-0.235804,2.396129
0.105072,-0.221209,2.357030
0.029437,-0.612797,2.323822
0.153447,-0.629259,2.300745
0.049021,-0.971021,2.258795
0.137587,-1.023001,2.444494
0.049459,-0.992969,2.173767
0.137246,-1.063588,2.373101
0.010425,0.394176,2.475686
0.043916,0.233246,2.460966
-0.099743,0.109240,2.475081
0.180271,0.123217,2.430923
-0.128700,-0.183147,2.476382
0.301511,-0.089026,2.426352
-0.155511,-0.403470,2.426352
0.233843,-0.187246,2.402715
-0.144831,-0.445577,2.387316
0.225983,-0.253245,2.249362
0.049216,-0.103926,2.448274
0.044232,-0.163127,2.394271
-0.016350,-0.235796,2.400713
0.105958,-0.221722,2.362104
0.031044,-0.616259,2.333486
0.153534,-0.627416,2.301784
0.051932,-0.972046,2.276029
0.137133,-1.019490,2.430684
0.051801,-0.995408,2.196437
0.138244,-1.060469,2.362182
0.013092,0.395176,2.483557
0.046674,0.233997,2.469346
-0.096489,0.109639,2.481984
0.184129,0.123509,2.442027
-0.126680,-0.183941,2.487525
0.306911,-0.081768,2.428061
-0.153393,-0.404097,2.428061
0.226924,-0.147067,2.416095
-0.143297,-0.446709,2.400235
0.222581,-0.203254,2.259097
0.050903,-0.104700,2.455882
0.045760,-0.163843,2.401777
-0.014950,-0.236057,2.407929
0.107231,-0.222517,2.369910
0.032835,-0.619921,2.344787
0.153736,-0.626094,2.306017
0.054877,-0.973064,2.294795
0.136793,-1.016849,2.418191
0.054121,-0.997703,2.219414
0.138440,-1.058088,2.350797
0.016615,0.396026,2.493558
0.050560,0.234591,2.481049
-0.093058,0.109743,2.491138
0.186827,0.122041,2.449275
-0.124450,-0.184434,2.499725
0.310799,-0.077484,2.431174
-0.151233,-0.404266,2.431174
0.221559,-0.092293,2.429619
-0.141699,-0.447513,2.413476
0.214685,-0.127447,2.281036
0.053622,-0.106110,2.465737
0.047791,-0.165244,2.411453
-0.013177,-0.236803,2.417108
0.108989,-0.223939,2.379870
0.034840,-0.623747,2.357203
0.154092,-0.625178,2.313056
0.058023,-0.974092,2.314176
0.138432,-1.011069,2.409263
0.055721,-0.999871,2.242137
0.141723,-1.053730,2.344057
0.021245,0.396678,2.505309
0.054779,0.234396,2.494802
-0.089379,0.109349,2.503777
0.190155,0.121097,2.458491
-0.122030,-0.184852,2.512290
0.313810,-0.072318,2.430248
-0.149019,-0.404039,2.430248
0.214612,-0.042203,2.442028
-0.140083,-0.448005,2.425618
0.207921,-0.075411,2.294296
0.057158,-0.108169,2.477516
0.050563,-0.167228,2.422956
-0.010693,-0.238440,2.428463
0.111587,-0.225825,2.391108
0.037312,-0.626866,2.370682
0.154487,-0.624965,2.322450
0.060518,-0.976993,2.327559
0.140393,-1.005216,2.402384
0.057089,-1.003617,2.258571
0.142664,-1.050199,2.339272
0.026119,0.397181,2.517919
0.058976,0.233929,2.509223
-0.085671,0.108806,2.517307
0.193251,0.120096,2.468091
-0.119634,-0.185289,2.525027
0.316137,-0.067432,2.429277
-0.146880,-0.403795,2.429277
0.208067,0.003063,2.454332
-0.138502,-0.448470,2.437726
0.201681,-0.027799,2.307446
0.060809,-0.110448,2.490087
0.053414,-0.169446,2.435281
-0.008102,-0.240285,2.440694
0.114238,-0.227928,2.403096
0.039910,-0.630097,2.384299
0.154930,-0.625120,2.333173
0.062907,-0.980013,2.340743
0.141672,-1.000697,2.395523
0.058321,-1.007354,2.274268
0.143578,-1.046735,2.336288
0.031520,0.397635,2.531043
0.062986,0.233113,2.523696
-0.081951,0.108275,2.531391
0.196486,0.119750,2.477690
-0.117293,-0.185733,2.537675
0.316383,-0.061886,2.427687
-0.144784,-0.403506,2.427687
0.201315,0.045812,2.466227
-0.136940,-0.448798,2.449425
0.195835,0.015285,2.320029
0.064516,-0.112785,2.502968
0.056289,-0.171705,2.447960
-0.005481,-0.242229,2.453328
0.116955,-0.230085,2.415410
0.042437,-0.633657,2.397876
0.155383,-0.625690,2.344791
0.065213,-0.983054,2.353549
0.143233,-0.996236,2.390116
0.059437,-1.010998,2.289137
0.144720,-1.043283,2.335264
0.036942,0.397971,2.544138
0.066808,0.232181,2.537948
-0.078312,0.107694,2.545571
0.199246,0.120701,2.486772
-0.115040,-0.186149,2.550030
0.316078,-0.056540,2.426672
-0.142760,-0.403185,2.426672
0.194785,0.084284,2.477643
-0.135441,-0.449073,2.460680
0.189731,0.056820,2.333505
0.068311,-0.115017,2.515757
0.059167,-0.173841,2.460641
-0.002740,-0.244117,2.466244
0.119658,-0.232066,2.427507
0.044849,-0.637141,2.411043
0.155844,-0.626470,2.356794
0.067815,-0.984411,2.369782
0.145798,-0.990640,2.388050
0.060219,-1.013019,2.306452
0.145769,-1.039928,2.335611
0.042347,0.398213,2.556894
0.070402,0.231175,2.551720
-0.074862,0.107084,2.559436
0.201550,0.121916,2.495184
-0.112866,-0.186568,2.562022
0.314750,-0.050256,2.424734
-0.140781,-0.402863,2.424734
0.189492,0.117095,2.488551
-0.133889,-0.449352,2.471616
0.183339,0.099263,2.348078
0.072060,-0.117169,2.528187
0.061961,-0.175901,2.473032
-0.000010,-0.245983,2.478945
0.122268,-0.233900,2.439237
0.047131,-0.640495,2.423600
0.156299,-0.627404,2.368835
0.070254,-0.985567,2.385229
0.148543,-0.985100,2.387441
0.060774,-1.014772,2.322677
0.146798,-1.036698,2.337221
0.047499,0.398341,2.568979
0.073778,0.230155,2.564736
-0.071670,0.106507,2.573086
0.202698,0.124387,2.503500
-0.110744,-0.187103,2.573690
0.312509,-0.042859,2.422882
-0.138824,-0.402656,2.422882
0.184757,0.146395,2.499157
-0.132203,-0.449614,2.482494
0.177558,0.137428,2.361472
0.075845,-0.119088,2.539991
0.064689,-0.177722,2.484919
0.002808,-0.247662,2.491326
0.124686,-0.235339,2.450336
0.049264,-0.643613,2.435418
0.156762,-0.628311,2.380611
0.072529,-0.986549,2.399732
0.150559,-0.980651,2.385820
0.061007,-1.016291,2.337902
0.147817,-1.033577,2.339866
0.052283,0.398352,2.580336
0.076871,0.229117,2.576990
-0.068777,0.105898,2.586249
0.203529,0.126144,2.511161
-0.108752,-0.187622,2.584733
0.309143,-0.034064,2.419492
-0.136905,-0.402480,2.419492
0.180407,0.172690,2.509254
-0.130550,-0.449874,2.492909
0.172274,0.171501,2.373342
0.079420,-0.120905,2.551168
0.067251,-0.179449,2.496200
0.005497,-0.249276,2.503136
0.126924,-0.236672,2.460821
0.051246,-0.646548,2.446454
0.157207,-0.629272,2.391980
0.074619,-0.987375,2.413225
0.152583,-0.976400,2.384969
0.061153,-1.017594,2.351888
0.148812,-1.030600,2.343396
0.056811,0.398323,2.590979
0.079684,0.228087,2.588390
-0.066135,0.105305,2.598631
0.204202,0.127714,2.518269
-0.106866,-0.188097,2.595160
0.305716,-0.025657,2.416002
-0.135065,-0.402293,2.416002
0.176515,0.196166,2.518799
-0.128983,-0.450105,2.502669
0.167467,0.202076,2.384140
0.082778,-0.122602,2.561651
0.069653,-0.181064,2.506804
0.008060,-0.250802,2.514282
0.129013,-0.237898,2.470667
0.053072,-0.649258,2.456679
0.157629,-0.630240,2.402796
0.076533,-0.988068,2.425698
0.154598,-0.972344,2.384801
0.061239,-1.018712,2.364679
0.149771,-1.027781,2.347647
0.061003,0.398258,2.600838
0.082216,0.227102,2.598836
-0.063739,0.104726,2.610182
0.204802,0.128598,2.524633
-0.105106,-0.188540,2.604878
0.301588,-0.016005,2.411096
-0.133315,-0.402108,2.411096
0.172996,0.217267,2.527696
-0.127505,-0.450311,2.511752
0.163124,0.229461,2.393929
0.085880,-0.124209,2.571376
0.071871,-0.182616,2.516659
0.010464,-0.252288,2.524714
0.130929,-0.239053,2.479808
0.054780,-0.651255,2.465858
0.158021,-0.631219,2.412982
0.078274,-0.988646,2.437145
0.157378,-0.967652,2.387559
0.061295,-1.019669,2.376299
0.150722,-1.025116,2.352524
0.064993,0.398156,2.610041
0.084498,0.226162,2.608416
-0.061574,0.104184,2.620881
0.204618,0.131866,2.529674
-0.103471,-0.189011,2.613873
0.298474,-0.009470,2.408855
-0.131691,-0.401974,2.408855
0.169842,0.236216,2.535886
-0.126125,-0.450492,2.520140
0.159205,0.253967,2.402733
0.088955,-0.125610,2.580145
0.073912,-0.183988,2.525769
0.012727,-0.253634,2.534429
0.132646,-0.240011,2.488200
0.056417,-0.653144,2.474287
0.158388,-0.632181,2.422512
0.079855,-0.989129,2.447609
0.159509,-0.963876,2.388925
0.060894,-1.020489,2.387362
0.151667,-1.022621,2.357894
0.068631,0.398028,2.618442
0.086509,0.225272,2.617139
-0.059601,0.103664,2.630724
0.206403,0.130600,2.537878
-0.101946,-0.189514,2.622072
0.290721,0.003893,2.405765
-0.130162,-0.401875,2.405765
0.166314,0.254451,2.543255
-0.124844,-0.450619,2.527615
0.154315,0.278375,2.415330
0.091384,-0.126963,2.588430
0.075829,-0.185275,2.534086
0.014813,-0.255003,2.543167
0.134392,-0.241064,2.495938
0.057873,-0.654998,2.482013
0.158725,-0.633119,2.431325
0.081289,-0.989533,2.457130
0.161608,-0.960311,2.390727
0.061145,-1.021200,2.396783
0.152600,-1.020292,2.363638
0.072009,0.397860,2.626058
0.088211,0.224362,2.625097
-0.057828,0.103192,2.639476
0.207988,0.128053,2.546592
-0.100601,-0.189906,2.629322
0.282868,0.017326,2.403728
-0.128763,-0.401706,2.403728
0.162885,0.270875,2.549747
-0.123695,-0.451259,2.534012
0.149427,0.300248,2.428663
0.093446,-0.128364,2.595928
0.077497,-0.186622,2.541564
0.016530,-0.256395,2.550883
0.135968,-0.242245,2.502995
0.059217,-0.656760,2.489022
0.159027,-0.634078,2.439394
0.082604,-0.989864,2.465748
0.163724,-0.956944,2.393035
0.061461,-1.021800,2.405296
0.153586,-1.018250,2.369828
0.075105,0.397679,2.632994
0.089717,0.223491,2.632356
-0.056235,0.102758,2.647349
0.209239,0.124013,2.554851
-0.099386,-0.190255,2.635883
0.275167,0.030562,2.402095
-0.127491,-0.401537,2.402095
0.159611,0.285650,2.555613
-0.122681,-0.451865,2.539761
0.144643,0.319822,2.441653
0.095273,-0.129722,2.602758
0.078983,-0.187930,2.548353
0.018062,-0.257729,2.557859
0.137380,-0.243433,2.509440
0.060442,-0.658386,2.495373
0.159301,-0.635015,2.446795
0.083795,-0.990140,2.473558
0.165785,-0.953806,2.395646
0.061757,-1.022318,2.412994
0.154545,-1.016395,2.376181
0.077910,0.397487,2.639282
0.091044,0.222666,2.638965
-0.054806,0.102349,2.654485
0.210419,0.119450,2.562953
-0.098285,-0.190572,2.641830
0.267813,0.042919,2.400873
-0.126329,-0.401375,2.400873
0.156559,0.298928,2.560930
-0.121750,-0.452472,2.544967
0.140141,0.337363,2.453875
0.096879,-0.131000,2.608974
0.080312,-0.189154,2.554511
0.019423,-0.258979,2.564170
0.138655,-0.244565,2.515303
0.061801,-0.661928,2.501689
0.159547,-0.635913,2.453567
0.084900,-0.990994,2.480544
0.168392,-0.950457,2.400410
0.062070,-1.023274,2.419939
0.155480,-1.014659,2.382497
0.080468,0.397302,2.644971
0.092221,0.221892,2.644962
-0.053523,0.101969,2.660947
0.211528,0.115604,2.570035
-0.097289,-0.190859,2.647208
0.260646,0.054792,2.399381
-0.125272,-0.401223,2.399381
0.153772,0.310673,2.565739
-0.120905,-0.452796,2.549695
0.136056,0.352627,2.465763
0.098329,-0.132179,2.614617
0.081508,-0.190282,2.560097
0.020646,-0.260136,2.569889
0.139812,-0.245622,2.520631
0.062835,-0.663642,2.506959
0.159771,-0.636758,2.459744
0.085874,-0.991299,2.486925
0.170415,-0.947689,2.403623
0.062326,-1.023756,2.426232
0.156381,-1.013048,2.388754
0.082802,0.397116,2.650130
0.093265,0.221167,2.650406
-0.052369,0.101622,2.666793
0.212446,0.112895,2.575829
-0.096388,-0.191119,2.652075
0.253925,0.065809,2.398000
-0.124310,-0.401081,2.398000
0.151184,0.321088,2.570096
-0.120132,-0.453069,2.553986
0.132263,0.366020,2.477046
0.099622,-0.133267,2.619737
0.082581,-0.191319,2.565157
0.021737,-0.261198,2.575058
0.140859,-0.246606,2.525470
0.063770,-0.665191,2.511724
0.159973,-0.637541,2.465362
0.086752,-0.991566,2.492697
0.172347,-0.945123,2.406892
0.062567,-1.024173,2.431929
0.157298,-1.011517,2.397173
0.084923,0.396939,2.654805
0.094191,0.220492,2.655345
-0.051330,0.101306,2.672081
0.213347,0.109103,2.581825
-0.095572,-0.191353,2.656476
0.247680,0.075989,2.396846
-0.123435,-0.400948,2.396846
0.148735,0.330322,2.574043
-0.119431,-0.453315,2.557872
0.128656,0.377802,2.487668
0.100769,-0.134276,2.624381
0.083544,-0.192273,2.569735
0.022713,-0.262176,2.579733
0.141799,-0.247526,2.529855
0.064616,-0.666595,2.516035
0.160155,-0.638267,2.470461
0.087546,-0.991803,2.497919
0.174612,-0.942490,2.411724
0.062804,-1.024521,2.437083
0.157995,-1.010233,2.403375
0.086851,0.396770,2.659042
0.095009,0.219862,2.659823
-0.050409,0.101013,2.676879
0.214196,0.105413,2.587393
-0.094834,-0.191564,2.660460
0.241924,0.085248,2.395831
-0.122639,-0.400825,2.395831
0.146450,0.338421,2.577621
-0.118794,-0.453538,2.561399
0.125307,0.388056,2.497652
0.101795,-0.135202,2.628588
0.084417,-0.193142,2.573876
0.023594,-0.263076,2.583964
0.142665,-0.248373,2.533820
0.065667,-0.669304,2.520112
0.160320,-0.638938,2.475085
0.088275,-0.992250,2.502692
0.176738,-0.940067,2.416557
0.061620,-1.024252,2.444130
0.158548,-1.009109,2.409244
0.088598,0.396610,2.662877
0.095726,0.219268,2.663886
-0.049571,0.100743,2.681206
0.214957,0.101638,2.592589
-0.094165,-0.191757,2.664064
0.236648,0.093679,2.395007
-0.121918,-0.400714,2.395007
0.144306,0.345492,2.580861
-0.118212,-0.453742,2.564595
0.122179,0.396958,2.507033
0.102699,-0.136067,2.632402
0.085202,-0.193945,2.577625
0.024385,-0.263914,2.587787
0.143449,-0.249165,2.537413
0.066415,-0.670705,2.523678
0.160469,-0.639554,2.479276
0.088929,-0.992475,2.506988
0.178758,-0.937830,2.421389
0.061637,-1.024353,2.448712
0.159034,-1.008118,2.414854
0.090188,0.396459,2.666348
0.096355,0.218710,2.667568
-0.048812,0.100498,2.685130
0.215700,0.098130,2.597320
-0.093559,-0.191931,2.667333
0.231765,0.101358,2.394257
-0.121261,-0.400613,2.394257
0.142316,0.351572,2.583800
-0.117677,-0.453931,2.567488
0.119313,0.404556,2.515859
0.103505,-0.136867,2.635858
0.085914,-0.194683,2.581020
0.025098,-0.264693,2.591241
0.144164,-0.249900,2.540672
0.067173,-0.673306,2.526952
0.160602,-0.640115,2.483071
0.089530,-0.992877,2.510894
0.180662,-0.935764,2.426143
0.060448,-1.023849,2.454798
0.159456,-1.007251,2.420181
0.091633,0.396318,2.669491
0.096898,0.218180,2.670903
-0.048128,0.100273,2.688687
0.216388,0.094889,2.601585
-0.093008,-0.192091,2.670304
0.227279,0.108353,2.393555
-0.120658,-0.400517,2.393555
0.140470,0.356674,2.586457
-0.117179,-0.454098,2.570093
0.116689,0.410858,2.524219
0.104219,-0.137609,2.638989
0.086556,-0.195364,2.584097
0.025737,-0.265424,2.594358
0.144813,-0.250582,2.543624
0.067866,-0.675927,2.529870
0.160724,-0.640630,2.486510
0.090074,-0.993276,2.514421
0.182439,-0.933881,2.430743
0.059177,-1.023283,2.460512
0.159815,-1.006496,2.425202
0.092943,0.396180,2.672334
0.097360,0.217679,2.673919
-0.047519,0.100061,2.691909
0.216948,0.091648,2.605434
-0.092508,-0.192239,2.672993
0.223191,0.114741,2.392940
-0.120102,-0.400423,2.392940
0.138730,0.360877,2.588852
-0.116716,-0.454238,2.572420
0.114229,0.415966,2.532137
0.104843,-0.138303,2.641822
0.087130,-0.196000,2.586881
0.026300,-0.266118,2.597163
0.145398,-0.251222,2.546296
0.068497,-0.678543,2.532456
0.160834,-0.641099,2.489627
0.090565,-0.993673,2.517600
0.183925,-0.932238,2.434381
0.057841,-1.022682,2.465891
0.160128,-1.005829,2.429927
0.094134,0.396047,2.674902
0.097725,0.217187,2.676631
-0.046992,0.099858,2.694816
0.217414,0.088424,2.609018
-0.092058,-0.192374,2.675417
0.219491,0.120464,2.392448
-0.119584,-0.400316,2.392448
0.137070,0.364441,2.590981
-0.116276,-0.454310,2.574454
0.111900,0.420371,2.539264
0.105368,-0.138959,2.644375
0.087640,-0.196596,2.589390
0.026791,-0.266780,2.599668
0.145925,-0.251823,2.548708
0.069026,-0.680087,2.534830
0.160935,-0.641529,2.492453
0.090995,-0.993849,2.520462
0.185497,-0.930667,2.438614
0.057531,-1.022300,2.469342
0.160417,-1.005234,2.434426
0.095219,0.395913,2.677215
0.098014,0.216716,2.679065
-0.046540,0.099661,2.697417
0.217808,0.085294,2.612243
-0.091655,-0.192498,2.677584
0.216130,0.125651,2.392015
-0.119104,-0.400203,2.392015
0.135533,0.367255,2.592860
-0.115864,-0.454348,2.576234
0.109769,0.423814,2.545938
0.105809,-0.139584,2.646663
0.088090,-0.197168,2.591635
0.027215,-0.267423,2.601877
0.146402,-0.252400,2.550878
0.069512,-0.681401,2.536925
0.161025,-0.641926,2.495017
0.091375,-0.993976,2.523019
0.186965,-0.929242,2.442681
0.057333,-1.021876,2.472256
0.160671,-1.004712,2.438661
0.096201,0.395777,2.679289
0.098233,0.216265,2.681233
-0.046158,0.099471,2.699730
0.218152,0.082265,2.615159
-0.091296,-0.192609,2.679512
0.213080,0.130341,2.391640
-0.118659,-0.400080,2.391640
0.134101,0.369407,2.594508
-0.115479,-0.454382,2.577766
0.107804,0.426438,2.552117
0.106171,-0.140173,2.648705
0.088485,-0.197709,2.593639
0.027575,-0.268039,2.603817
0.146834,-0.252947,2.552825
0.069978,-0.683703,2.538704
0.161107,-0.642292,2.497341
0.091725,-0.994347,2.525276
0.188329,-0.927940,2.446572
0.056248,-1.021088,2.476307
0.160899,-1.004253,2.442643
0.097092,0.395649,2.681145
0.098383,0.215829,2.683150
-0.045848,0.099280,2.701771
0.218494,0.079714,2.617698
-0.090978,-0.192710,2.681217
0.210295,0.134607,2.391237
-0.118249,-0.399951,2.391237
0.132823,0.370722,2.595944
-0.115118,-0.454399,2.579084
0.106102,0.427906,2.557993
0.106478,-0.140722,2.650522
0.088831,-0.198215,2.595417
0.027878,-0.268628,2.605509
0.147227,-0.253457,2.554566
0.070372,-0.685001,2.540368
0.161181,-0.642633,2.499446
0.092018,-0.994432,2.527279
0.189592,-0.926762,2.450269
0.056064,-1.020543,2.478511
0.161099,-1.003852,2.446377
0.097896,0.395521,2.682794
0.098461,0.215411,2.684813
-0.045604,0.099095,2.703554
0.218783,0.077256,2.619974
-0.090699,-0.192800,2.682712
0.207782,0.138461,2.390883
-0.117869,-0.399815,2.390883
0.131634,0.371474,2.597181
-0.114777,-0.454399,2.580198
0.104536,0.428684,2.563398
0.106714,-0.141240,2.652123
0.089128,-0.198696,2.596981
0.028123,-0.269193,2.606963
0.147581,-0.253944,2.556113
0.070757,-0.687105,2.541663
0.161246,-0.642954,2.501347
0.092287,-0.994770,2.529027
0.190747,-0.925703,2.453742
0.055036,-1.019930,2.481846
0.161265,-1.003503,2.449857
0.098622,0.395393,2.684249
0.098477,0.215006,2.686249
-0.045422,0.098916,2.705095
0.219034,0.074839,2.622041
-0.090457,-0.192879,2.684006
0.205501,0.141946,2.390590
-0.117519,-0.399668,2.390590
0.130531,0.371810,2.598224
-0.114458,-0.454379,2.581115
0.103100,0.429006,2.568310
0.106878,-0.141731,2.653522
0.089379,-0.199153,2.598345
0.028318,-0.269729,2.608194
0.147898,-0.254410,2.557482
0.071166,-0.688092,2.542777
0.161306,-0.643256,2.503059
0.092502,-0.994811,2.530541
0.191747,-0.924752,2.456645
0.054947,-1.019330,2.483340
0.161407,-1.003199,2.453103
0.099275,0.395266,2.685522
0.098431,0.214620,2.687456
-0.045300,0.098738,2.706399
0.219238,0.072494,2.623892
-0.090251,-0.192947,2.685101
0.203433,0.145098,2.390341
-0.117196,-0.399514,2.390341
0.129521,0.371728,2.599090
-0.114163,-0.454379,2.581882
0.101796,0.428839,2.572765
0.106978,-0.142196,2.654732
0.089588,-0.199589,2.599522
0.028467,-0.270245,2.609219
0.148181,-0.254856,2.558684
0.071498,-0.688997,2.543761
0.161357,-0.643544,2.504593
0.092678,-0.994806,2.531836
0.192659,-0.923893,2.459333
0.054981,-1.018719,2.484382
0.161526,-1.002935,2.456122
0.099859,0.395141,2.686626
0.098334,0.214252,2.688444
-0.045240,0.098558,2.707485
0.219437,0.070501,2.625583
-0.090079,-0.193005,2.686018
0.201550,0.147942,2.390136
-0.116899,-0.399353,2.390136
0.128594,0.371234,2.599795
-0.113888,-0.454378,2.582496
0.100619,0.428180,2.576813
0.107021,-0.142638,2.655764
0.089759,-0.200008,2.600520
0.028569,-0.270748,2.610031
0.148435,-0.255290,2.559734
0.071798,-0.689752,2.544574
0.161400,-0.643822,2.505962
0.092820,-0.994757,2.532928
0.193526,-0.923132,2.462089
0.055125,-1.018102,2.485013
0.161624,-1.002711,2.458933
0.100378,0.395022,2.687578
0.098191,0.213902,2.689234
-0.045240,0.098379,2.708360
0.219612,0.068642,2.627103
-0.089937,-0.193052,2.686773
0.199852,0.150487,2.389970
-0.116627,-0.399183,2.389970
0.127777,0.370343,2.600351
-0.113631,-0.454372,2.582965
0.099591,0.427060,2.580438
0.107012,-0.143058,2.656630
0.089894,-0.200412,2.601353
0.028630,-0.271238,2.610649
0.148663,-0.255711,2.560646
0.072054,-0.691303,2.545198
0.161438,-0.644077,2.507180
0.092950,-0.994992,2.533838
0.194295,-0.922433,2.464589
0.054418,-1.017773,2.486966
0.161699,-1.002506,2.461502
0.100831,0.394904,2.688372
0.098011,0.213579,2.689834
-0.045293,0.098197,2.709038
0.219768,0.066910,2.628468
-0.089823,-0.193090,2.687372
0.198350,0.152752,2.389850
-0.116381,-0.399005,2.389850
0.127064,0.369089,2.600763
-0.113391,-0.454363,2.583297
0.098689,0.425496,2.583678
0.106956,-0.143456,2.657344
0.089998,-0.200799,2.602036
0.028654,-0.271709,2.611095
0.148868,-0.256119,2.561430
0.072242,-0.692041,2.545790
0.161469,-0.644317,2.508257
0.093036,-0.994924,2.534572
0.194977,-0.921797,2.466736
0.054611,-1.017202,2.487144
0.161756,-1.002328,2.463870
0.101213,0.394790,2.689006
0.097797,0.213290,2.690238
-0.045396,0.098020,2.709540
0.219905,0.065300,2.629689
-0.089736,-0.193119,2.687831
0.197037,0.154733,2.389771
-0.116157,-0.398821,2.389771
0.126484,0.367515,2.601051
-0.113164,-0.454329,2.583500
0.097961,0.423559,2.586552
0.106857,-0.143829,2.657917
0.090070,-0.201169,2.602578
0.028637,-0.272159,2.611382
0.149047,-0.256514,2.562098
0.072415,-0.693474,2.546145
0.161497,-0.644536,2.509204
0.093118,-0.995138,2.535163
0.195593,-0.921215,2.468700
0.053998,-1.017025,2.488611
0.161799,-1.002166,2.466048
0.101531,0.394661,2.689494
0.097593,0.213030,2.690483
-0.045549,0.097844,2.709864
0.220044,0.063800,2.630781
-0.089673,-0.193139,2.688163
0.195916,0.156429,2.389739
-0.115954,-0.398633,2.389739
0.126220,0.364028,2.601230
-0.112959,-0.454321,2.583611
0.097440,0.421265,2.589118
0.106730,-0.144153,2.658364
0.090122,-0.201492,2.602998
0.028581,-0.272556,2.611544
0.149212,-0.256887,2.562653
0.072636,-0.693601,2.546267
0.161519,-0.644732,2.510032
0.093155,-0.995049,2.535591
0.196143,-0.920680,2.470608
0.054250,-1.016512,2.488378
0.161833,-1.002018,2.468057
0.101792,0.394529,2.689852
0.097380,0.212794,2.690580
-0.045754,0.097682,2.709994
0.217879,0.068131,2.629340
-0.089632,-0.193150,2.688379
0.196134,0.155753,2.389329
-0.115775,-0.398439,2.389329
0.126725,0.359842,2.601318
-0.112782,-0.454300,2.583628
0.098760,0.415717,2.587982
0.106724,-0.144404,2.658657
0.090166,-0.201746,2.603317
0.028604,-0.272809,2.611688
0.149324,-0.257125,2.563118
0.072753,-0.693632,2.546310
0.161539,-0.644900,2.510754
0.093168,-0.994923,2.535884
0.196646,-0.920193,2.472284
0.054147,-1.016053,2.488169
0.161860,-1.001885,2.469915
0.101979,0.394380,2.690083
0.097163,0.212575,2.690547
-0.046003,0.097533,2.709972
0.215482,0.073105,2.627479
-0.089613,-0.193148,2.688489
0.197554,0.153643,2.389325
-0.115615,-0.398238,2.389325
0.128934,0.352817,2.601322
-0.112662,-0.454612,2.583281
0.100053,0.411471,2.587758
0.106719,-0.144608,2.658840
0.090194,-0.201953,2.603539
0.028630,-0.273001,2.611757
0.149398,-0.257301,2.563484
0.072811,-0.693481,2.546238
0.161560,-0.645023,2.511370
0.093161,-0.994762,2.536054
0.197100,-0.919751,2.473823
0.054060,-1.015600,2.487742
0.161877,-1.001767,2.471631
0.102023,0.394254,2.690165
0.096976,0.212442,2.690377
-0.046292,0.097389,2.709810
0.213109,0.078314,2.625293
-0.089615,-0.193137,2.688506
0.201396,0.147847,2.391470
-0.115472,-0.398033,2.391470
0.131546,0.344787,2.601249
-0.112576,-0.454973,2.582844
0.101680,0.406652,2.586742
0.106709,-0.144753,2.658921
0.090199,-0.202111,2.603671
0.028643,-0.273135,2.611746
0.149435,-0.257425,2.563765
0.072809,-0.693238,2.546093
0.161575,-0.645120,2.511891
0.093134,-0.994573,2.536115
0.197483,-0.919349,2.475296
0.053990,-1.015155,2.487124
0.161876,-1.001661,2.473209
0.101936,0.394135,2.690114
0.096790,0.212355,2.690084
-0.046625,0.097241,2.709513
0.210763,0.083797,2.622856
-0.089638,-0.193117,2.688433
0.205925,0.141084,2.394016
-0.115351,-0.397824,2.394016
0.133295,0.339019,2.601102
-0.112525,-0.455372,2.582325
0.103566,0.401517,2.585186
0.106693,-0.144852,2.658910
0.090184,-0.202230,2.603719
0.028648,-0.273224,2.611660
0.149442,-0.257505,2.563972
0.072716,-0.692619,2.545791
0.161588,-0.645197,2.512325
0.093092,-0.994360,2.536078
0.197654,-0.918978,2.476639
0.053940,-1.014723,2.486341
0.161379,-1.000047,2.473041
0.101712,0.394033,2.689936
0.096591,0.212317,2.689684
-0.047005,0.097090,2.709096
0.208420,0.089421,2.620251
-0.089682,-0.193089,2.688282
0.211286,0.133036,2.397283
-0.115249,-0.397612,2.397283
0.135098,0.333272,2.600892
-0.112507,-0.455803,2.581753
0.105598,0.396262,2.583253
0.106666,-0.144895,2.658815
0.090145,-0.202300,2.603693
0.028639,-0.273261,2.611512
0.149416,-0.257538,2.564109
0.072581,-0.691978,2.545450
0.161597,-0.645253,2.512680
0.093035,-0.994124,2.535953
0.197804,-0.918642,2.477874
0.053907,-1.014303,2.485421
0.161111,-0.998970,2.473282
0.101403,0.393942,2.689660
0.096383,0.212295,2.689173
-0.047430,0.096937,2.708539
0.206080,0.095017,2.617502
-0.089747,-0.193052,2.688064
0.217392,0.123830,2.401000
-0.115169,-0.397393,2.401000
0.136924,0.327578,2.600610
-0.112516,-0.456257,2.581133
0.107726,0.390937,2.581017
0.106634,-0.144903,2.658648
0.090090,-0.202339,2.603602
0.028623,-0.273259,2.611309
0.149362,-0.257538,2.564188
0.072408,-0.691422,2.545111
0.161604,-0.645293,2.512961
0.092969,-0.993873,2.535754
0.197910,-0.918339,2.479011
0.053890,-1.013899,2.484394
0.160832,-0.997823,2.473319
0.101004,0.393862,2.689296
0.096101,0.212364,2.688423
-0.047901,0.096789,2.707876
0.204185,0.099360,2.615351
-0.089833,-0.193009,2.687782
0.225032,0.112647,2.405481
-0.115119,-0.397178,2.405481
0.141075,0.313837,2.600306
-0.112561,-0.456730,2.580465
0.111740,0.380723,2.575322
0.106594,-0.144850,2.658389
0.090011,-0.202338,2.603443
0.028596,-0.273207,2.611056
0.149272,-0.257495,2.564206
0.072202,-0.690838,2.544741
0.161608,-0.645313,2.513175
0.092892,-0.993606,2.535489
0.197970,-0.918065,2.480055
0.053865,-1.013516,2.483307
0.160521,-0.996622,2.473182
0.100514,0.393799,2.688835
0.095773,0.212496,2.687491
-0.048471,0.096623,2.707089
0.202862,0.102032,2.613683
-0.089955,-0.192963,2.687429
0.235853,0.097853,2.410262
-0.115104,-0.396972,2.410262
0.144482,0.300932,2.599989
-0.112660,-0.457223,2.579784
0.114619,0.372152,2.569369
0.106445,-0.144780,2.658100
0.089890,-0.202331,2.603229
0.028491,-0.273166,2.610760
0.149164,-0.257497,2.564206
0.071976,-0.690289,2.544376
0.161610,-0.645325,2.513334
0.092807,-0.993328,2.535172
0.197998,-0.917819,2.481018
0.054050,-1.013130,2.481988
0.160348,-0.995355,2.472815
0.099942,0.393755,2.688274
0.095430,0.212673,2.686466
-0.049080,0.096459,2.706217
0.201674,0.104392,2.612106
-0.090104,-0.192910,2.687024
0.247697,0.081967,2.416753
-0.115116,-0.396771,2.416753
0.149087,0.283842,2.599652
-0.112791,-0.457724,2.579100
0.120214,0.349425,2.554152
0.106266,-0.144690,2.657761
0.089744,-0.202314,2.602968
0.028344,-0.273117,2.610418
0.149040,-0.257501,2.564172
0.071729,-0.689736,2.543994
0.161608,-0.645331,2.513443
0.092714,-0.993044,2.534808
0.197988,-0.917600,2.481908
0.054279,-1.012763,2.480592
0.160174,-0.993432,2.471584
0.099322,0.393723,2.687641
0.095082,0.212884,2.685366
-0.049739,0.096310,2.705270
0.200645,0.106618,2.610762
-0.090285,-0.192840,2.686557
0.259028,0.066648,2.423794
-0.115162,-0.396571,2.423794
0.153233,0.266617,2.599315
-0.112957,-0.458217,2.578405
0.125470,0.324655,2.536132
0.106043,-0.144563,2.657377
0.089569,-0.202264,2.602663
0.028151,-0.273040,2.610043
0.148901,-0.257494,2.564102
0.071464,-0.689167,2.543594
0.161601,-0.645327,2.513506
0.092605,-0.992754,2.534414
0.197949,-0.917407,2.482726
0.054550,-1.012408,2.479145
0.160052,-0.992013,2.470825
0.098621,0.393706,2.686833
0.094727,0.213124,2.684186
-0.050444,0.096187,2.704233
0.199730,0.108610,2.609507
-0.090496,-0.192760,2.686042
0.270185,0.051458,2.431643
-0.115236,-0.396374,2.431643
0.156807,0.247673,2.598969
-0.113157,-0.458709,2.577700
0.130593,0.298190,2.517170
0.105787,-0.144407,2.656953
0.089370,-0.202189,2.602321
0.027922,-0.272940,2.609640
0.148746,-0.257477,2.564001
0.071168,-0.688582,2.543183
0.161591,-0.645313,2.513526
0.092484,-0.992459,2.533992
0.197881,-0.917235,2.483477
0.054844,-1.012070,2.477669
0.159952,-0.990592,2.469965
0.097895,0.393692,2.685954
0.094367,0.213376,2.682922
-0.051186,0.096078,2.703093
0.198947,0.110410,2.608369
-0.090748,-0.192672,2.685452
0.280763,0.036995,2.439570
-0.115349,-0.396180,2.439570
0.161629,0.223737,2.598592
-0.113393,-0.459208,2.576974
0.135621,0.268186,2.496214
0.105494,-0.144225,2.656494
0.089151,-0.202093,2.601946
0.027654,-0.272817,2.609202
0.148580,-0.257452,2.563875
0.070707,-0.687931,2.542771
0.161581,-0.645279,2.513504
0.092358,-0.992163,2.533543
0.197850,-0.917075,2.484147
0.055188,-1.011749,2.476153
0.159883,-0.989169,2.469010
0.097072,0.393684,2.684917
0.094015,0.213640,2.681530
-0.051993,0.095961,2.701849
0.198304,0.112043,2.607384
-0.091031,-0.192576,2.684804
0.290924,0.023312,2.447945
-0.115499,-0.395991,2.447945
0.166063,0.199276,2.598206
-0.113651,-0.459703,2.576251
0.141345,0.233264,2.474340
0.105155,-0.144012,2.656002
0.088916,-0.201973,2.601542
0.027349,-0.272670,2.608724
0.148415,-0.257422,2.563737
0.070219,-0.687271,2.542353
0.161567,-0.645239,2.513447
0.092230,-0.991868,2.533073
0.197787,-0.916935,2.484784
0.055606,-1.011445,2.474596
0.160029,-0.987257,2.467399
0.096189,0.393678,2.683780
0.093658,0.213916,2.680081
-0.052839,0.095857,2.700518
0.197941,0.113426,2.606551
-0.091358,-0.192460,2.684091
0.300941,0.009788,2.457050
-0.115678,-0.395801,2.457050
0.171610,0.169019,2.597813
-0.113947,-0.460191,2.575578
0.147623,0.195726,2.453197
0.104756,-0.143755,2.655469
0.088658,-0.201814,2.601102
0.026974,-0.272476,2.608166
0.148249,-0.257385,2.563592
0.069714,-0.686588,2.541926
0.161550,-0.645191,2.513360
0.092067,-0.991572,2.532588
0.197726,-0.916804,2.485367
0.056039,-1.011158,2.473041
0.160156,-0.985761,2.466237
0.095127,0.393647,2.682351
0.093260,0.214197,2.678464
-0.053788,0.095793,2.698928
0.197797,0.114545,2.605859
-0.091788,-0.192317,2.683236
0.310163,-0.003909,2.467162
-0.115901,-0.395615,2.467162
0.178266,0.132569,2.597398
-0.114276,-0.460684,2.574916
0.154890,0.148806,2.429746
0.104274,-0.143445,2.654867
0.088366,-0.201611,2.600608
0.026476,-0.272214,2.607434
0.148089,-0.257347,2.563445
0.069165,-0.685887,2.541485
0.161521,-0.645152,2.513245
0.091889,-0.991279,2.532095
0.197635,-0.916690,2.485899
0.056514,-1.010891,2.471486
0.160090,-0.984863,2.465736
0.094022,0.393608,2.680758
0.092824,0.214479,2.676687
-0.054828,0.095767,2.697144
0.197789,0.115435,2.605279
-0.092328,-0.192142,2.682208
0.317958,-0.017508,2.477762
-0.116180,-0.395426,2.477762
0.184512,0.095136,2.596939
-0.114645,-0.461172,2.574244
0.161040,0.100493,2.406310
0.103704,-0.143082,2.654184
0.088032,-0.201367,2.600050
0.025896,-0.271898,2.606583
0.147923,-0.257305,2.563287
0.068591,-0.685138,2.541023
0.161479,-0.645125,2.513104
0.091699,-0.990988,2.531597
0.197492,-0.916597,2.486354
0.057016,-1.010639,2.469952
0.159982,-0.984078,2.465283
0.092803,0.393558,2.678976
0.092362,0.214767,2.674814
-0.055917,0.095757,2.695308
0.197682,0.116290,2.604711
-0.092931,-0.191953,2.681075
0.324602,-0.029694,2.487946
-0.116515,-0.395236,2.487946
0.191587,0.054257,2.596443
-0.115015,-0.461498,2.573626
0.167614,0.056435,2.387566
0.103090,-0.142693,2.653444
0.087659,-0.201099,2.599441
0.025262,-0.271559,2.605662
0.147742,-0.257257,2.563113
0.068011,-0.684308,2.540531
0.161431,-0.645098,2.512940
0.091498,-0.990701,2.531096
0.197327,-0.916522,2.486765
0.057490,-1.010407,2.468463
0.160188,-0.982429,2.463485
0.091545,0.393512,2.677104
0.091857,0.215069,2.672839
-0.057063,0.095759,2.693408
0.197619,0.117030,2.604209
-0.093596,-0.191767,2.679848
0.330333,-0.040860,2.497749
-0.116888,-0.395060,2.497749
0.196981,0.019783,2.595923
-0.115425,-0.461788,2.573000
0.174025,0.014915,2.371976
0.102416,-0.142262,2.652648
0.087248,-0.200796,2.598784
0.024577,-0.271179,2.604672
0.147547,-0.257199,2.562927
0.067376,-0.683442,2.540024
0.161378,-0.645069,2.512752
0.091299,-0.990422,2.530593
0.197202,-0.916452,2.487142
0.057979,-1.010195,2.467000
0.160310,-0.981176,2.462210
0.090141,0.393466,2.674990
0.091263,0.215376,2.670755
-0.058287,0.095742,2.691322
0.197581,0.117658,2.603761
-0.094432,-0.191600,2.678346
0.335567,-0.051644,2.507791
-0.117377,-0.394913,2.507791
0.202599,-0.013535,2.595285
-0.115928,-0.462062,2.572297
0.178684,-0.027515,2.356071
0.101639,-0.141808,2.651757
0.086774,-0.200474,2.598041
0.023818,-0.270775,2.603547
0.147323,-0.257135,2.562716
0.066710,-0.682596,2.539506
0.161313,-0.645051,2.512537
0.091079,-0.990148,2.530093
0.195828,-0.917945,2.487740
0.058449,-1.010001,2.465590
0.160167,-0.980506,2.461123
0.088674,0.393410,2.672770
0.090648,0.215682,2.668642
-0.059572,0.095700,2.688997
0.197585,0.118178,2.603366
-0.095330,-0.191453,2.676749
0.339626,-0.061146,2.516905
-0.117917,-0.394788,2.516905
0.207615,-0.045385,2.594597
-0.116478,-0.462307,2.571585
0.182951,-0.067754,2.341891
0.100763,-0.141319,2.650777
0.086231,-0.200114,2.597208
0.022960,-0.270325,2.602308
0.147054,-0.257051,2.562451
0.066059,-0.681606,2.538923
0.161241,-0.645033,2.512298
0.090845,-0.989882,2.529597
0.194257,-0.919671,2.488327
0.058917,-1.009822,2.464223
0.159997,-0.979954,2.460043
0.087159,0.393338,2.670444
0.089996,0.215982,2.666464
-0.060897,0.095658,2.686617
0.197613,0.118605,2.603010
-0.096300,-0.191313,2.675019
0.342906,-0.069835,2.525655
-0.118516,-0.394677,2.525655
0.212304,-0.074292,2.593837
-0.117078,-0.462527,2.570848
0.187026,-0.104446,2.329858
0.099827,-0.140813,2.649716
0.085642,-0.199733,2.596294
0.022030,-0.269858,2.600950
0.146766,-0.256958,2.562150
0.065434,-0.680636,2.538332
0.161161,-0.645015,2.512040
0.090655,-0.989657,2.529189
0.192532,-0.921563,2.488895
0.059364,-1.009653,2.462907
0.159790,-0.979508,2.458971
0.085563,0.393264,2.667989
0.089278,0.216272,2.664194
-0.062258,0.095611,2.684193
0.197666,0.118942,2.602690
-0.097331,-0.191186,2.673176
0.344990,-0.077973,2.533477
-0.119212,-0.394572,2.533477
0.216452,-0.101580,2.592942
-0.117732,-0.462708,2.570071
0.190616,-0.139121,2.318692
0.098792,-0.140280,2.648554
0.084973,-0.199322,2.595280
0.020965,-0.269348,2.599446
0.146441,-0.256856,2.561802
0.064797,-0.679733,2.537747
0.161069,-0.645001,2.511762
0.090408,-0.989404,2.528713
0.190710,-0.923581,2.489444
0.059793,-1.009497,2.461642
0.159559,-0.979159,2.457911
0.083840,0.393162,2.665402
0.088511,0.216562,2.661898
-0.063655,0.095544,2.681721
0.197708,0.119213,2.602380
-0.098400,-0.191086,2.671258
0.346350,-0.085376,2.540635
-0.119986,-0.394481,2.540635
0.220251,-0.128849,2.591896
-0.118436,-0.462863,2.569238
0.194087,-0.170471,2.310292
0.097683,-0.139742,2.647321
0.084233,-0.198904,2.594189
0.019818,-0.268830,2.597861
0.146068,-0.256750,2.561402
0.064090,-0.678855,2.537156
0.160961,-0.644995,2.511458
0.090152,-0.989155,2.528243
0.189357,-0.925060,2.489892
0.060197,-1.009353,2.460435
0.159298,-0.978897,2.456866
0.082103,0.393057,2.662820
0.087730,0.216841,2.659597
-0.065094,0.095438,2.679164
0.197762,0.119421,2.602096
-0.099508,-0.191014,2.669276
0.347053,-0.092111,2.547191
-0.120847,-0.394401,2.547191
0.223624,-0.153346,2.590700
-0.119190,-0.462980,2.568341
0.197499,-0.198297,2.303777
0.096531,-0.139203,2.646041
0.083457,-0.198479,2.593048
0.018620,-0.268309,2.596210
0.145675,-0.256640,2.560971
0.063355,-0.677980,2.536561
0.160841,-0.644988,2.511133
0.089891,-0.988912,2.527779
0.187494,-0.927117,2.490370
0.060589,-1.009220,2.459276
0.159017,-0.978711,2.455832
0.080377,0.392947,2.660240
0.086912,0.217118,2.657266
-0.066567,0.095352,2.676508
0.197814,0.119597,2.601829
-0.100643,-0.190942,2.667241
0.347085,-0.098809,2.553044
-0.121766,-0.394321,2.553044
0.226485,-0.176121,2.589411
-0.119988,-0.463054,2.567394
0.200615,-0.223467,2.298410
0.095310,-0.138655,2.644698
0.082623,-0.198044,2.591839
0.017350,-0.267774,2.594481
0.145242,-0.256522,2.560497
0.062596,-0.677135,2.535973
0.160706,-0.644985,2.510787
0.089623,-0.988671,2.527318
0.185595,-0.929214,2.490818
0.060970,-1.009094,2.458162
0.158556,-0.978798,2.454494
0.078563,0.392857,2.657614
0.086031,0.217372,2.654894
-0.068032,0.095271,2.673870
0.197879,0.119709,2.601581
-0.101798,-0.190877,2.665156
0.346647,-0.104916,2.558350
-0.122746,-0.394241,2.558350
0.229089,-0.196689,2.588005
-0.120819,-0.463103,2.566399
0.203493,-0.246374,2.294030
0.094040,-0.138105,2.643310
0.081747,-0.197602,2.590585
0.016032,-0.267233,2.592714
0.144780,-0.256405,2.559983
0.061834,-0.676317,2.535390
0.160562,-0.644983,2.510425
0.089226,-0.988432,2.526850
0.183684,-0.931326,2.491240
0.061239,-1.008989,2.457147
0.158058,-0.978979,2.453140
0.076730,0.392774,2.654988
0.085124,0.217622,2.652544
-0.069497,0.095180,2.671224
0.197916,0.119805,2.601334
-0.102965,-0.190834,2.663032
0.345796,-0.110484,2.563134
-0.123783,-0.394170,2.563134
0.231454,-0.215622,2.586457
-0.121660,-0.463131,2.565383
0.206079,-0.267419,2.290603
0.092738,-0.137582,2.641888
0.080825,-0.197186,2.589282
0.014700,-0.266706,2.590938
0.144258,-0.256309,2.559407
0.061062,-0.675535,2.534812
0.160401,-0.644992,2.510041
0.088815,-0.988195,2.526389
0.181777,-0.933430,2.491633
0.061480,-1.008892,2.456183
0.158208,-0.980316,2.453288
0.074895,0.392675,2.652379
0.084209,0.217855,2.650234
-0.070949,0.095085,2.668551
0.197954,0.119838,2.601091
-0.104138,-0.190802,2.660899
0.344498,-0.115748,2.567378
-0.124846,-0.394110,2.567378
0.233520,-0.233038,2.584843
-0.122519,-0.463151,2.564345
0.208282,-0.286871,2.287527
0.091398,-0.137089,2.640440
0.079863,-0.196796,2.587944
0.013348,-0.266204,2.589149
0.143686,-0.256230,2.558784
0.060175,-0.674642,2.534194
0.160227,-0.645011,2.509639
0.088337,-0.987959,2.525930
0.179895,-0.935508,2.492000
0.061673,-1.008805,2.455276
0.158304,-0.981133,2.453186
0.072935,0.392545,2.649695
0.083230,0.218082,2.647928
-0.072440,0.094979,2.665834
0.197989,0.119826,2.600854
-0.105315,-0.190790,2.658762
0.342807,-0.120575,2.571108
-0.125941,-0.394065,2.571108
0.235361,-0.248713,2.583149
-0.123403,-0.463156,2.563266
0.210287,-0.304589,2.285232
0.090029,-0.136607,2.638973
0.078877,-0.196416,2.586584
0.011988,-0.265716,2.587351
0.143089,-0.256155,2.558133
0.059262,-0.673793,2.533587
0.160036,-0.645048,2.509214
0.087864,-0.987722,2.525474
0.178054,-0.937542,2.492341
0.061856,-1.008721,2.454409
0.158487,-0.982016,2.453208
0.070711,0.392415,2.646837
0.082090,0.218300,2.645510
-0.073986,0.094846,2.663113
0.198002,0.119799,2.600608
-0.106494,-0.190799,2.656634
0.340779,-0.125035,2.574347
-0.127042,-0.394044,2.574347
0.236996,-0.263112,2.581432
-0.124302,-0.463158,2.562157
0.212140,-0.320763,2.283742
0.088633,-0.136138,2.637478
0.077867,-0.196049,2.585198
0.010626,-0.265244,2.585550
0.142471,-0.256091,2.557453
0.058318,-0.672986,2.532990
0.159826,-0.645104,2.508767
0.087334,-0.987489,2.525031
0.176268,-0.939517,2.492657
0.061992,-1.008648,2.453603
0.158760,-0.982942,2.453342
0.068436,0.392287,2.643993
0.080877,0.218503,2.643080
-0.075599,0.094682,2.660391
0.197995,0.119701,2.600337
-0.107679,-0.190826,2.654527
0.337981,-0.129467,2.576791
-0.128163,-0.394040,2.576791
0.238425,-0.276366,2.579666
-0.125213,-0.463162,2.561039
0.213854,-0.335292,2.283293
0.087196,-0.135687,2.635957
0.076816,-0.195698,2.583786
0.009238,-0.264796,2.583745
0.141815,-0.256039,2.556740
0.057371,-0.672229,2.532400
0.159606,-0.645173,2.508304
0.086763,-0.987258,2.524595
0.174524,-0.941424,2.492942
0.062093,-1.008582,2.452841
0.159081,-0.983904,2.453568
0.066149,0.392170,2.641192
0.079547,0.218732,2.640588
-0.077238,0.094535,2.657711
0.197934,0.119614,2.600025
-0.108857,-0.190858,2.652462
0.334729,-0.133618,2.578701
-0.129297,-0.394040,2.578701
0.239714,-0.288393,2.577877
-0.126131,-0.463161,2.559916
0.215426,-0.348426,2.283423
0.085746,-0.135238,2.634427
0.075734,-0.195354,2.582362
0.007861,-0.264367,2.581971
0.141119,-0.255984,2.555998
0.056417,-0.671506,2.531822
0.159376,-0.645248,2.507825
0.086167,-0.987030,2.524167
0.172853,-0.943251,2.493195
0.062156,-1.008523,2.452117
0.159463,-0.984884,2.453859
0.063853,0.392037,2.638431
0.078122,0.218984,2.638006
-0.078955,0.094420,2.655115
0.197841,0.119462,2.599673
-0.110045,-0.190899,2.650409
0.330934,-0.137779,2.579887
-0.130417,-0.394060,2.579887
0.240884,-0.299456,2.576111
-0.127064,-0.463161,2.558786
0.216902,-0.360539,2.284150
0.084277,-0.134794,2.632886
0.074625,-0.195023,2.580930
0.006473,-0.263954,2.580217
0.140394,-0.255943,2.555236
0.055456,-0.670815,2.531255
0.159137,-0.645328,2.507326
0.085596,-0.986811,2.523747
0.171235,-0.944997,2.493421
0.062208,-1.008473,2.451429
0.159878,-0.985878,2.454217
0.061403,0.391937,2.635606
0.076621,0.219232,2.635378
-0.080720,0.094288,2.652579
0.197694,0.119283,2.599280
-0.111240,-0.190957,2.648379
0.326960,-0.141632,2.580639
-0.131539,-0.394107,2.580639
0.241864,-0.309733,2.574355
-0.127994,-0.463169,2.557674
0.218212,-0.371822,2.284940
0.082796,-0.134363,2.631340
0.073491,-0.194707,2.579493
0.005094,-0.263568,2.578503
0.139635,-0.255908,2.554449
0.054497,-0.670164,2.530699
0.158848,-0.645467,2.506780
0.085004,-0.986598,2.523340
0.169685,-0.946663,2.493623
0.062229,-1.008431,2.450780
0.160564,-0.987361,2.454975
0.058940,0.391807,2.632803
0.075048,0.219419,2.632674
-0.082499,0.094122,2.650041
0.197516,0.119031,2.598831
-0.112440,-0.191019,2.646370
0.322502,-0.145468,2.580703
-0.132650,-0.394165,2.580703
0.242744,-0.319140,2.572612
-0.128925,-0.463181,2.556565
0.219521,-0.381759,2.286689
0.081304,-0.133960,2.629782
0.072343,-0.194416,2.578050
0.003724,-0.263214,2.576809
0.138856,-0.255891,2.553644
0.053536,-0.669553,2.530152
0.158531,-0.645633,2.506202
0.084429,-0.986394,2.522943
0.168202,-0.948248,2.493801
0.062243,-1.008396,2.450164
0.161033,-0.988473,2.455463
0.056466,0.391712,2.630031
0.073439,0.219602,2.629974
-0.084277,0.093961,2.647587
0.197281,0.118766,2.598330
-0.113646,-0.191068,2.644402
0.317897,-0.149069,2.580352
-0.133740,-0.394216,2.580352
0.243519,-0.327760,2.570909
-0.129860,-0.463193,2.555451
0.220720,-0.391182,2.288356
0.079837,-0.133575,2.628242
0.071202,-0.194143,2.576622
0.002390,-0.262885,2.575165
0.138070,-0.255880,2.552835
0.052580,-0.668986,2.529617
0.158185,-0.645836,2.505592
0.083885,-0.986200,2.522553
0.166787,-0.949750,2.493955
0.062250,-1.008366,2.449573
0.161634,-0.990054,2.456265
0.054026,0.391626,2.627331
0.071827,0.219788,2.627318
-0.086049,0.093829,2.645199
0.196945,0.118508,2.597731
-0.114875,-0.191109,2.642464
0.312952,-0.152532,2.579402
-0.134814,-0.394267,2.579402
0.244192,-0.335655,2.569259
-0.130781,-0.463215,2.554360
0.221831,-0.399745,2.290174
0.078387,-0.133198,2.626719
0.070048,-0.193877,2.575204
0.001079,-0.262568,2.573569
0.137239,-0.255865,2.551998
0.051623,-0.668453,2.529091
0.157794,-0.646082,2.504933
0.083359,-0.986011,2.522170
0.165444,-0.951165,2.494089
0.062244,-1.008341,2.449005
0.161433,-0.991071,2.455864
0.051561,0.391537,2.624661
0.070162,0.220004,2.624632
-0.087839,0.093722,2.642873
0.196499,0.118194,2.597028
-0.116098,-0.191159,2.640570
0.307917,-0.155792,2.578060
-0.135889,-0.394330,2.578060
0.244745,-0.342856,2.567662
-0.131694,-0.463244,2.553283
0.222908,-0.407523,2.292268
0.076910,-0.132837,2.625181
0.068842,-0.193635,2.573766
-0.000245,-0.262275,2.571998
0.136334,-0.255863,2.551123
0.050642,-0.667955,2.528570
0.157367,-0.646394,2.504208
0.082802,-0.985831,2.521799
0.164173,-0.952498,2.494203
0.062201,-1.008327,2.448468
0.161364,-0.991934,2.455663
0.049068,0.391437,2.621964
0.068462,0.220216,2.621963
-0.089640,0.093639,2.640594
0.195916,0.117734,2.596139
-0.117312,-0.191208,2.638723
0.302785,-0.158806,2.576358
-0.136976,-0.394396,2.576358
0.245202,-0.349381,2.566108
-0.132620,-0.463273,2.552214
0.223911,-0.414528,2.294600
0.075454,-0.132499,2.623655
0.067635,-0.193417,2.572336
-0.001540,-0.262011,2.570466
0.135413,-0.255871,2.550235
0.049632,-0.667487,2.528053
0.156922,-0.646737,2.503442
0.082266,-0.985657,2.521427
0.162979,-0.953734,2.494292
0.062145,-1.008316,2.447944
0.160968,-0.992823,2.455019
0.046419,0.391363,2.619160
0.066621,0.220469,2.619124
-0.091543,0.093638,2.638375
0.195109,0.117383,2.595004
-0.118538,-0.191196,2.636911
0.297477,-0.161590,2.574220
-0.138093,-0.394405,2.574220
0.245576,-0.355290,2.564588
-0.133581,-0.463294,2.551141
0.224814,-0.420815,2.297078
0.073980,-0.132134,2.622085
0.066380,-0.193184,2.570877
-0.002836,-0.261748,2.568959
0.134424,-0.255846,2.549299
0.048559,-0.667032,2.527531
0.156429,-0.647123,2.502518
0.081809,-0.985512,2.521119
0.161837,-0.954893,2.494347
0.062043,-1.008318,2.447445
0.160397,-0.993672,2.454198
0.043691,0.391290,2.616274
0.064718,0.220742,2.616224
-0.093511,0.093672,2.636234
0.194171,0.117015,2.593724
-0.119764,-0.191163,2.635151
0.292241,-0.164133,2.571855
-0.139214,-0.394397,2.571855
0.245866,-0.360615,2.563113
-0.134604,-0.463331,2.550061
0.225616,-0.426398,2.299633
0.072480,-0.131764,2.620483
0.065081,-0.192953,2.569402
-0.004152,-0.261499,2.567465
0.133381,-0.255812,2.548336
0.047450,-0.666609,2.527016
0.155890,-0.647550,2.501443
0.081259,-0.985361,2.520782
0.160767,-0.955967,2.494362
0.061905,-1.008330,2.446969
0.160012,-0.994391,2.453602
0.041029,0.391225,2.613471
0.062791,0.221014,2.613341
-0.095535,0.093715,2.634161
0.193108,0.116531,2.592293
-0.120994,-0.191130,2.633440
0.287162,-0.166450,2.569367
-0.140352,-0.394387,2.569367
0.246071,-0.365401,2.561684
-0.135635,-0.463386,2.549008
0.226302,-0.431324,2.302256
0.070962,-0.131397,2.618863
0.063744,-0.192728,2.567920
-0.005494,-0.261264,2.565991
0.132290,-0.255779,2.547345
0.046295,-0.666212,2.526502
0.155300,-0.647992,2.500194
0.080698,-0.985211,2.520455
0.159767,-0.956961,2.494330
0.061737,-1.008345,2.446512
0.159287,-0.995113,2.452473
0.038362,0.391136,2.610601
0.060877,0.221275,2.610493
-0.097579,0.093758,2.632161
0.191927,0.115925,2.590716
-0.122213,-0.191099,2.631779
0.282227,-0.168545,2.566769
-0.141520,-0.394374,2.566769
0.246188,-0.369681,2.560263
-0.136662,-0.463444,2.547976
0.226881,-0.435636,2.304900
0.069441,-0.131040,2.617228
0.062383,-0.192512,2.566432
-0.006859,-0.261051,2.564519
0.131169,-0.255744,2.546337
0.045126,-0.665842,2.525992
0.154667,-0.648374,2.498601
0.080129,-0.985066,2.520134
0.158824,-0.957879,2.494258
0.061541,-1.008365,2.446072
0.158763,-0.995725,2.451634
0.035743,0.391057,2.607765
0.058978,0.221532,2.607687
-0.099618,0.093809,2.630228
0.190646,0.115245,2.589003
-0.123431,-0.191065,2.630157
0.277386,-0.170420,2.564044
-0.142664,-0.394360,2.564044
0.246199,-0.373485,2.558897
-0.137682,-0.463505,2.546975
0.227363,-0.439383,2.307541
0.067936,-0.130698,2.615589
0.061021,-0.192313,2.564951
-0.008202,-0.260856,2.563086
0.130021,-0.255717,2.545303
0.043909,-0.665501,2.525489
0.154015,-0.648714,2.496608
0.079556,-0.984916,2.519820
0.157936,-0.958718,2.494137
0.061319,-1.008381,2.445648
0.157903,-0.996287,2.450213
0.033163,0.390992,2.604944
0.057099,0.221782,2.604913
-0.101663,0.093858,2.628311
0.189285,0.114483,2.587162
-0.124641,-0.191029,2.628582
0.272730,-0.172089,2.561293
-0.143799,-0.394349,2.561293
0.246077,-0.376837,2.557590
-0.138727,-0.463579,2.545974
0.227758,-0.442602,2.310179
0.066425,-0.130356,2.613932
0.059641,-0.192114,2.563466
-0.009542,-0.260671,2.561680
0.128828,-0.255680,2.544230
0.042648,-0.665181,2.524992
0.153318,-0.648960,2.494193
0.078978,-0.984761,2.519516
0.157102,-0.959472,2.493933
0.061080,-1.008392,2.445242
0.157271,-0.996754,2.449086
0.030657,0.390929,2.602112
0.055192,0.221985,2.602057
-0.103709,0.093954,2.626427
0.187867,0.113654,2.585211
-0.125839,-0.190956,2.627038
0.268203,-0.173585,2.558442
-0.144924,-0.394307,2.558442
0.245851,-0.379792,2.556337
-0.139772,-0.463653,2.545006
0.228072,-0.445378,2.312773
0.064884,-0.130011,2.612230
0.058227,-0.191916,2.561968
-0.010902,-0.260494,2.560289
0.127584,-0.255639,2.543123
0.041371,-0.664896,2.524506
0.152657,-0.649023,2.491106
0.078396,-0.984589,2.519211
0.156473,-0.959820,2.492940
0.060823,-1.008391,2.444848
0.156561,-0.996502,2.446001
0.028227,0.390873,2.599296
0.053317,0.222168,2.599223
-0.105740,0.094096,2.624541
0.186424,0.112774,2.583176
-0.127027,-0.190841,2.625519
0.263863,-0.174897,2.555580
-0.146065,-0.394228,2.555580
0.245504,-0.382350,2.555123
-0.140825,-0.463726,2.544061
0.228318,-0.447714,2.315342
0.063356,-0.129675,2.610489
0.056830,-0.191725,2.560460
-0.012239,-0.260327,2.558898
0.126346,-0.255601,2.541996
0.040088,-0.664633,2.524028
0.151951,-0.648936,2.487663
0.077805,-0.984398,2.518904
0.155946,-0.959874,2.491463
0.060551,-1.008376,2.444459
0.156818,-0.996651,2.444008
0.025854,0.390851,2.596402
0.051468,0.222331,2.596374
-0.107756,0.094296,2.622590
0.184972,0.111861,2.581051
-0.128213,-0.190672,2.624005
0.259703,-0.176052,2.552707
-0.147186,-0.394110,2.552707
0.245028,-0.384539,2.553958
-0.141857,-0.463799,2.543149
0.228565,-0.449965,2.317426
0.061819,-0.129333,2.608704
0.055435,-0.191532,2.558946
-0.013565,-0.260164,2.557519
0.125099,-0.255554,2.540850
0.038793,-0.664391,2.523552
0.151182,-0.648665,2.483743
0.077215,-0.984199,2.518607
0.155392,-0.959554,2.489297
0.060276,-1.008352,2.444088
0.157298,-0.996488,2.441434
0.023548,0.390819,2.593529
0.049657,0.222480,2.593470
-0.109741,0.094527,2.620609
0.183531,0.111064,2.578766
-0.129389,-0.190471,2.622505
0.255751,-0.177048,2.549840
-0.148304,-0.393963,2.549840
0.244463,-0.386391,2.552820
-0.142853,-0.463862,2.542257
0.228768,-0.451917,2.319413
0.060297,-0.128978,2.606866
0.054053,-0.191332,2.557427
-0.014873,-0.260004,2.556153
0.123854,-0.255493,2.539691
0.037467,-0.664156,2.523086
0.150348,-0.648154,2.479355
0.076624,-0.983982,2.518315
0.155629,-0.957336,2.483595
0.059982,-1.008316,2.443729
0.157315,-0.993313,2.432562
0.021299,0.390809,2.590561
0.047892,0.222633,2.590472
-0.111723,0.094772,2.618545
0.182146,0.110260,2.576429
-0.130546,-0.190252,2.621027
0.252019,-0.177892,2.547005
-0.149419,-0.393796,2.547005
0.243826,-0.387914,2.551701
-0.143834,-0.463921,2.541389
0.228935,-0.453587,2.321291
0.058792,-0.128592,2.604927
0.052706,-0.191111,2.555875
-0.016150,-0.259851,2.554779
0.122650,-0.255404,2.538495
0.036143,-0.663941,2.522624
0.149453,-0.647476,2.474555
0.076033,-0.983752,2.518031
0.156054,-0.954421,2.476096
0.059689,-1.008271,2.443386
0.157369,-0.989381,2.421560
0.019154,0.390802,2.587533
0.046133,0.222782,2.587346
-0.113702,0.094930,2.616025
0.180781,0.109550,2.573950
-0.131687,-0.190066,2.619531
0.248551,-0.178614,2.544186
-0.150542,-0.393656,2.544186
0.243152,-0.389166,2.550564
-0.144806,-0.463970,2.540537
0.229079,-0.455017,2.323048
0.057300,-0.128193,2.602855
0.051419,-0.190887,2.554271
-0.017358,-0.259709,2.553354
0.121507,-0.255291,2.537261
0.034832,-0.663754,2.522164
0.148544,-0.646454,2.469177
0.075447,-0.983509,2.517756
0.156669,-0.954092,2.469040
0.059416,-1.008218,2.443061
0.157859,-0.988607,2.411843
0.017092,0.390848,2.584387
0.044360,0.222944,2.583955
-0.115627,0.095017,2.613324
0.179370,0.108978,2.571186
-0.132828,-0.189911,2.617984
0.245346,-0.179178,2.541429
-0.151649,-0.393548,2.541429
0.242449,-0.390106,2.549419
-0.145763,-0.464019,2.539688
0.229209,-0.456185,2.324703
0.055841,-0.127766,2.600598
0.050179,-0.190654,2.552592
-0.018505,-0.259574,2.551872
0.120403,-0.255144,2.535970
0.033541,-0.663593,2.521711
0.147663,-0.645211,2.463344
0.074867,-0.983260,2.517489
0.157446,-0.953807,2.461196
0.059137,-1.008160,2.442749
0.158420,-0.987906,2.401373
0.015147,0.390927,2.581054
0.042569,0.223107,2.580249
-0.117530,0.095064,2.610423
0.178026,0.108312,2.568081
-0.134002,-0.189771,2.616300
0.242361,-0.179605,2.538647
-0.152759,-0.393460,2.538647
0.241725,-0.390789,2.548209
-0.146699,-0.464102,2.538758
0.229322,-0.457136,2.326238
0.054420,-0.127320,2.598086
0.048993,-0.190421,2.550797
-0.019600,-0.259458,2.550305
0.119364,-0.254990,2.534586
0.032275,-0.663471,2.521248
0.146795,-0.643788,2.457049
0.074294,-0.983003,2.517226
0.158386,-0.953409,2.450119
0.058849,-1.008098,2.442447
0.158976,-0.987093,2.387504
0.013266,0.390998,2.577229
0.040814,0.223301,2.575922
-0.119424,0.095024,2.607261
0.176684,0.107554,2.564515
-0.135189,-0.189687,2.614449
0.239583,-0.179864,2.535724
-0.153882,-0.393431,2.535724
0.241023,-0.391258,2.546921
-0.147643,-0.464152,2.537767
0.229439,-0.457897,2.327642
0.053020,-0.126836,2.595154
0.047841,-0.190186,2.548805
-0.020664,-0.259358,2.548593
0.118362,-0.254825,2.533058
0.031023,-0.663384,2.520763
0.145936,-0.642172,2.450280
0.073731,-0.982742,2.516971
0.159529,-0.953031,2.438163
0.058555,-1.008034,2.442158
0.159654,-0.986352,2.372914
0.011491,0.391058,2.572750
0.039140,0.223461,2.571192
-0.121301,0.094981,2.603776
0.175408,0.106846,2.560537
-0.136411,-0.189615,2.612135
0.237010,-0.180009,2.532504
-0.154979,-0.393439,2.532504
0.240362,-0.391608,2.545575
-0.148600,-0.464157,2.536625
0.229559,-0.458536,2.328887
0.051656,-0.126308,2.591736
0.046733,-0.189923,2.546537
-0.021690,-0.259287,2.546656
0.117399,-0.254602,2.531268
0.029796,-0.663324,2.520249
0.145084,-0.640276,2.443034
0.073166,-0.982465,2.516713
0.160624,-0.952183,2.422857
0.058251,-1.007957,2.441871
0.160148,-0.985144,2.354983
0.009798,0.391039,2.567629
0.037594,0.223615,2.565984
-0.123141,0.095048,2.599959
0.174130,0.106014,2.555942
-0.137645,-0.189435,2.609505
0.234640,-0.180056,2.528934
-0.156040,-0.393392,2.528934
0.239684,-0.391753,2.544176
-0.149584,-0.464070,2.535159
0.229669,-0.459029,2.329943
0.050308,-0.125740,2.587690
0.045628,-0.189635,2.543859
-0.022715,-0.259227,2.544377
0.116410,-0.254324,2.529056
0.028562,-0.663309,2.519625
0.144281,-0.638166,2.435328
0.072598,-0.982169,2.516442
0.161765,-0.951239,2.406493
0.057923,-1.007863,2.441574
0.160605,-0.983874,2.336203
0.008272,0.390977,2.562061
0.036117,0.223722,2.559972
-0.124929,0.095199,2.595482
0.172925,0.105317,2.550654
-0.138866,-0.189148,2.606524
0.232457,-0.180012,2.525104
-0.157223,-0.393207,2.525104
0.239038,-0.391730,2.542110
-0.150594,-0.463992,2.533404
0.229789,-0.459379,2.330845
0.048971,-0.125106,2.582854
0.044544,-0.189301,2.540669
-0.023719,-0.259161,2.541670
0.115429,-0.253978,2.526361
0.027316,-0.663330,2.518862
0.143507,-0.635780,2.427073
0.072035,-0.981858,2.516162
0.162931,-0.949989,2.388455
0.057592,-1.007759,2.441274
0.161040,-0.982339,2.315955
