0.306210,0.412426,3.335268
0.307759,0.250648,3.342672
0.148048,0.140286,3.349589
0.488659,0.118929,3.287426
0.089342,-0.095832,3.358642
0.540389,-0.122500,3.204342
0.060982,-0.290457,3.204342
0.463126,-0.139983,3.293190
0.052380,-0.352685,3.207854
0.434093,-0.148165,2.921880
0.297682,-0.119012,3.307116
0.288691,-0.179422,3.250408
0.211927,-0.248014,3.243709
0.360596,-0.251082,3.223370
0.205903,-0.600148,3.080337
0.370575,-0.642828,3.202662
0.186837,-0.834402,3.007078
0.371216,-0.932206,3.194335
0.199210,-0.866445,2.965108
0.362089,-0.972339,3.107239
0.305512,0.416053,3.306049
0.308070,0.254441,3.311562
0.148693,0.143443,3.317711
0.489473,0.122208,3.254701
0.089372,-0.093254,3.331468
0.538351,-0.121946,3.162941
0.060346,-0.293576,3.162941
0.457110,-0.125621,3.273754
0.051597,-0.358503,3.195863
0.427545,-0.131640,2.884012
0.297576,-0.115818,3.276972
0.288303,-0.176332,3.220415
0.211788,-0.244866,3.214816
0.359954,-0.247874,3.192949
0.205455,-0.598077,3.045415
0.370293,-0.640559,3.181304
0.184050,-0.832652,2.957272
0.372129,-0.929182,3.183066
0.197082,-0.865221,2.911907
0.362527,-0.970615,3.098032
0.304564,0.419087,3.276829
0.308097,0.257744,3.282676
0.149138,0.146113,3.287572
0.488988,0.125136,3.222662
0.089166,-0.091304,3.302798
0.536606,-0.121319,3.126244
0.058364,-0.297433,3.126244
0.451919,-0.113536,3.252326
0.049834,-0.364803,3.183541
0.421321,-0.116716,2.849743
0.297387,-0.113350,3.247055
0.287787,-0.173933,3.190228
0.211758,-0.242272,3.185173
0.359003,-0.245170,3.162116
0.204786,-0.597281,3.011500
0.369828,-0.638858,3.160591
0.181871,-0.831716,2.912350
0.373291,-0.925852,3.172138
0.195201,-0.864819,2.863842
0.363621,-0.966976,3.087812
0.303570,0.421596,3.249308
0.308075,0.260635,3.254654
0.149407,0.148317,3.256736
0.488124,0.127489,3.192170
0.088707,-0.089658,3.275563
0.534797,-0.120279,3.091373
0.055469,-0.301457,3.091373
0.447322,-0.103149,3.227640
0.046263,-0.371205,3.167764
0.415303,-0.103109,2.817040
0.297068,-0.111312,3.217420
0.287299,-0.171931,3.160315
0.211723,-0.240099,3.155680
0.358073,-0.242818,3.131550
0.204281,-0.596583,2.979951
0.369809,-0.637173,3.140279
0.179977,-0.831529,2.871140
0.374375,-0.921994,3.161173
0.193586,-0.865166,2.819506
0.364789,-0.962600,3.077430
0.302461,0.423954,3.222918
0.307844,0.263246,3.227310
0.149832,0.150096,3.225580
0.486137,0.129347,3.162084
0.087398,-0.088368,3.245426
0.532642,-0.119049,3.058746
0.050833,-0.305878,3.058746
0.443490,-0.094473,3.200783
0.040337,-0.377569,3.147944
0.409252,-0.090717,2.785785
0.296455,-0.109765,3.188260
0.286536,-0.170469,3.130736
0.211529,-0.238284,3.126537
0.356750,-0.240808,3.101660
0.203770,-0.596054,2.950719
0.369720,-0.635308,3.117151
0.178235,-0.831604,2.834323
0.376077,-0.916758,3.148248
0.192035,-0.865749,2.779963
0.365616,-0.960482,3.069172
0.300744,0.426147,3.196238
0.306672,0.265749,3.199774
0.149392,0.151444,3.195448
0.483672,0.130874,3.133063
0.085115,-0.087682,3.213908
0.529419,-0.118719,3.026851
0.042178,-0.309852,3.026851
0.439501,-0.086657,3.165921
0.030922,-0.383649,3.120491
0.403722,-0.079800,2.756700
0.295165,-0.108386,3.158463
0.285185,-0.169165,3.100493
0.210523,-0.236691,3.095379
0.355041,-0.239087,3.071538
0.202771,-0.596391,2.921644
0.369464,-0.633274,3.093692
0.176484,-0.832372,2.800431
0.376908,-0.911093,3.133075
0.190211,-0.867014,2.743423
0.366425,-0.954359,3.054903
0.298627,0.428143,3.169545
0.305352,0.268059,3.173532
0.148300,0.152812,3.165347
0.480945,0.133063,3.105533
0.081922,-0.086919,3.181653
0.527485,-0.115436,2.996437
0.031355,-0.312611,2.996437
0.435298,-0.078604,3.126868
0.018933,-0.388263,3.087905
0.398634,-0.070180,2.730193
0.293576,-0.106964,3.129670
0.283600,-0.167723,3.071164
0.209325,-0.235041,3.065712
0.353031,-0.237265,3.041818
0.201701,-0.596820,2.895193
0.369296,-0.630517,3.065486
0.174867,-0.832832,2.770209
0.378271,-0.903670,3.113133
0.188579,-0.867890,2.710921
0.368011,-0.946004,3.035499
0.296530,0.430123,3.144611
0.303589,0.270527,3.147120
0.146472,0.153872,3.135468
0.477685,0.134882,3.078638
0.077227,-0.086467,3.146020
0.525702,-0.111605,2.966604
0.017896,-0.312198,2.966604
0.431273,-0.071215,3.080641
0.003300,-0.388741,3.045217
0.393756,-0.061515,2.704548
0.291724,-0.105528,3.101146
0.281838,-0.166336,3.042195
0.207775,-0.233573,3.035454
0.351028,-0.235517,3.013275
0.200640,-0.597664,2.870712
0.368726,-0.626514,3.033715
0.173782,-0.838080,2.740815
0.378667,-0.894420,3.086715
0.186995,-0.873273,2.679089
0.368745,-0.935443,3.009339
0.292662,0.433071,3.114019
0.300396,0.273473,3.116219
0.142750,0.155900,3.099293
0.473064,0.137820,3.048764
0.069090,-0.084318,3.095650
0.521952,-0.108423,2.935794
0.000992,-0.297430,2.935794
0.424604,-0.063074,3.008765
-0.025659,-0.368805,2.943077
0.387178,-0.052283,2.672567
0.288363,-0.103256,3.067723
0.278831,-0.163992,3.008235
0.204900,-0.231202,2.999774
0.347821,-0.232820,2.979771
0.199302,-0.598204,2.846972
0.366887,-0.619441,2.981344
0.172771,-0.839814,2.715515
0.379688,-0.880132,3.023177
0.185881,-0.875184,2.651884
0.370174,-0.925105,2.971651
0.288808,0.435997,3.083692
0.295327,0.276589,3.083320
0.138618,0.157714,3.063064
0.468155,0.140244,3.018772
0.060929,-0.080805,3.046896
0.517233,-0.105751,2.904247
-0.013891,-0.277877,2.904247
0.418862,-0.056388,2.935359
-0.051026,-0.344587,2.836332
0.381273,-0.044127,2.643866
0.284186,-0.100842,3.033964
0.275214,-0.161598,2.974194
0.201370,-0.228834,2.964170
0.344357,-0.230253,2.946666
0.197953,-0.598760,2.825403
0.364042,-0.612170,2.926224
0.171689,-0.840800,2.693081
0.378635,-0.866713,2.963295
0.184812,-0.876286,2.627904
0.365376,-0.900874,2.923657
0.284747,0.439017,3.054486
0.290699,0.279558,3.052915
0.134367,0.159470,3.028317
0.463198,0.142687,2.990657
0.051782,-0.073372,2.994467
0.512546,-0.103162,2.875381
-0.026316,-0.260094,2.875381
0.414431,-0.049905,2.869159
-0.070562,-0.312212,2.729995
0.375072,-0.036052,2.614729
0.279916,-0.098523,3.001931
0.271468,-0.159241,2.941707
0.197591,-0.226446,2.929933
0.340686,-0.227746,2.914959
0.196622,-0.599237,2.805730
0.362129,-0.606642,2.870775
0.170919,-0.841803,2.673186
0.376993,-0.857940,2.914417
0.183900,-0.877309,2.606293
0.362149,-0.878830,2.873110
0.280289,0.442007,3.024195
0.286392,0.282531,3.023792
0.130071,0.161412,2.994412
0.457595,0.145199,2.962315
0.042994,-0.066019,2.944756
0.507803,-0.100598,2.847667
-0.035593,-0.242676,2.847667
0.408150,-0.042962,2.806319
-0.083244,-0.275107,2.629254
0.369030,-0.028427,2.586589
0.275794,-0.096274,2.971162
0.267808,-0.156980,2.910558
0.193933,-0.224058,2.896733
0.337094,-0.225355,2.885145
0.195326,-0.599822,2.787766
0.359120,-0.599549,2.817065
0.170159,-0.843250,2.655661
0.373963,-0.845851,2.849202
0.182933,-0.878585,2.587022
0.357479,-0.853183,2.815803
0.276066,0.444868,2.995670
0.282069,0.285654,2.995575
0.124953,0.163251,2.960372
0.452143,0.147670,2.935555
0.035344,-0.058250,2.897173
0.502807,-0.097895,2.820763
-0.042623,-0.228384,2.820763
0.402008,-0.036328,2.752094
-0.089097,-0.235163,2.534980
0.363051,-0.021226,2.559477
0.271603,-0.093915,2.941822
0.264233,-0.154655,2.880951
0.190299,-0.221726,2.865303
0.333661,-0.222993,2.856737
0.193892,-0.600864,2.771116
0.355809,-0.593273,2.765803
0.169793,-0.845132,2.640620
0.358935,-0.833175,2.786157
0.182273,-0.880141,2.570141
0.351716,-0.828926,2.759476
0.272425,0.448070,2.965806
0.276909,0.289083,2.964362
0.119833,0.166143,2.923846
0.445954,0.151284,2.906322
0.025673,-0.050423,2.840735
0.496199,-0.094451,2.792568
-0.050771,-0.187953,2.792568
0.395527,-0.028577,2.668543
-0.080304,-0.182812,2.445367
0.355459,-0.012564,2.528423
0.267025,-0.091122,2.910491
0.260420,-0.151921,2.849520
0.186561,-0.218936,2.832030
0.330078,-0.220283,2.827332
0.192522,-0.601818,2.755369
0.351543,-0.588149,2.717102
0.170558,-0.851242,2.627599
0.351436,-0.832478,2.721804
0.182475,-0.885425,2.555286
0.345814,-0.827063,2.687924
0.268696,0.451003,2.937171
0.271902,0.292164,2.935205
0.115084,0.169013,2.890652
0.440440,0.154214,2.878901
0.017309,-0.041825,2.783859
0.490375,-0.090753,2.763203
-0.047050,-0.144872,2.763203
0.388942,-0.021590,2.584360
-0.066599,-0.130392,2.368817
0.348040,-0.004373,2.498920
0.262679,-0.088516,2.881485
0.256779,-0.149357,2.820450
0.182936,-0.216374,2.801253
0.326672,-0.217817,2.799779
0.191164,-0.602829,2.740771
0.347527,-0.584043,2.672861
0.171692,-0.858108,2.616812
0.345152,-0.834272,2.657234
0.182935,-0.891380,2.542686
0.341098,-0.829200,2.615105
0.264380,0.454446,2.905737
0.266461,0.295185,2.902878
0.109895,0.172410,2.855645
0.434481,0.157507,2.847731
0.010283,-0.029702,2.728696
0.482915,-0.085902,2.728372
-0.037385,-0.107919,2.728372
0.382505,-0.014577,2.512220
-0.057950,-0.094819,2.308704
0.342773,0.002156,2.475687
0.258300,-0.085715,2.849998
0.253085,-0.146581,2.788981
0.179348,-0.213798,2.768872
0.323255,-0.215106,2.769386
0.189571,-0.604025,2.725982
0.343504,-0.581069,2.630650
0.172938,-0.864358,2.607751
0.338532,-0.835531,2.592695
0.183400,-0.896766,2.531892
0.335536,-0.831413,2.542206
0.260178,0.457819,2.873338
0.261548,0.298106,2.870593
0.105717,0.176026,2.820843
0.428585,0.161168,2.813940
0.005020,-0.019448,2.670613
0.474942,-0.079994,2.687972
-0.007133,-0.058130,2.687972
0.375310,-0.006105,2.435706
-0.015873,-0.038786,2.257143
0.336841,0.009679,2.450499
0.254397,-0.083129,2.816828
0.249687,-0.143941,2.755475
0.176196,-0.211283,2.735865
0.319921,-0.212257,2.735660
0.187772,-0.604660,2.709208
0.339730,-0.577947,2.591958
0.173520,-0.866910,2.598246
0.332862,-0.836478,2.536661
0.182646,-0.895464,2.522970
0.330505,-0.833419,2.479138
0.256471,0.461455,2.840203
0.257419,0.301558,2.835220
0.102288,0.180308,2.784976
0.422959,0.165952,2.775775
0.001102,-0.007835,2.611884
0.465649,-0.070227,2.636734
0.026477,-0.014720,2.636734
0.356745,0.010425,2.369064
0.011599,0.000253,2.212722
0.318927,0.021219,2.422224
0.251079,-0.080092,2.781645
0.246583,-0.140964,2.720361
0.173351,-0.208653,2.702872
0.316728,-0.208910,2.698242
0.185933,-0.604034,2.689208
0.336412,-0.575945,2.554557
0.174195,-0.868542,2.589232
0.327978,-0.837340,2.487548
0.180319,-0.894971,2.516825
0.325883,-0.835445,2.424082
0.253907,0.465423,2.803814
0.253901,0.305179,2.800818
0.099234,0.185189,2.748737
0.417665,0.171719,2.731526
-0.000829,0.003666,2.556002
0.457250,-0.057102,2.578573
0.049136,0.022901,2.578573
0.337040,0.029739,2.313596
0.033830,0.035795,2.174369
0.299090,0.034924,2.393564
0.249170,-0.075377,2.745792
0.244696,-0.135709,2.684169
0.172060,-0.203112,2.664100
0.314397,-0.204637,2.664425
0.183877,-0.602502,2.664312
0.333547,-0.574189,2.520572
0.175167,-0.869165,2.579507
0.324094,-0.837935,2.443718
0.183528,-0.889551,2.509399
0.321908,-0.837182,2.375218
0.251762,0.469196,2.770652
0.251219,0.308989,2.767123
0.096882,0.190147,2.714686
0.412697,0.177646,2.689253
-0.001248,0.014974,2.504559
0.449254,-0.041627,2.521002
0.073920,0.059890,2.521002
0.322569,0.046607,2.261062
0.057520,0.069918,2.139833
0.281080,0.052854,2.360609
0.247858,-0.070795,2.712441
0.243243,-0.130827,2.650834
0.171209,-0.197919,2.628699
0.312533,-0.200288,2.633038
0.181811,-0.600331,2.638833
0.331066,-0.572642,2.490209
0.176256,-0.868861,2.569695
0.320746,-0.838392,2.405360
0.182047,-0.887254,2.501454
0.318454,-0.838704,2.332627
0.250583,0.473464,2.736740
0.250292,0.313129,2.730602
0.096993,0.194184,2.673074
0.408301,0.184780,2.647934
-0.000101,0.027894,2.454216
0.441774,-0.022204,2.461847
0.105556,0.090234,2.461847
0.308688,0.063005,2.215461
0.087413,0.099662,2.111709
0.265887,0.071051,2.329755
0.248090,-0.066695,2.677321
0.243766,-0.126744,2.615821
0.172722,-0.193636,2.589010
0.312050,-0.196464,2.603248
0.179036,-0.596264,2.606455
0.328832,-0.571388,2.462076
0.176905,-0.866191,2.555764
0.317855,-0.838587,2.371529
0.180351,-0.884836,2.493689
0.315930,-0.839815,2.295140
0.249802,0.477465,2.705259
0.249703,0.316923,2.697552
0.097340,0.198209,2.634490
0.404525,0.191735,2.610608
0.001350,0.039450,2.409554
0.435139,-0.003760,2.408014
0.134822,0.116010,2.408014
0.296021,0.079587,2.176667
0.131116,0.124636,2.091479
0.255450,0.084110,2.305677
0.248495,-0.062904,2.645679
0.244495,-0.122974,2.584274
0.174378,-0.189730,2.553235
0.311967,-0.192895,2.576122
0.176195,-0.593015,2.574957
0.326896,-0.570302,2.436881
0.176981,-0.863504,2.540914
0.315241,-0.838639,2.341367
0.178469,-0.880064,2.485220
0.313728,-0.840692,2.261848
0.250016,0.481698,2.672188
0.250027,0.321099,2.663778
0.098394,0.203365,2.597079
0.401439,0.199742,2.573615
0.003207,0.050246,2.368724
0.427810,0.016184,2.355065
0.160830,0.141423,2.355065
0.281478,0.097246,2.141439
0.172803,0.149164,2.073535
0.239193,0.097951,2.282206
0.249520,-0.058672,2.614937
0.245715,-0.118875,2.553879
0.176485,-0.185526,2.519056
0.312456,-0.189051,2.549974
0.173356,-0.589892,2.543432
0.325231,-0.569222,2.414052
0.177338,-0.860331,2.525704
0.312863,-0.838621,2.314136
0.176448,-0.875022,2.476782
0.311724,-0.841456,2.231928
0.250525,0.485628,2.641202
0.250857,0.325078,2.631636
0.100178,0.208513,2.561333
0.398767,0.207516,2.538221
0.005468,0.060264,2.331186
0.420438,0.034629,2.306777
0.185411,0.162467,2.306777
0.268592,0.112956,2.110707
0.209879,0.168618,2.059198
0.224202,0.110387,2.260973
0.250876,-0.054775,2.585745
0.247188,-0.115155,2.525086
0.178609,-0.181704,2.488120
0.313381,-0.185115,2.524085
0.170772,-0.586428,2.512303
0.323739,-0.568235,2.393486
0.176718,-0.856094,2.506582
0.310790,-0.838686,2.289606
0.173901,-0.871758,2.468889
0.309981,-0.842361,2.205143
0.251177,0.489425,2.612016
0.251982,0.328676,2.601602
0.101992,0.213175,2.529279
0.396564,0.214721,2.506306
0.007653,0.069168,2.297612
0.413966,0.050897,2.264598
0.207329,0.181393,2.264598
0.253098,0.124018,2.083972
0.244966,0.185956,2.047043
0.207042,0.120162,2.242405
0.252345,-0.051174,2.559099
0.248713,-0.111760,2.498898
0.180692,-0.178213,2.459965
0.314393,-0.181516,2.500751
0.168434,-0.583315,2.483667
0.322424,-0.567319,2.374954
0.176157,-0.851935,2.488573
0.309095,-0.838883,2.267837
0.171248,-0.868519,2.461390
0.308551,-0.843535,2.181483
0.252072,0.493053,2.584974
0.253094,0.331979,2.574202
0.103922,0.217454,2.500109
0.394626,0.221414,2.477000
0.009639,0.077017,2.267744
0.408276,0.065188,2.227687
0.227945,0.197072,2.227687
0.242474,0.133286,2.060998
0.278998,0.200110,2.037713
0.193467,0.128467,2.225374
0.253816,-0.047956,2.534815
0.250194,-0.108766,2.475061
0.182655,-0.175123,2.434560
0.315427,-0.178234,2.479527
0.166433,-0.580479,2.457719
0.321247,-0.566466,2.358233
0.175509,-0.847751,2.470688
0.307783,-0.839164,2.248898
0.169021,-0.863980,2.442790
0.307409,-0.844946,2.161005
0.253018,0.496406,2.559887
0.254198,0.334986,2.549275
0.105667,0.221293,2.474089
0.392740,0.227558,2.450267
0.011458,0.083992,2.241127
0.402948,0.077894,2.194755
0.247191,0.210226,2.194755
0.229010,0.141929,2.041945
0.308523,0.212040,2.029242
0.177826,0.136738,2.209864
0.255325,-0.045073,2.512565
0.251642,-0.106105,2.453233
0.184515,-0.172396,2.411508
0.316497,-0.175163,2.459907
0.164656,-0.577881,2.434253
0.320161,-0.565694,2.343091
0.174738,-0.843594,2.453226
0.306847,-0.839522,2.232809
0.167177,-0.860614,2.429428
0.306489,-0.846590,2.143752
0.253954,0.499433,2.537289
0.255289,0.337747,2.526641
0.107197,0.224815,2.450928
0.391033,0.233099,2.426126
0.013101,0.090286,2.217055
0.398228,0.089017,2.165655
0.264965,0.220867,2.165655
0.216643,0.149185,2.026536
0.333499,0.221704,2.022852
0.162165,0.143839,2.195647
0.256700,-0.042297,2.492207
0.252883,-0.103499,2.433257
0.186121,-0.169770,2.390978
0.317252,-0.171731,2.440485
0.163148,-0.575631,2.412995
0.319193,-0.565011,2.329353
0.173784,-0.840800,2.435204
0.306233,-0.839976,2.219648
0.164638,-0.858223,2.408482
0.305731,-0.848482,2.129830
0.254814,0.502156,2.516756
0.256324,0.340255,2.505976
0.108660,0.228018,2.429939
0.389515,0.238047,2.404604
0.014706,0.095964,2.195364
0.393966,0.098830,2.139681
0.281392,0.229034,2.139681
0.205121,0.155391,2.014663
0.355979,0.229196,2.018325
0.147904,0.150093,2.183002
0.257894,-0.039732,2.473758
0.253972,-0.101098,2.415165
0.187533,-0.167368,2.372635
0.317909,-0.168547,2.422798
0.161769,-0.573614,2.393816
0.318371,-0.564438,2.316927
0.172836,-0.838291,2.418467
0.305963,-0.840597,2.209313
0.162383,-0.856187,2.388293
0.305309,-0.850679,2.119121
0.255651,0.504661,2.497907
0.257297,0.342523,2.487245
0.109973,0.230866,2.410888
0.388167,0.242467,2.385398
0.016347,0.101049,2.175900
0.390113,0.107578,2.116309
0.296305,0.234700,2.116309
0.194382,0.160616,2.005912
0.375866,0.234787,2.015027
0.135004,0.155600,2.171750
0.258926,-0.037352,2.457065
0.254936,-0.098859,2.398784
0.188774,-0.165151,2.356131
0.318491,-0.165579,2.406679
0.160513,-0.571801,2.376517
0.317687,-0.563963,2.305747
0.171624,-0.835263,2.402503
0.305905,-0.841322,2.201533
0.160093,-0.853410,2.368487
0.305150,-0.853052,2.111286
0.256431,0.506891,2.480864
0.258186,0.344575,2.470444
0.111189,0.233337,2.393354
0.386949,0.246412,2.368115
0.018165,0.105519,2.158572
0.386566,0.115467,2.095274
0.309758,0.237956,2.095274
0.184830,0.164922,2.000256
0.393473,0.238398,2.013449
0.124727,0.160607,2.161565
0.259808,-0.035201,2.442001
0.255790,-0.096828,2.383968
0.189870,-0.163143,2.341229
0.318997,-0.162848,2.391970
0.159381,-0.570176,2.360898
0.317115,-0.563590,2.295707
0.170504,-0.832816,2.387931
0.306094,-0.841876,2.196090
0.158227,-0.851349,2.349998
0.305364,-0.855250,2.106045
0.257151,0.508891,2.465523
0.258984,0.346427,2.455312
0.112267,0.235555,2.377651
0.385847,0.249943,2.352532
0.020135,0.109350,2.143195
0.383248,0.122569,2.076635
0.321712,0.238933,2.076635
0.177092,0.167694,1.997241
0.408797,0.240168,2.013167
0.116110,0.164992,2.152277
0.260594,-0.033248,2.428355
0.256540,-0.094978,2.370534
0.190849,-0.161304,2.327718
0.319422,-0.160342,2.378552
0.158351,-0.568731,2.346820
0.316589,-0.563314,2.286727
0.169496,-0.830474,2.374646
0.306451,-0.842508,2.192911
0.156592,-0.849347,2.332900
0.305692,-0.857534,2.103321
0.257806,0.510686,2.451600
0.259678,0.348093,2.441637
0.113194,0.237552,2.363514
0.384846,0.253123,2.338437
0.022286,0.112499,2.129784
0.380209,0.128856,2.060348
0.332110,0.237840,2.060348
0.170307,0.169309,1.996597
0.421854,0.240307,2.014064
0.108202,0.168767,2.143929
0.261266,-0.031540,2.415954
0.257178,-0.093373,2.358306
0.191689,-0.159697,2.315475
0.319758,-0.158237,2.365867
0.157410,-0.567439,2.334132
0.316130,-0.563179,2.278790
0.168564,-0.828333,2.362628
0.306833,-0.843212,2.191397
0.155144,-0.847530,2.317277
0.306021,-0.859848,2.102443
0.258389,0.512302,2.439046
0.260288,0.349601,2.429292
0.114010,0.239359,2.350732
0.383958,0.256017,2.325672
0.024698,0.114941,2.118360
0.377507,0.134254,2.046278
0.336485,0.231831,2.046278
0.164532,0.169894,2.001812
0.431314,0.240113,2.015320
0.101087,0.171964,2.136473
0.261863,-0.029973,2.404733
0.257743,-0.091890,2.347234
0.192452,-0.158198,2.304344
0.320038,-0.156282,2.354445
0.156552,-0.566273,2.322694
0.315667,-0.563109,2.271729
0.167626,-0.826176,2.351834
0.307376,-0.843724,2.191202
0.153837,-0.845800,2.304675
0.306505,-0.861880,2.102985
0.258905,0.513766,2.427684
0.260810,0.350962,2.418104
0.114740,0.240992,2.339135
0.383177,0.258633,2.314119
0.027270,0.116660,2.108880
0.375254,0.138801,2.034555
0.338763,0.224407,2.034555
0.159587,0.169479,2.009151
0.438559,0.238808,2.017562
0.094723,0.174594,2.129877
0.262384,-0.028583,2.394535
0.258231,-0.090583,2.337159
0.193131,-0.156852,2.294257
0.320238,-0.154581,2.343811
0.155769,-0.565213,2.312346
0.315256,-0.563105,2.265522
0.166865,-0.824247,2.341969
0.308222,-0.843629,2.192154
0.152760,-0.844129,2.291878
0.307270,-0.863183,2.104687
0.259356,0.515091,2.417403
0.261263,0.352194,2.407949
0.115403,0.242453,2.328624
0.382516,0.260991,2.303751
0.029912,0.117640,2.101290
0.373331,0.142482,2.025121
0.339214,0.216139,2.025121
0.155430,0.168182,2.016451
0.441636,0.233193,2.022986
0.089078,0.176683,2.124094
0.262843,-0.027337,2.385271
0.258660,-0.089417,2.328002
0.193725,-0.155642,2.285152
0.320394,-0.153089,2.334053
0.155060,-0.564250,2.302958
0.314850,-0.563124,2.260062
0.166163,-0.822459,2.333086
0.309134,-0.843465,2.194077
0.151806,-0.842560,2.280320
0.308104,-0.864329,2.107404
0.259757,0.516297,2.408079
0.261674,0.353314,2.398724
0.115987,0.243723,2.319137
0.381943,0.263068,2.294481
0.032607,0.117962,2.095507
0.371813,0.145271,2.017849
0.338100,0.206167,2.017849
0.150046,0.167068,2.025618
0.442392,0.225633,2.029935
0.082502,0.178356,2.119212
0.263247,-0.026217,2.376853
0.259030,-0.088379,2.319675
0.194223,-0.154571,2.276958
0.320498,-0.151779,2.325144
0.154414,-0.563379,2.294430
0.314478,-0.563231,2.255369
0.165492,-0.820958,2.325129
0.310052,-0.843414,2.196925
0.150885,-0.841330,2.269957
0.307221,-0.868055,2.120240
0.260126,0.517394,2.399619
0.262036,0.354332,2.390372
0.116488,0.244808,2.310668
0.381437,0.264846,2.286254
0.035317,0.117701,2.091370
0.370669,0.147137,2.012761
0.340188,0.198925,2.012761
0.147469,0.163898,2.032008
0.444862,0.220016,2.035004
0.078106,0.179215,2.115000
0.263587,-0.025221,2.369198
0.259330,-0.087466,2.312097
0.194602,-0.153640,2.269638
0.320526,-0.150638,2.316952
0.153829,-0.562632,2.286728
0.314118,-0.563374,2.251315
0.164888,-0.819613,2.317961
0.310837,-0.843524,2.200381
0.150047,-0.840248,2.260639
0.306147,-0.872224,2.134169
0.260464,0.518385,2.391970
0.262332,0.355253,2.382845
0.116898,0.245713,2.303199
0.380936,0.266295,2.278988
0.037999,0.116929,2.088637
0.369890,0.148148,2.009733
0.341781,0.191711,2.009733
0.143260,0.161441,2.038446
0.446246,0.214003,2.040286
0.072869,0.180014,2.111306
0.263856,-0.024354,2.362240
0.259551,-0.086685,2.305201
0.194863,-0.152856,2.263141
0.320487,-0.149653,2.309438
0.153308,-0.562004,2.279822
0.313747,-0.563548,2.247848
0.164345,-0.818400,2.311481
0.311533,-0.843404,2.204211
0.149285,-0.839286,2.252233
0.306207,-0.873834,2.140573
0.260750,0.519270,2.385066
0.262565,0.356079,2.376123
0.117198,0.246448,2.296667
0.380479,0.267443,2.272731
0.040575,0.115728,2.087176
0.369421,0.148376,2.008557
0.342887,0.184169,2.008557
0.141824,0.157848,2.044814
0.446506,0.207853,2.045790
0.069565,0.180205,2.108361
0.264055,-0.023602,2.355935
0.259705,-0.086014,2.298943
0.195009,-0.152199,2.257395
0.320401,-0.148792,2.302572
0.152857,-0.561512,2.273690
0.313412,-0.563733,2.244897
0.163853,-0.817298,2.305614
0.312192,-0.843384,2.208270
0.148599,-0.838413,2.244661
0.306305,-0.875324,2.146656
0.260981,0.520057,2.378893
0.262722,0.356816,2.370189
0.117388,0.247018,2.291009
0.380055,0.268292,2.267454
0.042978,0.114220,2.086722
0.369235,0.147928,2.008996
0.343561,0.176799,2.008996
0.141436,0.153671,2.051026
0.447507,0.203316,2.049928
0.067240,0.179866,2.106139
0.264173,-0.022970,2.350235
0.259783,-0.085456,2.293269
0.195043,-0.151664,2.252329
0.320267,-0.148049,2.296292
0.152463,-0.561122,2.268281
0.313075,-0.563955,2.242436
0.163390,-0.816329,2.300290
0.312828,-0.843359,2.212569
0.147980,-0.837685,2.237792
0.306454,-0.876617,2.152493
0.261141,0.520756,2.373430
0.262752,0.357455,2.364970
0.117472,0.247435,2.286205
0.379686,0.268863,2.263131
0.045194,0.112491,2.087132
0.369297,0.146799,2.010936
0.343872,0.169634,2.010936
0.141689,0.149235,2.057055
0.447945,0.198853,2.053987
0.065674,0.179134,2.104529
0.264202,-0.022441,2.345094
0.259787,-0.084992,2.288138
0.194958,-0.151234,2.247908
0.320096,-0.147406,2.290555
0.152134,-0.560865,2.263565
0.312714,-0.564191,2.240407
0.162966,-0.815465,2.295475
0.313431,-0.843309,2.216988
0.147439,-0.837039,2.231580
0.306637,-0.877715,2.158039
0.261236,0.521373,2.368653
0.262694,0.358013,2.360466
0.117460,0.247711,2.282208
0.379334,0.269113,2.259652
0.047146,0.110662,2.088134
0.369608,0.145046,2.014166
0.343825,0.162689,2.014166
0.142207,0.145031,2.062900
0.447839,0.194456,2.057992
0.064558,0.177464,2.103281
0.264149,-0.022022,2.340476
0.259711,-0.084631,2.283505
0.194760,-0.150912,2.244085
0.319873,-0.146871,2.285295
0.151823,-0.560731,2.259490
0.312358,-0.564452,2.238798
0.162573,-0.814646,2.291144
0.313997,-0.843071,2.221324
0.147268,-0.836987,2.226588
0.306835,-0.878512,2.163189
0.261276,0.521911,2.364540
0.262536,0.358499,2.356628
0.117340,0.247860,2.278977
0.379001,0.269084,2.256952
0.048899,0.108715,2.089767
0.370138,0.142874,2.018378
0.343508,0.155977,2.018378
0.143633,0.139914,2.068495
0.447269,0.190141,2.061896
0.064442,0.175722,2.102771
0.264010,-0.021705,2.336345
0.259559,-0.084365,2.279339
0.194454,-0.150688,2.240797
0.319620,-0.146425,2.280504
0.151541,-0.560691,2.256003
0.312012,-0.564735,2.237560
0.162199,-0.813902,2.287256
0.314533,-0.842763,2.225593
0.146708,-0.837035,2.222249
0.307047,-0.879120,2.167997
0.261206,0.522388,2.360952
0.262290,0.358909,2.353421
0.117114,0.247875,2.276438
0.378698,0.268805,2.254994
0.050417,0.106674,2.091901
0.370753,0.140243,2.023413
0.342926,0.149511,2.023413
0.142770,0.136162,2.073830
0.446259,0.185898,2.065705
0.062017,0.174443,2.102061
0.263786,-0.021482,2.332669
0.259329,-0.084185,2.275604
0.194037,-0.150553,2.238017
0.319327,-0.146062,2.276128
0.151281,-0.560746,2.253070
0.311683,-0.565091,2.236649
0.161804,-0.813227,2.283831
0.315045,-0.842383,2.229791
0.146282,-0.837023,2.218302
0.307283,-0.879546,2.172501
0.260970,0.522782,2.357888
0.261933,0.359248,2.350826
0.116694,0.247742,2.274580
0.378392,0.268276,2.253651
0.051739,0.104580,2.094432
0.371534,0.137308,2.029057
0.342152,0.143289,2.029057
0.141945,0.132497,2.078893
0.444891,0.181724,2.069404
0.059646,0.173026,2.101649
0.263472,-0.021349,2.329413
0.259016,-0.084084,2.272267
0.193503,-0.150507,2.235714
0.318981,-0.145786,2.272110
0.151058,-0.560885,2.250661
0.311343,-0.565517,2.236043
0.161453,-0.812614,2.280846
0.315493,-0.842052,2.233798
0.145948,-0.836783,2.214432
0.307492,-0.879914,2.176630
0.260649,0.523108,2.355351
0.261468,0.359511,2.348799
0.116175,0.247498,2.273313
0.378089,0.267536,2.252865
0.052866,0.102474,2.097241
0.372392,0.134191,2.035042
0.341230,0.137421,2.035042
0.141137,0.128919,2.083643
0.443228,0.177679,2.072964
0.057294,0.171458,2.101452
0.263079,-0.021304,2.326550
0.258632,-0.084061,2.269299
0.192884,-0.150537,2.233825
0.318604,-0.145582,2.268447
0.150877,-0.561096,2.248726
0.310998,-0.566002,2.235716
0.161123,-0.812058,2.278264
0.315902,-0.841730,2.237673
0.147878,-0.837268,2.213664
0.307698,-0.880193,2.180463
0.260242,0.523362,2.353305
0.260916,0.359710,2.347286
0.115558,0.247153,2.272576
0.377797,0.266626,2.252597
0.053812,0.100383,2.100268
0.373328,0.130927,2.041232
0.340200,0.131941,2.041232
0.140367,0.125428,2.088070
0.441323,0.173792,2.076372
0.055013,0.169757,2.101414
0.262613,-0.021336,2.324054
0.258185,-0.084105,2.266675
0.192187,-0.150634,2.232325
0.318201,-0.145440,2.265114
0.150711,-0.561415,2.247243
0.310653,-0.566509,2.235636
0.160863,-0.811600,2.276042
0.316273,-0.841399,2.241395
0.148055,-0.837231,2.211042
0.307899,-0.880380,2.184016
0.259767,0.523556,2.351721
0.260275,0.359847,2.346224
0.114854,0.246720,2.272310
0.377500,0.265532,2.252756
0.054598,0.098334,2.103424
0.374395,0.127555,2.047564
0.339095,0.126820,2.047564
0.139677,0.122026,2.092155
0.439225,0.170056,2.079606
0.052839,0.167945,2.101523
0.262081,-0.021443,2.321892
0.257679,-0.084217,2.264369
0.191426,-0.150800,2.231169
0.317776,-0.145361,2.262084
0.150564,-0.561804,2.246162
0.310300,-0.567099,2.235776
0.160549,-0.811186,2.274125
0.316594,-0.841059,2.244910
0.147923,-0.837629,2.209450
0.308084,-0.880487,2.187279
0.259230,0.523694,2.350562
0.259544,0.359924,2.345582
0.114089,0.246222,2.272464
0.377203,0.264298,2.253290
0.055242,0.096345,2.106649
0.375504,0.124162,2.053896
0.337947,0.122069,2.053896
0.139039,0.118784,2.095935
0.436983,0.166488,2.082682
0.050750,0.166083,2.101781
0.261486,-0.021622,2.320045
0.257117,-0.084393,2.262360
0.190611,-0.151022,2.230329
0.317325,-0.145341,2.259339
0.150428,-0.562263,2.245452
0.309929,-0.567786,2.236146
0.160242,-0.810829,2.272599
0.316696,-0.840523,2.248378
0.147882,-0.837685,2.207830
0.308130,-0.880334,2.190395
0.258642,0.523780,2.349794
0.258728,0.359940,2.345324
0.113275,0.245671,2.272983
0.376927,0.262955,2.254136
0.055760,0.094423,2.109888
0.376636,0.120816,2.060135
0.336779,0.117679,2.060135
0.138455,0.115720,2.099414
0.434636,0.163097,2.085593
0.048743,0.164192,2.102132
0.260838,-0.021860,2.318492
0.256510,-0.084621,2.260629
0.189754,-0.151293,2.229780
0.316860,-0.145369,2.256857
0.150304,-0.562774,2.245079
0.309584,-0.568486,2.236672
0.159935,-0.810519,2.271412
0.316737,-0.839950,2.251714
0.147938,-0.837744,2.206234
0.308145,-0.880070,2.193311
0.258014,0.523818,2.349378
0.257842,0.359902,2.345364
0.112425,0.245084,2.273812
0.376663,0.261538,2.255264
0.056167,0.092578,2.113114
0.377792,0.117552,2.066202
0.335604,0.113628,2.066202
0.137934,0.112855,2.102640
0.432214,0.159882,2.088367
0.046825,0.162312,2.102578
0.260143,-0.022152,2.317200
0.255863,-0.084897,2.259148
0.188869,-0.151601,2.229466
0.316380,-0.145443,2.254620
0.150182,-0.563336,2.245002
0.309239,-0.569209,2.237347
0.159640,-0.810260,2.270586
0.316777,-0.839382,2.254850
0.147531,-0.834343,2.207852
0.308175,-0.879752,2.195994
0.257348,0.523805,2.349277
0.256896,0.359814,2.345681
0.111546,0.244464,2.274884
0.376431,0.260058,2.256630
0.056473,0.090814,2.116291
0.378976,0.114391,2.072052
0.334429,0.109879,2.072052
0.137483,0.110165,2.105599
0.429740,0.156823,2.090981
0.044985,0.160431,2.103116
0.259407,-0.022493,2.316153
0.255185,-0.085217,2.257900
0.187962,-0.151948,2.229357
0.315892,-0.145562,2.252610
0.150067,-0.563937,2.245194
0.308881,-0.569979,2.238172
0.159349,-0.810053,2.269853
0.316802,-0.838916,2.257763
0.147505,-0.833822,2.207126
0.308208,-0.879491,2.198427
0.256656,0.523755,2.349450
0.255906,0.359685,2.346247
0.110651,0.243826,2.276171
0.376205,0.258536,2.258157
0.056685,0.089132,2.119387
0.380170,0.111354,2.077674
0.333255,0.106402,2.077674
0.137095,0.107644,2.108301
0.427229,0.153907,2.093429
0.043223,0.158563,2.103734
0.258640,-0.022877,2.315330
0.254478,-0.085575,2.256866
0.187041,-0.152326,2.229445
0.315393,-0.145719,2.250811
0.149966,-0.564571,2.245619
0.308510,-0.570811,2.239125
0.159085,-0.809887,2.269357
0.316817,-0.838482,2.260464
0.148028,-0.834599,2.208413
0.308240,-0.879221,2.200645
0.255930,0.523671,2.349860
0.254886,0.359524,2.347026
0.109746,0.243168,2.277620
0.375991,0.256984,2.259798
0.056822,0.087543,2.122375
0.381310,0.108460,2.083007
0.332104,0.103206,2.083007
0.136741,0.105276,2.110769
0.424715,0.151155,2.095723
0.041542,0.156704,2.104419
0.257846,-0.023299,2.314710
0.253748,-0.085968,2.256028
0.186110,-0.152728,2.229704
0.314886,-0.145914,2.249204
0.149876,-0.565226,2.246250
0.308147,-0.571648,2.240163
0.158839,-0.809754,2.269142
0.316893,-0.838017,2.263005
0.148536,-0.835440,2.209861
0.308331,-0.878860,2.202703
0.255182,0.523555,2.350480
0.253849,0.359335,2.347989
0.108840,0.242504,2.279211
0.375792,0.255430,2.261539
0.056893,0.086044,2.125259
0.382409,0.105724,2.088032
0.330978,0.100265,2.088032
0.136430,0.103057,2.113022
0.422215,0.148555,2.097872
0.039949,0.154867,2.105153
0.257033,-0.023750,2.314276
0.253001,-0.086386,2.255370
0.185175,-0.153149,2.230115
0.314373,-0.146140,2.247777
0.149797,-0.565884,2.247048
0.307820,-0.572453,2.241235
0.158588,-0.810054,2.269233
0.316937,-0.837660,2.265363
0.148713,-0.835770,2.210158
0.308396,-0.878590,2.204563
0.254425,0.523413,2.351285
0.252809,0.359124,2.349109
0.107945,0.241841,2.280911
0.375604,0.253883,2.263336
0.056905,0.084636,2.128033
0.383464,0.103150,2.092759
0.329882,0.097567,2.092759
0.136160,0.100929,2.115078
0.419742,0.146108,2.099882
0.038504,0.153014,2.105954
0.256210,-0.024227,2.314010
0.252244,-0.086830,2.254876
0.184247,-0.153586,2.230659
0.313855,-0.146394,2.246516
0.149722,-0.566554,2.247995
0.307508,-0.573245,2.242354
0.158355,-0.810091,2.269320
0.316833,-0.837187,2.267675
0.148863,-0.835876,2.210363
0.308354,-0.878135,2.206344
0.253658,0.523230,2.352242
0.251774,0.358893,2.350354
0.107031,0.241166,2.282700
0.375430,0.252360,2.265175
0.056870,0.083317,2.130684
0.384456,0.100744,2.097164
0.328818,0.095088,2.097164
0.135921,0.098924,2.116947
0.417309,0.143802,2.101755
0.037093,0.151164,2.106800
0.255382,-0.024725,2.313896
0.251480,-0.087293,2.254532
0.183327,-0.154037,2.231311
0.313337,-0.146674,2.245409
0.149663,-0.567232,2.249066
0.307211,-0.573994,2.243490
0.158118,-0.810112,2.269550
0.316782,-0.836718,2.269787
0.148995,-0.835965,2.210583
0.308356,-0.877636,2.207959
0.252898,0.523028,2.353336
0.250756,0.358646,2.351702
0.106137,0.240497,2.284539
0.375266,0.250874,2.267029
0.056795,0.082081,2.133211
0.385393,0.098500,2.101265
0.327792,0.092823,2.101265
0.135713,0.097041,2.118642
0.414931,0.141643,2.103496
0.035737,0.149331,2.107678
0.254555,-0.025237,2.313918
0.250714,-0.087770,2.254322
0.182421,-0.154496,2.232059
0.312819,-0.146974,2.244442
0.149606,-0.567907,2.250233
0.306927,-0.574722,2.244645
0.157938,-0.810139,2.270017
0.316711,-0.836252,2.271763
0.148575,-0.836740,2.212268
0.308344,-0.877102,2.209444
0.252163,0.522828,2.354556
0.249781,0.358393,2.353118
0.105274,0.239845,2.286420
0.375115,0.249435,2.268891
0.056705,0.080919,2.135584
0.386275,0.096371,2.105102
0.326811,0.090739,2.105102
0.135535,0.095286,2.120170
0.412622,0.139605,2.105102
0.034472,0.147558,2.108584
0.253735,-0.025755,2.314066
0.249953,-0.088251,2.254240
0.181535,-0.154952,2.232913
0.312303,-0.147287,2.243607
0.149545,-0.568594,2.251514
0.306673,-0.575395,2.245816
0.157775,-0.810178,2.270602
0.316642,-0.835803,2.273573
0.148623,-0.836946,2.212815
0.308334,-0.876547,2.210786
0.251446,0.522624,2.355854
0.248844,0.358138,2.354584
0.104445,0.239212,2.288310
0.374976,0.248045,2.270741
0.056594,0.079838,2.137821
0.387102,0.094394,2.108652
0.325873,0.088833,2.108652
0.135384,0.093657,2.121549
0.410387,0.137697,2.106587
0.033272,0.145834,2.109497
0.252925,-0.026277,2.314324
0.249199,-0.088737,2.254269
0.180671,-0.155409,2.233848
0.311791,-0.147613,2.242894
0.149495,-0.569279,2.252870
0.306443,-0.576038,2.246992
0.157698,-0.810511,2.271360
0.316586,-0.835381,2.275237
0.148738,-0.837334,2.213417
0.308338,-0.875990,2.212004
0.250754,0.522414,2.357200
0.247949,0.357891,2.356076
0.103644,0.238600,2.290198
0.374848,0.246712,2.272569
0.056476,0.078837,2.139913
0.387879,0.092555,2.111935
0.324989,0.087095,2.111935
0.135259,0.092156,2.122790
0.408244,0.135917,2.107953
0.032161,0.144188,2.110422
0.252131,-0.026795,2.314678
0.248455,-0.089220,2.254400
0.179831,-0.155858,2.234855
0.311284,-0.147948,2.242293
0.149454,-0.569955,2.254280
0.306235,-0.576644,2.248172
0.157648,-0.810878,2.272214
0.316534,-0.835009,2.276766
0.148865,-0.837726,2.214015
0.308347,-0.875483,2.213110
0.250103,0.522207,2.358559
0.247117,0.357652,2.357574
0.102884,0.238013,2.292059
0.374738,0.245432,2.274360
0.056354,0.077913,2.141875
0.388606,0.090853,2.114958
0.324158,0.085515,2.114958
0.135157,0.090767,2.123909
0.406197,0.134262,2.109214
0.031126,0.142602,2.111337
0.251354,-0.027310,2.315116
0.247725,-0.089703,2.254620
0.179019,-0.156301,2.235915
0.310783,-0.148293,2.241797
0.149445,-0.570615,2.255732
0.306061,-0.577182,2.249331
0.157620,-0.811264,2.273130
0.316490,-0.834665,2.278175
0.149002,-0.838111,2.214598
0.308364,-0.874988,2.214116
0.249487,0.521999,2.359931
0.246343,0.357421,2.359070
0.102182,0.237428,2.293815
0.374648,0.244202,2.276095
0.056232,0.077066,2.143705
0.389286,0.089271,2.117740
0.323380,0.084071,2.117740
0.135076,0.089483,2.124924
0.404243,0.132712,2.110387
0.030158,0.141081,2.112222
0.250597,-0.027824,2.315631
0.247013,-0.090188,2.254924
0.178237,-0.156739,2.237011
0.310291,-0.148654,2.241408
0.149449,-0.571255,2.257210
0.305909,-0.577748,2.250540
0.157566,-0.811465,2.274103
0.316460,-0.834428,2.279516
0.149112,-0.838360,2.215149
0.308388,-0.874631,2.215039
0.248918,0.521795,2.361270
0.245640,0.357204,2.360544
0.101538,0.236869,2.295494
0.374580,0.243030,2.277766
0.056112,0.076288,2.145404
0.389959,0.087788,2.120318
0.322654,0.082764,2.120318
0.135037,0.088327,2.125836
0.402391,0.131280,2.111463
0.029284,0.139682,2.113087
0.249878,-0.028335,2.316213
0.246334,-0.090677,2.255305
0.177499,-0.157173,2.238135
0.309819,-0.149031,2.241127
0.149476,-0.571869,2.258729
0.305777,-0.578288,2.251744
0.157507,-0.811705,2.275120
0.316431,-0.834256,2.280771
0.149215,-0.838618,2.215686
0.308409,-0.874321,2.215875
0.248413,0.521604,2.362558
0.245001,0.356998,2.361969
0.100943,0.236331,2.297105
0.374547,0.241911,2.279322
0.056011,0.075565,2.146965
0.390641,0.086387,2.122708
0.321993,0.081582,2.122708
0.135060,0.087308,2.126660
0.400659,0.129963,2.112453
0.028677,0.138411,2.113956
0.249209,-0.028836,2.316845
0.245696,-0.091164,2.255751
0.176817,-0.157603,2.239285
0.309375,-0.149421,2.240942
0.149564,-0.572480,2.260302
0.305680,-0.578791,2.252935
0.157455,-0.811943,2.276171
0.316418,-0.834152,2.281969
0.149315,-0.838862,2.216210
0.308435,-0.874046,2.216644
0.247994,0.521415,2.363733
0.244441,0.356791,2.363273
0.100484,0.235752,2.298466
0.374547,0.240847,2.280777
0.055914,0.074885,2.148417
0.391470,0.085017,2.124932
0.321374,0.080502,2.124932
0.137866,0.086410,2.127394
0.399018,0.128731,2.113356
0.031266,0.136353,2.114655
0.248588,-0.029340,2.317521
0.245117,-0.091664,2.256258
0.176216,-0.158047,2.240474
0.308970,-0.149830,2.240847
0.149666,-0.573085,2.261887
0.305632,-0.579213,2.254103
0.157617,-0.812101,2.277550
0.316443,-0.833961,2.283051
0.149678,-0.839452,2.217445
0.308540,-0.873676,2.217355
0.247625,0.521233,2.364839
0.243954,0.356600,2.364498
0.100079,0.235162,2.299709
0.374595,0.239828,2.282123
0.055827,0.074232,2.149744
0.392347,0.083707,2.126991
0.320799,0.079520,2.126991
0.142020,0.086768,2.128046
0.397475,0.127587,2.114177
0.034974,0.135250,2.114517
0.248028,-0.029833,2.318222
0.244595,-0.092164,2.256807
0.175679,-0.158491,2.241662
0.308612,-0.150256,2.240835
0.149805,-0.573664,2.263457
0.305612,-0.579595,2.255253
0.157758,-0.812242,2.278934
0.316486,-0.833805,2.284065
0.150057,-0.840080,2.218755
0.308659,-0.873345,2.218009
0.247313,0.521063,2.365901
0.243537,0.356421,2.365640
0.099732,0.234550,2.300846
0.374683,0.238867,2.283395
0.055744,0.073589,2.150988
0.393289,0.082444,2.128894
0.320257,0.078624,2.128894
0.146665,0.087456,2.128621
0.396016,0.126520,2.114922
0.040315,0.134373,2.115309
0.247538,-0.030305,2.318933
0.244145,-0.092650,2.257384
0.175230,-0.158915,2.242804
0.308312,-0.150689,2.240915
0.149956,-0.574223,2.264997
0.305627,-0.579938,2.256380
0.157929,-0.812375,2.280282
0.316543,-0.833641,2.285008
0.149742,-0.837261,2.222025
0.308815,-0.872983,2.218609
0.247068,0.520902,2.366893
0.243183,0.356254,2.366685
0.099437,0.233940,2.301898
0.374839,0.237957,2.284591
0.055644,0.072866,2.152214
0.394532,0.080962,2.130594
0.319599,0.077964,2.130594
0.152370,0.088300,2.128922
0.394559,0.125623,2.115502
0.046145,0.133599,2.116059
0.247114,-0.030758,2.319647
0.243758,-0.093123,2.257982
0.174847,-0.159330,2.243929
0.308068,-0.151131,2.241058
0.150120,-0.574759,2.266494
0.305672,-0.580230,2.257479
0.158105,-0.812494,2.281622
0.316608,-0.833492,2.285879
0.149364,-0.834022,2.225512
0.308986,-0.872632,2.219153
0.246887,0.520758,2.367826
0.242904,0.356100,2.367637
0.099172,0.233351,2.302933
0.375105,0.237082,2.285748
0.055511,0.072080,2.153419
0.395936,0.079394,2.132128
0.318282,0.078091,2.132128
0.158599,0.089261,2.128353
0.392734,0.125076,2.115699
0.052318,0.132939,2.116633
0.246772,-0.031170,2.320347
0.243442,-0.093560,2.258584
0.174523,-0.159727,2.245029
0.307891,-0.151562,2.241239
0.150380,-0.575229,2.267858
0.305752,-0.580485,2.258552
0.158218,-0.812592,2.282618
0.316682,-0.833344,2.286688
0.149387,-0.833251,2.226880
0.309163,-0.872275,2.219648
0.246752,0.520625,2.368690
0.242716,0.355962,2.368525
0.098941,0.232774,2.303954
0.375422,0.236248,2.286843
0.055398,0.070986,2.154770
0.397613,0.077546,2.133592
0.316669,0.078622,2.133592
0.165251,0.090135,2.127165
0.390773,0.124724,2.115592
0.063683,0.131967,2.114749
0.246501,-0.031543,2.321037
0.243184,-0.093959,2.259188
0.174254,-0.160097,2.246099
0.307759,-0.151978,2.241458
0.150667,-0.575664,2.269152
0.305861,-0.580706,2.259594
0.158318,-0.812679,2.283530
0.317084,-0.832803,2.287675
0.153355,-0.833724,2.231294
0.309493,-0.872752,2.222432
0.246666,0.520491,2.369470
0.242589,0.355833,2.369357
0.098746,0.232202,2.304970
0.375846,0.235420,2.287865
0.055232,0.069543,2.156371
0.399591,0.075466,2.135030
0.310425,0.079982,2.135030
0.172138,0.090847,2.125352
0.385957,0.124733,2.115195
0.075239,0.131001,2.112622
0.246298,-0.031883,2.321719
0.242981,-0.094322,2.259792
0.174039,-0.160441,2.247138
0.307677,-0.152375,2.241694
0.150941,-0.576005,2.270303
0.306037,-0.580894,2.260616
0.158418,-0.812707,2.284380
0.317257,-0.832571,2.288408
0.153716,-0.833912,2.233927
0.309752,-0.872479,2.223220
0.246619,0.520370,2.370168
0.242555,0.355712,2.370126
0.098642,0.231650,2.306106
0.376450,0.234583,2.288830
0.054887,0.067478,2.158906
0.402642,0.072668,2.136916
0.306880,0.080066,2.136916
0.181827,0.090217,2.123112
0.382739,0.124135,2.114439
0.091079,0.127994,2.108471
0.246181,-0.032185,2.322374
0.242838,-0.094646,2.260373
0.173881,-0.160754,2.248125
0.307645,-0.152751,2.241932
0.151234,-0.576303,2.271330
0.306286,-0.581053,2.261611
0.158505,-0.812726,2.285116
0.317431,-0.832342,2.289086
0.154111,-0.833789,2.235849
0.309993,-0.872179,2.223927
0.246642,0.520247,2.370793
0.242610,0.355595,2.370815
0.098622,0.231117,2.307315
0.377191,0.233725,2.289728
0.054476,0.065167,2.161844
0.406012,0.069567,2.138818
0.303756,0.079557,2.138818
0.191836,0.089302,2.121060
0.379753,0.123212,2.113706
0.106724,0.124640,2.104156
0.246133,-0.032458,2.323005
0.242745,-0.094941,2.260937
0.173776,-0.161042,2.249066
0.307655,-0.153112,2.242176
0.151508,-0.576590,2.272221
0.306601,-0.581200,2.262578
0.158581,-0.812757,2.285766
0.317606,-0.832127,2.289713
0.154410,-0.833716,2.237528
0.310226,-0.871878,2.224559
0.246716,0.520126,2.371358
0.242833,0.355492,2.371436
0.098678,0.230596,2.308574
0.378031,0.232825,2.290524
0.053932,0.062662,2.165692
0.409790,0.066173,2.140904
0.298978,0.078372,2.140904
0.203436,0.087166,2.118734
0.375638,0.121836,2.112806
0.122689,0.120163,2.099507
0.246167,-0.032711,2.323607
0.242702,-0.095218,2.261473
0.173717,-0.161311,2.249956
0.307706,-0.153467,2.242414
0.151809,-0.576838,2.272995
0.307019,-0.581271,2.263512
0.158655,-0.812771,2.286334
0.317790,-0.831909,2.290291
0.155864,-0.831206,2.239099
0.310458,-0.871541,2.225114
0.246867,0.520005,2.371858
0.243151,0.355394,2.371988
0.098826,0.230101,2.309912
0.378927,0.231938,2.291242
0.053521,0.059655,2.170378
0.414118,0.062281,2.143308
0.294273,0.076589,2.143308
0.215849,0.084292,2.116019
0.371540,0.120105,2.111632
0.138922,0.114466,2.094302
0.246277,-0.032946,2.324176
0.242707,-0.095476,2.261979
0.173713,-0.161560,2.250796
0.307797,-0.153811,2.242637
0.152106,-0.577076,2.273669
0.307468,-0.581376,2.264406
0.158720,-0.812783,2.286820
0.317998,-0.831740,2.290844
0.156946,-0.829370,2.240601
0.310683,-0.871279,2.225632
0.247098,0.519879,2.372277
0.243644,0.355298,2.372433
0.099056,0.229628,2.311272
0.379880,0.231053,2.291874
0.053334,0.056306,2.175658
0.419437,0.057101,2.146734
0.291046,0.074379,2.146734
0.229157,0.080032,2.114296
0.368391,0.118112,2.110986
0.156621,0.106917,2.088301
0.246491,-0.033165,2.324706
0.242779,-0.095718,2.262452
0.173783,-0.161792,2.251590
0.307938,-0.154148,2.242840
0.152427,-0.577290,2.274224
0.308003,-0.581442,2.265263
0.158786,-0.812777,2.287192
0.318219,-0.831556,2.291362
0.158070,-0.827356,2.241980
0.310916,-0.870973,2.226090
0.247458,0.519761,2.372591
0.244420,0.355217,2.372749
0.099428,0.229183,2.312627
0.380889,0.230189,2.292414
0.053140,0.052410,2.182802
0.425179,0.051202,2.150836
0.283028,0.068339,2.150836
0.242146,0.073578,2.113443
0.362120,0.113800,2.110873
0.174065,0.097072,2.082289
0.246825,-0.033374,2.325186
0.242920,-0.095952,2.262886
0.173940,-0.162010,2.252336
0.308118,-0.154477,2.243014
0.152937,-0.577353,2.274423
0.308580,-0.581483,2.266071
0.158921,-0.812600,2.287255
0.318449,-0.831390,2.291827
0.161361,-0.827221,2.244041
0.311154,-0.870674,2.226480
0.247934,0.519642,2.372793
0.245413,0.355135,2.372924
0.099896,0.228759,2.313978
0.381966,0.229325,2.292862
0.053043,0.048355,2.190615
0.431196,0.045012,2.155487
0.276048,0.061870,2.155487
0.254454,0.066378,2.111914
0.356373,0.109145,2.110316
0.190638,0.086230,2.076322
0.247269,-0.033579,2.325609
0.243127,-0.096181,2.263277
0.174161,-0.162219,2.253030
0.308351,-0.154810,2.243151
0.153518,-0.577337,2.274399
0.309217,-0.581498,2.266832
0.159055,-0.812315,2.286940
0.318671,-0.831267,2.292246
0.164613,-0.827211,2.246004
0.311368,-0.870428,2.226819
0.248516,0.519528,2.372888
0.246544,0.355052,2.372987
0.100478,0.228370,2.315306
0.383116,0.228480,2.293234
0.053122,0.044303,2.198835
0.437180,0.038864,2.160276
0.270481,0.055515,2.160276
0.266596,0.057943,2.110191
0.351451,0.104485,2.109586
0.206544,0.074218,2.070377
0.247793,-0.033774,2.325985
0.243387,-0.096402,2.263633
0.174434,-0.162414,2.253680
0.308627,-0.155145,2.243263
0.154204,-0.577218,2.274075
0.309894,-0.581499,2.267548
0.159210,-0.811923,2.286390
0.318899,-0.831142,2.292628
0.167297,-0.824246,2.245779
0.311590,-0.870165,2.227103
0.249193,0.519409,2.372850
0.247763,0.354964,2.372944
0.101152,0.228006,2.316585
0.384373,0.227648,2.293519
0.053416,0.040268,2.207365
0.443016,0.032879,2.165045
0.262145,0.045068,2.165045
0.278271,0.047831,2.108234
0.344639,0.097301,2.108688
0.222739,0.059714,2.064112
0.248389,-0.033963,2.326310
0.243703,-0.096617,2.263952
0.174757,-0.162599,2.254282
0.308966,-0.155489,2.243339
0.155003,-0.576990,2.273483
0.310607,-0.581488,2.268220
0.159377,-0.811412,2.285592
0.319134,-0.831043,2.292980
0.170151,-0.821031,2.245138
0.311809,-0.869928,2.227349
0.249956,0.519281,2.372701
0.249106,0.354883,2.372799
0.101934,0.227669,2.317805
0.385737,0.226850,2.293729
0.053924,0.036336,2.215959
0.448660,0.027129,2.169758
0.249919,0.032610,2.169758
0.289472,0.036106,2.109195
0.335246,0.088682,2.109451
0.237665,0.044280,2.057915
0.249112,-0.034150,2.326575
0.244127,-0.096834,2.264225
0.175167,-0.162780,2.254838
0.309434,-0.155857,2.243358
0.155964,-0.576728,2.272631
0.311354,-0.581476,2.268843
0.159546,-0.810867,2.284606
0.319375,-0.830969,2.293301
0.172111,-0.820270,2.245559
0.312026,-0.869712,2.227555
0.250808,0.519142,2.372444
0.250585,0.354799,2.372507
0.102812,0.227369,2.318951
0.387141,0.226092,2.293867
0.054770,0.032497,2.224411
0.454097,0.021616,2.174364
0.238020,0.020070,2.174364
0.300773,0.022387,2.110197
0.317941,0.069017,2.106740
0.254190,0.021934,2.050488
0.249969,-0.034337,2.326758
0.244669,-0.097057,2.264434
0.175689,-0.162955,2.255324
0.310018,-0.156241,2.243323
0.157026,-0.576433,2.271579
0.312133,-0.581444,2.269411
0.159703,-0.810280,2.283411
0.319642,-0.830893,2.293585
0.175318,-0.819714,2.246513
0.312274,-0.869477,2.227701
0.251742,0.519009,2.372076
0.252208,0.354721,2.372074
0.103791,0.227116,2.319999
0.388657,0.225331,2.293897
0.055782,0.028840,2.232563
0.459162,0.016365,2.178642
0.226214,0.006536,2.178642
0.315626,0.006434,2.111391
0.300459,0.047972,2.103509
0.271059,0.001185,2.044573
0.250950,-0.034520,2.326845
0.245324,-0.097279,2.264562
0.176299,-0.163120,2.255720
0.310733,-0.156641,2.243209
0.158141,-0.576074,2.270311
0.312932,-0.581404,2.269930
0.159868,-0.809628,2.282074
0.319963,-0.830750,2.293827
0.177753,-0.819114,2.247197
0.312601,-0.869114,2.227750
0.252784,0.518876,2.371588
0.253895,0.354645,2.371512
0.104876,0.226878,2.320944
0.390292,0.224577,2.293842
0.056925,0.025395,2.240350
0.463879,0.011379,2.182597
0.214655,-0.007316,2.182597
0.329652,-0.009286,2.113441
0.282394,0.024844,2.099660
0.288260,-0.020704,2.038965
0.252046,-0.034704,2.326804
0.246109,-0.097504,2.264570
0.177024,-0.163277,2.255974
0.311607,-0.157067,2.242978
0.159330,-0.575711,2.268902
0.313753,-0.581382,2.270398
0.160017,-0.808968,2.280650
0.320294,-0.830696,2.294054
0.180781,-0.818909,2.248049
0.312917,-0.868872,2.227798
0.253943,0.518743,2.370995
0.255634,0.354573,2.370826
0.106016,0.226664,2.321806
0.392061,0.223835,2.293702
0.058125,0.022168,2.247653
0.468291,0.006679,2.186271
0.203592,-0.021071,2.186271
0.345675,-0.028022,2.115543
0.264039,0.000669,2.096267
0.306366,-0.045008,2.033472
0.253213,-0.034875,2.326639
0.246971,-0.097715,2.264463
0.177792,-0.163415,2.256105
0.312597,-0.157503,2.242616
0.160621,-0.575429,2.267381
0.314585,-0.581376,2.270816
0.160138,-0.808388,2.279219
0.320616,-0.830658,2.294261
0.183788,-0.818932,2.248930
0.313225,-0.868647,2.227821
0.255182,0.518609,2.370289
0.257398,0.354503,2.370035
0.107219,0.226484,2.322574
0.393877,0.223120,2.293497
0.059351,0.019157,2.254436
0.472399,0.002262,2.189662
0.191797,-0.035432,2.189662
0.359479,-0.045948,2.118836
0.246334,-0.022983,2.093051
0.322428,-0.067016,2.028649
0.254428,-0.035042,2.326355
0.247895,-0.097920,2.264238
0.178604,-0.163534,2.256111
0.313666,-0.157951,2.242132
0.161967,-0.575187,2.265781
0.315420,-0.581375,2.271186
0.160231,-0.807844,2.277766
0.320956,-0.830596,2.294428
0.186733,-0.819111,2.249799
0.313577,-0.868375,2.227773
0.256464,0.518478,2.369514
0.259171,0.354439,2.369154
0.108458,0.226323,2.323256
0.395788,0.222453,2.293222
0.060569,0.016341,2.260607
0.476183,-0.001813,2.192773
0.180188,-0.050140,2.192773
0.372397,-0.063149,2.122733
0.229288,-0.046504,2.089821
0.338190,-0.089076,2.024473
0.255685,-0.035194,2.325975
0.248874,-0.098109,2.263922
0.179456,-0.163637,2.256020
0.314813,-0.158399,2.241549
0.163337,-0.574971,2.264134
0.316252,-0.581378,2.271510
0.160313,-0.807331,2.276286
0.321293,-0.830538,2.294574
0.189621,-0.819419,2.250639
0.313930,-0.868105,2.227696
0.257786,0.518351,2.368655
0.261014,0.354391,2.368164
0.109718,0.226183,2.323861
0.397724,0.221810,2.292889
0.061759,0.013730,2.266201
0.479680,-0.005589,2.195622
0.169321,-0.064214,2.195622
0.386782,-0.081140,2.126626
0.212107,-0.070558,2.086787
0.354656,-0.112023,2.021406
0.256987,-0.035332,2.325504
0.249902,-0.098286,2.263518
0.180340,-0.163722,2.255832
0.316010,-0.158845,2.240884
0.164710,-0.574761,2.262452
0.317093,-0.581382,2.271789
0.160374,-0.806829,2.274783
0.321652,-0.830385,2.294683
0.191952,-0.819537,2.251314
0.314328,-0.867668,2.227532
0.259437,0.518216,2.367471
0.262944,0.354346,2.367018
0.111040,0.226079,2.324352
0.399823,0.221090,2.292330
0.063083,0.010947,2.270903
0.482910,-0.009178,2.198096
0.156123,-0.085749,2.198096
0.403677,-0.103953,2.130384
0.188221,-0.108090,2.086148
0.376915,-0.144558,2.022834
0.258389,-0.035478,2.324881
0.251022,-0.098474,2.262971
0.181304,-0.163813,2.255488
0.317300,-0.159309,2.240091
0.166097,-0.574557,2.260728
0.317965,-0.581382,2.272008
0.160429,-0.806342,2.273238
0.321998,-0.830284,2.294768
0.194561,-0.819996,2.252036
0.314704,-0.867314,2.227349
0.261232,0.518061,2.366165
0.264939,0.354301,2.365761
0.112626,0.226046,2.324646
0.401934,0.220366,2.291691
0.064414,0.008387,2.275093
0.485892,-0.012517,2.200302
0.143769,-0.106330,2.200302
0.419414,-0.125787,2.134178
0.166043,-0.143556,2.086889
0.397791,-0.175699,2.025347
0.259833,-0.035650,2.324156
0.252213,-0.098694,2.262313
0.182350,-0.163918,2.255010
0.318621,-0.159787,2.239236
0.167475,-0.574361,2.258991
0.318837,-0.581398,2.272185
0.160462,-0.805872,2.271681
0.322317,-0.830215,2.294858
0.196873,-0.820260,2.252666
0.315061,-0.867015,2.227186
0.263144,0.517876,2.364711
0.266959,0.354247,2.364398
0.114235,0.226037,2.324858
0.404093,0.219620,2.290941
0.065741,0.005966,2.278851
0.488636,-0.015649,2.202261
0.131789,-0.126753,2.202261
0.434194,-0.146775,2.138423
0.145001,-0.177722,2.089275
0.417735,-0.205804,2.029629
0.261300,-0.035824,2.323361
0.253431,-0.098920,2.261592
0.183422,-0.164024,2.254458
0.319966,-0.160275,2.238330
0.168785,-0.574265,2.257184
0.319715,-0.581429,2.272324
0.160467,-0.805497,2.270094
0.322633,-0.830144,2.294934
0.198964,-0.820358,2.252868
0.315411,-0.866714,2.227012
0.265202,0.517676,2.363070
0.269000,0.354198,2.362941
0.116004,0.226086,2.324893
0.406302,0.218877,2.290096
0.067058,0.003715,2.282213
0.491182,-0.018567,2.204010
0.120192,-0.146651,2.204010
0.448410,-0.167357,2.143295
0.125224,-0.209996,2.093311
0.437319,-0.235673,2.037642
0.262797,-0.036010,2.322483
0.254703,-0.099163,2.260783
0.184559,-0.164140,2.253799
0.321341,-0.160777,2.237365
0.170191,-0.574162,2.254945
0.320656,-0.581558,2.272413
0.160458,-0.805115,2.267901
0.322965,-0.830114,2.295017
0.200136,-0.817800,2.250315
0.315766,-0.866472,2.226857
0.267367,0.517450,2.361246
0.271061,0.354134,2.361339
0.117979,0.226183,2.324695
0.408533,0.218146,2.289154
0.068356,0.001625,2.285213
0.493533,-0.021279,2.205569
0.109445,-0.165427,2.205569
0.461290,-0.186208,2.148141
0.107558,-0.238985,2.097619
0.454782,-0.262540,2.045542
0.264315,-0.036215,2.321517
0.256025,-0.099433,2.259883
0.185763,-0.164274,2.253039
0.322736,-0.161294,2.236343
0.171730,-0.574098,2.252189
0.321624,-0.581663,2.272434
0.160528,-0.804801,2.264657
0.323305,-0.830086,2.295086
0.200414,-0.817744,2.246635
0.316143,-0.866230,2.226682
0.269620,0.517210,2.359278
0.273138,0.354061,2.359553
0.120039,0.226315,2.324321
0.410794,0.217420,2.288070
0.069632,-0.000329,2.287887
0.495700,-0.023808,2.206955
0.099727,-0.182583,2.206955
0.472858,-0.203215,2.152813
0.092028,-0.264556,2.101980
0.470187,-0.286403,2.053203
0.265854,-0.036420,2.320456
0.257379,-0.099710,2.258898
0.187000,-0.164407,2.252201
0.324149,-0.161816,2.235252
0.173318,-0.573794,2.248378
0.322616,-0.581765,2.272396
0.160653,-0.804239,2.260234
0.323665,-0.830027,2.295110
0.201542,-0.813273,2.241073
0.316563,-0.865936,2.226429
0.271930,0.516962,2.357090
0.275269,0.353989,2.357527
0.122173,0.226484,2.323752
0.413150,0.216727,2.286828
0.070882,-0.002148,2.290251
0.497721,-0.026149,2.208196
0.090941,-0.198086,2.208196
0.483242,-0.218206,2.157294
0.078296,-0.287197,2.106174
0.483621,-0.307181,2.060499
0.267412,-0.036605,2.319284
0.258759,-0.099974,2.257815
0.188259,-0.164526,2.251274
0.325578,-0.162332,2.234078
0.174985,-0.573070,2.243509
0.323656,-0.581852,2.272289
0.160963,-0.803269,2.255153
0.324037,-0.830010,2.295108
0.202701,-0.807576,2.234090
0.316989,-0.865703,2.226151
0.274326,0.516705,2.354272
0.277606,0.353900,2.354818
0.124213,0.226643,2.322918
0.415573,0.216148,2.285150
0.072095,-0.003885,2.292320
0.499571,-0.028251,2.209292
0.083049,-0.211968,2.209292
0.492445,-0.231400,2.161491
0.066121,-0.307293,2.110085
0.495385,-0.325370,2.067317
0.269062,-0.036727,2.317827
0.260194,-0.100187,2.256505
0.189542,-0.164610,2.250186
0.327059,-0.162827,2.232674
0.176696,-0.571359,2.236206
0.324742,-0.581858,2.272022
0.162506,-0.801168,2.244890
0.324564,-0.829659,2.294910
0.206239,-0.798434,2.222700
0.317579,-0.865005,2.225564
0.276770,0.516460,2.351177
0.280021,0.353851,2.351593
0.126216,0.226823,2.321800
0.418013,0.215592,2.283012
0.073281,-0.005520,2.294103
0.501278,-0.030193,2.210240
0.075979,-0.224425,2.210240
0.500660,-0.243199,2.165322
0.055265,-0.325293,2.113656
0.505749,-0.341521,2.073672
0.270778,-0.036792,2.316076
0.261673,-0.100357,2.254952
0.190853,-0.164651,2.248893
0.328576,-0.163303,2.231051
0.178326,-0.569472,2.228335
0.325850,-0.581807,2.271599
0.164136,-0.798825,2.232704
0.325094,-0.829388,2.294662
0.208901,-0.790123,2.210943
0.318153,-0.864420,2.224926
0.279211,0.516192,2.347389
0.282475,0.353755,2.347675
0.128184,0.227070,2.320315
0.420475,0.215125,2.280421
0.074440,-0.007038,2.295575
0.502842,-0.031967,2.211024
0.069645,-0.235563,2.211024
0.507989,-0.253761,2.168751
0.045588,-0.341375,2.116900
0.514884,-0.355879,2.079538
0.272543,-0.036779,2.313947
0.263197,-0.100453,2.253069
0.192195,-0.164630,2.247317
0.330130,-0.163735,2.229119
0.179894,-0.567261,2.219488
0.327278,-0.581186,2.270544
0.166090,-0.796091,2.218376
0.325969,-0.828089,2.293920
0.208041,-0.786802,2.189061
0.322669,-0.856361,2.229026
0.281606,0.515979,2.342741
0.284796,0.353633,2.343004
0.130185,0.227356,2.318232
0.422945,0.214939,2.277341
0.075615,-0.008502,2.296545
0.504272,-0.033535,2.211534
0.063951,-0.245524,2.211534
0.514509,-0.263180,2.171738
0.036939,-0.355792,2.119844
0.522885,-0.368591,2.084838
0.274342,-0.036659,2.311260
0.264790,-0.100438,2.250656
0.193624,-0.164519,2.245248
0.331753,-0.164063,2.226665
0.181418,-0.564737,2.209506
0.328714,-0.580392,2.269227
0.168299,-0.793025,2.202096
0.326916,-0.826518,2.293026
0.206882,-0.783899,2.164751
0.324180,-0.853337,2.228439
0.283890,0.515807,2.337285
0.287043,0.353537,2.337838
0.132123,0.227676,2.315567
0.425062,0.214762,2.273019
0.076836,-0.009965,2.296732
0.505584,-0.034972,2.211647
0.058829,-0.254447,2.211647
0.520305,-0.271782,2.174279
0.029165,-0.368738,2.122300
0.529841,-0.380162,2.089460
0.276230,-0.036546,2.307902
0.266415,-0.100437,2.247602
0.195121,-0.164411,2.242564
0.333374,-0.164359,2.223608
0.182873,-0.561946,2.198681
0.330197,-0.578626,2.266834
0.170652,-0.789426,2.182747
0.328158,-0.823599,2.291512
0.204506,-0.782147,2.140572
0.325712,-0.849117,2.227012
0.286159,0.515575,2.329163
0.289059,0.353524,2.330001
0.133959,0.228063,2.310279
0.427221,0.214506,2.267188
0.077978,-0.011509,2.294938
0.506737,-0.036456,2.210123
0.054044,-0.262580,2.210123
0.525364,-0.279506,2.175800
0.022133,-0.380337,2.124056
0.535562,-0.390274,2.092908
0.277976,-0.036347,2.302588
0.268041,-0.100396,2.242651
0.196609,-0.164293,2.237999
0.335031,-0.164696,2.218701
0.184145,-0.558799,2.185393
0.331614,-0.576719,2.263679
0.172246,-0.788871,2.164878
0.329479,-0.820510,2.289587
0.203012,-0.782701,2.116426
0.327403,-0.844840,2.224968
0.288086,0.515349,2.320142
0.290817,0.353484,2.321487
0.135902,0.228480,2.303363
0.429185,0.214649,2.260259
0.079026,-0.013022,2.291506
0.507614,-0.037601,2.207728
0.049681,-0.269940,2.207728
0.529615,-0.286208,2.176601
0.015943,-0.390501,2.125153
0.540021,-0.398683,2.095643
0.279592,-0.036199,2.296151
0.269597,-0.100393,2.236484
0.198105,-0.164186,2.232271
0.336578,-0.165003,2.212541
0.185211,-0.555540,2.171465
0.333021,-0.574573,2.259624
0.173842,-0.788715,2.146622
0.330774,-0.817173,2.287034
0.201521,-0.783922,2.092104
0.329001,-0.840417,2.222083
