-0.049991,0.608863,2.568910
-0.011445,0.433288,2.599130
-0.185858,0.313995,2.612767
0.117861,0.304906,2.564002
-0.217922,0.041958,2.605148
0.158622,0.047848,2.553641
-0.245098,-0.179707,2.553641
0.161965,-0.168840,2.537704
-0.256117,-0.262146,2.518219
0.154356,-0.240250,2.444706
-0.023452,0.077239,2.600184
-0.035376,0.012103,2.558607
-0.108270,-0.057132,2.558492
0.029779,-0.054951,2.540763
-0.079383,-0.513436,2.483709
0.023839,-0.511201,2.479776
-0.076479,-0.851102,2.389874
0.058648,-0.877963,2.665594
-0.097556,-0.910447,2.324394
0.067718,-0.925645,2.601781
-0.056831,0.609813,2.531888
-0.019297,0.434709,2.562311
-0.192887,0.314902,2.574316
0.110562,0.305844,2.529108
-0.226244,0.043930,2.564055
0.149515,0.049671,2.516995
-0.256849,-0.175744,2.516995
0.152524,-0.166085,2.488394
-0.268506,-0.258409,2.464416
0.144616,-0.239608,2.404942
-0.031817,0.078333,2.562356
-0.043563,0.013231,2.519793
-0.116803,-0.055813,2.517557
0.021822,-0.053725,2.503578
-0.085813,-0.514392,2.461676
0.011175,-0.502683,2.413415
-0.078839,-0.849765,2.369915
0.048701,-0.872502,2.590168
-0.099332,-0.908631,2.305171
0.060141,-0.921049,2.532207
-0.063526,0.610734,2.497469
-0.026706,0.436042,2.528592
-0.199743,0.315857,2.537613
0.103481,0.306750,2.496503
-0.234046,0.046074,2.526018
0.140932,0.051465,2.483439
-0.268274,-0.171181,2.483439
0.143644,-0.163485,2.441848
-0.280769,-0.253065,2.411138
0.135370,-0.239075,2.368607
-0.039689,0.079406,2.527918
-0.051188,0.014365,2.484375
-0.124667,-0.054490,2.480432
0.014352,-0.052461,2.469436
-0.092336,-0.515160,2.441123
-0.000116,-0.494929,2.354981
-0.081098,-0.848434,2.351957
0.038987,-0.861165,2.501464
-0.101396,-0.906428,2.286676
0.046717,-0.906449,2.435028
-0.071266,0.611422,2.460305
-0.034680,0.437526,2.493478
-0.206879,0.317125,2.500274
0.095390,0.307789,2.462296
-0.241449,0.048980,2.488726
0.131945,0.053541,2.449444
-0.282747,-0.159916,2.449444
0.135252,-0.160904,2.386100
-0.296819,-0.239221,2.345825
0.126414,-0.238562,2.332492
-0.047837,0.080784,2.492915
-0.059097,0.015830,2.448403
-0.132568,-0.052790,2.443338
0.006446,-0.050692,2.434444
-0.100040,-0.513889,2.419738
-0.010772,-0.484553,2.298717
-0.084169,-0.845799,2.335879
0.024963,-0.842703,2.397374
-0.103484,-0.904164,2.271098
0.027063,-0.891370,2.342501
-0.078405,0.612063,2.426888
-0.042460,0.438899,2.460752
-0.213573,0.318269,2.466085
0.087790,0.308649,2.430671
-0.248253,0.051943,2.454344
0.123433,0.055441,2.417645
-0.296702,-0.146692,2.417645
0.127057,-0.158711,2.332389
-0.313821,-0.220189,2.279815
0.118544,-0.238179,2.298937
-0.055413,0.082089,2.460857
-0.066400,0.017199,2.415513
-0.139797,-0.051217,2.409522
-0.000818,-0.049056,2.402490
-0.107106,-0.511425,2.398258
-0.019875,-0.475013,2.250078
-0.087280,-0.842864,2.321508
0.016331,-0.836205,2.328954
-0.105375,-0.897974,2.255273
0.015825,-0.884761,2.271326
-0.085384,0.612657,2.395082
-0.049981,0.440013,2.430032
-0.219920,0.319222,2.434628
0.080653,0.309395,2.401349
-0.254516,0.055008,2.422331
0.115386,0.057022,2.387536
-0.311613,-0.128080,2.387536
0.119488,-0.156786,2.278047
-0.332319,-0.193000,2.212461
0.111518,-0.237938,2.267622
-0.062489,0.083256,2.430814
-0.073171,0.018463,2.384654
-0.146467,-0.049813,2.377809
-0.007483,-0.047537,2.372461
-0.113822,-0.508281,2.377577
-0.027744,-0.466972,2.207853
-0.090429,-0.839750,2.308743
0.007602,-0.830712,2.264828
-0.107167,-0.891231,2.241007
0.004615,-0.879322,2.204080
-0.092130,0.612999,2.365357
-0.057137,0.440944,2.401590
-0.225934,0.319938,2.405372
0.073836,0.309984,2.373615
-0.260394,0.058628,2.391836
0.107941,0.058362,2.359560
-0.326805,-0.106570,2.359560
0.112603,-0.155295,2.226093
-0.348546,-0.157890,2.153280
0.104928,-0.237754,2.238073
-0.069045,0.084233,2.402771
-0.079425,0.019561,2.355769
-0.152594,-0.048592,2.348043
-0.013591,-0.046190,2.344368
-0.120201,-0.504961,2.358239
-0.034628,-0.460122,2.170808
-0.093666,-0.836178,2.297400
-0.000398,-0.826171,2.206946
-0.108887,-0.883701,2.228008
-0.005637,-0.874897,2.143195
-0.098527,0.613176,2.337511
-0.063943,0.441681,2.374747
-0.231539,0.320506,2.378181
0.067255,0.310436,2.347215
-0.265593,0.061288,2.364111
0.100975,0.059488,2.333066
-0.341807,-0.076257,2.333066
0.106572,-0.153661,2.175850
-0.364775,-0.112043,2.096690
0.099075,-0.237694,2.211035
-0.075106,0.085069,2.376565
-0.085213,0.020510,2.328816
-0.158177,-0.047501,2.320582
-0.019281,-0.044986,2.317964
-0.126426,-0.501073,2.338888
-0.040834,-0.453853,2.136990
-0.096875,-0.832459,2.287429
-0.007618,-0.822367,2.155879
-0.110461,-0.876080,2.216368
-0.014884,-0.871214,2.089705
-0.104519,0.613270,2.311711
-0.070421,0.442319,2.349493
-0.236741,0.320786,2.352920
0.061064,0.310730,2.322409
-0.270702,0.062632,2.338202
0.094585,0.060432,2.308340
-0.354937,-0.040888,2.308340
0.101029,-0.152443,2.131459
-0.380298,-0.053692,2.044339
0.093623,-0.237739,2.185826
-0.080747,0.085792,2.351809
-0.090584,0.021353,2.303322
-0.163313,-0.046518,2.294731
-0.024552,-0.043882,2.292821
-0.132341,-0.496894,2.320165
-0.046352,-0.448321,2.106631
-0.100074,-0.828015,2.278414
-0.014079,-0.819152,2.110476
-0.111800,-0.867740,2.205486
-0.023131,-0.868127,2.042271
-0.110737,0.613324,2.285383
-0.076709,0.442901,2.324629
-0.242441,0.320763,2.327901
0.054642,0.310996,2.296321
-0.279919,0.067059,2.304571
0.088266,0.061448,2.282942
-0.369631,0.016464,2.282942
0.096106,-0.151462,2.085840
-0.393873,0.038895,1.996304
0.089372,-0.237642,2.160515
-0.086122,0.086554,2.326210
-0.095779,0.022384,2.276731
-0.168371,-0.045522,2.267671
-0.029494,-0.042623,2.266303
-0.138085,-0.491932,2.298461
-0.051208,-0.443278,2.078644
-0.103235,-0.823083,2.269776
-0.019847,-0.816386,2.069835
-0.112906,-0.859008,2.194767
-0.030585,-0.865480,1.999841
-0.116363,0.613391,2.261586
-0.082486,0.443468,2.301779
-0.247665,0.320684,2.304558
0.048844,0.311280,2.272632
-0.292293,0.074422,2.266576
0.082601,0.062261,2.259420
-0.381638,0.078829,2.259420
0.091276,-0.151126,2.046038
-0.403074,0.129764,1.960079
0.085684,-0.237516,2.137077
-0.091002,0.087196,2.302741
-0.100417,0.023253,2.252369
-0.172833,-0.044692,2.242705
-0.033905,-0.041521,2.242111
-0.143626,-0.487178,2.278081
-0.055702,-0.438872,2.053879
-0.106157,-0.818503,2.261954
-0.024811,-0.813930,2.033379
-0.113903,-0.852626,2.185441
-0.036959,-0.863167,1.961686
-0.121669,0.613419,2.239015
-0.087923,0.443944,2.280567
-0.252447,0.320596,2.282805
0.043491,0.311757,2.250666
-0.307679,0.085720,2.226039
0.077546,0.063076,2.237463
-0.389246,0.158333,2.237463
0.087073,-0.150846,2.012040
-0.407428,0.220155,1.934866
0.082573,-0.237294,2.115415
-0.095468,0.087723,2.280578
-0.104605,0.024026,2.229305
-0.176781,-0.043881,2.218743
-0.037869,-0.040523,2.219320
-0.148482,-0.484704,2.256850
-0.059928,-0.434995,2.031629
-0.108804,-0.814570,2.254790
-0.029045,-0.811783,2.000519
-0.114688,-0.845568,2.176439
-0.042403,-0.861041,1.927355
-0.126708,0.613504,2.216820
-0.093054,0.444508,2.258974
-0.256781,0.321356,2.261196
0.038102,0.312525,2.228296
-0.325476,0.104060,2.181487
0.072892,0.063757,2.214729
-0.393605,0.233155,2.214729
0.083423,-0.150699,1.985476
-0.404694,0.316344,1.921428
0.080255,-0.236889,2.092549
-0.099620,0.088274,2.257526
-0.108496,0.024854,2.205320
-0.180256,-0.042771,2.194058
-0.041730,-0.039451,2.195423
-0.153639,-0.481735,2.229811
-0.063943,-0.431516,2.011413
-0.111445,-0.810608,2.246611
-0.032716,-0.809837,1.970904
-0.115388,-0.839624,2.167226
-0.047156,-0.859060,1.896486
-0.131407,0.613644,2.196172
-0.097657,0.445052,2.239330
-0.260725,0.322183,2.241545
0.033251,0.313337,2.207838
-0.344522,0.131220,2.135114
0.068854,0.064431,2.193807
-0.396178,0.300182,2.193807
0.080292,-0.150511,1.964457
-0.401147,0.398210,1.912469
0.078399,-0.236290,2.071027
-0.103276,0.088875,2.236451
-0.111910,0.025745,2.183385
-0.183278,-0.041605,2.171426
-0.045108,-0.038373,2.173565
-0.159159,-0.475540,2.199283
-0.067522,-0.428280,1.993040
-0.113880,-0.807902,2.238817
-0.036058,-0.807997,1.944219
-0.115971,-0.834532,2.158506
-0.051472,-0.857236,1.868696
-0.135821,0.613852,2.177313
-0.101840,0.445579,2.221103
-0.264333,0.323037,2.223032
0.028839,0.314148,2.188655
-0.363136,0.167264,2.089500
0.065352,0.065085,2.174185
-0.393882,0.370255,2.174185
0.077573,-0.150453,1.949808
-0.392585,0.478408,1.910551
0.077044,-0.235695,2.050537
-0.106568,0.089566,2.216789
-0.114959,0.026755,2.162920
-0.185930,-0.040391,2.150669
-0.048164,-0.037121,2.152601
-0.163904,-0.471726,2.169957
-0.070785,-0.425359,1.976428
-0.116153,-0.804951,2.231353
-0.038979,-0.806488,1.920187
-0.116455,-0.829716,2.150247
-0.055293,-0.855644,1.843601
-0.140047,0.614067,2.159845
-0.105624,0.446143,2.203814
-0.267652,0.324015,2.205871
0.024747,0.315012,2.170585
-0.379958,0.203328,2.048706
0.062336,0.065681,2.155725
-0.390806,0.430449,2.155725
0.075310,-0.150327,1.937752
-0.388629,0.538444,1.903122
0.076105,-0.234965,2.031216
-0.109449,0.090312,2.198446
-0.117632,0.027779,2.143915
-0.188232,-0.039170,2.131311
-0.050833,-0.035897,2.133363
-0.168994,-0.465474,2.139772
-0.073648,-0.422690,1.961355
-0.118657,-0.801841,2.221643
-0.041567,-0.805335,1.898883
-0.116866,-0.824955,2.140796
-0.058675,-0.854408,1.821241
-0.144660,0.614563,2.142895
-0.109082,0.446790,2.186029
-0.270992,0.325870,2.188286
0.020822,0.316131,2.152210
-0.395410,0.245973,2.009516
0.059776,0.066363,2.136692
-0.385095,0.488160,2.136692
0.073335,-0.150048,1.928727
-0.383267,0.594148,1.897887
0.075710,-0.233996,2.010878
-0.112094,0.091420,2.179938
-0.120073,0.029203,2.124847
-0.190340,-0.037589,2.111963
-0.053265,-0.034334,2.114161
-0.173484,-0.459107,2.110665
-0.076096,-0.420277,1.947716
-0.124419,-0.796574,2.200233
-0.044000,-0.804554,1.880203
-0.118560,-0.819020,2.124947
-0.061783,-0.853395,1.801466
-0.148985,0.615119,2.127360
-0.112134,0.447477,2.169291
-0.274052,0.327850,2.171912
0.017257,0.317308,2.134917
-0.408739,0.285386,1.975529
0.057497,0.067547,2.118799
-0.378954,0.539019,2.118799
0.071650,-0.149721,1.921338
-0.377555,0.644014,1.893957
0.075474,-0.233124,1.992037
-0.114434,0.092587,2.162669
-0.122253,0.030666,2.107118
-0.192221,-0.035976,2.093993
-0.055453,-0.032772,2.096346
-0.176432,-0.456691,2.084131
-0.078168,-0.418104,1.935536
-0.128398,-0.795381,2.185754
-0.046540,-0.804112,1.864100
-0.121636,-0.817225,2.110195
-0.064865,-0.852646,1.784263
-0.153134,0.615765,2.112909
-0.114892,0.448201,2.153624
-0.276881,0.329930,2.156658
0.013972,0.318540,2.118802
-0.420259,0.321371,1.945966
0.055575,0.068479,2.102043
-0.372753,0.583911,2.102043
0.070142,-0.149415,1.914888
-0.371686,0.688607,1.890896
0.075160,-0.232169,1.974746
-0.116560,0.093803,2.146587
-0.124242,0.032160,2.090654
-0.193915,-0.034371,2.077454
-0.057484,-0.031168,2.079679
-0.179557,-0.452234,2.059595
-0.079889,-0.416211,1.924774
-0.132247,-0.794577,2.171066
-0.048923,-0.803966,1.850526
-0.124870,-0.816043,2.095040
-0.067686,-0.852109,1.769603
-0.157034,0.616429,2.099532
-0.117330,0.448918,2.139113
-0.279463,0.332085,2.142451
0.010997,0.319748,2.103931
-0.430292,0.353762,1.920248
0.053826,0.069664,2.086427
-0.366642,0.623340,2.086427
0.068775,-0.149101,1.909160
-0.365682,0.728281,1.888587
0.074934,-0.231244,1.958946
-0.118473,0.095011,2.131699
-0.126031,0.033636,2.075431
-0.195439,-0.032787,2.062164
-0.059328,-0.029606,2.064281
-0.181888,-0.450231,2.037839
-0.081287,-0.414618,1.915361
-0.136055,-0.794208,2.156549
-0.051179,-0.804075,1.839359
-0.128295,-0.815495,2.079908
-0.070263,-0.851773,1.757387
-0.160933,0.617200,2.086208
-0.119629,0.449751,2.124749
-0.281970,0.334819,2.127909
0.008160,0.321194,2.089292
-0.439269,0.384212,1.897030
0.052040,0.070867,2.071358
-0.360796,0.658387,2.071358
0.067297,-0.148927,1.903153
-0.359784,0.763733,1.886163
0.074146,-0.230206,1.943429
-0.120370,0.096438,2.116910
-0.127776,0.035359,2.060330
-0.196920,-0.030941,2.046960
-0.061153,-0.027808,2.049026
-0.183962,-0.448537,2.018656
-0.082758,-0.413180,1.906719
-0.139667,-0.793965,2.142687
-0.053132,-0.804204,1.830586
-0.131620,-0.815195,2.065365
-0.072383,-0.851416,1.747631
-0.164526,0.617978,2.073909
-0.121732,0.450609,2.111346
-0.284252,0.337570,2.114422
0.005601,0.322601,2.075835
-0.447045,0.411424,1.876716
0.050418,0.071998,2.057641
-0.355031,0.689331,2.057641
0.065965,-0.148718,1.898190
-0.353716,0.795029,1.884672
0.073290,-0.229141,1.929278
-0.122127,0.097886,2.103178
-0.129387,0.037082,2.046346
-0.198287,-0.029117,2.032903
-0.062845,-0.026027,2.034919
-0.185775,-0.447093,2.001582
-0.084009,-0.411979,1.899263
-0.143073,-0.793873,2.129623
-0.054975,-0.804464,1.823953
-0.134876,-0.815157,2.051578
-0.074280,-0.851154,1.740085
-0.167808,0.618781,2.062598
-0.123642,0.451493,2.098788
-0.286355,0.340355,2.101675
0.003210,0.323937,2.063081
-0.453922,0.435894,1.858914
0.048673,0.074488,2.044178
-0.348975,0.716187,2.044178
0.064727,-0.148470,1.894507
-0.347295,0.822083,1.884287
0.072442,-0.228074,1.916406
-0.123734,0.099296,2.090402
-0.130870,0.038734,2.033374
-0.199542,-0.027370,2.019904
-0.064410,-0.024330,2.021846
-0.187393,-0.445862,1.986370
-0.085019,-0.410964,1.892896
-0.146241,-0.793917,2.117482
-0.056677,-0.804870,1.819321
-0.138022,-0.815345,2.038700
-0.075955,-0.851008,1.734623
-0.170766,0.619593,2.052191
-0.125348,0.452365,2.087153
-0.288264,0.343066,2.089839
0.001057,0.325170,2.051388
-0.459951,0.457911,1.843346
0.047120,0.076510,2.031902
-0.342688,0.739124,2.031902
0.063583,-0.148206,1.892039
-0.340661,0.845137,1.884864
0.071600,-0.227025,1.904687
-0.125199,0.100648,2.078651
-0.132213,0.040299,2.021475
-0.200688,-0.025715,2.007965
-0.065829,-0.022740,2.009896
-0.188850,-0.444805,1.972751
-0.085803,-0.410100,1.887550
-0.149211,-0.794058,2.106253
-0.058284,-0.805389,1.816569
-0.141049,-0.815699,2.026736
-0.077430,-0.850951,1.731124
-0.173459,0.620381,2.042664
-0.126886,0.453195,2.076428
-0.289997,0.345700,2.078869
-0.000869,0.326305,2.040713
-0.465237,0.477814,1.829847
0.045713,0.078737,2.020661
-0.336094,0.757945,2.020661
0.062551,-0.147940,1.890817
-0.333799,0.864179,1.886368
0.070824,-0.226035,1.894117
-0.126533,0.101928,2.067899
-0.133425,0.041768,2.010612
-0.201725,-0.024160,1.997054
-0.067108,-0.021269,1.999022
-0.190145,-0.443961,1.960531
-0.086366,-0.409410,1.883220
-0.152532,-0.793335,2.093642
-0.059762,-0.806003,1.815480
-0.143260,-0.814399,2.014855
-0.078677,-0.850976,1.729376
-0.175881,0.621123,2.033959
-0.128266,0.453973,2.066560
-0.291580,0.348268,2.068687
-0.002585,0.327354,2.030970
-0.469825,0.495969,1.818513
0.044440,0.080583,2.010440
-0.329654,0.773344,2.010440
0.061614,-0.147660,1.890481
-0.327045,0.879851,1.888490
0.070090,-0.225092,1.884497
-0.127749,0.103137,2.058067
-0.134519,0.043147,2.000696
-0.202667,-0.022701,1.987070
-0.068259,-0.019912,1.989138
-0.191254,-0.443376,1.949616
-0.086727,-0.408466,1.879656
-0.155585,-0.792644,2.082082
-0.061129,-0.806378,1.815851
-0.144937,-0.814025,2.005856
-0.079711,-0.851040,1.729291
-0.178078,0.621858,2.026030
-0.129500,0.454704,2.057496
-0.293047,0.350743,2.059288
-0.004131,0.328359,2.022087
-0.473684,0.512610,1.809611
0.043205,0.082802,2.001013
-0.322976,0.785008,2.001013
0.060765,-0.147395,1.891066
-0.320124,0.892033,1.891237
0.069400,-0.224309,1.875708
-0.128860,0.104298,2.049067
-0.135512,0.044467,1.991632
-0.203529,-0.021301,1.977916
-0.069304,-0.018640,1.980147
-0.192188,-0.443052,1.939963
-0.086910,-0.407555,1.876937
-0.158380,-0.791957,2.071527
-0.062370,-0.806703,1.817522
-0.146063,-0.813627,1.997627
-0.080543,-0.851104,1.730612
-0.180074,0.622565,2.018787
-0.130600,0.455375,2.049183
-0.294401,0.353100,2.050640
-0.005534,0.329311,2.013995
-0.476837,0.527672,1.803084
0.042089,0.084807,1.992502
-0.317001,0.794487,1.992502
0.059995,-0.147141,1.892008
-0.313708,0.901893,1.894190
0.068765,-0.223604,1.867743
-0.129870,0.105391,2.040871
-0.136411,0.045705,1.983390
-0.204312,-0.019981,1.969560
-0.070249,-0.017466,1.972010
-0.193624,-0.442863,1.931602
-0.086917,-0.406669,1.874999
-0.160879,-0.791029,2.061790
-0.063533,-0.806968,1.820298
-0.147958,-0.813114,1.989173
-0.081236,-0.851170,1.733138
-0.181908,0.623261,2.012181
-0.131603,0.455993,2.041595
-0.295650,0.355319,2.042746
-0.006802,0.330197,2.006662
-0.479300,0.541115,1.798841
0.041071,0.086568,1.984817
-0.312139,0.804050,1.984817
0.059297,-0.146915,1.892261
-0.307491,0.909053,1.897511
0.068186,-0.222971,1.860540
-0.130794,0.106412,2.033426
-0.137229,0.046855,1.975913
-0.205028,-0.018755,1.961969
-0.071108,-0.016392,1.964649
-0.195072,-0.442869,1.924423
-0.086760,-0.405794,1.873761
-0.163175,-0.790088,2.052896
-0.064681,-0.803255,1.828018
-0.149754,-0.812616,1.981387
-0.081491,-0.846627,1.740851
-0.183561,0.623913,2.006188
-0.132504,0.456561,2.034712
-0.296799,0.357394,2.035556
-0.007946,0.331003,2.000028
-0.481130,0.552901,1.796645
0.040135,0.088173,1.977881
-0.306845,0.808261,1.977881
0.058662,-0.146717,1.894182
-0.301514,0.913678,1.901120
0.067657,-0.222410,1.854021
-0.131637,0.107354,2.026677
-0.137974,0.047914,1.969138
-0.205684,-0.017624,1.955080
-0.071889,-0.015414,1.957990
-0.196530,-0.443079,1.918406
-0.086457,-0.404939,1.873155
-0.165266,-0.789174,2.044803
-0.065744,-0.799185,1.836639
-0.150880,-0.812482,1.975205
-0.081601,-0.841715,1.749535
-0.185045,0.624528,2.000736
-0.133321,0.457079,2.028464
-0.297854,0.359322,2.029005
-0.008976,0.331720,1.994016
-0.482351,0.563056,1.796288
0.039276,0.089618,1.971621
-0.301845,0.809832,1.971621
0.058084,-0.146543,1.896628
-0.295774,0.915947,1.904995
0.067176,-0.221905,1.848124
-0.132412,0.108219,2.020557
-0.138656,0.048885,1.962998
-0.206293,-0.016588,1.948830
-0.072601,-0.014531,1.951959
-0.197995,-0.443478,1.913502
-0.086039,-0.404232,1.873133
-0.167168,-0.788295,2.037456
-0.066736,-0.794908,1.845821
-0.151920,-0.812305,1.969593
-0.081613,-0.836608,1.758826
-0.186345,0.625098,1.995751
-0.134068,0.457549,2.022790
-0.298814,0.361119,2.023044
-0.009906,0.332368,1.988572
-0.483061,0.571594,1.797515
0.038483,0.090922,1.965961
-0.297142,0.808866,1.965961
0.057556,-0.146382,1.899460
-0.290275,0.915966,1.909045
0.066716,-0.221453,1.842784
-0.133121,0.109015,2.015009
-0.139278,0.049777,1.957434
-0.206849,-0.015638,1.943169
-0.073248,-0.013728,1.946493
-0.199457,-0.444039,1.909643
-0.085505,-0.403589,1.873607
-0.168898,-0.787453,2.030797
-0.067639,-0.790533,1.855269
-0.152578,-0.812289,1.964818
-0.079135,-0.832720,1.776733
-0.187502,0.625634,1.991221
-0.134750,0.457975,2.017637
-0.299687,0.362782,2.017630
-0.010751,0.332953,1.983637
-0.483314,0.578580,1.800067
0.037753,0.092120,1.960842
-0.292677,0.805368,1.960842
0.057068,-0.146227,1.902771
-0.284972,0.913763,1.913337
0.066269,-0.221044,1.837961
-0.133770,0.109743,2.009979
-0.139846,0.050591,1.952390
-0.207358,-0.014773,1.938040
-0.073839,-0.012998,1.941535
-0.200747,-0.445370,1.907172
-0.084875,-0.403027,1.874510
-0.170427,-0.786885,2.024892
-0.068451,-0.786188,1.864738
-0.152229,-0.811487,1.960681
-0.076450,-0.829064,1.794759
-0.188536,0.626139,1.987107
-0.135373,0.458360,2.012963
-0.300482,0.364307,2.012717
-0.011521,0.333481,1.979157
-0.483145,0.584124,1.803726
0.037072,0.093236,1.956219
-0.288597,0.800164,1.956219
0.056575,-0.145714,1.906259
-0.279980,0.909903,1.917675
0.065775,-0.220502,1.833735
-0.134366,0.110406,2.005416
-0.140367,0.051334,1.947815
-0.207825,-0.013985,1.933388
-0.074380,-0.012331,1.937037
-0.202049,-0.446810,1.905589
-0.084175,-0.402539,1.875777
-0.171808,-0.786345,2.019560
-0.069209,-0.781952,1.874059
-0.152244,-0.811124,1.956890
-0.073644,-0.825651,1.812383
-0.189475,0.626614,1.983378
-0.135939,0.458711,2.008721
-0.301207,0.365705,2.008258
-0.012222,0.333960,1.975089
-0.482613,0.588353,1.808257
0.036356,0.094600,1.952111
-0.285045,0.794059,1.952111
0.056095,-0.145423,1.909652
-0.275419,0.904954,1.921878
0.065310,-0.220108,1.829904
-0.134910,0.111015,2.001276
-0.140843,0.052017,1.943667
-0.208253,-0.013264,1.929170
-0.074874,-0.011714,1.932962
-0.203413,-0.448097,1.904699
-0.083420,-0.402120,1.877350
-0.173071,-0.785778,2.014699
-0.069895,-0.777870,1.883089
-0.151945,-0.811103,1.954075
-0.070840,-0.822506,1.829240
-0.190319,0.627064,1.979995
-0.136454,0.459031,2.004871
-0.301868,0.366993,2.004216
-0.012858,0.334397,1.971393
-0.481793,0.591408,1.813348
0.035682,0.095792,1.948410
-0.282577,0.789218,1.948410
0.055641,-0.145159,1.911536
-0.270282,0.894520,1.924473
0.064835,-0.219736,1.826513
-0.135410,0.111578,1.997522
-0.141280,0.052651,1.939911
-0.208647,-0.012597,1.925346
-0.075328,-0.011140,1.929283
-0.204779,-0.449402,1.904539
-0.082626,-0.401771,1.879175
-0.174215,-0.785227,2.010290
-0.070514,-0.773987,1.891733
-0.151911,-0.811074,1.951349
-0.068207,-0.819685,1.845127
-0.191089,0.627489,1.976923
-0.136922,0.459323,2.001374
-0.302473,0.368188,2.000551
-0.013439,0.334795,1.968035
-0.480757,0.593474,1.818746
0.035043,0.096927,1.945113
-0.280447,0.783633,1.945113
0.055156,-0.144543,1.913287
-0.265181,0.882794,1.926632
0.064311,-0.219222,1.823658
-0.135870,0.112105,1.994123
-0.141682,0.053246,1.936518
-0.209011,-0.011976,1.921889
-0.075750,-0.010600,1.925974
-0.206125,-0.450710,1.904990
-0.081808,-0.401490,1.881196
-0.175252,-0.784690,2.006292
-0.071075,-0.770317,1.899925
-0.151841,-0.811120,1.949057
-0.065692,-0.817123,1.859907
-0.191789,0.627885,1.974135
-0.137349,0.459586,1.998197
-0.303027,0.369289,1.997232
-0.013967,0.335159,1.964989
-0.479535,0.594643,1.824345
0.034444,0.097961,1.942162
-0.278814,0.777951,1.942162
0.054683,-0.143807,1.914473
-0.260775,0.871153,1.927743
0.063768,-0.218657,1.821240
-0.136296,0.112595,1.991050
-0.142055,0.053801,1.933461
-0.209351,-0.011398,1.918771
-0.076143,-0.010096,1.923011
-0.207438,-0.452016,1.905982
-0.081038,-0.401324,1.883386
-0.176190,-0.784163,2.002676
-0.071591,-0.766887,1.907639
-0.151733,-0.811229,1.947172
-0.063304,-0.814814,1.873564
-0.192432,0.628253,1.971604
-0.137738,0.459826,1.995309
-0.303535,0.370297,1.994228
-0.014447,0.335492,1.962235
-0.478212,0.594953,1.829949
0.033873,0.098920,1.939541
-0.277298,0.771134,1.939541
0.054216,-0.142963,1.915742
-0.256779,0.862149,1.929264
0.063195,-0.218040,1.819192
-0.136692,0.113054,1.988280
-0.142403,0.054320,1.930718
-0.209671,-0.010859,1.915971
-0.076513,-0.009627,1.920368
-0.208705,-0.453309,1.907424
-0.080296,-0.401303,1.885733
-0.177036,-0.783643,1.999411
-0.072062,-0.763696,1.914859
-0.151579,-0.811388,1.945663
-0.061165,-0.812782,1.886105
-0.193016,0.628590,1.969305
-0.138092,0.460045,1.992686
-0.304000,0.371215,1.991510
-0.014881,0.335792,1.959749
-0.476825,0.594461,1.835530
0.033336,0.099783,1.937202
-0.276015,0.763528,1.937202
0.053746,-0.141511,1.917028
-0.252968,0.852632,1.930746
0.062523,-0.216983,1.817727
-0.137062,0.113480,1.985791
-0.142729,0.054801,1.928265
-0.209974,-0.010359,1.913466
-0.076860,-0.009196,1.918025
-0.209920,-0.454586,1.909244
-0.079668,-0.401423,1.888210
-0.177795,-0.783126,1.996477
-0.072486,-0.760742,1.921572
-0.151128,-0.811812,1.945265
-0.059176,-0.810964,1.897557
-0.193540,0.628903,1.967221
-0.138414,0.460247,1.990307
-0.304427,0.372059,1.989058
-0.015273,0.336060,1.957518
-0.475416,0.593291,1.841059
0.032825,0.100567,1.935135
-0.274957,0.755420,1.935135
0.053278,-0.139995,1.918188
-0.249372,0.842821,1.932057
0.061816,-0.215890,1.816556
-0.137410,0.113879,1.983566
-0.143037,0.055251,1.926088
-0.210264,-0.009894,1.911239
-0.077187,-0.008797,1.915966
-0.210910,-0.456254,1.911669
-0.079056,-0.401596,1.890738
-0.178474,-0.782730,1.993831
-0.072872,-0.758021,1.927788
-0.150533,-0.811964,1.944475
-0.057333,-0.809338,1.907980
-0.194011,0.629200,1.965336
-0.138708,0.460432,1.988155
-0.304819,0.372836,1.986849
-0.015627,0.336299,1.955523
-0.474002,0.591584,1.846484
0.032334,0.101292,1.933336
-0.274157,0.747238,1.933336
0.052810,-0.138392,1.919238
-0.246079,0.833083,1.933221
0.061081,-0.214740,1.815680
-0.137739,0.114253,1.981588
-0.143328,0.055671,1.924168
-0.210544,-0.009461,1.909275
-0.077499,-0.008430,1.914173
-0.211895,-0.457770,1.914251
-0.078524,-0.401872,1.893332
-0.179079,-0.782321,1.991471
-0.073223,-0.755525,1.933517
-0.150011,-0.812243,1.943997
-0.055646,-0.807888,1.917431
-0.194435,0.629479,1.963633
-0.138976,0.460602,1.986216
-0.305180,0.373555,1.984869
-0.015948,0.336510,1.953748
-0.472593,0.589494,1.851746
0.031861,0.101964,1.931789
-0.273567,0.739222,1.931789
0.052337,-0.136723,1.920156
-0.243076,0.823594,1.934222
0.060312,-0.213543,1.815079
-0.138052,0.114605,1.979843
-0.143608,0.056065,1.922493
-0.210817,-0.009056,1.907560
-0.077798,-0.008090,1.912631
-0.212843,-0.459165,1.916963
-0.078016,-0.402320,1.896024
-0.179613,-0.781889,1.989385
-0.073538,-0.753237,1.938784
-0.148978,-0.812596,1.944608
-0.054112,-0.806600,1.926005
-0.194816,0.629742,1.962094
-0.139224,0.460759,1.984474
-0.305517,0.374219,1.983099
-0.016240,0.336697,1.952183
-0.471214,0.587112,1.856802
0.031404,0.102587,1.930477
-0.273222,0.731660,1.930477
0.051859,-0.134997,1.920874
-0.240435,0.814630,1.935006
0.059524,-0.212305,1.814733
-0.138354,0.114938,1.978316
-0.143878,0.056435,1.921045
-0.211086,-0.008676,1.906077
-0.078086,-0.007775,1.911323
-0.213655,-0.460709,1.919939
-0.077518,-0.402774,1.898673
-0.180086,-0.781527,1.987539
-0.073823,-0.751151,1.943612
-0.147135,-0.812130,1.945847
-0.052712,-0.805449,1.933759
-0.195160,0.629990,1.960709
-0.139453,0.460902,1.982917
-0.305832,0.374829,1.981528
-0.016504,0.336858,1.950813
-0.469876,0.584489,1.861622
0.030928,0.102930,1.929367
-0.273021,0.724348,1.929367
0.051293,-0.134120,1.921416
-0.238039,0.805975,1.935595
0.058719,-0.211622,1.814257
-0.138653,0.115250,1.976993
-0.144149,0.056779,1.919812
-0.211365,-0.008324,1.904819
-0.078375,-0.007489,1.910231
-0.214269,-0.462393,1.923077
-0.077045,-0.403259,1.901276
-0.180504,-0.781232,1.985937
-0.074082,-0.749251,1.948028
-0.145789,-0.811258,1.946651
-0.051436,-0.804418,1.940765
-0.195468,0.630220,1.959460
-0.139667,0.461029,1.981533
-0.306125,0.375392,1.980141
-0.016746,0.336996,1.949625
-0.468610,0.581665,1.866189
0.030449,0.103277,1.928462
-0.272972,0.717265,1.928462
0.050768,-0.132823,1.921874
-0.235890,0.797612,1.936081
0.057890,-0.210712,1.814132
-0.138948,0.115542,1.975863
-0.144420,0.057101,1.918780
-0.211649,-0.007996,1.903766
-0.078665,-0.007225,1.909344
-0.214983,-0.463749,1.926052
-0.076608,-0.403753,1.903811
-0.180878,-0.780855,1.984551
-0.074318,-0.747523,1.952059
-0.144512,-0.810918,1.947659
-0.050278,-0.803491,1.947097
-0.195743,0.630438,1.958342
-0.139867,0.461146,1.980310
-0.306401,0.375910,1.978923
-0.016963,0.337111,1.948610
-0.467418,0.578690,1.870466
0.029979,0.103580,1.927744
-0.273061,0.710453,1.927744
0.050242,-0.131505,1.922268
-0.233983,0.789580,1.936492
0.057054,-0.209789,1.814192
-0.139239,0.115817,1.974909
-0.144687,0.057402,1.917931
-0.211936,-0.007692,1.902903
-0.078950,-0.006984,1.908643
-0.215289,-0.465044,1.929140
-0.076251,-0.404222,1.906216
-0.181217,-0.780499,1.983366
-0.074536,-0.745960,1.955723
-0.143183,-0.810467,1.948847
-0.049248,-0.802668,1.952819
-0.195989,0.630645,1.957345
-0.140060,0.461251,1.979230
-0.306661,0.376378,1.977854
-0.017160,0.337207,1.947748
-0.466335,0.575546,1.874460
0.029514,0.103858,1.927199
-0.273321,0.703850,1.927199
0.049712,-0.130143,1.922621
-0.232332,0.781835,1.936854
0.056212,-0.208832,1.814445
-0.139526,0.116076,1.974115
-0.144951,0.057681,1.917249
-0.212224,-0.007411,1.902212
-0.079229,-0.006765,1.908111
-0.215413,-0.466275,1.932246
-0.076007,-0.404639,1.908451
-0.181509,-0.780149,1.982384
-0.074736,-0.744546,1.959048
-0.141853,-0.810069,1.950244
-0.048313,-0.801914,1.957974
-0.196209,0.630840,1.956459
-0.140248,0.461345,1.978281
-0.306912,0.376800,1.976912
-0.017342,0.337290,1.947019
-0.465369,0.572312,1.878157
0.029057,0.104099,1.926807
-0.273768,0.697575,1.926807
0.049257,-0.129309,1.923014
-0.230962,0.774489,1.937250
0.055416,-0.208314,1.814567
-0.139810,0.116318,1.973466
-0.145212,0.057941,1.916717
-0.212511,-0.007154,1.901674
-0.079502,-0.006564,1.907730
-0.215410,-0.467452,1.935331
-0.075846,-0.405071,1.910580
-0.181758,-0.779808,1.981588
-0.074917,-0.743269,1.962058
-0.140518,-0.809682,1.951792
-0.047432,-0.801215,1.962606
-0.196411,0.631030,1.955681
-0.140431,0.461430,1.977442
-0.307154,0.377180,1.976085
-0.017524,0.337360,1.946389
-0.464497,0.569078,1.881578
0.028601,0.104312,1.926550
-0.274337,0.691700,1.926550
0.048819,-0.128570,1.923417
-0.229825,0.767584,1.937647
0.054638,-0.207899,1.814763
-0.140098,0.116540,1.972936
-0.145481,0.058174,1.916308
-0.212807,-0.006923,1.901268
-0.079786,-0.006388,1.907475
-0.215311,-0.468632,1.938382
-0.075796,-0.405576,1.912629
-0.181958,-0.779504,1.980967
-0.075085,-0.742112,1.964784
-0.139119,-0.809214,1.953481
-0.046607,-0.800585,1.966763
-0.196601,0.631214,1.954995
-0.140606,0.461506,1.976677
-0.307383,0.377516,1.975341
-0.017700,0.337419,1.945828
-0.463799,0.565714,1.884772
0.028161,0.104502,1.926393
-0.275197,0.686172,1.926393
0.048380,-0.127933,1.923829
-0.229026,0.761136,1.938040
0.053892,-0.207585,1.815006
-0.140385,0.116740,1.972492
-0.145752,0.058380,1.915988
-0.213107,-0.006722,1.900957
-0.080074,-0.006234,1.907315
-0.215137,-0.469773,1.941346
-0.075794,-0.406095,1.914555
-0.182118,-0.779222,1.980505
-0.075238,-0.741063,1.967252
-0.137708,-0.808716,1.955261
-0.045831,-0.800021,1.970458
-0.196783,0.631386,1.954378
-0.140770,0.461572,1.975957
-0.307595,0.377810,1.974648
-0.017867,0.337469,1.945288
-0.463336,0.562071,1.887755
0.027693,0.104944,1.926248
-0.276615,0.680829,1.926248
0.047958,-0.127396,1.924438
-0.229442,0.753837,1.938791
0.053176,-0.207354,1.815274
-0.140661,0.116913,1.972077
-0.146019,0.058550,1.915695
-0.213402,-0.006558,1.900689
-0.080360,-0.006109,1.907172
-0.214897,-0.470871,1.944180
-0.075846,-0.406595,1.916339
-0.182242,-0.778960,1.980186
-0.075377,-0.740111,1.969486
-0.136298,-0.808187,1.957099
-0.045099,-0.799520,1.973707
-0.196945,0.631535,1.953795
-0.140917,0.461630,1.975281
-0.307779,0.378070,1.973993
-0.018018,0.337512,1.944750
-0.463375,0.557454,1.890558
0.027337,0.105185,1.925985
-0.278979,0.675139,1.925985
0.047569,-0.126937,1.925009
-0.229923,0.747494,1.939319
0.052492,-0.207190,1.815545
-0.140904,0.117055,1.971653
-0.146263,0.058684,1.915382
-0.213673,-0.006427,1.900412
-0.080626,-0.006013,1.906990
-0.214605,-0.471884,1.946758
-0.075969,-0.407104,1.917977
-0.182331,-0.778700,1.979980
-0.075503,-0.739246,1.971509
-0.134921,-0.807696,1.958946
-0.044422,-0.799082,1.976467
-0.197091,0.631665,1.953251
-0.141058,0.461678,1.974645
-0.307944,0.378299,1.973386
-0.018159,0.337539,1.944248
-0.463869,0.552174,1.893065
0.027014,0.105127,1.925693
-0.282024,0.669182,1.925693
0.047222,-0.126539,1.925585
-0.230921,0.741125,1.939853
0.051851,-0.207074,1.815801
-0.141115,0.117181,1.971242
-0.146473,0.058800,1.915069
-0.213907,-0.006317,1.900134
-0.080851,-0.005932,1.906786
-0.214275,-0.472806,1.949099
-0.076132,-0.407566,1.919438
-0.182390,-0.778433,1.979847
-0.075618,-0.738460,1.973348
-0.133596,-0.807245,1.960769
-0.043799,-0.798719,1.978837
-0.196692,0.631784,1.951995
-0.141186,0.461718,1.974013
-0.308029,0.378357,1.972686
-0.018290,0.337533,1.943742
-0.465443,0.542290,1.894925
0.026734,0.105102,1.925397
-0.287722,0.660629,1.925397
0.046923,-0.126154,1.925912
-0.233728,0.733427,1.940270
0.051313,-0.206890,1.815921
-0.141306,0.117279,1.970842
-0.146657,0.058882,1.914750
-0.214105,-0.006228,1.899848
-0.081048,-0.005872,1.906558
-0.213932,-0.473620,1.951077
-0.076365,-0.408007,1.920709
-0.182427,-0.778150,1.979728
-0.075725,-0.737748,1.975004
-0.132359,-0.806853,1.962485
-0.043207,-0.798422,1.980781
-0.196202,0.631872,1.950662
-0.141284,0.461748,1.973315
-0.308088,0.378371,1.972012
-0.018398,0.337496,1.943199
-0.468115,0.525862,1.896083
0.026484,0.105081,1.925093
-0.294485,0.650905,1.925093
0.046647,-0.125806,1.926288
-0.237236,0.725659,1.940767
0.050819,-0.206724,1.816007
-0.141474,0.117361,1.970450
-0.146820,0.058945,1.914438
-0.214280,-0.006150,1.899574
-0.081226,-0.005828,1.906332
-0.213540,-0.474356,1.952798
-0.076661,-0.408431,1.921812
-0.182461,-0.777870,1.979591
-0.075827,-0.737107,1.976472
-0.131203,-0.806466,1.964060
-0.042730,-0.798215,1.982211
-0.195540,0.631847,1.948977
-0.141316,0.461753,1.972452
-0.308112,0.378304,1.971312
-0.018399,0.337374,1.942420
-0.469926,0.497033,1.896266
0.026276,0.105002,1.924708
-0.308328,0.631379,1.924708
0.046393,-0.125577,1.923287
-0.252324,0.703683,1.938436
0.050339,-0.206634,1.816006
-0.141590,0.117385,1.969982
-0.146947,0.058942,1.914069
-0.214425,-0.006131,1.899270
-0.081363,-0.005860,1.906034
-0.212999,-0.475241,1.954108
-0.076976,-0.408859,1.922739
-0.182500,-0.777675,1.979423
-0.075928,-0.736538,1.977725
-0.130038,-0.805921,1.965441
-0.042335,-0.798028,1.983563
-0.194658,0.631711,1.946866
-0.141297,0.461721,1.971352
-0.308000,0.377896,1.970254
-0.018288,0.337170,1.941305
-0.469413,0.460331,1.896445
0.026162,0.104770,1.923984
-0.331437,0.602458,1.923984
0.046158,-0.125495,1.914101
-0.278703,0.675330,1.928744
0.049840,-0.206685,1.815688
-0.141637,0.117322,1.969359
-0.147008,0.058828,1.913562
-0.214506,-0.006211,1.898875
-0.081434,-0.005997,1.905591
-0.212527,-0.476051,1.955213
-0.077754,-0.409873,1.923211
-0.182527,-0.777520,1.979211
-0.076025,-0.736038,1.978731
-0.128910,-0.805051,1.966541
-0.042022,-0.797909,1.984547
-0.193600,0.631490,1.944382
-0.141236,0.461648,1.970039
-0.307784,0.377216,1.968939
-0.018090,0.336900,1.939928
-0.468210,0.423807,1.896276
0.026111,0.104455,1.923079
-0.354344,0.573235,1.923079
0.045950,-0.125519,1.904573
-0.308505,0.639913,1.916922
0.049350,-0.206836,1.815179
-0.141616,0.117169,1.968593
-0.147005,0.058605,1.912921
-0.214528,-0.006383,1.898398
-0.081434,-0.006248,1.904992
-0.211011,-0.475467,1.953828
-0.078639,-0.411321,1.923341
-0.182464,-0.776851,1.978622
-0.075985,-0.736558,1.979680
-0.128062,-0.804633,1.967507
-0.042353,-0.798738,1.983889
-0.192372,0.631167,1.941360
-0.141063,0.461488,1.968134
-0.307491,0.376329,1.967435
-0.017798,0.336467,1.937917
-0.463863,0.384057,1.895285
0.026352,0.103534,1.921335
-0.384907,0.531081,1.921335
0.045777,-0.125709,1.887358
-0.350124,0.593290,1.894835
0.048893,-0.207080,1.814373
-0.141466,0.116908,1.967564
-0.146914,0.058250,1.912081
-0.214479,-0.006646,1.897824
-0.081338,-0.006638,1.904157
-0.209238,-0.473614,1.949597
-0.078962,-0.412909,1.923013
-0.182640,-0.776900,1.977869
-0.076005,-0.737409,1.980409
-0.129429,-0.805394,1.965252
-0.043097,-0.799931,1.982510
-0.191024,0.630768,1.937950
-0.140813,0.461280,1.965883
-0.307101,0.375280,1.965732
-0.017408,0.335959,1.935437
-0.460306,0.347594,1.893584
0.026690,0.102515,1.919312
-0.418460,0.484900,1.919312
0.045676,-0.126054,1.865807
-0.397355,0.536768,1.866475
0.048472,-0.207416,1.813249
-0.141191,0.116564,1.966304
-0.146725,0.057794,1.911058
-0.214345,-0.006985,1.897152
-0.081131,-0.007137,1.903086
-0.207701,-0.470727,1.942672
-0.079090,-0.414176,1.922381
-0.182785,-0.776924,1.976857
-0.076048,-0.738439,1.980952
-0.131026,-0.806063,1.962401
-0.044103,-0.801304,1.980566
-0.189564,0.630214,1.933907
-0.140459,0.460947,1.962987
-0.306614,0.373960,1.963736
-0.016905,0.335358,1.932241
-0.454353,0.309626,1.891817
0.027174,0.101194,1.916596
-0.453996,0.419724,1.916596
0.045643,-0.126576,1.840142
-0.453867,0.454767,1.826682
0.048114,-0.207811,1.811676
-0.140742,0.116090,1.964636
-0.146408,0.057189,1.909723
-0.214101,-0.007443,1.896308
-0.080775,-0.007800,1.901622
-0.206722,-0.466884,1.931864
-0.079071,-0.415313,1.921351
-0.182987,-0.777120,1.974463
-0.076072,-0.739585,1.981302
-0.133380,-0.807021,1.956914
-0.045296,-0.802846,1.978122
-0.188042,0.629537,1.929289
-0.140046,0.460550,1.959670
-0.306101,0.372550,1.961654
-0.016348,0.334608,1.928383
-0.448791,0.275372,1.889988
0.027808,0.099580,1.913296
-0.485947,0.354045,1.913296
0.045689,-0.127203,1.815730
-0.505426,0.370609,1.787861
0.047802,-0.208286,1.809706
-0.140177,0.115543,1.962662
-0.146026,0.056500,1.908174
-0.213800,-0.007968,1.895350
-0.080346,-0.008564,1.899883
-0.205924,-0.462634,1.919546
-0.078952,-0.416385,1.920015
-0.183173,-0.777299,1.971714
-0.076053,-0.740803,1.981486
-0.136049,-0.807923,1.950661
-0.046607,-0.804495,1.975285
-0.186501,0.628790,1.924336
-0.139575,0.460083,1.955879
-0.305533,0.371021,1.959345
-0.015769,0.333736,1.923953
-0.443618,0.244486,1.888086
0.028556,0.097790,1.909555
-0.513965,0.291679,1.909555
0.045840,-0.127945,1.792997
-0.549519,0.288984,1.752098
0.047562,-0.208827,1.807381
-0.139510,0.114914,1.960334
-0.145573,0.055715,1.906371
-0.213434,-0.008563,1.894252
-0.079846,-0.009429,1.897828
-0.205269,-0.458141,1.906148
-0.078759,-0.417416,1.918389
-0.183549,-0.777836,1.966635
-0.076003,-0.742089,1.981534
-0.139696,-0.809550,1.940904
-0.047988,-0.806199,1.972170
-0.184946,0.628011,1.918965
-0.139070,0.459555,1.951560
-0.304918,0.369373,1.956765
-0.015166,0.332827,1.919055
-0.438742,0.216826,1.886194
0.029377,0.096015,1.905342
-0.537431,0.232739,1.905342
0.046102,-0.128780,1.772540
-0.585705,0.212251,1.720102
0.047392,-0.209420,1.804735
-0.138764,0.114225,1.957613
-0.145063,0.054852,1.904282
-0.213006,-0.009227,1.892972
-0.079286,-0.010371,1.895453
-0.204826,-0.453474,1.891863
-0.078495,-0.418402,1.916481
-0.184148,-0.778609,1.959315
-0.075926,-0.743428,1.981447
-0.144117,-0.811628,1.928138
-0.049413,-0.807925,1.968794
-0.183401,0.627189,1.913206
-0.138507,0.459000,1.946675
-0.304265,0.367611,1.953851
-0.014561,0.331885,1.913639
-0.434026,0.191600,1.884122
0.030237,0.094240,1.900785
-0.556083,0.179715,1.900785
0.046459,-0.129704,1.755196
-0.613895,0.141546,1.692995
0.047291,-0.210065,1.801727
-0.137937,0.113487,1.954442
-0.144491,0.053919,1.901871
-0.212516,-0.009953,1.891481
-0.078671,-0.011379,1.892717
-0.204578,-0.448760,1.877106
-0.078146,-0.419309,1.914221
-0.185119,-0.779590,1.949458
-0.075842,-0.744742,1.981268
-0.149413,-0.814124,1.912207
-0.050884,-0.809609,1.965266
-0.181916,0.626348,1.907006
-0.137958,0.458416,1.941272
-0.303642,0.365832,1.950758
-0.013997,0.330934,1.907708
-0.429718,0.168825,1.881857
0.031150,0.092436,1.895822
-0.571128,0.128520,1.895822
0.046891,-0.130647,1.739259
-0.636259,0.077187,1.669913
0.047265,-0.210752,1.798380
-0.137068,0.112721,1.950779
-0.143900,0.052939,1.899105
-0.211997,-0.010735,1.889737
-0.078036,-0.012433,1.889578
-0.204563,-0.444130,1.862327
-0.077742,-0.420125,1.911638
-0.186431,-0.780758,1.936309
-0.075753,-0.746047,1.980967
-0.155507,-0.817036,1.892411
-0.052421,-0.811255,1.961541
-0.180591,0.625444,1.900105
-0.137465,0.457834,1.935328
-0.303053,0.364011,1.947266
-0.013506,0.329999,1.901320
-0.425801,0.148203,1.879393
0.032065,0.090652,1.890451
-0.582928,0.079893,1.890451
0.047362,-0.131583,1.725052
-0.652662,0.014702,1.650388
0.047297,-0.211442,1.794600
-0.136206,0.111931,1.946565
-0.143308,0.051912,1.895913
-0.211452,-0.011577,1.887633
-0.077406,-0.013522,1.886015
-0.204775,-0.439691,1.847846
-0.077288,-0.420824,1.908667
-0.188071,-0.781990,1.920418
-0.075662,-0.747292,1.980585
-0.162115,-0.820137,1.869621
-0.053968,-0.812808,1.957722
-0.179563,0.624508,1.892004
-0.137209,0.457361,1.928115
-0.302628,0.362058,1.942814
-0.013214,0.329154,1.893816
-0.422027,0.129347,1.876294
0.032946,0.088897,1.884043
-0.590513,0.029046,1.884043
0.047850,-0.132509,1.712394
-0.660502,-0.050517,1.636358
0.047378,-0.212153,1.790179
-0.135451,0.111168,1.941247
-0.142795,0.050848,1.891838
-0.210935,-0.012496,1.884841
-0.076866,-0.014624,1.881498
-0.205400,-0.435398,1.833328
-0.076801,-0.421479,1.905069
-0.190438,-0.783090,1.899682
-0.075460,-0.746569,1.977906
-0.169777,-0.823240,1.841354
-0.056859,-0.809741,1.947727
-0.178797,0.623589,1.883193
-0.137157,0.456920,1.920212
-0.302394,0.360094,1.937736
-0.013143,0.328356,1.885556
-0.418460,0.112079,1.872728
0.033664,0.087287,1.876962
-0.595490,-0.016345,1.876962
0.048318,-0.133368,1.702067
-0.663896,-0.109448,1.626281
0.047456,-0.212837,1.785114
-0.134857,0.110425,1.935094
-0.142418,0.049774,1.887066
-0.210512,-0.013468,1.881434
-0.076475,-0.015718,1.876248
-0.206394,-0.431310,1.819073
-0.076327,-0.422007,1.900863
-0.192650,-0.784120,1.878546
-0.075335,-0.745320,1.974454
-0.176965,-0.826160,1.813354
-0.060050,-0.805831,1.936701
-0.178352,0.622691,1.873745
-0.137349,0.456522,1.911485
-0.302370,0.358113,1.931862
-0.013268,0.327665,1.876728
-0.415047,0.096472,1.868928
0.034241,0.085781,1.869408
-0.597756,-0.057834,1.869408
0.048729,-0.134193,1.693882
-0.661431,-0.163881,1.621159
0.047510,-0.213504,1.779432
-0.134516,0.109708,1.927982
-0.142248,0.048692,1.881457
-0.210259,-0.014492,1.877225
-0.076306,-0.016806,1.870174
-0.207789,-0.427428,1.805000
-0.075901,-0.422406,1.896104
-0.194633,-0.785079,1.857872
-0.075270,-0.743580,1.970277
-0.183549,-0.828866,1.786546
-0.063340,-0.801262,1.924952
-0.178467,0.621891,1.862737
-0.138264,0.456243,1.900611
-0.303127,0.355598,1.922986
-0.014043,0.327146,1.865833
-0.411682,0.082085,1.864618
0.034387,0.084318,1.860276
-0.595972,-0.096690,1.860276
0.048818,-0.134872,1.688338
-0.651036,-0.213765,1.621071
0.047249,-0.214261,1.771837
-0.134993,0.108928,1.918282
-0.142799,0.047472,1.873368
-0.210674,-0.015722,1.870504
-0.076877,-0.018004,1.861660
-0.209564,-0.423976,1.791063
-0.075673,-0.422725,1.890100
-0.197021,-0.786135,1.836353
-0.075260,-0.741400,1.965342
-0.190226,-0.831599,1.759317
-0.066541,-0.796193,1.912576
-0.179020,0.621034,1.850958
-0.139506,0.456004,1.888941
-0.304163,0.353174,1.913451
-0.015052,0.326750,1.854520
-0.408431,0.069149,1.860189
0.034161,0.083048,1.850440
-0.592281,-0.131042,1.850440
0.048617,-0.135513,1.684453
-0.638174,-0.256703,1.623405
0.046688,-0.214933,1.763285
-0.135891,0.108217,1.907637
-0.143745,0.046302,1.864356
-0.211451,-0.016981,1.862940
-0.077889,-0.019125,1.852100
-0.211982,-0.420697,1.776995
-0.075670,-0.422691,1.882723
-0.199071,-0.787067,1.816015
-0.075421,-0.738520,1.959303
-0.196030,-0.834018,1.734221
-0.069937,-0.790376,1.899303
-0.180717,0.619666,1.836503
-0.142218,0.455644,1.873785
-0.306439,0.350182,1.899034
-0.017045,0.326567,1.840502
-0.405142,0.057519,1.855465
0.032670,0.081699,1.837772
-0.583946,-0.162074,1.837772
0.047067,-0.136637,1.682162
-0.622540,-0.293142,1.627965
0.045446,-0.215569,1.752597
-0.138732,0.107369,1.892795
-0.146511,0.044969,1.851129
-0.213986,-0.018412,1.851409
-0.080833,-0.020449,1.838008
-0.215200,-0.417733,1.762108
-0.076247,-0.422778,1.872797
-0.201202,-0.788004,1.795941
-0.075971,-0.734788,1.951088
-0.201412,-0.836320,1.710008
-0.073537,-0.783702,1.883927
-0.182773,0.618207,1.821660
-0.145237,0.455336,1.858277
-0.308994,0.347263,1.884036
-0.019504,0.326446,1.825642
-0.401972,0.046856,1.850375
0.030767,0.080436,1.824610
-0.574425,-0.188968,1.824610
0.045202,-0.137734,1.681033
-0.605372,-0.323355,1.633852
0.043797,-0.216130,1.740964
-0.141978,0.106509,1.877382
-0.149730,0.043615,1.837170
-0.217035,-0.019871,1.838925
-0.084224,-0.021795,1.823278
-0.218903,-0.415025,1.747015
-0.077317,-0.423014,1.861029
-0.203438,-0.788854,1.776732
-0.076906,-0.730823,1.941260
-0.206602,-0.838397,1.687382
-0.077495,-0.777033,1.867480
-0.185474,0.616451,1.805716
-0.148899,0.455115,1.841806
-0.311925,0.344496,1.867575
-0.022541,0.326426,1.809969
-0.398956,0.037457,1.844847
0.028104,0.079261,1.810242
-0.563999,-0.211945,1.810242
0.042654,-0.138985,1.680841
-0.587163,-0.347690,1.640686
0.041597,-0.216608,1.728020
-0.146033,0.105722,1.860645
-0.153746,0.042339,1.821692
-0.220869,-0.021098,1.824675
-0.088474,-0.023093,1.807104
-0.223024,-0.412411,1.731962
-0.080776,-0.422474,1.843293
-0.205774,-0.789489,1.758229
-0.077174,-0.729469,1.934784
-0.211536,-0.840144,1.666030
-0.079956,-0.774042,1.856276
-0.189392,0.614865,1.786960
-0.154322,0.455126,1.821638
-0.315911,0.341450,1.845570
-0.027288,0.326549,1.790528
-0.396366,0.029760,1.837782
0.023398,0.078364,1.792041
-0.557543,-0.232143,1.792041
0.038140,-0.140120,1.679240
-0.574859,-0.369806,1.643997
0.037183,-0.216887,1.710586
-0.151978,0.104489,1.839149
-0.159561,0.040510,1.801024
-0.226366,-0.022762,1.804752
-0.094467,-0.024620,1.786373
-0.227625,-0.410355,1.714635
-0.089039,-0.422513,1.812252
-0.208271,-0.790110,1.742553
-0.076342,-0.727985,1.924369
-0.216274,-0.841676,1.648080
-0.081165,-0.770793,1.841291
-0.193646,0.613159,1.767877
-0.160048,0.455074,1.801534
-0.319972,0.338589,1.823753
-0.032241,0.326700,1.771259
-0.393994,0.024045,1.829134
0.018218,0.077652,1.773637
-0.550775,-0.249145,1.773637
0.033231,-0.141239,1.677639
-0.562424,-0.387414,1.646987
0.032570,-0.217136,1.693324
-0.158171,0.103254,1.817979
-0.165663,0.038707,1.780424
-0.232211,-0.024374,1.784618
-0.100803,-0.026130,1.765681
-0.232327,-0.408573,1.697336
-0.099200,-0.423480,1.777712
-0.211041,-0.790640,1.727856
-0.074959,-0.726240,1.911851
-0.221039,-0.843019,1.631423
-0.081674,-0.767408,1.824769
-0.198325,0.611328,1.748278
-0.166169,0.454890,1.781045
-0.324408,0.335747,1.801344
-0.038046,0.326566,1.750916
-0.392303,0.019278,1.818777
0.012363,0.077070,1.754652
-0.544462,-0.263770,1.754652
0.027207,-0.142349,1.675463
-0.549420,-0.398157,1.649163
0.026505,-0.217207,1.673260
-0.164898,0.102031,1.796484
-0.172414,0.036977,1.759242
-0.238601,-0.025855,1.764042
-0.108044,-0.027539,1.744024
-0.237379,-0.406964,1.679381
-0.111723,-0.422904,1.738478
-0.213706,-0.790910,1.714681
-0.073528,-0.723737,1.896613
-0.225465,-0.843976,1.616598
-0.082036,-0.763405,1.806132
-0.203937,0.609201,1.725991
-0.173955,0.454162,1.756954
-0.330438,0.332494,1.775304
-0.044940,0.326141,1.728462
-0.392511,0.017505,1.802993
0.004215,0.076567,1.731344
-0.536017,-0.273161,1.731344
0.018409,-0.142195,1.671608
-0.538511,-0.409084,1.649887
0.018119,-0.216548,1.647588
-0.173612,0.100854,1.771933
-0.181086,0.035389,1.734955
-0.247209,-0.027199,1.739861
-0.117000,-0.028841,1.719804
-0.245577,-0.405604,1.659857
-0.124884,-0.420272,1.688876
-0.215570,-0.790821,1.701998
-0.073706,-0.721922,1.872958
-0.228712,-0.844413,1.602828
-0.083687,-0.760215,1.779794
-0.209549,0.607039,1.704166
-0.181657,0.453362,1.733779
-0.336417,0.329498,1.750145
-0.051708,0.325713,1.706821
-0.393417,0.016791,1.786133
-0.003912,0.076253,1.708894
-0.527458,-0.279126,1.708894
0.009509,-0.141813,1.666559
-0.525390,-0.411083,1.648757
0.009498,-0.215857,1.622006
-0.182331,0.099845,1.748222
-0.189779,0.034068,1.711378
-0.255796,-0.028343,1.716414
-0.126070,-0.029877,1.696149
-0.253807,-0.404398,1.641157
-0.137394,-0.416623,1.638804
-0.217551,-0.790651,1.690034
-0.075310,-0.721205,1.843010
-0.231860,-0.844743,1.590055
-0.086450,-0.757819,1.748412
-0.215542,0.604698,1.681901
-0.189471,0.452460,1.710889
-0.342604,0.326642,1.725101
-0.058609,0.325296,1.685251
-0.395473,0.016771,1.767649
-0.012423,0.076240,1.686224
-0.519360,-0.281604,1.686224
-0.000517,-0.142161,1.659444
-0.513877,-0.410043,1.645023
-0.000095,-0.215242,1.594669
-0.191269,0.098978,1.724713
-0.198711,0.032982,1.687867
-0.264663,-0.029233,1.692798
-0.135401,-0.030755,1.672659
-0.262049,-0.403302,1.623337
-0.150652,-0.413821,1.586617
-0.220474,-0.790487,1.678022
-0.078761,-0.720453,1.807116
-0.235544,-0.845055,1.577703
-0.090808,-0.755925,1.711352
-0.221504,0.602412,1.659924
-0.197272,0.451507,1.688431
-0.348912,0.323945,1.700219
-0.065618,0.324791,1.663836
-0.398837,0.017421,1.747325
-0.020978,0.076249,1.663830
-0.512014,-0.282106,1.663830
-0.010475,-0.142647,1.650629
-0.503682,-0.406921,1.639363
-0.009470,-0.214737,1.567462
-0.200256,0.098078,1.701497
-0.207704,0.031914,1.664482
-0.273728,-0.030091,1.668852
-0.144678,-0.031632,1.649613
-0.270724,-0.402457,1.606026
-0.163049,-0.410069,1.538064
-0.223281,-0.790212,1.666945
-0.081333,-0.719210,1.770375
-0.238869,-0.845189,1.566516
-0.094075,-0.753721,1.673950
