0.134268,0.761544,2.648787
0.108532,0.579318,2.700446
-0.028485,0.451470,2.630585
0.279990,0.460277,2.730418
-0.082628,0.200235,2.568122
0.336276,0.203241,2.724860
-0.048129,-0.001907,2.724860
0.359948,-0.003526,2.465193
-0.016927,-0.092375,2.438638
0.360064,-0.046451,2.601152
0.129978,0.222296,2.701394
0.151240,0.160585,2.651335
0.089595,0.081957,2.612835
0.227736,0.092516,2.667721
0.058870,-0.384326,2.647233
0.267968,-0.333018,2.606778
0.080728,-0.704548,2.681129
0.203101,-0.679015,2.692198
0.097221,-0.767205,2.615217
0.222186,-0.752785,2.669081
0.139190,0.758737,2.630405
0.113045,0.578230,2.682930
-0.026421,0.453239,2.622864
0.283355,0.460681,2.719814
-0.079711,0.204774,2.561632
0.340594,0.204664,2.714163
-0.036838,0.006853,2.714163
0.368729,-0.002502,2.453134
-0.012056,-0.060294,2.435324
0.365025,-0.042902,2.593311
0.136182,0.223003,2.689313
0.157367,0.160958,2.639834
0.095386,0.081954,2.604437
0.234766,0.093657,2.654680
0.057195,-0.386172,2.643805
0.276343,-0.331847,2.584846
0.085597,-0.709754,2.679568
0.219001,-0.684213,2.650957
0.096937,-0.767282,2.615147
0.240125,-0.756823,2.608511
0.140381,0.762030,2.624133
0.114488,0.579179,2.669610
-0.023340,0.456472,2.612033
0.287968,0.462727,2.707102
-0.076948,0.206996,2.553247
0.349750,0.202623,2.702357
-0.025208,0.011728,2.702357
0.377640,-0.002367,2.443694
-0.004260,-0.056509,2.425064
0.380854,-0.035092,2.580458
0.139504,0.225007,2.675379
0.160805,0.163416,2.625674
0.098870,0.084047,2.588910
0.239010,0.095534,2.642016
0.057254,-0.383767,2.639351
0.289176,-0.343036,2.556053
0.091954,-0.709497,2.668617
0.233184,-0.691909,2.613204
0.095815,-0.766996,2.613127
0.260375,-0.757746,2.567048
0.143222,0.757654,2.607533
0.119238,0.574150,2.656424
-0.020326,0.452719,2.600174
0.295654,0.456875,2.688752
-0.074337,0.208229,2.544458
0.355977,0.201228,2.690313
-0.022376,0.011277,2.690313
0.383293,-0.001434,2.438612
0.001204,-0.054174,2.419828
0.382711,-0.040566,2.562891
0.144958,0.224132,2.664779
0.165310,0.162999,2.614947
0.102156,0.083121,2.579832
0.245438,0.094874,2.629467
0.060460,-0.370604,2.628748
0.296490,-0.339495,2.535789
0.090513,-0.708954,2.669564
0.262989,-0.687970,2.548497
0.093858,-0.765588,2.615105
0.301919,-0.750745,2.506703
0.149932,0.748402,2.583367
0.124395,0.570955,2.646653
-0.017357,0.450516,2.591057
0.300742,0.458991,2.678171
-0.069748,0.207829,2.538892
0.363037,0.197633,2.672011
-0.018609,0.010069,2.672011
0.390627,-0.004911,2.434384
0.006377,-0.051818,2.414433
0.386388,-0.044390,2.546532
0.150227,0.222329,2.653549
0.170162,0.161819,2.603268
0.106663,0.081953,2.569845
0.250399,0.093291,2.615574
0.062901,-0.362696,2.619688
0.308313,-0.346361,2.508899
0.089509,-0.707714,2.670799
0.291090,-0.704989,2.507478
0.090187,-0.770180,2.627915
0.334198,-0.757234,2.462876
0.152121,0.749347,2.570254
0.131848,0.567155,2.628468
-0.012536,0.447525,2.581938
0.308582,0.454666,2.657999
-0.062650,0.202267,2.532238
0.373392,0.199654,2.653256
-0.015185,0.003045,2.653256
0.402659,-0.003158,2.429024
0.012307,-0.056870,2.411804
0.396624,-0.035029,2.531847
0.157348,0.218378,2.639676
0.175446,0.157098,2.589523
0.111907,0.077902,2.558929
0.254589,0.088650,2.601271
0.064585,-0.362923,2.616539
0.316316,-0.345348,2.488210
0.089133,-0.707598,2.671056
0.326084,-0.692651,2.468739
0.091771,-0.768566,2.626381
0.360637,-0.753079,2.437026
0.160255,0.739185,2.541778
0.146211,0.559403,2.609046
-0.007776,0.445390,2.570513
0.317944,0.452858,2.644639
-0.057763,0.200912,2.529855
0.382772,0.199669,2.636314
-0.014712,0.000507,2.636314
0.405502,-0.002741,2.427176
0.020101,-0.087513,2.397177
0.405825,-0.072128,2.506814
0.165058,0.216209,2.621106
0.181584,0.155664,2.570708
0.118212,0.075457,2.535852
0.259099,0.084629,2.584016
0.072840,-0.361003,2.596350
0.330019,-0.355864,2.465487
0.084077,-0.703382,2.659033
0.358331,-0.696258,2.436098
0.094362,-0.763786,2.595043
0.386985,-0.760793,2.384279
0.164409,0.733559,2.525474
0.152506,0.555725,2.596751
-0.004376,0.443632,2.563869
0.334214,0.446480,2.621723
-0.050940,0.198397,2.526996
0.395535,0.194298,2.617541
-0.013878,-0.003823,2.617541
0.417490,-0.009829,2.425880
0.019568,-0.093089,2.397413
0.420866,-0.066308,2.486936
0.172819,0.214897,2.609283
0.186557,0.154742,2.558478
0.121179,0.074104,2.527110
0.265711,0.081491,2.568712
0.074476,-0.359944,2.590420
0.350087,-0.371773,2.434332
0.084488,-0.702627,2.655107
0.392016,-0.701947,2.397554
0.094533,-0.763508,2.595120
0.416278,-0.775835,2.337747
0.175171,0.728004,2.508934
0.170687,0.550443,2.575492
0.001408,0.442395,2.557243
0.341800,0.443652,2.606779
-0.042183,0.195304,2.524172
0.407563,0.195507,2.599995
-0.012059,-0.009483,2.599995
0.427726,-0.009443,2.426582
0.019430,-0.100057,2.399681
0.427108,-0.067148,2.478625
0.183815,0.213521,2.593641
0.194968,0.152875,2.543875
0.127027,0.072347,2.515559
0.273367,0.078890,2.554013
0.080851,-0.356569,2.582196
0.358394,-0.370042,2.425693
0.085452,-0.702222,2.651664
0.420246,-0.702395,2.376734
0.094833,-0.763331,2.594924
0.446206,-0.765585,2.300458
0.181391,0.727462,2.497645
0.179552,0.546225,2.561593
0.010906,0.442289,2.551698
0.353925,0.442169,2.583390
-0.033083,0.191981,2.525582
0.436022,0.185512,2.570405
-0.007523,-0.014922,2.570405
0.453186,-0.018162,2.431752
0.017095,-0.108382,2.407665
0.448042,-0.090828,2.456082
0.193553,0.211053,2.580705
0.201666,0.150430,2.531466
0.131922,0.070904,2.506812
0.280401,0.076040,2.538912
0.085901,-0.358079,2.576231
0.370087,-0.365938,2.410892
0.085502,-0.702384,2.650954
0.444032,-0.690485,2.360492
0.095035,-0.763574,2.594794
0.460628,-0.763945,2.291046
0.193047,0.718017,2.478821
0.188153,0.541825,2.551630
0.025489,0.440322,2.543438
0.365742,0.439999,2.567821
-0.021893,0.188517,2.525752
0.443516,0.182156,2.554712
0.003187,-0.023324,2.554712
0.462438,-0.024987,2.445800
0.012845,-0.080598,2.428215
0.458779,-0.096375,2.442140
0.203467,0.205419,2.567550
0.210613,0.145058,2.517560
0.139304,0.067556,2.497656
0.290310,0.069843,2.518455
0.095128,-0.356134,2.565507
0.386305,-0.369206,2.398354
0.087055,-0.700685,2.647488
0.471357,-0.697673,2.336726
0.095497,-0.763602,2.595424
0.488134,-0.760870,2.257723
0.203829,0.713369,2.453758
0.205214,0.536313,2.538136
0.037865,0.440125,2.538799
0.384617,0.438149,2.540926
-0.010742,0.188121,2.527029
0.458888,0.180999,2.532601
0.006322,-0.026596,2.532601
0.487092,-0.026361,2.454123
0.013432,-0.084128,2.435440
0.473354,-0.082651,2.427625
0.215897,0.202598,2.554603
0.218727,0.142471,2.504584
0.145656,0.066275,2.488537
0.297542,0.066331,2.501383
0.100779,-0.357654,2.558373
0.406462,-0.384569,2.375358
0.088253,-0.699352,2.644808
0.498195,-0.705553,2.326856
0.095733,-0.763466,2.595364
0.496673,-0.770532,2.247472
0.214255,0.706790,2.434746
0.226221,0.534018,2.517574
0.058100,0.438061,2.528757
0.395315,0.436070,2.523341
0.006857,0.183216,2.529175
0.473521,0.183451,2.511875
0.009819,-0.032943,2.511875
0.503033,-0.024277,2.459180
0.018581,-0.131527,2.446573
0.487364,-0.086429,2.400469
0.231091,0.198648,2.537263
0.231396,0.137610,2.488505
0.156195,0.063044,2.478084
0.308335,0.062456,2.482782
0.109781,-0.359161,2.551213
0.416062,-0.379674,2.367979
0.089377,-0.698768,2.640008
0.508920,-0.698384,2.317899
0.096161,-0.764483,2.593006
0.504537,-0.767046,2.241695
0.227706,0.703800,2.411392
0.237085,0.532243,2.505064
0.071654,0.436733,2.520731
0.412291,0.433919,2.495888
0.020581,0.183061,2.529527
0.501810,0.180301,2.477276
0.017683,-0.035790,2.477276
0.522300,-0.029514,2.470928
0.022196,-0.112377,2.457933
0.505478,-0.100773,2.381196
0.245793,0.195794,2.523996
0.243596,0.134384,2.475769
0.168745,0.059262,2.469446
0.321014,0.059768,2.465080
0.116501,-0.360129,2.547607
0.429678,-0.379860,2.358860
0.091192,-0.697573,2.636062
0.521981,-0.699911,2.312492
0.096722,-0.763713,2.591593
0.510437,-0.770852,2.239126
0.243298,0.687733,2.391327
0.262472,0.522791,2.486911
0.088984,0.434496,2.512873
0.425572,0.429044,2.473582
0.041904,0.177850,2.530209
0.520803,0.178974,2.459550
0.029765,-0.042303,2.459550
0.528397,-0.034364,2.480133
0.038009,-0.119012,2.465387
0.524348,-0.089886,2.363788
0.269793,0.191904,2.507324
0.265096,0.131123,2.460274
0.190522,0.055068,2.458297
0.341125,0.058183,2.446288
0.133106,-0.362895,2.538489
0.438445,-0.376449,2.347159
0.093910,-0.697539,2.631906
0.531690,-0.702139,2.312840
0.097444,-0.762933,2.591417
0.512397,-0.770759,2.238865
0.252081,0.690075,2.368195
0.281406,0.521162,2.467016
0.104796,0.431648,2.505291
0.442660,0.431236,2.445276
0.066843,0.173813,2.530877
0.542537,0.176554,2.432756
0.045307,-0.046875,2.432756
0.554261,-0.036680,2.488878
0.052445,-0.123568,2.477365
0.544922,-0.108891,2.336656
0.288979,0.192446,2.492026
0.281221,0.131002,2.447769
0.206360,0.053153,2.450631
0.356376,0.059188,2.431313
0.144299,-0.367904,2.534893
0.451108,-0.371048,2.336536
0.097620,-0.695480,2.627226
0.534162,-0.704310,2.314024
0.098706,-0.762250,2.589738
0.514861,-0.772797,2.239897
0.263493,0.690112,2.342804
0.301509,0.516596,2.437481
0.135921,0.430714,2.485873
0.460013,0.430995,2.426315
0.087849,0.173802,2.527634
0.561441,0.171636,2.407223
0.063349,-0.047678,2.407223
0.565919,-0.044105,2.494983
0.065960,-0.125583,2.487712
0.553639,-0.111453,2.331928
0.311309,0.192702,2.471313
0.304288,0.130228,2.431442
0.232313,0.051722,2.439565
0.377904,0.059433,2.414622
0.165774,-0.362135,2.520753
0.459048,-0.369638,2.328797
0.106408,-0.686835,2.618962
0.534965,-0.704857,2.314322
0.100872,-0.757625,2.592026
0.515237,-0.773569,2.240521
0.301679,0.664628,2.260551
0.355858,0.510224,2.384725
0.187194,0.433117,2.459627
0.508109,0.431836,2.365641
0.162584,0.182407,2.529246
0.615957,0.180213,2.350827
0.158941,-0.043696,2.350827
0.615798,-0.036984,2.524193
0.156638,-0.117083,2.520201
0.608694,-0.109847,2.276504
0.368680,0.195371,2.431474
0.360561,0.131324,2.406249
0.288899,0.051944,2.427999
0.435248,0.061235,2.386093
0.210467,-0.356302,2.488812
0.498869,-0.367241,2.311257
0.134651,-0.683261,2.601646
0.540064,-0.705191,2.313716
0.108919,-0.761254,2.573889
0.522618,-0.776486,2.246317
0.305623,0.661377,2.243524
0.368040,0.509681,2.372339
0.195362,0.432487,2.455866
0.520546,0.431110,2.343971
0.189090,0.183795,2.533072
0.638528,0.188735,2.337041
0.195040,-0.039170,2.337041
0.632778,-0.028802,2.539489
0.190326,-0.111472,2.528038
0.623980,-0.101504,2.266868
0.387570,0.197194,2.420149
0.380394,0.133073,2.399785
0.311201,0.053385,2.423538
0.455217,0.063253,2.381431
0.228920,-0.347029,2.469109
0.507093,-0.362644,2.307503
0.161163,-0.680819,2.590061
0.541976,-0.704824,2.314568
0.123435,-0.756974,2.572174
0.522729,-0.776377,2.246281
0.310489,0.654866,2.217199
0.380991,0.506707,2.357687
0.218556,0.434983,2.446860
0.528274,0.428193,2.327259
0.212285,0.189483,2.535244
0.659447,0.193524,2.314660
0.211815,-0.033013,2.314660
0.647084,-0.026851,2.547531
0.207113,-0.105150,2.536106
0.641929,-0.099681,2.258474
0.402146,0.197270,2.410184
0.395273,0.133053,2.394357
0.329225,0.054367,2.422647
0.468586,0.064003,2.374748
0.237623,-0.343628,2.459473
0.520377,-0.355083,2.302873
0.194427,-0.682365,2.577953
0.544201,-0.703492,2.314678
0.148499,-0.761159,2.568081
0.521668,-0.775688,2.245044
0.312234,0.646434,2.205483
0.392867,0.500619,2.341586
0.231966,0.432274,2.439632
0.538466,0.423443,2.310043
0.231261,0.186755,2.535278
0.674340,0.200000,2.298810
0.228492,-0.035127,2.298810
0.671185,-0.021478,2.552555
0.223801,-0.107097,2.541156
0.677064,-0.093444,2.241491
0.413949,0.196439,2.403208
0.407648,0.132256,2.392041
0.342721,0.054325,2.425410
0.480959,0.063201,2.371896
0.248874,-0.342332,2.453491
0.530139,-0.346696,2.298224
0.248981,-0.693546,2.550146
0.547842,-0.701888,2.314726
0.193088,-0.764855,2.539057
0.522116,-0.774485,2.246151
0.310769,0.632847,2.186709
0.403341,0.494767,2.328274
0.255117,0.424594,2.428186
0.546536,0.419404,2.293215
0.259612,0.185801,2.538440
0.685286,0.200728,2.285011
0.269949,-0.035812,2.285011
0.683990,-0.021436,2.556222
0.265269,-0.107603,2.544851
0.687843,-0.094047,2.238943
0.425335,0.193978,2.399216
0.419897,0.129728,2.392905
0.355472,0.054538,2.431450
0.493532,0.061556,2.373122
0.263259,-0.336756,2.446860
0.535615,-0.344754,2.294142
0.296059,-0.693963,2.524215
0.548979,-0.701197,2.314690
0.249560,-0.755422,2.520435
0.522188,-0.774116,2.246848
0.312755,0.618852,2.172107
0.409661,0.489376,2.319144
0.263524,0.420837,2.425192
0.550122,0.413007,2.277963
0.272765,0.186597,2.536239
0.696495,0.203307,2.274558
0.305808,-0.033501,2.274558
0.703039,-0.019102,2.548461
0.301139,-0.105124,2.537117
0.706092,-0.090952,2.233440
0.435579,0.189839,2.395502
0.431075,0.125617,2.393437
0.373410,0.050163,2.438336
0.500625,0.059104,2.373046
0.277069,-0.337542,2.442910
0.541689,-0.341403,2.291865
0.322946,-0.704120,2.491071
0.552401,-0.699772,2.314356
0.281431,-0.767735,2.460376
0.528181,-0.774004,2.250289
0.310093,0.603652,2.162713
0.416380,0.477232,2.307115
0.280134,0.413170,2.417046
0.553020,0.405295,2.265173
0.291548,0.188757,2.534138
0.705148,0.199247,2.258271
0.345526,-0.025642,2.258271
0.718786,-0.023878,2.556941
0.340866,-0.097116,2.545621
0.735097,-0.104007,2.235937
0.447417,0.181799,2.391869
0.444415,0.117804,2.394010
0.389286,0.045072,2.443486
0.512136,0.052232,2.373024
0.302711,-0.335838,2.439754
0.547882,-0.342100,2.287925
0.351276,-0.698354,2.472530
0.553287,-0.699897,2.314034
0.311557,-0.757464,2.439291
0.527350,-0.773681,2.248743
0.307215,0.604682,2.158947
0.417450,0.470345,2.295586
0.291113,0.404909,2.414320
0.553204,0.397995,2.253264
0.318566,0.188932,2.533425
0.715259,0.196249,2.242175
0.353521,-0.025873,2.242175
0.733705,-0.029230,2.573206
0.348872,-0.097196,2.561910
0.748875,-0.109434,2.236923
0.458713,0.173723,2.383613
0.458370,0.109404,2.388864
0.410745,0.037345,2.439139
0.522918,0.047695,2.368891
0.323886,-0.339504,2.441977
0.553763,-0.341050,2.284904
0.374284,-0.700865,2.453287
0.554737,-0.700941,2.313210
0.342614,-0.760723,2.418347
0.526347,-0.773350,2.247536
0.294740,0.559992,2.135921
0.428811,0.451185,2.274085
0.302360,0.374240,2.424484
0.552137,0.391347,2.241967
0.338716,0.177281,2.539063
0.720100,0.189659,2.235028
0.369805,-0.035962,2.235028
0.765150,-0.058452,2.586756
0.365169,-0.107079,2.575492
0.779873,-0.128035,2.242303
0.479477,0.153950,2.374399
0.480789,0.089343,2.384441
0.432204,0.019840,2.437121
0.545636,0.033294,2.366155
0.354747,-0.343691,2.445289
0.564449,-0.342875,2.280733
0.387557,-0.699550,2.443075
0.556413,-0.700439,2.311544
0.347756,-0.757981,2.414740
0.525397,-0.773285,2.246911
0.291284,0.555765,2.133780
0.427856,0.446281,2.270041
0.309038,0.363396,2.425575
0.550308,0.381976,2.232161
0.360832,0.168060,2.547049
0.726670,0.183029,2.228224
0.400010,-0.048105,2.228224
0.773835,-0.060509,2.577118
0.395385,-0.119044,2.565882
0.792200,-0.129123,2.243366
0.485208,0.146185,2.372604
0.488962,0.080804,2.385155
0.443976,0.011807,2.438730
0.554277,0.026923,2.366794
0.365500,-0.349894,2.445768
0.572229,-0.345807,2.277986
0.399514,-0.704142,2.433718
0.559912,-0.699256,2.310207
0.351925,-0.758116,2.408838
0.525061,-0.772734,2.246980
0.284497,0.560062,2.127796
0.420411,0.436532,2.255358
0.311644,0.359726,2.424680
0.546115,0.375291,2.224759
0.367230,0.166694,2.548891
0.729272,0.181659,2.222718
0.414959,-0.042984,2.222718
0.781444,-0.063790,2.598004
0.410346,-0.113751,2.586796
0.803346,-0.131057,2.246365
0.489878,0.140777,2.370386
0.496638,0.075001,2.385953
0.455860,0.007835,2.442650
0.563429,0.022079,2.367318
0.388291,-0.356837,2.451511
0.577687,-0.349299,2.279654
0.408973,-0.703822,2.431053
0.563967,-0.700979,2.311371
0.363609,-0.760204,2.407426
0.525191,-0.771342,2.246927
0.271186,0.540988,2.123709
0.414987,0.420022,2.246818
0.316468,0.345857,2.421741
0.541556,0.363378,2.217834
0.379065,0.165671,2.550522
0.732254,0.178948,2.217244
0.418298,-0.044739,2.217244
0.794021,-0.067882,2.602871
0.413695,-0.115339,2.591689
0.814779,-0.135341,2.250775
0.498429,0.128632,2.370850
0.507698,0.063299,2.389011
0.469178,-0.000914,2.444098
0.573361,0.016826,2.372531
0.401029,-0.363913,2.454416
0.582824,-0.347062,2.278088
0.427309,-0.706909,2.436922
0.565908,-0.697614,2.306615
0.393428,-0.780668,2.439204
0.525219,-0.770410,2.246095
0.261343,0.518782,2.120368
0.415996,0.403152,2.237660
0.319246,0.332079,2.424908
0.540470,0.354498,2.213477
0.391259,0.159552,2.553502
0.734129,0.176518,2.213032
0.438952,-0.046680,2.213032
0.807566,-0.068097,2.612962
0.434358,-0.117139,2.601803
0.833426,-0.139404,2.258379
0.504981,0.119997,2.375082
0.515486,0.055423,2.396465
0.481378,-0.008198,2.456439
0.582792,0.008012,2.383847
0.410709,-0.370757,2.459223
0.585903,-0.349905,2.278055
0.442066,-0.697440,2.447745
0.567516,-0.695945,2.304341
0.395766,-0.773548,2.438698
0.525372,-0.769774,2.245943
0.253849,0.508546,2.118930
0.411538,0.386080,2.228154
0.322584,0.317445,2.428911
0.539754,0.342326,2.208155
0.432720,0.103635,2.587285
0.737439,0.170029,2.209960
0.469971,-0.106903,2.209960
0.817010,-0.069645,2.640615
0.465386,-0.177226,2.629477
0.840948,-0.139896,2.265649
0.514005,0.107831,2.374742
0.526966,0.044018,2.398331
0.495289,-0.018797,2.457840
0.593357,0.001930,2.386583
0.414392,-0.378507,2.466850
0.590671,-0.355433,2.280112
0.443856,-0.698723,2.449818
0.569725,-0.696840,2.304520
0.394908,-0.772836,2.437783
0.525048,-0.769719,2.246656
0.240439,0.477397,2.120499
0.409652,0.366835,2.225119
0.327816,0.296267,2.427373
0.538795,0.330467,2.202601
0.435608,0.098743,2.591085
0.739333,0.166265,2.208154
0.485479,-0.108085,2.208154
0.829724,-0.077405,2.647950
0.480903,-0.178277,2.636833
0.851932,-0.144974,2.273654
0.527872,0.088274,2.375780
0.544431,0.024823,2.400735
0.514400,-0.036362,2.458028
0.612021,-0.011239,2.390199
0.419775,-0.391623,2.476547
0.592990,-0.366551,2.279299
0.446339,-0.701731,2.453748
0.570823,-0.696504,2.303698
0.394617,-0.770524,2.432528
0.522163,-0.770266,2.250196
0.235781,0.460551,2.123319
0.404940,0.349930,2.224174
0.330595,0.282968,2.425081
0.537254,0.317900,2.194512
0.443931,0.091279,2.596581
0.740771,0.160868,2.206659
0.500772,-0.106370,2.206659
0.838142,-0.082083,2.672355
0.496204,-0.176433,2.661258
0.858782,-0.149618,2.282304
0.532891,0.081704,2.379035
0.551078,0.019050,2.405220
0.523266,-0.041481,2.460059
0.619114,-0.013797,2.397514
0.424006,-0.394717,2.482751
0.596810,-0.367329,2.282251
0.446642,-0.705227,2.458451
0.572543,-0.694842,2.301801
0.392240,-0.769131,2.432788
0.527915,-0.772330,2.261531
0.219663,0.394161,2.127093
0.403260,0.338071,2.220697
0.331821,0.270545,2.420773
0.537650,0.304256,2.192067
0.454263,0.085327,2.601550
0.742469,0.151759,2.206853
0.516537,-0.112456,2.206853
0.848421,-0.085180,2.673536
0.511976,-0.182410,2.662456
0.874610,-0.151348,2.298232
0.539346,0.069499,2.382968
0.559449,0.007053,2.410942
0.532115,-0.050309,2.462918
0.627949,-0.024303,2.406860
0.422047,-0.399592,2.488894
0.601198,-0.374931,2.284237
0.444344,-0.702922,2.463536
0.574051,-0.693900,2.301548
0.467080,-0.767912,2.430577
0.543240,-0.772373,2.261353
0.219815,0.394976,2.127883
0.402554,0.316990,2.220304
0.332960,0.249610,2.419998
0.538508,0.285428,2.189162
0.463353,0.078118,2.605261
0.745022,0.143253,2.209482
0.555778,-0.098203,2.209482
0.856819,-0.096399,2.695300
0.551226,-0.168025,2.684241
0.880557,-0.161865,2.306384
0.544158,0.058922,2.388826
0.565190,-0.001995,2.417871
0.538942,-0.057119,2.468151
0.634184,-0.033015,2.417118
0.421266,-0.403435,2.494795
0.603488,-0.379560,2.284284
0.448445,-0.707836,2.486139
0.575889,-0.690522,2.299988
0.376532,-0.760352,2.433504
0.534121,-0.768761,2.246755
0.218487,0.369278,2.131124
0.402131,0.309304,2.219459
0.332930,0.241919,2.419070
0.539602,0.269450,2.192559
0.470688,0.074464,2.605174
0.750023,0.136453,2.212229
0.554655,-0.101367,2.212229
0.864773,-0.109568,2.702702
0.550114,-0.171026,2.691669
0.883037,-0.177405,2.311873
0.549534,0.052134,2.392656
0.572217,-0.008582,2.423160
0.549330,-0.064431,2.476435
0.641702,-0.038851,2.422201
0.418687,-0.405906,2.501084
0.604378,-0.382772,2.284872
0.443734,-0.707028,2.490034
0.577443,-0.686270,2.297652
0.376295,-0.760366,2.432276
0.534458,-0.765906,2.247260
0.217320,0.363083,2.132493
0.403568,0.291392,2.221380
0.334735,0.223976,2.420918
0.540788,0.255393,2.194569
0.477125,0.069279,2.613318
0.753871,0.129638,2.218035
0.570302,-0.091075,2.218035
0.865696,-0.110357,2.725724
0.565772,-0.160573,2.714717
0.884477,-0.177930,2.313391
0.554811,0.040613,2.401604
0.578288,-0.018894,2.433423
0.554692,-0.072533,2.484476
0.647625,-0.046617,2.434198
0.415589,-0.410382,2.508086
0.606725,-0.385047,2.284562
0.429543,-0.684736,2.488611
0.577701,-0.686536,2.298014
0.377900,-0.756800,2.434743
0.534248,-0.765751,2.247036
0.217935,0.348314,2.141008
0.405127,0.282587,2.223995
0.336397,0.215182,2.423510
0.545156,0.240408,2.197449
0.484584,0.056635,2.608919
0.761145,0.121722,2.222960
0.581265,-0.096016,2.222960
0.867325,-0.112163,2.727864
0.576744,-0.165368,2.716879
0.886325,-0.178938,2.320270
0.565564,0.019714,2.417078
0.591482,-0.042360,2.452536
0.561439,-0.088496,2.486246
0.664485,-0.066878,2.473916
0.413347,-0.421399,2.516237
0.606043,-0.384172,2.286080
0.429770,-0.682859,2.490533
0.577696,-0.687008,2.298197
0.378849,-0.755363,2.436292
0.533653,-0.765603,2.246478
0.221631,0.337001,2.145324
0.412164,0.266889,2.231081
0.343523,0.199479,2.430584
0.549511,0.227356,2.205171
0.493032,0.046223,2.618680
0.775129,0.112474,2.228830
0.574995,-0.119643,2.228830
0.871908,-0.114470,2.731255
0.570484,-0.188833,2.720296
0.886289,-0.182873,2.320099
0.571707,0.005004,2.426449
0.596789,-0.056001,2.461352
0.570322,-0.107335,2.494529
0.665451,-0.074891,2.478520
0.406286,-0.432770,2.520650
0.604688,-0.388737,2.286048
0.430767,-0.689217,2.490229
0.577269,-0.687256,2.298481
0.378638,-0.758287,2.435886
0.527589,-0.765516,2.251305
0.227521,0.322377,2.151517
0.417840,0.250996,2.238243
0.349226,0.183603,2.437733
0.566199,0.199674,2.225986
0.496385,0.040477,2.634057
0.779477,0.112636,2.232752
0.580303,-0.129154,2.232752
0.881203,-0.125489,2.739890
0.575794,-0.198312,2.728936
0.884624,-0.195005,2.315532
0.576297,-0.004113,2.432176
0.601391,-0.064312,2.466727
0.574588,-0.117782,2.500932
0.671428,-0.083722,2.483701
0.401057,-0.438046,2.525681
0.603389,-0.391842,2.284702
0.431612,-0.694045,2.490669
0.576278,-0.688603,2.299214
0.381404,-0.759858,2.439133
0.527497,-0.765068,2.248067
0.236878,0.307982,2.158837
0.422435,0.241367,2.244950
0.353832,0.173974,2.444437
0.568110,0.193992,2.228731
0.496005,0.014554,2.632496
0.792215,0.107102,2.245432
0.587976,-0.133716,2.245432
0.885923,-0.124417,2.758876
0.583470,-0.202839,2.747927
0.881966,-0.192458,2.313705
0.584462,-0.011249,2.439298
0.610335,-0.071016,2.474016
0.584964,-0.126364,2.510988
0.679686,-0.088338,2.488235
0.397815,-0.439461,2.526888
0.602719,-0.391007,2.284421
0.431524,-0.694944,2.490562
0.575934,-0.688682,2.299087
0.381673,-0.759039,2.438495
0.527683,-0.764860,2.246802
0.245961,0.290710,2.167871
0.433660,0.222458,2.258215
0.365064,0.155067,2.457701
0.572088,0.185116,2.235618
0.507507,-0.000731,2.647986
0.797878,0.103502,2.249170
0.602212,-0.176481,2.249170
0.885844,-0.124854,2.775134
0.597708,-0.245573,2.764190
0.882085,-0.192954,2.313870
0.593609,-0.023272,2.446109
0.618968,-0.081775,2.479706
0.594280,-0.135755,2.519291
0.688473,-0.101018,2.490625
0.394898,-0.441328,2.529330
0.601108,-0.397115,2.281654
0.432737,-0.699131,2.491183
0.576025,-0.690614,2.300692
0.381987,-0.759052,2.437989
0.561548,-0.773767,2.262080
0.249751,0.280232,2.174866
0.436299,0.212917,2.263023
0.367704,0.145527,2.462508
0.575518,0.177007,2.241677
0.510955,-0.006445,2.654719
0.806996,0.097267,2.257322
0.601220,-0.178574,2.257322
0.885184,-0.137146,2.776684
0.596718,-0.247634,2.765746
0.880888,-0.203853,2.310567
0.599506,-0.031425,2.450792
0.625642,-0.089633,2.484228
0.602226,-0.142712,2.523335
0.694664,-0.109221,2.495284
0.393291,-0.441641,2.531236
0.599458,-0.412042,2.279699
0.441917,-0.705922,2.499476
0.573850,-0.694142,2.300607
0.381925,-0.757467,2.438945
0.552563,-0.774976,2.260638
0.258103,0.271500,2.187418
0.443523,0.203781,2.273763
0.374929,0.136391,2.473248
0.586216,0.159979,2.258376
0.519007,-0.014700,2.665257
0.836209,0.087155,2.274836
0.600837,-0.183073,2.274836
0.883215,-0.142108,2.777081
0.596337,-0.252095,2.766149
0.883371,-0.206107,2.305641
0.609642,-0.040067,2.460202
0.636352,-0.098129,2.493307
0.618631,-0.153561,2.545197
0.706990,-0.121415,2.498771
0.392309,-0.439930,2.529169
0.599489,-0.412000,2.278873
0.444163,-0.699460,2.498344
0.572244,-0.696713,2.300543
0.384375,-0.756301,2.440288
0.536419,-0.769777,2.260531
0.264499,0.261759,2.198777
0.450431,0.195170,2.282126
0.381837,0.127780,2.481610
0.594642,0.150147,2.266595
0.529156,-0.009355,2.680322
0.840523,0.086638,2.277879
0.585801,-0.198027,2.277879
0.883706,-0.146967,2.771353
0.581303,-0.267014,2.760427
0.882877,-0.204886,2.299044
0.618762,-0.046020,2.465777
0.645995,-0.103662,2.498420
0.626366,-0.157234,2.549746
0.717201,-0.127798,2.501491
0.393282,-0.437723,2.528571
0.593886,-0.437439,2.274610
0.442322,-0.699227,2.496110
0.570920,-0.717419,2.303695
0.384846,-0.756650,2.440058
0.555032,-0.782863,2.266182
0.272704,0.250163,2.212158
0.458323,0.184107,2.292418
0.389729,0.116717,2.491903
0.605020,0.136977,2.282300
0.534132,-0.039157,2.679772
0.845267,0.087182,2.280777
0.588128,-0.231594,2.280777
0.884745,-0.149614,2.764860
0.583633,-0.300548,2.753938
0.879375,-0.207337,2.303838
0.624255,-0.056147,2.469835
0.651088,-0.113500,2.501265
0.631191,-0.168548,2.556933
0.725729,-0.143196,2.499940
0.390117,-0.441493,2.527497
0.592978,-0.441124,2.272295
0.419055,-0.725848,2.493903
0.567039,-0.720280,2.302750
0.383890,-0.761739,2.435450
0.552981,-0.784210,2.262044
0.279952,0.246496,2.226690
0.465492,0.174331,2.303546
0.396898,0.106941,2.503031
0.610906,0.131009,2.288775
0.540077,-0.052596,2.688751
0.849144,0.086004,2.283269
0.584514,-0.243498,2.283269
0.883994,-0.152899,2.781049
0.580021,-0.312418,2.770132
0.874645,-0.215101,2.312723
0.635685,-0.061152,2.477135
0.663470,-0.117709,2.507869
0.641561,-0.171174,2.559144
0.737449,-0.143608,2.507772
0.394500,-0.438326,2.527677
0.592133,-0.443608,2.271521
0.423689,-0.722341,2.493607
0.566299,-0.722130,2.303640
0.388656,-0.762031,2.437609
0.552401,-0.784535,2.260620
0.293015,0.241599,2.241183
0.476374,0.168661,2.313012
0.407781,0.101271,2.512497
0.618725,0.124666,2.296335
0.544960,-0.068904,2.693588
0.853322,0.086446,2.284986
0.521261,-0.272224,2.284986
0.884459,-0.153479,2.531238
0.516770,-0.341108,2.520328
0.876741,-0.214986,2.310872
0.650446,-0.063346,2.479014
0.679323,-0.119181,2.508206
0.660401,-0.170581,2.559798
0.753030,-0.144459,2.504883
0.403279,-0.427943,2.529407
0.592136,-0.443647,2.271414
0.431191,-0.711700,2.492517
0.565188,-0.721999,2.302433
0.393416,-0.757996,2.443886
0.550120,-0.781828,2.256293
0.312046,0.236057,2.260142
0.491986,0.163152,2.326381
0.423393,0.095762,2.525866
0.627639,0.120596,2.304859
0.552427,-0.084020,2.703760
0.860703,0.082682,2.289922
0.522830,-0.269652,2.289922
0.884692,-0.157004,2.535250
0.518342,-0.338495,2.524347
0.874979,-0.219581,2.310923
0.651793,-0.067716,2.489919
0.677991,-0.123359,2.519348
0.655543,-0.178229,2.598978
0.752884,-0.154211,2.509820
0.401133,-0.432508,2.530015
0.592714,-0.443346,2.271558
0.431099,-0.715630,2.490442
0.563676,-0.721217,2.302386
0.391628,-0.760105,2.441542
0.572453,-0.795446,2.283942
0.322944,0.232809,2.270208
0.500854,0.159859,2.334076
0.432260,0.092469,2.533561
0.637880,0.117833,2.313561
0.558194,-0.089562,2.711094
0.867960,0.079531,2.296422
0.525173,-0.268433,2.296422
0.886020,-0.157761,2.538254
0.520688,-0.337232,2.527357
0.876602,-0.220747,2.311020
0.675793,-0.069705,2.494869
0.704896,-0.124792,2.522686
0.689490,-0.180653,2.591643
0.784884,-0.152588,2.507671
0.411579,-0.422228,2.533220
0.594484,-0.442325,2.271758
0.441212,-0.705048,2.492690
0.561745,-0.719744,2.301354
0.394496,-0.756913,2.444094
0.536783,-0.776949,2.252551
0.338714,0.228721,2.283588
0.520123,0.153985,2.349012
0.451529,0.086595,2.548497
0.652491,0.112719,2.327340
0.569580,-0.108390,2.718304
0.877282,0.079024,2.300069
0.514458,-0.270868,2.300069
0.887954,-0.159067,2.540971
0.509975,-0.339625,2.530081
0.882466,-0.221691,2.309548
0.682830,-0.076518,2.496013
0.709988,-0.131513,2.522210
0.693848,-0.188609,2.590786
0.788446,-0.161613,2.504354
0.412334,-0.422700,2.534989
0.598466,-0.427973,2.271334
0.441320,-0.705252,2.492733
0.562569,-0.712130,2.299440
0.394055,-0.756289,2.442780
0.489040,-0.771798,2.279160
0.354594,0.226653,2.296496
0.533717,0.151286,2.359994
0.465124,0.083896,2.559479
0.670367,0.110675,2.339147
0.580109,-0.114919,2.726933
0.889496,0.077975,2.303655
0.517463,-0.273399,2.303655
0.890322,-0.158857,2.541301
0.512983,-0.342113,2.530417
0.882851,-0.221675,2.311258
0.686621,-0.079391,2.506515
0.711438,-0.134141,2.531734
0.692104,-0.190435,2.599416
0.789148,-0.166449,2.515386
0.412314,-0.425090,2.536180
0.600077,-0.424672,2.270977
0.442071,-0.707242,2.492438
0.562482,-0.712263,2.299292
0.394206,-0.756522,2.442000
0.510345,-0.775263,2.253532
0.366576,0.230556,2.319371
0.545700,0.149806,2.370121
0.477106,0.082416,2.569606
0.680223,0.110422,2.347222
0.589008,-0.119327,2.735505
0.898884,0.076231,2.310217
0.546539,-0.305586,2.310217
0.893982,-0.161763,2.610142
0.542063,-0.374253,2.599266
0.883312,-0.217965,2.307140
0.695045,-0.084834,2.518797
0.718174,-0.140184,2.544028
0.694539,-0.193679,2.605680
0.794606,-0.173115,2.529878
0.412616,-0.426678,2.536755
0.599944,-0.424696,2.270348
0.443220,-0.707833,2.484365
0.561680,-0.712804,2.299379
0.394686,-0.757091,2.441042
0.542220,-0.775481,2.244875
0.381704,0.231899,2.336076
0.569024,0.145253,2.391048
0.500430,0.077863,2.590532
0.693097,0.109130,2.361783
0.603741,-0.131843,2.752347
0.911341,0.075822,2.318842
0.534480,-0.272251,2.318842
0.930598,-0.141867,2.582049
0.530008,-0.340845,2.571185
0.891524,-0.193308,2.324431
0.711466,-0.092724,2.525252
0.732819,-0.148212,2.548405
0.710054,-0.202474,2.608309
0.804372,-0.179392,2.531978
0.413266,-0.426959,2.537100
0.601190,-0.424310,2.270044
0.442980,-0.707959,2.484215
0.561291,-0.713964,2.299222
0.387074,-0.757421,2.436623
0.490057,-0.776653,2.271832
0.396738,0.230566,2.349518
0.579839,0.142752,2.401711
0.511246,0.075362,2.601196
0.710017,0.111044,2.374486
0.612230,-0.137554,2.760335
0.926616,0.073237,2.323826
0.580251,-0.261132,2.323826
0.908704,-0.176494,2.566535
0.575782,-0.329686,2.555677
0.886305,-0.211727,2.304447
0.716544,-0.096318,2.535067
0.736664,-0.151807,2.557196
0.711941,-0.205729,2.615026
0.809456,-0.185702,2.543658
0.413486,-0.427048,2.537166
0.601237,-0.425034,2.269779
0.443582,-0.707768,2.483850
0.561377,-0.713781,2.299225
0.387271,-0.757163,2.436170
0.502974,-0.775951,2.256004
0.413766,0.231867,2.362647
0.600071,0.144078,2.416458
0.531477,0.076688,2.615943
0.723387,0.110915,2.385966
0.637325,-0.101407,2.783634
0.938514,0.069508,2.329367
0.570496,-0.304107,2.329367
0.911661,-0.176042,2.712268
0.566030,-0.372615,2.701418
0.884374,-0.217515,2.307471
0.728822,-0.098914,2.563908
0.746794,-0.155616,2.590003
0.719073,-0.207445,2.649123
0.817310,-0.192546,2.579163
0.414559,-0.427864,2.537127
0.601493,-0.425264,2.270079
0.440635,-0.708664,2.482531
0.560741,-0.713964,2.298559
0.386200,-0.757277,2.434808
0.547836,-0.776049,2.244015
0.427890,0.236368,2.374101
0.611590,0.145549,2.426111
0.542996,0.078159,2.625595
0.743864,0.104520,2.403309
0.637799,-0.100664,2.784889
0.956394,0.067405,2.329031
0.554884,-0.298795,2.329031
0.909538,-0.179161,2.719038
0.550420,-0.367264,2.708194
0.886616,-0.218024,2.304332
0.734825,-0.100712,2.568534
0.751795,-0.157443,2.593121
0.722809,-0.209265,2.651580
0.822597,-0.194891,2.581426
0.417991,-0.432565,2.537523
0.601808,-0.427772,2.277785
0.439463,-0.713310,2.480665
0.560771,-0.712817,2.297894
0.376204,-0.764524,2.448592
0.495570,-0.780047,2.252121
0.447343,0.253102,2.392373
0.621185,0.144850,2.436510
0.552591,0.077460,2.635994
0.754610,0.107125,2.410291
0.639677,-0.099095,2.786176
0.965453,0.066025,2.332514
0.562738,-0.300260,2.332514
0.909204,-0.182120,2.723282
0.558277,-0.368690,2.712444
0.888939,-0.216669,2.301763
0.753792,-0.099560,2.557247
0.775821,-0.155438,2.573044
0.750711,-0.214348,2.631392
0.856870,-0.190240,2.543104
0.419165,-0.433937,2.537805
0.605001,-0.426459,2.281020
0.440233,-0.714506,2.480939
0.561390,-0.710388,2.296454
0.379575,-0.765904,2.446401
0.510687,-0.772944,2.230160
0.467678,0.263146,2.401484
0.636124,0.147804,2.459502
0.567530,0.080414,2.658987
0.762481,0.114718,2.418390
0.648151,-0.097098,2.790294
0.972587,0.065141,2.345724
0.562529,-0.293334,2.345724
0.951717,-0.154573,2.722637
0.542352,-0.358441,2.709823
0.898487,-0.203752,2.328044
0.765989,-0.084084,2.585198
0.784824,-0.136919,2.607251
0.759516,-0.197072,2.679325
0.862039,-0.170066,2.588237
0.419957,-0.435376,2.538696
0.608985,-0.424711,2.284619
0.441018,-0.715811,2.482419
0.562415,-0.706433,2.294232
0.380504,-0.765889,2.446318
0.513593,-0.771517,2.228882
0.476407,0.265289,2.407582
0.650455,0.151862,2.473831
0.581861,0.084472,2.673316
0.780054,0.117321,2.430724
0.652158,-0.094451,2.791759
0.989401,0.067150,2.356018
0.559067,-0.288107,2.356018
0.953635,-0.150720,2.727789
0.526303,-0.347578,2.713832
0.897259,-0.224047,2.332405
0.766138,-0.086856,2.587895
0.782905,-0.140830,2.609028
0.753832,-0.201892,2.676211
0.857037,-0.178805,2.590525
0.421569,-0.432660,2.539921
0.610391,-0.424464,2.285425
0.441133,-0.712964,2.483279
0.564433,-0.703890,2.291073
0.382562,-0.764567,2.449242
0.514503,-0.770589,2.228170
0.488846,0.273909,2.418660
0.659406,0.159897,2.484041
0.590813,0.092507,2.683526
0.789559,0.118191,2.439046
0.671483,-0.083271,2.803497
1.014481,0.061738,2.380570
0.561767,-0.263118,2.380570
0.951040,-0.148576,2.724552
0.525700,-0.320282,2.709355
0.895386,-0.222432,2.330422
0.770933,-0.086941,2.590444
0.785677,-0.141458,2.609699
0.756402,-0.202005,2.674585
0.858630,-0.179701,2.590067
0.422869,-0.431504,2.540711
0.611578,-0.424680,2.286727
0.442450,-0.711554,2.483658
0.566631,-0.702222,2.288904
0.382645,-0.763894,2.436452
0.520806,-0.768717,2.234689
0.519520,0.289418,2.437417
0.668204,0.158471,2.497843
0.599610,0.091081,2.697328
0.801346,0.119388,2.448256
0.702089,-0.037303,2.841800
1.013375,0.062531,2.381247
0.601604,-0.214339,2.381247
0.908460,-0.193403,2.743691
0.562803,-0.269590,2.728307
0.886369,-0.232173,2.311071
0.773082,-0.087541,2.593017
0.786395,-0.141754,2.610253
0.756472,-0.202291,2.674430
0.859870,-0.181136,2.589446
0.423162,-0.431665,2.540697
0.612829,-0.423678,2.287635
0.443307,-0.711632,2.485159
0.566955,-0.702684,2.288195
0.384186,-0.764492,2.437213
0.520813,-0.770212,2.234783
0.529383,0.295437,2.444436
0.680219,0.166422,2.506316
0.611625,0.099032,2.705800
0.812362,0.123208,2.459277
0.703089,-0.037369,2.841778
1.017433,0.060720,2.382144
0.602050,-0.211042,2.382144
0.908467,-0.192709,2.737933
0.548838,-0.254068,2.727565
0.887269,-0.231347,2.311607
0.776593,-0.087218,2.597013
0.787898,-0.142003,2.612138
0.756474,-0.202294,2.674380
0.860555,-0.182100,2.590003
0.423346,-0.428813,2.540932
0.613675,-0.422341,2.288116
0.441172,-0.708554,2.483704
0.567061,-0.702746,2.288024
0.386604,-0.764410,2.437434
0.502352,-0.771478,2.252433
0.542131,0.300981,2.462665
0.694424,0.170356,2.517808
0.625830,0.102966,2.717293
0.821028,0.124031,2.467404
0.707150,-0.047457,2.837627
1.023516,0.057269,2.386275
0.599534,-0.217907,2.386275
0.908600,-0.192668,2.735630
0.544113,-0.256694,2.721159
0.886487,-0.236074,2.315757
0.781106,-0.086093,2.599488
0.789980,-0.141321,2.612957
0.757802,-0.202050,2.674754
0.861069,-0.182783,2.588674
0.423493,-0.428399,2.541173
0.614767,-0.420844,2.288776
0.440768,-0.707915,2.483435
0.568580,-0.701966,2.285412
0.391182,-0.763222,2.440990
0.507925,-0.773473,2.239168
0.558381,0.302831,2.473432
0.716751,0.172034,2.536995
0.648157,0.104644,2.736480
0.833065,0.122823,2.480745
0.719377,-0.052396,2.848142
1.029432,0.048651,2.388815
0.614358,-0.209259,2.388815
0.905274,-0.193937,2.721825
0.559518,-0.239233,2.692235
0.883955,-0.240992,2.317959
0.794528,-0.084801,2.602830
0.800451,-0.140014,2.613524
0.767834,-0.202623,2.675058
0.867858,-0.182912,2.582126
0.424318,-0.430523,2.541777
0.616148,-0.418351,2.290372
0.440137,-0.709778,2.482739
0.571360,-0.704754,2.284151
0.391570,-0.763540,2.441499
0.507509,-0.774860,2.243816
0.569843,0.306016,2.479359
0.725085,0.171816,2.545766
0.685424,0.078093,2.708725
0.846200,0.122108,2.489321
0.719387,-0.062281,2.849429
1.037831,0.036430,2.398069
0.609119,-0.214491,2.398069
0.902740,-0.194381,2.722147
0.552483,-0.243544,2.695354
0.874698,-0.251268,2.332917
0.806390,-0.087849,2.603058
0.813882,-0.143959,2.610328
0.783828,-0.209803,2.671248
0.879653,-0.185869,2.568815
0.424483,-0.428736,2.542616
0.616639,-0.417477,2.290415
0.439345,-0.707743,2.482695
0.575602,-0.705611,2.282495
0.391670,-0.763732,2.441682
0.510201,-0.775730,2.241399
0.586515,0.310509,2.492364
0.742246,0.177646,2.560004
0.688641,0.080306,2.718173
0.857072,0.119363,2.496426
0.712893,-0.081259,2.839985
1.044473,0.022605,2.409178
0.592107,-0.229112,2.409178
0.900893,-0.192510,2.718149
0.534363,-0.257040,2.692779
0.873380,-0.252656,2.333078
0.808159,-0.088360,2.605181
0.814147,-0.144022,2.610964
0.783460,-0.209998,2.672254
0.878615,-0.186812,2.568356
0.424349,-0.428090,2.542671
0.618249,-0.415048,2.291676
0.437888,-0.707004,2.482935
0.582315,-0.711248,2.279217
0.389653,-0.764898,2.443726
0.520442,-0.776094,2.225207
0.600211,0.316397,2.507101
0.750286,0.177979,2.563788
0.692022,0.083017,2.721181
0.867534,0.118039,2.503644
0.715158,-0.083636,2.837106
1.051963,0.013114,2.421745
0.594799,-0.230069,2.421745
0.898763,-0.190473,2.713321
0.536624,-0.257236,2.688339
0.871057,-0.252668,2.332854
0.813362,-0.085677,2.609293
0.817277,-0.141549,2.613610
0.786037,-0.209057,2.679635
0.879208,-0.186837,2.567575
0.423962,-0.428123,2.542705
0.619321,-0.413385,2.292978
0.438172,-0.707004,2.484534
0.584044,-0.709593,2.278025
0.387315,-0.762305,2.449749
0.523003,-0.774511,2.223064
0.613583,0.319799,2.516560
0.766929,0.180353,2.572870
0.700972,0.085358,2.730680
0.877318,0.115647,2.511258
0.713699,-0.089441,2.837469
1.054398,0.001989,2.423891
0.587210,-0.229051,2.423891
0.891069,-0.193581,2.712161
0.528915,-0.255767,2.687203
0.865406,-0.255599,2.329295
0.817866,-0.082504,2.610021
0.819883,-0.137798,2.613321
0.787374,-0.209114,2.682829
0.880546,-0.185606,2.555548
0.424575,-0.426510,2.543261
0.621202,-0.411751,2.293883
0.436513,-0.705738,2.488971
0.589021,-0.706485,2.273662
0.386891,-0.760746,2.453224
0.525514,-0.772020,2.222255
0.626154,0.323910,2.525721
0.783811,0.182661,2.591529
0.710629,0.093110,2.745190
0.888613,0.114902,2.519092
0.708865,-0.095206,2.832146
1.056252,-0.006586,2.421966
0.621807,-0.237449,2.421966
0.890751,-0.191869,2.677100
0.559497,-0.227201,2.704314
0.863294,-0.255875,2.328737
0.824039,-0.080188,2.614713
0.823285,-0.135099,2.615726
0.788047,-0.207987,2.683599
0.881367,-0.185137,2.555870
0.425431,-0.425432,2.544315
0.623435,-0.409897,2.292893
0.434077,-0.704539,2.489228
0.603305,-0.714467,2.275523
0.388615,-0.760971,2.456126
0.533026,-0.768764,2.219901
0.641954,0.327410,2.534710
0.792490,0.181735,2.596308
0.717209,0.096013,2.753152
0.897776,0.114466,2.522922
0.691809,-0.126901,2.803555
1.055411,-0.014904,2.417982
0.547558,-0.263011,2.417982
0.892865,-0.187850,2.697910
0.499474,-0.308381,2.666964
0.861753,-0.257171,2.327801
0.826167,-0.079854,2.617831
0.824038,-0.134261,2.617900
0.787184,-0.206872,2.685777
0.880920,-0.185804,2.556887
0.425721,-0.421951,2.545964
0.625335,-0.406967,2.290325
0.433516,-0.702575,2.491170
0.603397,-0.707102,2.268718
0.390174,-0.759376,2.457923
0.534617,-0.769707,2.220360
0.656103,0.329098,2.545035
0.805674,0.181666,2.604640
0.721770,0.098764,2.763258
0.905517,0.112923,2.527848
0.691582,-0.126401,2.803058
1.056385,-0.019769,2.416185
0.547985,-0.263652,2.416185
0.893451,-0.187078,2.698606
0.500120,-0.309403,2.668053
0.860832,-0.257026,2.327997
0.828812,-0.080086,2.624764
0.824607,-0.133787,2.624188
0.784441,-0.205230,2.690705
0.878860,-0.188488,2.564590
0.426828,-0.418599,2.547659
0.626464,-0.406431,2.288713
0.432268,-0.703688,2.492746
0.606337,-0.709327,2.264867
0.390329,-0.759269,2.458123
0.550938,-0.779258,2.229300
0.670976,0.334538,2.549105
0.814074,0.182980,2.610454
0.727179,0.098573,2.764229
0.916356,0.114322,2.531920
0.695876,-0.127279,2.804517
1.050684,-0.039693,2.429318
0.545750,-0.255563,2.429318
0.893462,-0.187057,2.698041
0.495708,-0.298324,2.666809
0.859806,-0.256089,2.327868
0.831027,-0.080752,2.628752
0.825593,-0.134203,2.627266
0.783774,-0.204840,2.691720
0.878657,-0.190000,2.568279
0.427686,-0.408143,2.551142
0.628149,-0.405721,2.285927
0.431590,-0.705169,2.495288
0.608085,-0.709418,2.263993
0.389338,-0.760155,2.460107
0.554930,-0.771063,2.228941
0.689430,0.341263,2.559027
0.822539,0.185490,2.617011
0.732572,0.100802,2.767900
0.921403,0.114090,2.536489
0.693743,-0.127879,2.803066
1.052858,-0.041876,2.433430
0.596248,-0.256465,2.433430
0.893409,-0.187108,2.643159
0.563750,-0.299327,2.594111
0.859464,-0.256018,2.324316
0.832142,-0.081368,2.633126
0.825334,-0.134827,2.631438
0.781282,-0.204034,2.695098
0.876115,-0.192509,2.572806
0.427115,-0.404028,2.551825
0.630239,-0.405092,2.283736
0.434835,-0.709245,2.501298
0.611090,-0.711454,2.262542
0.391708,-0.761086,2.463310
0.562743,-0.777711,2.235695
0.701622,0.349499,2.568104
0.828913,0.187631,2.622443
0.739198,0.101739,2.772930
0.927288,0.114303,2.541459
0.692120,-0.128336,2.802699
1.067291,-0.035190,2.441210
0.635811,-0.265434,2.441210
0.892684,-0.188072,2.611069
0.617042,-0.311133,2.551442
0.859572,-0.252546,2.321080
0.831345,-0.081400,2.640766
0.822172,-0.135089,2.640171
0.774524,-0.203212,2.704310
0.868472,-0.194914,2.582776
0.427389,-0.403530,2.552018
0.631541,-0.404682,2.282748
0.436103,-0.708437,2.504697
0.611864,-0.710249,2.261210
0.389397,-0.759908,2.470669
0.549558,-0.777428,2.223182
0.712104,0.356954,2.577300
0.836894,0.190559,2.627259
0.747236,0.102773,2.775714
0.933888,0.113829,2.544796
0.691055,-0.129248,2.801422
1.073047,-0.035659,2.443559
0.544639,-0.253380,2.443559
0.892646,-0.188300,2.685356
0.495834,-0.294758,2.650912
0.859593,-0.253148,2.320196
0.831315,-0.081900,2.642534
0.821232,-0.135584,2.641710
0.772506,-0.203332,2.705631
0.865795,-0.196296,2.583769
0.427485,-0.403634,2.552086
0.633483,-0.404038,2.283235
0.436095,-0.708154,2.505842
0.611834,-0.709802,2.259778
0.388742,-0.759548,2.472675
0.554851,-0.773812,2.240578
0.719688,0.359611,2.585324
0.842499,0.191925,2.634080
0.750007,0.101382,2.778197
0.938359,0.113763,2.546799
0.691014,-0.128409,2.801106
1.068360,-0.043064,2.444674
0.579862,-0.265861,2.444674
0.893143,-0.188774,2.661106
0.542811,-0.311679,2.618680
0.860252,-0.254359,2.320027
0.831456,-0.082102,2.644807
0.820651,-0.135683,2.643081
0.771017,-0.203469,2.706708
0.864445,-0.197009,2.584032
0.427278,-0.404222,2.551971
0.634337,-0.403819,2.282893
0.436231,-0.707798,2.506344
0.610457,-0.706723,2.257855
0.387693,-0.761144,2.478446
0.546379,-0.776348,2.228809
0.727200,0.365976,2.590338
0.847610,0.194295,2.639475
0.757620,0.106552,2.780782
0.943248,0.113759,2.549999
0.690839,-0.128217,2.800858
1.063336,-0.049606,2.445837
0.540729,-0.247746,2.445837
0.893604,-0.188923,2.685370
0.490692,-0.287590,2.651110
0.860383,-0.254368,2.320139
0.833148,-0.080126,2.646035
0.821363,-0.133884,2.643458
0.771231,-0.201437,2.706525
0.864340,-0.195815,2.582965
0.427562,-0.405808,2.551782
0.635407,-0.403129,2.282433
0.436289,-0.707956,2.506258
0.611131,-0.709183,2.256842
0.387890,-0.761540,2.478671
0.549946,-0.774270,2.231147
0.738091,0.366591,2.593638
0.854598,0.198460,2.644774
0.761735,0.106580,2.782207
0.947247,0.114154,2.553274
0.690947,-0.127993,2.800691
1.062917,-0.050258,2.445233
0.541854,-0.247238,2.445233
0.893693,-0.189247,2.683729
0.492156,-0.286987,2.648974
0.860503,-0.254462,2.320074
0.834581,-0.079989,2.646264
0.821946,-0.133790,2.643168
0.771855,-0.200832,2.705089
0.864368,-0.195691,2.581791
0.444231,-0.324161,2.559498
0.636837,-0.402339,2.282201
0.437591,-0.702029,2.507457
0.611258,-0.708624,2.256243
0.391632,-0.758031,2.480620
0.554054,-0.772784,2.238148
0.743507,0.369681,2.592793
0.857119,0.199386,2.640950
0.762392,0.107563,2.780412
0.948336,0.112535,2.551030
0.686151,-0.126536,2.786937
1.056060,-0.052581,2.434542
0.537756,-0.254233,2.434542
0.890115,-0.192914,2.679762
0.488291,-0.296799,2.648264
0.858701,-0.258149,2.313689
0.834109,-0.079460,2.640821
0.819909,-0.133183,2.635577
0.766605,-0.198273,2.692884
0.859207,-0.196051,2.569939
0.445304,-0.386466,2.537411
0.637250,-0.400159,2.278261
0.438674,-0.707319,2.505292
0.609712,-0.703594,2.249854
0.389543,-0.759884,2.477266
0.557614,-0.774698,2.238425
0.752474,0.373394,2.596376
0.860318,0.200792,2.638863
0.763126,0.107751,2.779255
0.950899,0.111275,2.550042
0.713840,-0.124412,2.794708
1.025820,-0.064787,2.422206
0.563370,-0.238855,2.422206
0.879136,-0.205356,2.674921
0.513213,-0.277002,2.639216
0.858657,-0.258692,2.311617
0.834962,-0.078028,2.635477
0.819959,-0.131602,2.629048
0.765470,-0.197115,2.687235
0.858556,-0.195324,2.560109
0.443904,-0.387686,2.535238
0.638427,-0.398024,2.277136
0.437199,-0.707994,2.500543
0.609079,-0.703116,2.248451
0.387881,-0.761220,2.474176
0.540820,-0.774817,2.215136
0.757302,0.373717,2.598359
0.862233,0.201235,2.638066
0.765508,0.107458,2.779219
0.954101,0.110065,2.549083
0.699576,-0.127700,2.783933
1.044359,-0.063757,2.430409
0.543908,-0.242437,2.430409
0.892127,-0.194502,2.672446
0.492019,-0.280682,2.639503
0.857750,-0.259296,2.310492
0.835164,-0.077904,2.634645
0.819916,-0.131498,2.628217
0.765285,-0.196895,2.686296
0.858219,-0.195417,2.559484
0.442798,-0.389970,2.534508
0.638891,-0.397787,2.276311
0.440915,-0.709643,2.501178
0.609585,-0.702973,2.247790
0.388962,-0.760018,2.474345
0.552299,-0.774787,2.216209
0.768785,0.383368,2.602165
0.868671,0.205774,2.637239
0.767339,0.107322,2.778274
0.957664,0.109394,2.548827
0.688381,-0.128307,2.779580
1.046979,-0.065503,2.431526
0.530038,-0.242533,2.431526
0.893691,-0.193963,2.672077
0.477258,-0.280609,2.640458
0.857959,-0.259804,2.310682
0.837446,-0.076944,2.632623
0.821577,-0.130927,2.626154
0.766745,-0.195932,2.682507
0.859391,-0.194717,2.558607
0.442777,-0.390806,2.534136
0.640141,-0.394623,2.276011
0.440987,-0.710719,2.499893
0.606915,-0.709793,2.242853
0.388556,-0.760054,2.472139
0.545381,-0.775450,2.205634
0.775393,0.383981,2.606852
0.872611,0.206373,2.640799
0.770076,0.106907,2.777234
0.960315,0.108798,2.549663
0.689491,-0.133386,2.777857
1.049551,-0.066430,2.433167
0.528469,-0.248667,2.433167
0.896748,-0.193170,2.676580
0.474795,-0.287094,2.647033
0.856739,-0.255416,2.308367
0.838038,-0.077231,2.632427
0.821971,-0.131166,2.625681
0.767002,-0.195893,2.681172
0.859534,-0.194727,2.558394
0.442831,-0.391121,2.533794
0.640098,-0.394152,2.275192
0.441319,-0.711302,2.499003
0.606990,-0.709800,2.242798
0.386002,-0.759795,2.472957
0.543774,-0.774491,2.202902
0.780424,0.383592,2.608911
0.874624,0.207593,2.641827
0.775135,0.108997,2.779104
0.964372,0.106960,2.549969
0.688944,-0.136150,2.775643
1.051270,-0.069488,2.433798
0.527027,-0.248806,2.433798
0.896951,-0.193179,2.672863
0.473054,-0.286359,2.642812
0.855670,-0.252909,2.306747
0.839176,-0.077625,2.630942
0.822937,-0.131986,2.623298
0.768354,-0.194181,2.672654
0.859885,-0.194812,2.558085
0.442382,-0.392994,2.533121
0.639906,-0.394068,2.274298
0.440047,-0.712525,2.498255
0.605966,-0.701274,2.237276
0.385538,-0.760701,2.472583
0.543668,-0.774499,2.202839
0.788257,0.384824,2.614967
0.879519,0.209372,2.642646
0.779593,0.111004,2.779038
0.970524,0.102974,2.552273
0.687561,-0.135299,2.776065
1.051659,-0.073539,2.431268
0.528664,-0.250200,2.431268
0.896136,-0.194899,2.670978
0.475698,-0.288501,2.640154
0.855307,-0.251475,2.303263
0.840022,-0.077358,2.630931
0.823271,-0.131833,2.623155
0.768338,-0.193050,2.672249
0.860235,-0.194762,2.558445
0.442115,-0.393216,2.532646
0.639943,-0.393890,2.274015
0.440145,-0.712983,2.498053
0.605821,-0.704684,2.237204
0.386863,-0.762746,2.472880
0.542006,-0.775889,2.202851
0.793555,0.385981,2.619565
0.890804,0.208139,2.648487
0.802523,0.127335,2.774297
0.972362,0.103026,2.553837
0.678384,-0.104618,2.766482
1.051351,-0.073516,2.431311
0.536401,-0.249679,2.431311
0.844558,-0.245061,2.677941
0.489073,-0.298032,2.652629
0.884938,-0.284895,2.273688
0.841836,-0.078272,2.630637
0.823893,-0.132237,2.622836
0.769010,-0.192654,2.671576
0.860182,-0.194700,2.558408
0.441967,-0.393450,2.532169
0.640252,-0.393114,2.273721
0.440640,-0.713146,2.498020
0.604191,-0.704083,2.235367
0.387525,-0.762618,2.472059
0.538843,-0.741648,2.184934
0.808716,0.387063,2.634719
0.895150,0.209040,2.651303
0.803420,0.127472,2.775661
0.976058,0.102649,2.555706
0.683388,-0.136990,2.777595
1.050938,-0.074228,2.430673
0.505721,-0.220996,2.430673
0.900030,-0.199112,2.650018
0.446498,-0.248998,2.611691
0.854975,-0.251494,2.293832
0.847374,-0.078982,2.629764
0.828872,-0.133299,2.620832
0.774830,-0.190650,2.665066
0.864664,-0.193590,2.559164
0.442014,-0.393111,2.531996
0.640303,-0.392182,2.273192
0.438565,-0.713641,2.495759
0.604181,-0.703486,2.234805
0.384378,-0.759927,2.466464
0.539367,-0.741045,2.183759
0.812632,0.388987,2.636561
0.899799,0.206620,2.657127
0.805008,0.127244,2.776622
0.977879,0.103204,2.556904
0.684408,-0.138630,2.777791
1.054042,-0.074478,2.434376
0.514749,-0.214027,2.434376
0.912083,-0.185984,2.653525
0.458196,-0.239159,2.616298
0.851511,-0.248158,2.271346
0.847903,-0.079697,2.629786
0.829085,-0.133668,2.620500
0.774834,-0.190888,2.664641
0.864432,-0.193432,2.558727
0.439089,-0.379580,2.529015
0.640696,-0.390640,2.272663
0.437402,-0.714888,2.493982
0.603710,-0.702179,2.233728
0.384657,-0.763912,2.466728
0.539050,-0.739736,2.182604
0.816484,0.392056,2.638415
0.907707,0.209895,2.657869
0.805936,0.125140,2.776263
0.984070,0.103094,2.559253
0.686130,-0.141230,2.776001
1.052827,-0.076428,2.434698
0.514658,-0.213452,2.434698
0.901214,-0.196464,2.652471
0.457501,-0.237526,2.615486
0.851561,-0.258899,2.284812
0.855625,-0.080029,2.627850
0.836134,-0.134601,2.617337
0.779848,-0.190458,2.659518
0.871866,-0.192564,2.557480
0.440713,-0.374713,2.529408
0.640829,-0.389899,2.272289
0.438625,-0.715977,2.494564
0.605383,-0.722034,2.233847
0.398681,-0.777335,2.470961
0.540765,-0.776600,2.200586
0.823400,0.396862,2.642180
0.910752,0.211855,2.658235
0.806902,0.124053,2.776500
0.988716,0.103682,2.562038
0.685288,-0.138542,2.777197
1.055880,-0.071623,2.429333
0.592060,-0.250362,2.429333
0.911719,-0.189969,2.604257
0.560984,-0.287636,2.550799
0.848806,-0.258665,2.280978
0.855680,-0.080057,2.627970
0.836139,-0.134619,2.617282
0.779503,-0.190245,2.659119
0.871778,-0.192450,2.557768
0.443834,-0.364921,2.534958
0.640819,-0.389230,2.272084
0.437226,-0.715535,2.493157
0.601704,-0.715386,2.231318
0.378276,-0.763877,2.469746
0.540549,-0.776482,2.200164
0.830266,0.398897,2.644561
0.912844,0.211701,2.659201
0.809120,0.123592,2.778740
0.990098,0.103549,2.563006
0.686940,-0.133501,2.780641
1.057545,-0.069025,2.426255
0.544408,-0.226138,2.426255
0.911235,-0.189689,2.633916
0.496897,-0.257017,2.589193
0.845203,-0.258878,2.280851
0.857282,-0.080342,2.631241
0.837112,-0.135046,2.620713
0.779725,-0.189399,2.662840
0.872397,-0.193192,2.562703
0.443795,-0.363758,2.533777
0.640561,-0.389454,2.271318
0.439090,-0.716382,2.494620
0.601155,-0.713836,2.230582
0.380090,-0.762915,2.467281
0.539670,-0.777278,2.199975
0.838521,0.398109,2.649853
0.916531,0.210886,2.663190
0.810870,0.123045,2.780013
0.990721,0.103596,2.563590
0.691853,-0.131303,2.781494
1.057343,-0.066668,2.422975
0.547797,-0.226665,2.422975
0.860835,-0.214118,2.638427
0.499779,-0.258453,2.594920
0.839251,-0.257332,2.276249
0.857292,-0.080861,2.631439
0.836822,-0.135465,2.620743
0.779315,-0.189531,2.662591
0.871485,-0.193275,2.562721
0.436279,-0.383651,2.533001
0.640042,-0.389466,2.270509
0.439574,-0.716022,2.494404
0.596774,-0.715652,2.228455
0.387005,-0.766484,2.469964
0.539459,-0.777369,2.200090
0.842283,0.398529,2.651824
0.918439,0.209397,2.664927
0.812891,0.122384,2.782262
0.994463,0.103460,2.565871
0.690608,-0.131593,2.780550
1.056199,-0.065351,2.420604
0.531771,-0.259611,2.420604
0.842875,-0.229392,2.602213
0.478824,-0.302284,2.546945
0.836455,-0.256592,2.273683
0.857616,-0.081102,2.633341
0.836715,-0.135467,2.622337
0.778675,-0.189082,2.663754
0.870878,-0.193327,2.564764
0.437333,-0.378840,2.531066
0.639579,-0.389361,2.270135
0.439572,-0.716032,2.494373
0.596014,-0.717953,2.228330
0.386880,-0.765799,2.468921
0.539386,-0.777392,2.200073
0.852488,0.408956,2.657235
0.924621,0.212299,2.666892
0.816912,0.122481,2.781795
0.996199,0.104026,2.566534
0.692989,-0.128827,2.782670
1.061380,-0.064885,2.423297
0.580018,-0.251027,2.423297
0.846850,-0.226723,2.609966
0.542361,-0.291761,2.556573
0.835060,-0.254025,2.272306
0.858607,-0.080571,2.634326
0.837013,-0.135096,2.622979
0.778872,-0.188282,2.664788
0.870601,-0.192947,2.565049
0.440684,-0.374393,2.532056
0.639348,-0.389312,2.270021
0.438398,-0.716261,2.493553
0.594023,-0.719103,2.226691
0.385716,-0.765921,2.468003
0.539175,-0.777737,2.199999
0.854431,0.408796,2.658202
0.926492,0.212691,2.668007
0.818781,0.122035,2.781566
0.997701,0.104412,2.567162
0.693883,-0.128101,2.783566
1.066358,-0.066305,2.428623
0.593420,-0.276830,2.428623
0.851067,-0.223221,2.539664
0.559933,-0.326406,2.462534
0.834625,-0.253125,2.272430
0.859116,-0.080678,2.636759
0.836906,-0.135348,2.625594
0.778662,-0.187748,2.666010
0.869252,-0.192443,2.570637
0.441982,-0.371504,2.531293
0.639587,-0.388942,2.270144
0.438302,-0.716235,2.493501
0.601814,-0.730390,2.234260
0.385121,-0.765097,2.467570
0.538767,-0.778521,2.201292
0.855709,0.406231,2.658197
0.928367,0.212680,2.668034
0.820843,0.119846,2.780272
0.998841,0.104623,2.567402
0.693261,-0.127946,2.783095
1.069467,-0.067370,2.432093
0.581404,-0.278318,2.432093
0.855069,-0.222649,2.545620
0.544118,-0.328442,2.470630
0.835067,-0.252750,2.272450
0.859007,-0.081071,2.636654
0.836293,-0.136019,2.625396
0.778078,-0.187844,2.665709
0.867409,-0.193432,2.570130
0.439681,-0.379837,2.532061
0.639823,-0.388619,2.270379
0.438565,-0.715058,2.494656
0.595682,-0.727428,2.230016
0.385735,-0.763762,2.467856
0.539641,-0.778775,2.202427
0.859940,0.407210,2.662570
0.928752,0.212801,2.668390
0.822996,0.117574,2.777240
0.999373,0.104897,2.567603
0.693574,-0.127083,2.783570
1.070494,-0.066159,2.429072
0.586574,-0.245999,2.429072
0.854897,-0.222898,2.616116
0.550907,-0.285638,2.564463
0.835030,-0.251970,2.273128
0.859059,-0.081326,2.637491
0.836122,-0.136358,2.626284
0.777761,-0.187965,2.667253
0.867160,-0.193508,2.570404
0.439102,-0.378078,2.530468
0.639895,-0.388524,2.270423
0.437198,-0.714321,2.493429
0.595013,-0.716667,2.229197
0.384509,-0.762527,2.465563
0.539531,-0.778756,2.202466
0.861688,0.407436,2.663938
0.929198,0.213731,2.667975
0.824887,0.118787,2.778727
0.999879,0.105463,2.568335
0.697041,-0.143544,2.778107
1.069976,-0.067073,2.427196
0.658644,-0.256949,2.427196
0.850752,-0.225705,2.564571
0.645845,-0.294751,2.497554
0.830864,-0.253592,2.276534
0.858978,-0.081135,2.636017
0.835689,-0.136245,2.624271
0.777838,-0.186629,2.662853
0.866088,-0.192694,2.568723
0.438987,-0.377602,2.530330
0.638949,-0.388856,2.270202
0.437660,-0.713538,2.493490
0.593962,-0.718027,2.228288
0.384256,-0.760944,2.465701
0.538697,-0.779150,2.202237
0.866554,0.408066,2.668036
0.931059,0.215093,2.668074
0.827500,0.119374,2.780836
1.000600,0.105896,2.568818
0.699888,-0.143073,2.778050
1.068135,-0.068614,2.422919
0.599319,-0.279651,2.422919
0.848170,-0.228095,2.539636
0.565796,-0.325177,2.464323
0.831171,-0.253072,2.277200
0.859310,-0.081088,2.636243
0.835793,-0.136266,2.624601
0.778100,-0.186554,2.663681
0.865946,-0.192524,2.569007
0.440679,-0.372280,2.532369
0.637290,-0.388130,2.268634
0.437846,-0.713721,2.493850
0.593621,-0.718341,2.228012
0.384909,-0.761385,2.465712
0.538847,-0.778862,2.202271
0.870221,0.409008,2.672019
0.933801,0.215794,2.668981
0.832325,0.125394,2.781248
1.000622,0.105858,2.568851
0.704157,-0.136722,2.776814
1.068855,-0.068239,2.427658
0.556536,-0.275635,2.427658
0.850197,-0.227524,2.553529
0.507329,-0.321940,2.483256
0.879316,-0.248301,2.246648
0.859560,-0.080985,2.636426
0.835787,-0.136145,2.624783
0.778272,-0.185792,2.664220
0.865408,-0.192110,2.569263
0.439903,-0.371828,2.531054
0.636150,-0.387793,2.267690
0.438021,-0.712927,2.493735
0.597147,-0.714193,2.228034
0.385215,-0.760774,2.465736
0.538651,-0.778885,2.202522
0.870849,0.409409,2.671825
0.934404,0.215903,2.670100
0.832457,0.125868,2.783383
1.001097,0.106543,2.569850
0.806070,-0.103294,2.817517
1.064614,-0.069093,2.436734
0.592170,-0.213004,2.436734
0.850421,-0.228628,2.682142
0.520870,-0.249574,2.641170
0.876582,-0.245440,2.245355
0.859918,-0.080636,2.637141
0.835954,-0.135766,2.625407
0.778550,-0.184990,2.664366
0.865339,-0.191033,2.570936
0.442976,-0.365409,2.534078
0.636153,-0.387068,2.269539
0.438185,-0.713315,2.493897
0.596133,-0.715630,2.227340
0.385279,-0.760642,2.465292
0.538604,-0.779085,2.203074
0.871503,0.408482,2.671170
0.935666,0.215236,2.671113
0.833524,0.120102,2.780612
1.003080,0.106989,2.571323
0.807250,-0.111791,2.809990
1.064590,-0.069437,2.438523
0.598128,-0.232234,2.438523
0.850632,-0.228747,2.632752
0.528421,-0.272382,2.577822
0.830120,-0.251165,2.278916
0.859835,-0.081359,2.637169
0.835606,-0.136626,2.625255
0.775973,-0.188767,2.666168
0.865080,-0.191555,2.568467
0.442683,-0.365503,2.533785
0.635605,-0.386889,2.268323
0.437563,-0.713452,2.493528
0.600531,-0.711744,2.230401
0.385098,-0.761200,2.464879
0.541026,-0.777452,2.203110
0.871660,0.408948,2.671421
0.936001,0.216080,2.671463
0.833203,0.118998,2.779741
1.003892,0.106755,2.571426
0.806731,-0.112943,2.808255
1.058372,-0.071269,2.437668
0.598395,-0.233557,2.437668
0.845072,-0.233978,2.630361
0.528949,-0.273762,2.575210
0.855747,-0.244391,2.243787
0.859477,-0.081411,2.636922
0.834831,-0.136821,2.624681
0.774500,-0.189224,2.666020
0.863912,-0.191700,2.565936
0.442818,-0.365014,2.533703
0.634604,-0.387669,2.268104
0.437308,-0.713959,2.493305
0.601006,-0.710357,2.229887
0.384181,-0.761392,2.465425
0.540924,-0.777486,2.203140
0.872734,0.407753,2.674214
0.936486,0.216411,2.672919
0.833105,0.118131,2.779956
1.003990,0.106726,2.571353
0.806333,-0.112454,2.808956
1.058910,-0.072292,2.439638
0.591314,-0.207598,2.439638
0.845284,-0.231879,2.669081
0.519641,-0.239313,2.626601
0.830282,-0.250579,2.280374
0.859346,-0.081827,2.636367
0.834437,-0.137508,2.623480
0.773997,-0.189807,2.663897
0.863780,-0.191524,2.564773
0.442534,-0.365469,2.533015
0.634877,-0.387090,2.268469
0.437724,-0.713622,2.493413
0.600818,-0.710226,2.229774
0.385752,-0.764355,2.469553
0.540298,-0.777848,2.203357
0.873161,0.407707,2.674534
0.936877,0.217277,2.673508
0.834472,0.120643,2.779864
1.004158,0.106522,2.571530
0.807854,-0.104941,2.809974
1.060960,-0.071424,2.439214
0.591332,-0.207602,2.439214
0.846845,-0.230792,2.669065
0.519158,-0.241823,2.626237
0.830181,-0.250552,2.280334
0.859290,-0.081787,2.636329
0.834315,-0.137464,2.623413
0.773804,-0.189621,2.663847
0.863667,-0.191160,2.564615
0.442566,-0.365129,2.532662
0.635051,-0.386360,2.268945
0.437458,-0.712788,2.493216
0.608076,-0.713084,2.235399
0.384745,-0.761580,2.467097
0.539527,-0.778049,2.204389
0.873240,0.408566,2.674890
0.937106,0.216866,2.673872
0.834409,0.120224,2.779965
1.005175,0.106488,2.571827
0.807624,-0.105013,2.810231
1.058249,-0.073462,2.441152
0.584238,-0.204743,2.441152
0.845592,-0.228017,2.668656
0.509777,-0.237987,2.625604
0.832965,-0.242670,2.282151
0.859301,-0.081833,2.636139
0.834316,-0.137436,2.623061
0.773591,-0.189488,2.662590
0.863998,-0.190475,2.564348
0.442823,-0.364531,2.532969
0.634814,-0.386441,2.268837
0.437029,-0.712647,2.493074
0.601888,-0.716439,2.231348
0.381633,-0.756377,2.463790
0.539302,-0.777832,2.203686
0.875604,0.409514,2.679087
0.937348,0.216981,2.674766
0.834322,0.119866,2.780090
1.005220,0.106418,2.571820
0.806565,-0.101830,2.810988
1.049156,-0.074100,2.438182
0.591389,-0.222311,2.438182
0.836688,-0.233422,2.642937
0.519663,-0.262471,2.591057
0.831873,-0.244080,2.282150
0.859178,-0.081939,2.635753
0.834022,-0.137555,2.622277
0.773280,-0.189999,2.661772
0.863462,-0.189996,2.562491
0.441444,-0.366484,2.533396
0.634512,-0.386557,2.268125
0.437297,-0.712227,2.493694
0.601641,-0.714080,2.230711
0.382952,-0.758062,2.465738
0.539103,-0.777815,2.203685
0.876161,0.411039,2.680705
0.937077,0.217394,2.675620
0.834099,0.118938,2.780158
1.005342,0.106389,2.572053
0.806040,-0.100995,2.811157
1.045668,-0.073374,2.436010
0.620647,-0.180514,2.436010
0.835288,-0.235366,2.723100
0.558849,-0.207020,2.697881
0.765161,-0.289364,2.263253
0.859293,-0.082188,2.636467
0.834188,-0.137959,2.623109
0.773499,-0.190479,2.662720
0.864103,-0.190015,2.563783
0.441472,-0.366516,2.533340
0.633487,-0.387351,2.267526
0.436512,-0.711350,2.493406
0.597251,-0.717357,2.228603
0.382370,-0.757279,2.465277
0.538956,-0.777984,2.204022
0.876079,0.410630,2.680699
0.937390,0.218007,2.676863
0.833739,0.116294,2.779432
1.005808,0.106355,2.572321
0.805338,-0.098165,2.811232
1.044857,-0.073570,2.436293
0.611155,-0.186931,2.436293
0.834934,-0.235168,2.704062
0.546427,-0.216520,2.672469
0.830782,-0.246141,2.282793
0.859523,-0.082389,2.637273
0.834402,-0.138276,2.623922
0.773560,-0.190789,2.663494
0.864841,-0.189959,2.565001
0.441565,-0.366613,2.533587
0.635031,-0.385672,2.269650
0.434188,-0.709751,2.490118
0.595907,-0.717942,2.228146
0.375850,-0.758868,2.460107
0.539227,-0.778552,2.205408
0.876700,0.412635,2.681039
0.937209,0.218001,2.676771
0.836875,0.121173,2.780628
1.005474,0.106037,2.572182
0.804587,-0.108085,2.811549
1.056396,-0.070498,2.435698
0.586528,-0.230221,2.435698
0.842107,-0.231713,2.649642
0.513842,-0.270933,2.599801
0.830008,-0.247428,2.283466
0.859199,-0.082503,2.637646
0.833918,-0.138425,2.624591
0.773368,-0.190394,2.664528
0.864150,-0.189869,2.566039
0.441542,-0.366610,2.533535
0.635924,-0.384338,2.272393
0.435200,-0.710422,2.490668
0.595666,-0.717417,2.228071
0.381062,-0.757257,2.462144
0.538507,-0.780268,2.209387
0.876626,0.412475,2.681477
0.937477,0.218115,2.677190
0.836266,0.120061,2.780538
1.005507,0.106099,2.572185
0.798023,-0.125585,2.810153
1.055335,-0.071386,2.436848
0.579721,-0.224438,2.436848
0.842207,-0.232503,2.655412
0.506954,-0.257389,2.607956
0.872572,-0.234573,2.248750
0.859293,-0.082610,2.637442
0.834026,-0.138580,2.624205
0.773621,-0.190537,2.663320
0.864333,-0.189695,2.565878
0.441577,-0.366492,2.533793
0.635976,-0.384424,2.272507
0.436406,-0.710734,2.492476
0.601494,-0.722324,2.231899
0.380620,-0.757370,2.461737
0.538388,-0.780429,2.209274
0.876682,0.411695,2.682045
0.937410,0.218055,2.677752
0.835698,0.118936,2.780272
1.005590,0.106106,2.572130
0.796836,-0.128817,2.809588
1.054191,-0.071829,2.437095
0.585549,-0.220078,2.437095
0.843537,-0.230852,2.665271
0.515120,-0.250499,2.621288
0.830106,-0.247947,2.283522
0.857649,-0.084674,2.640196
0.831761,-0.141344,2.627631
0.772218,-0.191659,2.665236
0.861135,-0.193047,2.572483
0.441324,-0.366587,2.533531
0.634662,-0.386096,2.271456
0.438450,-0.709502,2.493248
0.614160,-0.724299,2.237126
0.383160,-0.755693,2.462882
0.538835,-0.776909,2.198478
0.876171,0.409847,2.681432
0.937293,0.217559,2.678093
0.834325,0.117808,2.780902
1.005755,0.106141,2.572390
0.795071,-0.130946,2.810314
1.054196,-0.071547,2.437012
0.607516,-0.182499,2.437012
0.843913,-0.230632,2.706131
0.544998,-0.199683,2.675525
0.839270,-0.274779,2.251069
0.857329,-0.084871,2.640311
0.831442,-0.141446,2.627677
0.771226,-0.191952,2.665890
0.860801,-0.193377,2.572025
0.441431,-0.366714,2.533609
0.634650,-0.386104,2.271429
0.438422,-0.709509,2.493210
0.599671,-0.721501,2.231010
0.381639,-0.756426,2.461440
0.538740,-0.776284,2.197265
0.875886,0.409933,2.680937
0.937441,0.217652,2.678462
0.833898,0.116879,2.780795
1.005770,0.106078,2.572446
0.800092,-0.105899,2.806772
1.053433,-0.071932,2.437442
0.576080,-0.227752,2.437442
0.843948,-0.233143,2.661499
0.501409,-0.268369,2.617192
0.869268,-0.241369,2.241999
0.857496,-0.084856,2.640430
0.831629,-0.141409,2.627744
0.771292,-0.192205,2.666644
0.861614,-0.193152,2.571386
0.441109,-0.366927,2.533371
0.634633,-0.386116,2.271384
0.437932,-0.712837,2.492992
0.597242,-0.721150,2.229212
0.381479,-0.756609,2.461646
0.538759,-0.777045,2.199230
0.874679,0.408090,2.680250
0.937572,0.217182,2.678724
0.833459,0.115028,2.779310
1.005466,0.105782,2.572423
0.800628,-0.104425,2.805130
1.052125,-0.071772,2.436465
0.582745,-0.229199,2.436465
0.843336,-0.233601,2.653010
0.510117,-0.270791,2.606420
0.773739,-0.287545,2.262157
0.856131,-0.085615,2.639117
0.829640,-0.142096,2.625647
0.769070,-0.193661,2.665523
0.857532,-0.193671,2.564787
0.441104,-0.366922,2.533344
0.634879,-0.386459,2.270271
0.436452,-0.712591,2.492688
0.595623,-0.712990,2.228989
0.383216,-0.760702,2.464329
0.538962,-0.776995,2.199561
0.873645,0.407169,2.680146
0.937459,0.216660,2.678613
0.832307,0.115367,2.781624
1.005559,0.105446,2.572811
0.800145,-0.099942,2.808223
1.046470,-0.073362,2.436810
0.591911,-0.213800,2.436810
0.837496,-0.237121,2.675063
0.522500,-0.251752,2.634789
0.767839,-0.291707,2.266869
0.856031,-0.085573,2.639327
0.829542,-0.141896,2.626054
0.768654,-0.193290,2.666356
0.857724,-0.193697,2.565486
0.441490,-0.365613,2.533293
0.633957,-0.387542,2.269412
0.436361,-0.712599,2.492499
0.601200,-0.724413,2.232745
0.383481,-0.760751,2.464867
0.538951,-0.777045,2.199593
0.867197,0.407031,2.677325
0.935158,0.215511,2.677673
0.830161,0.115531,2.781743
1.005620,0.105367,2.573257
0.798434,-0.097941,2.808008
1.045021,-0.073626,2.437221
0.590476,-0.215859,2.437221
0.837537,-0.237158,2.672475
0.524436,-0.223475,2.664156
0.768375,-0.291668,2.263861
0.855905,-0.085526,2.639458
0.829562,-0.141826,2.626229
0.768427,-0.193337,2.666792
0.858577,-0.193944,2.566106
0.441222,-0.366480,2.532762
0.635683,-0.385788,2.270715
0.436020,-0.712578,2.492288
0.603288,-0.720812,2.232875
0.382996,-0.760661,2.464716
0.539492,-0.777311,2.201662
0.863247,0.403709,2.674900
0.935115,0.215325,2.677705
0.829272,0.115733,2.782044
1.003365,0.104823,2.572949
0.806119,-0.104116,2.834538
1.049413,-0.073407,2.438426
0.620322,-0.171415,2.438426
0.839832,-0.233787,2.710584
0.573376,-0.203940,2.672436
0.769971,-0.287246,2.264645
0.855950,-0.085662,2.639012
0.829684,-0.141895,2.625667
0.768459,-0.193674,2.666354
0.859222,-0.193600,2.564919
0.442204,-0.366172,2.532243
0.635108,-0.386138,2.269787
0.435753,-0.714012,2.491347
0.601497,-0.716521,2.231636
0.382991,-0.761736,2.464069
0.539384,-0.777312,2.201607
0.861107,0.402964,2.674838
0.934576,0.215046,2.677248
0.828438,0.115769,2.782371
1.001725,0.104808,2.572006
0.805075,-0.096161,2.831773
1.050892,-0.072771,2.437998
0.608056,-0.222343,2.437998
0.842078,-0.233769,2.647736
0.560375,-0.246306,2.607339
0.846300,-0.208282,2.286412
0.856099,-0.085665,2.638886
0.830040,-0.141869,2.625609
0.768976,-0.193878,2.666494
0.860211,-0.193333,2.564890
0.442192,-0.366269,2.531703
0.635105,-0.385946,2.269414
0.435744,-0.713997,2.491369
0.604126,-0.721666,2.233208
0.382984,-0.761795,2.464275
0.539303,-0.777528,2.201784
0.859790,0.402417,2.673380
0.933673,0.213170,2.676142
0.827705,0.115573,2.782583
1.001816,0.104819,2.571957
0.804661,-0.094115,2.830840
1.053746,-0.063192,2.425133
0.599517,-0.218767,2.425133
0.849517,-0.230052,2.655668
0.551875,-0.242710,2.615304
0.781441,-0.285672,2.251747
0.856118,-0.085678,2.638749
0.830147,-0.141799,2.625487
0.768967,-0.193896,2.666429
0.860764,-0.193235,2.564781
0.442719,-0.365717,2.531434
0.635856,-0.385417,2.270167
0.434427,-0.712196,2.491592
0.600845,-0.723680,2.230895
0.382732,-0.761111,2.464510
0.538964,-0.777984,2.202067
0.857371,0.402814,2.671990
0.931812,0.212441,2.674877
0.826880,0.116362,2.782747
1.000160,0.104952,2.571516
0.805053,-0.095612,2.830031
1.050124,-0.065838,2.427929
0.581474,-0.181533,2.427929
0.847405,-0.231912,2.667702
0.533869,-0.205457,2.627369
0.779832,-0.287270,2.250170
0.855933,-0.085635,2.638199
0.830137,-0.141684,2.625093
0.768969,-0.194017,2.666329
0.860966,-0.192885,2.563959
0.443093,-0.365376,2.531283
0.635796,-0.385532,2.269836
0.432738,-0.711858,2.490744
0.609985,-0.723154,2.236049
0.381784,-0.760988,2.462695
0.538507,-0.778036,2.202204
0.853424,0.403730,2.669074
0.929799,0.209073,2.674032
0.825971,0.116255,2.782665
0.998591,0.104794,2.570840
0.804949,-0.098587,2.828774
1.059081,-0.074924,2.447092
0.589153,-0.207308,2.447092
0.854935,-0.226323,2.672018
0.541589,-0.231212,2.631719
0.786886,-0.276789,2.249156
0.855957,-0.085639,2.638193
0.830302,-0.141520,2.625289
0.769206,-0.194876,2.668557
0.861248,-0.192796,2.563678
0.438200,-0.387708,2.525449
0.636033,-0.385623,2.269922
0.433874,-0.712332,2.491568
0.604496,-0.712606,2.230765
0.389136,-0.767151,2.463508
0.537999,-0.778561,2.204670
0.847876,0.399925,2.664801
0.927508,0.206641,2.674176
0.825152,0.116706,2.782780
0.997279,0.104222,2.569875
0.804902,-0.099094,2.828513
1.043431,-0.068600,2.428097
0.586951,-0.208211,2.428097
0.842743,-0.235806,2.665736
0.539423,-0.232097,2.625468
0.775847,-0.291541,2.248868
0.855802,-0.085739,2.638086
0.830292,-0.141502,2.625231
0.769154,-0.194953,2.668580
0.861371,-0.192769,2.563333
0.444908,-0.364913,2.529097
0.636173,-0.385638,2.269844
0.434722,-0.711367,2.492191
0.603165,-0.707554,2.229191
0.388739,-0.765035,2.463948
0.537028,-0.780128,2.207152
0.845708,0.398667,2.662303
0.925468,0.206117,2.672518
0.823039,0.117420,2.782374
0.994944,0.104041,2.568766
0.684410,-0.136389,2.774063
1.054167,-0.076015,2.445164
0.593523,-0.247175,2.445164
0.849622,-0.229956,2.602745
0.546041,-0.271038,2.562515
0.781440,-0.281270,2.252274
0.855531,-0.085773,2.637863
0.830258,-0.141486,2.625163
0.768715,-0.195910,2.669621
0.861525,-0.192984,2.562243
0.440826,-0.376444,2.526963
0.636362,-0.385779,2.269556
0.434857,-0.711493,2.492240
0.603804,-0.707412,2.229650
0.387654,-0.764167,2.464166
0.538095,-0.778055,2.203348
0.840526,0.393906,2.656230
0.919882,0.204287,2.669991
0.819574,0.117887,2.783214
0.993264,0.104182,2.567649
0.683891,-0.137490,2.774350
1.054702,-0.075044,2.443981
0.551414,-0.245217,2.443981
0.849590,-0.230383,2.633014
0.503973,-0.269058,2.592820
0.781220,-0.282162,2.254533
0.855292,-0.085901,2.637530
0.830316,-0.141526,2.625025
0.768929,-0.196230,2.669330
0.862188,-0.193058,2.562197
0.439754,-0.379790,2.524779
0.636673,-0.386187,2.269487
0.434401,-0.710620,2.492126
0.603910,-0.703017,2.228194
0.390155,-0.764274,2.461254
0.539399,-0.777891,2.207694
0.836428,0.394345,2.651477
0.917767,0.205009,2.668169
0.815493,0.121168,2.780760
0.991371,0.103779,2.565607
0.683282,-0.135740,2.775377
1.055773,-0.073584,2.440577
0.551856,-0.244480,2.440577
0.849043,-0.228288,2.633883
0.504458,-0.268301,2.593725
0.780133,-0.279856,2.253652
0.854920,-0.085661,2.637371
0.830296,-0.141346,2.624938
0.768877,-0.196202,2.669361
0.862494,-0.193070,2.562085
0.439547,-0.381408,2.524507
0.636908,-0.386184,2.269347
0.434084,-0.710178,2.492088
0.604030,-0.701917,2.227656
0.383007,-0.761222,2.464019
0.552840,-0.768827,2.217979
0.829804,0.388347,2.646450
0.914641,0.203184,2.665965
0.812175,0.121261,2.778184
0.988972,0.102097,2.562920
0.683012,-0.136438,2.777133
1.057473,-0.071523,2.434246
0.551171,-0.241659,2.434246
0.846483,-0.229432,2.633241
0.503814,-0.265459,2.593118
0.776153,-0.282069,2.262270
0.854758,-0.085634,2.637501
0.830445,-0.141219,2.625376
0.768857,-0.196715,2.672103
0.863533,-0.193719,2.562279
0.438436,-0.384836,2.522812
0.637213,-0.386215,2.269125
0.434529,-0.709250,2.492374
0.603848,-0.701967,2.227562
0.382946,-0.760859,2.464375
0.548795,-0.769587,2.206592
0.825664,0.386612,2.645641
0.910050,0.200928,2.660978
0.810168,0.123080,2.777740
0.986709,0.100965,2.560643
0.682873,-0.135803,2.777376
1.054987,-0.072031,2.430861
0.587568,-0.241690,2.430861
0.846945,-0.228910,2.605044
0.540255,-0.265468,2.564959
0.777598,-0.281203,2.250533
0.852845,-0.086304,2.637201
0.829511,-0.141517,2.625628
0.768013,-0.196836,2.672518
0.862720,-0.195059,2.563167
0.438268,-0.385034,2.522870
0.637665,-0.386308,2.269102
0.434536,-0.708453,2.492455
0.603839,-0.701995,2.227493
0.381326,-0.760195,2.464231
0.555967,-0.772500,2.208840
0.815684,0.389561,2.635514
0.905986,0.200975,2.657744
0.801352,0.118450,2.774951
0.981775,0.100429,2.556480
0.724710,-0.080295,2.812290
1.055857,-0.072886,2.431518
0.587569,-0.241254,2.431518
0.847653,-0.227642,2.607854
0.540300,-0.265010,2.567805
0.778251,-0.279228,2.248625
0.851770,-0.086438,2.637454
0.828945,-0.141660,2.626304
0.767083,-0.197776,2.675051
0.862645,-0.195864,2.563771
0.437680,-0.386900,2.522786
0.638084,-0.386495,2.269196
0.434381,-0.709712,2.492479
0.605423,-0.698301,2.227571
0.383730,-0.761995,2.461951
0.551076,-0.772825,2.205166
0.807907,0.382076,2.627772
0.900752,0.199185,2.654480
0.780950,0.103504,2.774115
0.975950,0.100161,2.552916
0.709364,-0.094842,2.802514
1.056040,-0.072209,2.431324
0.586065,-0.238952,2.431324
0.848971,-0.227285,2.610159
0.538840,-0.262686,2.570148
0.779948,-0.278977,2.247136
0.849126,-0.086725,2.637451
0.827435,-0.141707,2.626724
0.763583,-0.200990,2.678480
0.861836,-0.196861,2.563235
0.438565,-0.387894,2.523434
0.638324,-0.386516,2.269302
0.434358,-0.708846,2.492896
0.606528,-0.693920,2.227096
0.381340,-0.760954,2.461830
0.544663,-0.731061,2.174261
0.797778,0.376635,2.618569
0.895446,0.197715,2.649176
0.778196,0.102431,2.775548
0.971489,0.099916,2.549393
0.706574,-0.098282,2.802034
1.055721,-0.071950,2.430781
0.582898,-0.235860,2.430781
0.849805,-0.226892,2.614130
0.535717,-0.259571,2.574156
0.781167,-0.278539,2.244525
0.848262,-0.086740,2.635862
0.827193,-0.141667,2.626145
0.763506,-0.201817,2.678275
0.862329,-0.197455,2.561582
0.438545,-0.387906,2.523350
0.638691,-0.386969,2.269167
0.435800,-0.708749,2.495683
0.606377,-0.692544,2.226587
0.383396,-0.757147,2.467369
0.543686,-0.729661,2.174748
0.790935,0.376648,2.614664
0.889427,0.197471,2.646878
0.776185,0.102929,2.775316
0.965887,0.099074,2.545292
0.707003,-0.091479,2.805573
1.055875,-0.071868,2.430762
0.583262,-0.236005,2.430762
0.850894,-0.226360,2.614049
0.536126,-0.259694,2.574113
0.782567,-0.277857,2.242481
0.846775,-0.086663,2.635556
0.826472,-0.141606,2.626310
0.762814,-0.202477,2.679791
0.862262,-0.197863,2.561315
0.438450,-0.389579,2.523583
0.639402,-0.387675,2.268748
0.435725,-0.707886,2.495451
0.607672,-0.704408,2.224353
0.383038,-0.756814,2.466911
0.544160,-0.741536,2.173589
0.783885,0.379098,2.608480
0.883442,0.199585,2.641602
0.770678,0.104622,2.769739
0.961989,0.097189,2.541839
0.706993,-0.090379,2.803864
1.052181,-0.071420,2.423604
0.581706,-0.230969,2.423604
0.898907,-0.189079,2.620162
0.534600,-0.254643,2.580252
0.847815,-0.228298,2.260475
0.845852,-0.086621,2.634887
0.826299,-0.141742,2.626133
0.762723,-0.202906,2.680098
0.863335,-0.199172,2.560684
0.438296,-0.389593,2.523385
0.640784,-0.387541,2.267837
0.436218,-0.709298,2.495014
0.607624,-0.703983,2.224346
0.381758,-0.757360,2.465876
0.544783,-0.741291,2.172943
0.774244,0.373434,2.598149
0.877043,0.196557,2.632606
0.766021,0.104693,2.764341
0.958181,0.096095,2.537726
0.706784,-0.090271,2.803552
1.039074,-0.075849,2.417432
0.580636,-0.231342,2.417432
0.896500,-0.190987,2.619145
0.533559,-0.255001,2.579259
0.848976,-0.229366,2.260340
0.844070,-0.088201,2.632519
0.825637,-0.143046,2.625086
0.762418,-0.204136,2.679561
0.864238,-0.200772,2.560408
0.438761,-0.389049,2.523042
0.641945,-0.388115,2.266937
0.435956,-0.707598,2.494736
0.619236,-0.704420,2.229186
0.381803,-0.756822,2.466053
0.574476,-0.772203,2.202213
0.765421,0.374046,2.588443
0.867300,0.193508,2.626425
0.757417,0.107398,2.762376
0.951985,0.094723,2.532369
0.702477,-0.095761,2.799803
1.026208,-0.078806,2.409864
0.578159,-0.232090,2.409864
0.887252,-0.199295,2.617444
0.531112,-0.255734,2.577583
0.840933,-0.239458,2.254601
0.842464,-0.088379,2.630708
0.825222,-0.143248,2.624327
0.762277,-0.204772,2.679476
0.865493,-0.201911,2.559327
0.439053,-0.388794,2.522671
0.642687,-0.389096,2.265969
0.436217,-0.706391,2.493890
0.618744,-0.703499,2.228531
0.381787,-0.756555,2.465285
0.574534,-0.772205,2.202281
0.757510,0.371069,2.582748
0.861288,0.193757,2.622549
0.749648,0.108639,2.759636
0.945206,0.094803,2.527393
0.700554,-0.100990,2.797813
1.028045,-0.077869,2.410683
0.577705,-0.235505,2.410683
0.827093,-0.244865,2.614301
0.530685,-0.259136,2.574463
0.760109,-0.300531,2.247499
0.841377,-0.088144,2.629725
0.825007,-0.143240,2.624031
0.762304,-0.205057,2.679488
0.866287,-0.202115,2.559313
0.438568,-0.388640,2.520947
0.642822,-0.389618,2.265291
0.438773,-0.707075,2.495229
0.618717,-0.703472,2.228467
0.381818,-0.756200,2.464589
0.575430,-0.772138,2.202603
0.747102,0.372733,2.575373
0.851240,0.191567,2.616686
0.739963,0.112018,2.751062
0.938036,0.093969,2.522496
0.699615,-0.100775,2.796946
1.026273,-0.077616,2.409087
0.577508,-0.232988,2.409087
0.830143,-0.242777,2.622784
0.530494,-0.256615,2.582952
0.844778,-0.301783,2.258485
0.838281,-0.089069,2.626730
0.823715,-0.144113,2.622073
0.761997,-0.206003,2.678163
0.866819,-0.202905,2.558741
0.439937,-0.387296,2.521101
0.642960,-0.389882,2.265164
0.439996,-0.710950,2.494418
0.618621,-0.703135,2.228455
0.372124,-0.763250,2.464557
0.581136,-0.773650,2.208971
0.736842,0.371521,2.562863
0.844805,0.192579,2.611595
0.732474,0.111487,2.748119
0.932374,0.093044,2.518090
0.695057,-0.101310,2.792018
1.027976,-0.077505,2.410776
0.577420,-0.233480,2.410776
0.830099,-0.242883,2.622170
0.530413,-0.257104,2.582344
0.846244,-0.299254,2.253832
0.835711,-0.089521,2.624336
0.822320,-0.144858,2.620468
0.761404,-0.206738,2.677336
0.867209,-0.204008,2.558179
0.440044,-0.386982,2.520042
0.642989,-0.390481,2.264747
0.437336,-0.709211,2.491622
0.621969,-0.706467,2.230634
0.374702,-0.761262,2.463050
0.579189,-0.773319,2.206479
0.720715,0.364185,2.551249
0.832791,0.193306,2.602032
0.726457,0.108510,2.746997
0.926151,0.093636,2.514161
0.696210,-0.097366,2.791796
1.029187,-0.074291,2.410835
0.565426,-0.214900,2.410835
0.835191,-0.241865,2.660423
0.518427,-0.238521,2.620603
0.841542,-0.298635,2.251070
0.832524,-0.088637,2.622283
0.820689,-0.144604,2.619546
0.760935,-0.207405,2.678131
0.867017,-0.204506,2.557397
0.441870,-0.386717,2.519516
0.642895,-0.390636,2.264304
0.440015,-0.707702,2.490833
0.621233,-0.706827,2.231949
0.375837,-0.761752,2.462740
0.578914,-0.773371,2.206188
0.715197,0.365896,2.540673
0.821444,0.190945,2.591266
0.716477,0.106812,2.737309
0.917104,0.092510,2.508247
0.694594,-0.096716,2.790004
1.004280,-0.074151,2.385895
0.597068,-0.229376,2.385895
0.876788,-0.221020,2.626118
0.592847,-0.280682,2.531534
0.820859,-0.284417,2.259968
0.828921,-0.089589,2.618679
0.818822,-0.145709,2.617348
0.760587,-0.208817,2.677561
0.867089,-0.205300,2.556619
0.441177,-0.388580,2.517164
0.642589,-0.391265,2.264105
0.445724,-0.704410,2.491240
0.621000,-0.703696,2.235552
0.384477,-0.757947,2.459958
0.579068,-0.772818,2.206377
0.704650,0.357996,2.527803
0.813872,0.189819,2.587699
0.707656,0.105956,2.729460
0.909538,0.093450,2.504427
0.676066,-0.112201,2.770782
1.002134,-0.073067,2.387130
0.554247,-0.236302,2.387130
0.841754,-0.245122,2.636991
0.550750,-0.278810,2.558626
0.841960,-0.286794,2.247085
0.825996,-0.089896,2.615977
0.817202,-0.146133,2.615183
0.760359,-0.210185,2.676946
0.867233,-0.205893,2.554765
0.441630,-0.391024,2.515706
0.642472,-0.391699,2.263739
0.448834,-0.703376,2.492436
0.621525,-0.704473,2.238540
0.384779,-0.758182,2.460390
0.576289,-0.771754,2.205285
0.690919,0.359053,2.519392
0.792602,0.187760,2.574349
0.699492,0.105386,2.722115
0.898295,0.094605,2.499994
0.674253,-0.113389,2.769584
1.001136,-0.069732,2.390077
0.553412,-0.238615,2.390077
0.882078,-0.222139,2.636151
0.549916,-0.281115,2.557802
0.846789,-0.268197,2.270427
0.820908,-0.091240,2.610571
0.814494,-0.147993,2.611253
0.760326,-0.212803,2.675165
0.867067,-0.207006,2.552275
0.441872,-0.392778,2.513869
0.641938,-0.392252,2.263664
0.453148,-0.706171,2.495488
0.621712,-0.704641,2.239877
0.386959,-0.758066,2.461119
0.576810,-0.772259,2.207729
0.679553,0.351384,2.511936
0.781396,0.184584,2.565346
0.689685,0.105172,2.711019
0.890363,0.094838,2.494931
0.673429,-0.112385,2.769937
0.999900,-0.067880,2.390624
0.594870,-0.274512,2.390624
0.882419,-0.221686,2.554615
0.530630,-0.292034,2.510353
0.848168,-0.269353,2.270298
0.809713,-0.096874,2.604918
0.805040,-0.154108,2.606623
0.754284,-0.219655,2.671165
0.861599,-0.211215,2.551142
0.441508,-0.397915,2.510854
0.641830,-0.392916,2.263478
0.456041,-0.705152,2.497674
0.622770,-0.705777,2.242171
0.396701,-0.761343,2.470387
0.582004,-0.776375,2.219871
0.663995,0.353397,2.501081
0.774256,0.184127,2.559860
0.681347,0.102424,2.703445
0.878113,0.095782,2.487303
0.671134,-0.110871,2.768820
0.996897,-0.062519,2.387705
0.543949,-0.246124,2.387705
0.881142,-0.222097,2.654484
0.514314,-0.226846,2.638038
0.856190,-0.305698,2.278824
0.808620,-0.097271,2.603847
0.804501,-0.154779,2.606065
0.754328,-0.220093,2.670935
0.861528,-0.211595,2.551027
0.442828,-0.397042,2.511259
0.641414,-0.394333,2.262673
0.459299,-0.706847,2.500049
0.624523,-0.711304,2.251739
0.398706,-0.761812,2.469033
0.585595,-0.778145,2.227354
0.636728,0.352827,2.485499
0.760222,0.182702,2.547567
0.666605,0.104133,2.689940
0.865195,0.096685,2.479829
0.660466,-0.111304,2.759326
0.996664,-0.058268,2.387037
0.538285,-0.256843,2.387037
0.884036,-0.222484,2.653552
0.497558,-0.305356,2.622324
0.859727,-0.293415,2.277463
0.804798,-0.097563,2.602699
0.802384,-0.155570,2.605901
0.753554,-0.220244,2.671104
0.860527,-0.212234,2.552094
0.443561,-0.397565,2.510879
0.640760,-0.396559,2.261842
0.460163,-0.706875,2.499827
0.625811,-0.710177,2.256305
0.401853,-0.761141,2.472135
0.583029,-0.778316,2.226524
0.628770,0.356380,2.480394
0.747935,0.184986,2.535317
0.658141,0.101841,2.680532
0.851378,0.097297,2.471332
0.655357,-0.106103,2.760433
0.996931,-0.039943,2.378169
0.544430,-0.259227,2.378169
0.889330,-0.214061,2.653000
0.514842,-0.228914,2.638524
0.864627,-0.298957,2.293844
0.800658,-0.098405,2.591445
0.800371,-0.157355,2.596275
0.754237,-0.222360,2.660179
0.860354,-0.211009,2.546612
0.444643,-0.397735,2.511022
0.640500,-0.397511,2.261769
0.460578,-0.705963,2.499849
0.623788,-0.705827,2.261025
0.401799,-0.761276,2.472086
0.583257,-0.778792,2.229622
0.608848,0.355038,2.465075
0.733490,0.185839,2.524373
0.643734,0.102314,2.666448
0.841138,0.098275,2.460523
0.639502,-0.111660,2.749704
0.993336,-0.036360,2.377534
0.572804,-0.286281,2.377534
0.888958,-0.213777,2.638310
0.550571,-0.344488,2.605202
0.861274,-0.291775,2.284860
0.793600,-0.097840,2.591701
0.794817,-0.157498,2.597838
0.750191,-0.221262,2.662041
0.855487,-0.210979,2.551239
0.445485,-0.398423,2.511451
0.640115,-0.400082,2.261881
0.461139,-0.705524,2.499938
0.622155,-0.704629,2.264471
0.403003,-0.761227,2.473563
0.582525,-0.779118,2.230871
0.596201,0.352587,2.454752
0.709304,0.181801,2.504321
0.629828,0.100771,2.650941
0.830083,0.100728,2.450689
0.635556,-0.113014,2.747987
0.983800,-0.034156,2.372634
0.568317,-0.287213,2.372634
0.888117,-0.214933,2.636360
0.545904,-0.345280,2.603173
0.861149,-0.290746,2.284784
0.782642,-0.098239,2.585863
0.787355,-0.158349,2.594580
0.745704,-0.221332,2.660594
0.851611,-0.211192,2.550464
0.445964,-0.397908,2.511449
0.640147,-0.400982,2.262083
0.461169,-0.704696,2.498605
0.622742,-0.706213,2.271739
0.403049,-0.760999,2.473687
0.582041,-0.779973,2.235248
0.578041,0.351019,2.440921
0.697666,0.181163,2.494699
0.616099,0.099381,2.641409
0.812906,0.101027,2.439764
0.625595,-0.116823,2.740594
0.981018,-0.032364,2.367575
0.554384,-0.292022,2.367575
0.888474,-0.215257,2.633701
0.530646,-0.350422,2.602089
0.860964,-0.288490,2.284669
0.770779,-0.101303,2.577585
0.776374,-0.161816,2.587785
0.737447,-0.225901,2.652801
0.840672,-0.211517,2.547805
0.443753,-0.407218,2.509074
0.639726,-0.402807,2.262083
0.461835,-0.705171,2.498495
0.621433,-0.706425,2.278650
0.404039,-0.761123,2.476437
0.582671,-0.779753,2.238441
0.560660,0.351583,2.427018
0.675656,0.177081,2.476844
0.603362,0.099269,2.633374
0.798967,0.101378,2.430029
0.586522,-0.172957,2.696656
0.964046,-0.027451,2.358761
0.565356,-0.383292,2.358761
0.886118,-0.218986,2.675569
0.558300,-0.453403,2.672558
0.860875,-0.287441,2.285373
0.755508,-0.096486,2.583687
0.759678,-0.155799,2.599655
0.719814,-0.212173,2.672176
0.820854,-0.207786,2.568323
0.443131,-0.407921,2.508254
0.639839,-0.404439,2.261972
0.461498,-0.703736,2.497834
0.621195,-0.706788,2.289876
0.402988,-0.761672,2.479889
0.589149,-0.778628,2.250664
0.541653,0.347843,2.410084
0.664942,0.174840,2.465497
0.583307,0.091254,2.606000
0.784564,0.100522,2.416401
0.605854,-0.120334,2.727921
0.956874,-0.030830,2.349463
0.547574,-0.314223,2.349463
0.881983,-0.224962,2.654495
0.528147,-0.378853,2.634034
0.860528,-0.286139,2.285486
0.749921,-0.096365,2.582429
0.756782,-0.155993,2.599122
0.717711,-0.211740,2.670195
0.819452,-0.207422,2.568817
0.442000,-0.409509,2.508099
0.639201,-0.408761,2.262402
0.461552,-0.702501,2.496920
0.620909,-0.711516,2.306470
0.403047,-0.760614,2.478786
0.589300,-0.779154,2.252163
0.520852,0.335749,2.392547
0.644262,0.171622,2.444843
0.568113,0.093843,2.595124
0.770357,0.100662,2.405877
0.604657,-0.120119,2.728113
0.942539,-0.025124,2.340196
0.546751,-0.314298,2.340196
0.869586,-0.233418,2.655326
0.527449,-0.379025,2.635076
0.858933,-0.295529,2.280522
0.735784,-0.094806,2.571985
0.745684,-0.154516,2.591279
0.709161,-0.209650,2.663193
0.812613,-0.206046,2.563515
0.439155,-0.412245,2.507381
0.638646,-0.412831,2.262854
0.462212,-0.701403,2.497385
0.622391,-0.711972,2.311379
0.402639,-0.760180,2.481211
0.604118,-0.786756,2.285646
0.503930,0.336678,2.379633
0.626383,0.169059,2.427685
0.554843,0.082135,2.576893
0.754309,0.099660,2.391974
0.601598,-0.122594,2.724617
0.936843,-0.027673,2.335941
0.543954,-0.318646,2.335941
0.870999,-0.231764,2.657916
0.524739,-0.383997,2.639693
0.863015,-0.319548,2.314726
0.723510,-0.102362,2.558208
0.734873,-0.162921,2.578086
0.699731,-0.220727,2.644469
0.802699,-0.209638,2.553906
0.423683,-0.423012,2.500663
0.638606,-0.413650,2.263021
0.462731,-0.701232,2.497628
0.622585,-0.710202,2.317138
0.402306,-0.760279,2.480498
0.605667,-0.785055,2.289443
0.482851,0.330309,2.362449
0.612553,0.169427,2.412039
0.539492,0.084145,2.565655
0.735206,0.098342,2.376234
0.597575,-0.121111,2.721746
0.925135,-0.026274,2.330241
0.528598,-0.313650,2.330241
0.871417,-0.230945,2.656118
0.505606,-0.377830,2.638252
0.855343,-0.291509,2.277478
0.717212,-0.101775,2.554479
0.729692,-0.162735,2.576142
0.694733,-0.217752,2.641937
0.796826,-0.208922,2.553283
0.421976,-0.425491,2.500245
0.638253,-0.415533,2.262976
0.463723,-0.700481,2.497745
0.628796,-0.713804,2.324437
0.401355,-0.760312,2.479326
0.613677,-0.782279,2.292023
0.466785,0.326858,2.350410
0.595357,0.163775,2.399312
0.523092,0.078250,2.551486
0.725573,0.097772,2.365754
0.580980,-0.151776,2.687543
0.912516,-0.023255,2.319388
0.505405,-0.328600,2.319388
0.870868,-0.231666,2.558659
0.441165,-0.346121,2.514396
0.856291,-0.292409,2.276035
0.701367,-0.110121,2.541788
0.715233,-0.171424,2.564237
0.680420,-0.228798,2.621130
0.784499,-0.212473,2.548817
0.403643,-0.439254,2.493784
0.636013,-0.420731,2.262774
0.464520,-0.699812,2.497674
0.626575,-0.714584,2.325667
0.400732,-0.759701,2.477281
0.613625,-0.781550,2.292869
0.445889,0.320713,2.334966
0.577234,0.159137,2.384139
0.507567,0.075936,2.535267
0.707503,0.092685,2.348697
0.573576,-0.112369,2.716282
0.906079,-0.019832,2.313803
0.561613,-0.318891,2.313803
0.871285,-0.228017,2.661488
0.557626,-0.387731,2.647230
0.856720,-0.290557,2.278161
0.696341,-0.108668,2.534656
0.711755,-0.169920,2.558445
0.678487,-0.224876,2.616298
0.780474,-0.209942,2.542742
0.403156,-0.439695,2.494292
0.633595,-0.423991,2.260891
0.465884,-0.700925,2.497555
0.625128,-0.714458,2.324661
0.400524,-0.759846,2.476446
0.613891,-0.783128,2.294950
0.432202,0.324997,2.325018
0.560012,0.161655,2.364841
0.494355,0.076472,2.523525
0.694798,0.095726,2.334844
0.571107,-0.133450,2.677851
0.893008,-0.022002,2.305496
0.517024,-0.291545,2.305496
0.870038,-0.231888,2.511925
0.452784,-0.309066,2.467662
0.855773,-0.294929,2.277912
0.681576,-0.112455,2.520032
0.698463,-0.174508,2.545433
0.667061,-0.228547,2.598130
0.765852,-0.211492,2.535303
0.390109,-0.448439,2.492260
0.631163,-0.425723,2.259037
0.466097,-0.700728,2.497318
0.622634,-0.711802,2.321228
0.404627,-0.759636,2.484056
0.593004,-0.782098,2.288915
0.416485,0.323664,2.309477
0.549217,0.164140,2.352579
0.482180,0.075189,2.509519
0.681663,0.094529,2.322399
0.562817,-0.127668,2.670022
0.879568,-0.024114,2.297506
0.505217,-0.307498,2.297506
0.866094,-0.234742,2.499669
0.440978,-0.325019,2.455406
0.855781,-0.299052,2.276692
0.676277,-0.111682,2.511437
0.694114,-0.174190,2.537469
0.664493,-0.227705,2.590907
0.760316,-0.209746,2.527305
0.386590,-0.449012,2.492395
0.628079,-0.428844,2.254141
0.466824,-0.703268,2.495798
0.622289,-0.712245,2.320955
0.405303,-0.759817,2.481949
0.596634,-0.783730,2.289045
0.406163,0.331770,2.298785
0.537534,0.168998,2.340436
0.472825,0.076246,2.500190
0.667726,0.096602,2.308918
0.549732,-0.109046,2.679643
0.866037,-0.017139,2.282637
0.508173,-0.301042,2.282637
0.863355,-0.227659,2.503422
0.443933,-0.318563,2.459159
0.856027,-0.292728,2.276635
0.668875,-0.109417,2.500170
0.687490,-0.172518,2.526651
0.659493,-0.225545,2.579003
0.752058,-0.206183,2.516543
0.379545,-0.448118,2.492067
0.624425,-0.444167,2.254009
0.466932,-0.702712,2.496001
0.620922,-0.710822,2.318668
0.405068,-0.760001,2.481878
0.602367,-0.782258,2.290332
0.387525,0.334979,2.283844
0.525405,0.171003,2.331120
0.463952,0.080098,2.483270
0.657022,0.100853,2.297898
0.542681,-0.105782,2.661320
0.862434,-0.016069,2.277633
0.508495,-0.298504,2.277633
0.857138,-0.226098,2.503550
0.444255,-0.316025,2.459287
0.851583,-0.291227,2.275506
0.658139,-0.105280,2.493254
0.677319,-0.168195,2.520156
0.652082,-0.221023,2.574058
0.740541,-0.201617,2.510297
0.376934,-0.450839,2.492576
0.622484,-0.443529,2.251525
0.467156,-0.702197,2.496370
0.619621,-0.712298,2.318935
0.405545,-0.760582,2.482626
0.607197,-0.782362,2.293481
0.378543,0.342908,2.270895
0.513378,0.184891,2.318122
0.453015,0.090549,2.475073
0.645496,0.109911,2.285607
0.535381,-0.100816,2.646264
0.854463,-0.011528,2.269646
0.538631,-0.286829,2.269646
0.853829,-0.222247,2.496712
0.474391,-0.304351,2.452450
0.851522,-0.287868,2.274360
0.649781,-0.093414,2.479131
0.669553,-0.156709,2.505930
0.646735,-0.211806,2.563478
0.732800,-0.190526,2.494288
0.378426,-0.452756,2.495414
0.620642,-0.446589,2.247669
0.466305,-0.698156,2.496209
0.618739,-0.707196,2.316560
0.405628,-0.760500,2.481453
0.608534,-0.779135,2.292964
0.369393,0.349094,2.259281
0.505057,0.189676,2.310424
0.442555,0.102396,2.463708
0.636420,0.117907,2.276251
0.523439,-0.077006,2.646390
0.846238,-0.007190,2.262554
0.537827,-0.285500,2.262554
0.851033,-0.219607,2.496876
0.473587,-0.303021,2.452613
0.848366,-0.285306,2.274377
0.642365,-0.088109,2.475205
0.662348,-0.151409,2.502709
0.638394,-0.203991,2.558930
0.725829,-0.185917,2.492349
0.379302,-0.455737,2.496753
0.619677,-0.445425,2.247078
0.467151,-0.700047,2.496992
0.618240,-0.706959,2.316123
0.404486,-0.761197,2.479657
0.608217,-0.778981,2.292922
0.360968,0.362404,2.251590
0.494228,0.206723,2.297999
0.430439,0.122692,2.453770
0.627524,0.133216,2.264989
0.513806,-0.060863,2.631601
0.836807,-0.003430,2.256343
0.538136,-0.282357,2.256343
0.846850,-0.213447,2.496493
0.473896,-0.299878,2.452231
0.851132,-0.279156,2.275156
0.635189,-0.070359,2.465805
0.655914,-0.133677,2.494072
0.630589,-0.180968,2.549260
0.720401,-0.168823,2.483629
0.388819,-0.451206,2.499763
0.619427,-0.440528,2.250556
0.467113,-0.700064,2.497017
0.619033,-0.707429,2.316763
0.410121,-0.761970,2.487094
0.578999,-0.773783,2.273406
0.361623,0.388153,2.238098
0.488491,0.218681,2.292590
0.426796,0.131397,2.449383
0.622643,0.150096,2.252957
0.509944,-0.052328,2.627013
0.830790,-0.000165,2.252659
0.533515,-0.275914,2.252659
0.834762,-0.209383,2.495516
0.469276,-0.293435,2.451253
0.850441,-0.273260,2.275119
0.627469,-0.053605,2.459461
0.647836,-0.115948,2.487639
0.625015,-0.167137,2.546461
0.713176,-0.154327,2.476949
0.394876,-0.447571,2.500670
0.620526,-0.436316,2.253639
0.467456,-0.698110,2.498041
0.617892,-0.705140,2.316193
0.399270,-0.766026,2.488400
0.576207,-0.774957,2.279140
0.359207,0.408690,2.229678
0.481945,0.238191,2.282649
0.417653,0.151462,2.443255
0.613361,0.172267,2.240356
0.496045,-0.017365,2.635175
0.821936,0.012443,2.245364
0.521297,-0.223436,2.245364
0.826183,-0.208748,2.657753
0.529715,-0.292126,2.669283
0.845987,-0.271361,2.274739
0.619204,-0.031022,2.441797
0.639059,-0.092632,2.468261
0.617684,-0.143349,2.525092
0.704334,-0.134609,2.460173
0.404525,-0.438449,2.503629
0.619971,-0.433559,2.254114
0.465977,-0.696610,2.497260
0.617694,-0.704953,2.316185
0.398472,-0.766884,2.490773
0.588886,-0.777841,2.283830
0.360124,0.432346,2.222753
0.478459,0.259646,2.274844
0.401932,0.190280,2.434571
0.610415,0.185396,2.234966
0.484421,0.006165,2.611792
0.817601,0.014557,2.242093
0.518655,-0.193424,2.242093
0.820123,-0.208753,2.656850
0.530067,-0.259954,2.675874
0.845785,-0.268904,2.274954
0.608081,-0.019248,2.435136
0.625898,-0.081910,2.461746
0.600622,-0.137522,2.519429
0.691818,-0.121413,2.452827
0.404371,-0.443995,2.502774
0.619029,-0.432630,2.255761
0.465391,-0.695829,2.496738
0.617082,-0.705441,2.317203
0.398562,-0.765574,2.485437
0.590022,-0.778324,2.285328
0.360968,0.458911,2.217002
0.473686,0.286883,2.263099
0.401091,0.204486,2.427711
0.608404,0.200986,2.227336
0.478667,0.014796,2.601513
0.811295,0.024390,2.232155
0.492780,-0.193207,2.232155
0.815469,-0.203986,2.617193
0.497484,-0.262541,2.626425
0.818757,-0.269488,2.258350
0.601165,-0.011803,2.428265
0.618808,-0.076969,2.455601
0.592675,-0.131503,2.511801
0.683628,-0.118975,2.447245
0.407137,-0.444322,2.500960
0.618192,-0.428876,2.256451
0.465216,-0.696550,2.496434
0.617587,-0.705498,2.317464
0.399248,-0.765620,2.484311
0.602984,-0.776233,2.294386
0.365372,0.478844,2.210025
0.474219,0.307901,2.253272
0.398872,0.234210,2.404965
0.605313,0.224058,2.217975
0.468720,0.039714,2.576795
0.798023,0.051022,2.223589
0.477260,-0.169992,2.223589
0.810170,-0.200396,2.576889
0.480106,-0.239894,2.580928
0.810214,-0.265633,2.249237
0.585408,0.006177,2.419583
0.599168,-0.060344,2.447064
0.569169,-0.113543,2.500231
0.659129,-0.102566,2.440855
0.414126,-0.442129,2.496729
0.615923,-0.421312,2.259677
0.464750,-0.693884,2.496271
0.617185,-0.705541,2.317497
0.400727,-0.763972,2.482163
0.601904,-0.777482,2.294920
0.372285,0.501940,2.201726
0.473796,0.327365,2.247012
0.392863,0.251117,2.406199
0.603433,0.241123,2.210467
0.461024,0.053092,2.574907
0.793482,0.064993,2.219882
0.466912,-0.156931,2.219882
0.793276,-0.176733,2.567594
0.468875,-0.226938,2.569165
0.811862,-0.238804,2.249082
0.579061,0.022304,2.404945
0.591622,-0.045038,2.430706
0.562999,-0.105085,2.486098
0.652280,-0.087393,2.423974
0.416126,-0.436719,2.491378
0.616591,-0.415352,2.260220
0.464619,-0.694092,2.495804
0.617404,-0.705765,2.318373
0.402325,-0.763683,2.483319
0.603225,-0.777847,2.296061
0.385035,0.532572,2.191444
0.478170,0.357110,2.239915
0.386523,0.290000,2.390676
0.604938,0.261424,2.200882
0.447323,0.078607,2.547074
0.791248,0.077688,2.215691
0.419398,-0.129173,2.215691
0.782809,-0.159573,2.521465
0.394794,-0.189367,2.512331
0.789152,-0.224933,2.224485
0.573286,0.050654,2.392532
0.583813,-0.016588,2.417152
0.553627,-0.067144,2.472034
0.646098,-0.075811,2.413435
0.429720,-0.406973,2.487953
0.616642,-0.408035,2.258652
0.463424,-0.692653,2.494594
0.617397,-0.705701,2.318675
0.401811,-0.763661,2.483489
0.602809,-0.778695,2.297337
0.390285,0.553927,2.187693
0.480357,0.380794,2.235447
0.386324,0.298454,2.388445
0.604930,0.284482,2.191676
0.439314,0.078295,2.536860
0.786045,0.101505,2.197047
0.404460,-0.128216,2.197047
0.775865,-0.156706,2.506850
0.389011,-0.191705,2.500401
0.744294,-0.211597,2.201807
0.568696,0.069589,2.378956
0.577796,0.002036,2.401297
0.548545,-0.055568,2.458895
0.635088,-0.050153,2.387611
0.434062,-0.397580,2.483100
0.618896,-0.394765,2.264338
0.463041,-0.693183,2.493791
0.616574,-0.704230,2.318760
0.401971,-0.763676,2.484027
0.601324,-0.778683,2.296013
0.460893,0.703150,2.135700
0.517555,0.520536,2.183086
0.390447,0.435825,2.310881
0.633856,0.392965,2.126728
0.391873,0.207105,2.432407
0.743834,0.172717,2.121372
0.350124,0.005543,2.121372
0.677133,-0.024041,2.375682
0.334629,-0.055049,2.356023
0.639157,-0.087363,2.062359
0.527410,0.183167,2.257193
0.524445,0.114915,2.268355
0.463925,0.056108,2.313914
0.585563,0.048390,2.242925
0.404773,-0.344905,2.370965
0.598392,-0.356231,2.245288
0.443020,-0.692898,2.434348
0.614880,-0.702704,2.321433
0.379706,-0.768589,2.427480
0.603824,-0.775059,2.293558
0.463400,0.709288,2.131562
0.519147,0.526957,2.176581
0.389175,0.442440,2.302160
0.636348,0.399057,2.120277
0.388497,0.213907,2.415637
0.742437,0.175786,2.116164
0.349063,0.009994,2.116164
0.673224,-0.018457,2.368287
0.332390,-0.050726,2.350159
0.639348,-0.082625,2.053795
0.523081,0.189796,2.244381
0.519537,0.121470,2.255370
0.457529,0.061993,2.300154
0.580919,0.053623,2.231189
0.399352,-0.346021,2.356823
0.599073,-0.355683,2.245769
0.412601,-0.693554,2.395940
0.615432,-0.703247,2.322261
0.349548,-0.766786,2.363200
0.604174,-0.775177,2.293459
0.465605,0.738450,2.107436
0.509044,0.549515,2.141795
0.370937,0.458670,2.253710
0.633119,0.421221,2.092312
0.362620,0.221829,2.348716
0.728646,0.199763,2.070750
0.341291,0.012219,2.070750
0.658851,-0.007812,2.328942
0.331319,-0.049568,2.310208
0.630677,-0.075026,1.985326
0.493781,0.202946,2.183020
0.488859,0.133270,2.191086
0.424329,0.072596,2.223817
0.547041,0.064338,2.169358
0.349306,-0.357917,2.205175
0.593516,-0.358990,2.231372
0.297970,-0.683800,2.160892
0.610332,-0.699983,2.323062
0.250261,-0.748317,2.097596
0.608442,-0.777603,2.288759
0.464194,0.738549,2.104672
0.505810,0.550784,2.136949
0.362857,0.457713,2.240923
0.631130,0.421793,2.088536
0.352440,0.218486,2.333005
0.725962,0.199750,2.064624
0.337326,0.008175,2.064624
0.657079,-0.006687,2.320548
0.331845,-0.055515,2.307333
0.626569,-0.078594,1.975595
0.488445,0.202889,2.172596
0.483386,0.132984,2.179691
0.417114,0.071365,2.209473
0.542474,0.063964,2.158718
0.344382,-0.363181,2.187677
0.587380,-0.362090,2.220217
0.289117,-0.684419,2.126527
0.610764,-0.699720,2.322867
0.245096,-0.736982,2.050683
0.626861,-0.773102,2.302624
0.457461,0.740419,2.095906
0.500760,0.551578,2.132065
0.354260,0.454715,2.226791
0.627583,0.422544,2.084202
0.346196,0.216411,2.323663
0.719723,0.198295,2.058140
0.327191,0.006448,2.058140
0.650907,-0.004177,2.306664
0.320729,-0.058271,2.301739
0.617503,-0.078832,1.960096
0.483389,0.201999,2.161213
0.478686,0.131802,2.167066
0.412333,0.069341,2.193933
0.538304,0.063059,2.146352
0.332996,-0.382571,2.150795
0.584136,-0.364378,2.214517
0.276595,-0.688630,2.079733
0.610586,-0.699839,2.322850
0.236726,-0.737035,2.011974
0.625688,-0.773487,2.300119
