-0.268449,0.483309,3.734887
-0.260095,0.276898,3.708849
-0.443773,0.155367,3.689173
-0.073246,0.175894,3.712821
-0.510683,-0.125982,3.653247
0.022256,-0.121980,3.717573
-0.494179,-0.381506,3.717573
0.057431,-0.351027,3.513185
-0.491322,-0.443793,3.494918
0.072566,-0.416091,3.569091
-0.243415,-0.103443,3.683241
-0.236631,-0.164236,3.618457
-0.315231,-0.250110,3.595773
-0.148658,-0.242214,3.602024
-0.305049,-0.804856,3.605310
-0.127532,-0.810742,3.608084
-0.317538,-1.178687,3.554797
-0.122648,-1.184124,3.537939
-0.344640,-1.252051,3.495387
-0.112020,-1.230917,3.443128
-0.265795,0.483130,3.732951
-0.258074,0.276742,3.707850
-0.441310,0.155084,3.687696
-0.071423,0.175557,3.712011
-0.510076,-0.126119,3.653016
0.022920,-0.122158,3.717216
-0.494002,-0.381771,3.717216
0.058004,-0.350860,3.512675
-0.491272,-0.443451,3.494953
0.072909,-0.415743,3.568881
-0.241794,-0.103928,3.682164
-0.234936,-0.164796,3.617318
-0.313518,-0.250636,3.594543
-0.147197,-0.242619,3.601024
-0.303750,-0.801727,3.596745
-0.126653,-0.809779,3.606909
-0.317439,-1.178464,3.554384
-0.122497,-1.184181,3.537973
-0.344723,-1.252018,3.495574
-0.111219,-1.232221,3.445552
-0.262815,0.482934,3.730867
-0.255486,0.276457,3.706636
-0.438621,0.154814,3.686136
-0.069356,0.175114,3.711052
-0.509413,-0.126238,3.652760
0.024745,-0.122475,3.716539
-0.493839,-0.381968,3.716539
0.059882,-0.350585,3.512188
-0.491234,-0.443120,3.494922
0.074010,-0.415406,3.568135
-0.239928,-0.104475,3.680986
-0.233043,-0.165414,3.616094
-0.311659,-0.251191,3.593275
-0.145548,-0.243084,3.599913
-0.302197,-0.798185,3.586875
-0.125654,-0.808730,3.605624
-0.317341,-1.178233,3.553774
-0.122356,-1.184190,3.537990
-0.344862,-1.252005,3.495800
-0.110482,-1.233466,3.447888
-0.259274,0.482593,3.728199
-0.252662,0.276111,3.705258
-0.435496,0.154454,3.684369
-0.067090,0.174591,3.709985
-0.508759,-0.126332,3.652509
0.027435,-0.122355,3.715689
-0.493801,-0.381999,3.715689
0.065556,-0.349150,3.511636
-0.491354,-0.442658,3.494439
0.078553,-0.414659,3.565499
-0.237838,-0.105091,3.679693
-0.230922,-0.166110,3.614762
-0.309630,-0.251787,3.591981
-0.143623,-0.243640,3.598632
-0.300174,-0.793813,3.574237
-0.124483,-0.807594,3.604196
-0.317228,-1.177933,3.552908
-0.122224,-1.184139,3.537983
-0.345037,-1.251972,3.496028
-0.109766,-1.234652,3.450192
-0.255218,0.482140,3.724966
-0.249388,0.275726,3.703657
-0.432275,0.154089,3.682555
-0.064571,0.174002,3.708723
-0.508092,-0.126379,3.652220
0.030704,-0.122012,3.714637
-0.494003,-0.381630,3.714637
0.073342,-0.346691,3.510859
-0.491664,-0.442012,3.493727
0.086576,-0.412538,3.560281
-0.235521,-0.105729,3.678311
-0.228632,-0.166829,3.613364
-0.307508,-0.252389,3.590672
-0.141525,-0.244237,3.597264
-0.298009,-0.789074,3.560813
-0.123174,-0.806349,3.602635
-0.316979,-1.177133,3.551305
-0.122093,-1.184058,3.537977
-0.343028,-1.248879,3.491009
-0.109304,-1.234968,3.451226
-0.250868,0.481618,3.721412
-0.245861,0.275311,3.701865
-0.428667,0.153670,3.680544
-0.061319,0.173249,3.707187
-0.507489,-0.126307,3.651828
0.036150,-0.120682,3.713088
-0.494738,-0.380588,3.713088
0.084717,-0.342871,3.509684
-0.493316,-0.440117,3.491736
0.098841,-0.409281,3.552715
-0.232944,-0.106387,3.676790
-0.226090,-0.167573,3.611839
-0.305226,-0.253004,3.589306
-0.139089,-0.244902,3.595715
-0.295628,-0.783829,3.546313
-0.121794,-0.805049,3.601014
-0.316212,-1.175591,3.547792
-0.121969,-1.183926,3.537948
-0.339605,-1.244176,3.482388
-0.108892,-1.235070,3.452007
-0.246102,0.480990,3.717376
-0.242227,0.274827,3.699949
-0.424851,0.153197,3.678396
-0.057780,0.172460,3.705488
-0.506658,-0.125620,3.650962
0.043532,-0.118708,3.710778
-0.499622,-0.374000,3.710778
0.101581,-0.337026,3.505208
-0.499818,-0.432690,3.483849
0.117618,-0.403255,3.539776
-0.230132,-0.107076,3.675136
-0.223291,-0.168339,3.610180
-0.302647,-0.253648,3.587796
-0.136359,-0.245615,3.594022
-0.293227,-0.777627,3.529950
-0.120283,-0.803721,3.599318
-0.314789,-1.173594,3.541283
-0.121860,-1.183779,3.537896
-0.338326,-1.242278,3.477185
-0.108544,-1.235023,3.452547
-0.241300,0.480382,3.713282
-0.238418,0.274340,3.697928
-0.420803,0.152742,3.676117
-0.054059,0.171580,3.703542
-0.506001,-0.124119,3.649486
0.053197,-0.115273,3.707985
-0.507772,-0.363177,3.707985
0.123638,-0.328281,3.497390
-0.512115,-0.419568,3.471900
0.141920,-0.393162,3.524502
-0.227095,-0.107802,3.673353
-0.220292,-0.169145,3.608399
-0.299842,-0.254307,3.586172
-0.133492,-0.246362,3.592235
-0.290687,-0.771773,3.514038
-0.118694,-0.802382,3.597569
-0.312441,-1.170991,3.529969
-0.121762,-1.183619,3.537827
-0.332380,-1.235961,3.458487
-0.108262,-1.234848,3.452870
-0.236353,0.479702,3.708844
-0.234330,0.273889,3.695662
-0.416626,0.152316,3.673745
-0.050041,0.170802,3.701524
-0.505772,-0.121326,3.647243
0.065009,-0.109612,3.704324
-0.520930,-0.345632,3.704324
0.151078,-0.315722,3.486204
-0.531247,-0.398084,3.455168
0.173142,-0.378735,3.505007
-0.223803,-0.108472,3.671407
-0.217046,-0.169898,3.606470
-0.296865,-0.254926,3.584444
-0.130319,-0.247092,3.590287
-0.287958,-0.766168,3.498188
-0.117062,-0.801034,3.595776
-0.309025,-1.166253,3.512160
-0.121675,-1.183425,3.537738
-0.324744,-1.226700,3.432014
-0.108025,-1.234521,3.452996
-0.231405,0.479025,3.703896
-0.230114,0.273442,3.693171
-0.412459,0.151945,3.671309
-0.045832,0.170072,3.699089
-0.506007,-0.117488,3.644418
0.079852,-0.102072,3.698372
-0.538906,-0.322264,3.698372
0.183662,-0.298328,3.471604
-0.557261,-0.368127,3.433252
0.213156,-0.356659,3.481858
-0.220228,-0.109090,3.669199
-0.213569,-0.170584,3.604296
-0.293642,-0.255472,3.582458
-0.126892,-0.247784,3.588090
-0.285256,-0.760432,3.481194
-0.115423,-0.799717,3.593982
-0.304953,-1.161150,3.488485
-0.121589,-1.183204,3.537623
-0.316585,-1.217137,3.399606
-0.107595,-1.234932,3.454162
-0.226436,0.478310,3.698564
-0.225745,0.273010,3.690341
-0.408126,0.151687,3.668587
-0.041458,0.169361,3.696510
-0.507046,-0.111934,3.641358
0.098814,-0.092896,3.688250
-0.561123,-0.288195,3.688250
0.221769,-0.275713,3.456311
-0.589048,-0.330687,3.408562
0.256557,-0.329564,3.456044
-0.216561,-0.109646,3.666768
-0.209976,-0.171211,3.601910
-0.290273,-0.255960,3.580232
-0.123375,-0.248457,3.585728
-0.282693,-0.755062,3.465007
-0.113794,-0.798502,3.592185
-0.300372,-1.154664,3.458884
-0.121506,-1.182984,3.537506
-0.307819,-1.206232,3.361712
-0.107124,-1.235439,3.455496
-0.221336,0.477722,3.692668
-0.220728,0.272651,3.685764
-0.403883,0.151580,3.665243
-0.036397,0.168751,3.693021
-0.513079,-0.097156,3.632719
0.121765,-0.079569,3.675079
-0.595565,-0.236896,3.675079
0.267529,-0.237341,3.435632
-0.633614,-0.269087,3.377628
0.312007,-0.284722,3.423436
-0.212375,-0.109996,3.663305
-0.205895,-0.171675,3.598586
-0.286480,-0.256379,3.577157
-0.119315,-0.249148,3.582474
-0.279458,-0.751533,3.449651
-0.112187,-0.797398,3.590262
-0.294655,-1.146473,3.415130
-0.121427,-1.182817,3.537404
-0.297974,-1.193754,3.310693
-0.106633,-1.236024,3.456829
-0.215935,0.477517,3.684784
-0.214892,0.272201,3.677851
-0.399607,0.151973,3.658929
-0.029968,0.168796,3.686425
-0.525719,-0.066335,3.616742
0.152652,-0.051664,3.654606
-0.648027,-0.135020,3.654606
0.329757,-0.157083,3.406891
-0.705426,-0.144237,3.333766
0.391359,-0.181421,3.381536
-0.207541,-0.109837,3.657166
-0.201202,-0.171560,3.592717
-0.282235,-0.256464,3.571228
-0.114535,-0.249576,3.577047
-0.276112,-0.749691,3.431366
-0.111375,-0.796448,3.585567
-0.286669,-1.137185,3.365131
-0.121357,-1.182704,3.537315
-0.288980,-1.183013,3.261819
-0.105704,-1.236720,3.458453
-0.210817,0.477445,3.674551
-0.209018,0.272189,3.668232
-0.395977,0.153225,3.651211
-0.023382,0.169301,3.677904
-0.539594,-0.028234,3.596963
0.183054,-0.016800,3.631446
-0.699595,-0.017969,3.631446
0.386931,-0.063279,3.379476
-0.769630,-0.006962,3.295585
0.461772,-0.062190,3.344394
-0.202531,-0.109121,3.649251
-0.196369,-0.170863,3.585093
-0.277985,-0.256102,3.563428
-0.109465,-0.249654,3.569899
-0.272946,-0.747783,3.413406
-0.111053,-0.795597,3.578927
-0.278419,-1.129621,3.319236
-0.121277,-1.182600,3.537185
-0.280434,-1.173969,3.216167
-0.105029,-1.237517,3.459888
-0.206536,0.477855,3.658243
-0.204495,0.273320,3.652287
-0.393265,0.156417,3.638847
-0.016734,0.171401,3.666107
-0.559458,0.030550,3.567698
0.212217,0.029464,3.603083
-0.748606,0.112107,3.603083
0.436269,0.053061,3.354913
-0.826333,0.147558,3.266473
0.520095,0.084311,3.316263
-0.197923,-0.106911,3.636533
-0.191704,-0.168741,3.572937
-0.273923,-0.254637,3.551288
-0.104142,-0.248701,3.558614
-0.270010,-0.745240,3.393428
-0.111560,-0.794194,3.567920
-0.271456,-1.122494,3.275236
-0.121216,-1.182492,3.537018
-0.272848,-1.166474,3.174816
-0.104263,-1.238309,3.461375
-0.203208,0.479170,3.637765
-0.201307,0.275872,3.628779
-0.392587,0.163141,3.619269
-0.010895,0.177288,3.644574
-0.577471,0.096110,3.534702
0.236294,0.093268,3.567353
-0.786189,0.251080,3.567353
0.465062,0.194311,3.335236
-0.865904,0.315057,3.249501
0.549367,0.247320,3.303676
-0.194200,-0.102209,3.615228
-0.188089,-0.163821,3.552016
-0.270909,-0.250619,3.530381
-0.099647,-0.245158,3.537993
-0.267240,-0.741687,3.369535
-0.112687,-0.791820,3.552139
-0.265244,-1.116179,3.234770
-0.121222,-1.182345,3.536704
-0.265018,-1.158071,3.132670
-0.103416,-1.238725,3.462438
-0.207742,0.484006,3.592026
-0.205547,0.282270,3.580601
-0.400298,0.174570,3.574536
-0.012325,0.186990,3.593954
-0.606423,0.160412,3.479135
0.249377,0.153745,3.515534
-0.825291,0.355923,3.515534
0.481864,0.304848,3.297401
-0.907572,0.434418,3.217671
0.566003,0.375040,3.268897
-0.197011,-0.093592,3.566657
-0.191270,-0.154744,3.503324
-0.274976,-0.242930,3.481581
-0.101456,-0.237206,3.487951
-0.267003,-0.738135,3.336724
-0.110613,-0.779833,3.491093
-0.260196,-1.109986,3.197116
-0.120676,-1.176389,3.524282
-0.258796,-1.152582,3.098568
-0.102091,-1.236855,3.459207
-0.219588,0.491158,3.523337
-0.217449,0.290122,3.510164
-0.414217,0.185239,3.503024
-0.022224,0.194869,3.519195
-0.638108,0.197672,3.392035
0.253497,0.187485,3.448071
-0.868739,0.412826,3.448071
0.492520,0.362182,3.214828
-0.953197,0.497209,3.139600
0.578105,0.438914,3.210689
-0.205775,-0.085330,3.497434
-0.199878,-0.146544,3.434365
-0.284062,-0.235932,3.411884
-0.108346,-0.229537,3.420136
-0.268875,-0.735977,3.297689
-0.113168,-0.762668,3.374234
-0.254425,-1.106442,3.160810
-0.113323,-1.159366,3.390477
-0.253649,-1.149599,3.068982
-0.097721,-1.224476,3.333822
-0.232148,0.497634,3.452453
-0.229568,0.296885,3.443004
-0.427432,0.193968,3.430612
-0.032715,0.201339,3.446361
-0.664062,0.222787,3.311400
0.253387,0.208908,3.384787
-0.903294,0.439524,3.384787
0.493498,0.394437,3.124492
-0.989410,0.519633,3.046083
0.578893,0.469144,3.139384
-0.214839,-0.078355,3.429835
-0.208528,-0.139540,3.366783
-0.292971,-0.229834,3.343199
-0.115396,-0.222713,3.353672
-0.271383,-0.734595,3.260586
-0.117202,-0.744707,3.266045
-0.249987,-1.103464,3.128582
-0.111404,-1.133620,3.239724
-0.249778,-1.146770,3.040388
-0.097999,-1.191965,3.166493
-0.244231,0.503430,3.387408
-0.241250,0.302797,3.381353
-0.439294,0.201251,3.364203
-0.042478,0.206831,3.381529
-0.685924,0.239914,3.238998
0.250772,0.223829,3.326329
-0.928617,0.447798,3.326329
0.486715,0.404446,3.040469
-1.015682,0.514669,2.953747
0.570234,0.470892,3.066418
-0.223614,-0.072361,3.367715
-0.216732,-0.133528,3.304736
-0.301257,-0.224585,3.280186
-0.122210,-0.216641,3.292485
-0.274127,-0.733372,3.224877
-0.121854,-0.728009,3.174342
-0.246165,-1.100822,3.100276
-0.111414,-1.105971,3.101846
-0.246486,-1.144572,3.015977
-0.099602,-1.158423,3.016368
-0.255615,0.508344,3.327652
-0.252166,0.307988,3.324243
-0.449914,0.206887,3.303388
-0.051401,0.211609,3.323410
-0.704455,0.250447,3.171017
0.245603,0.232828,3.272292
-0.945994,0.434744,3.272292
0.474556,0.399128,2.959604
-1.030365,0.482232,2.863542
0.554338,0.446753,2.994994
-0.231727,-0.067129,3.311005
-0.224204,-0.128342,3.248246
-0.308718,-0.220124,3.222641
-0.128426,-0.211303,3.237218
-0.276912,-0.732249,3.191418
-0.126220,-0.712918,3.094947
-0.243050,-1.098291,3.075125
-0.112761,-1.079049,2.982028
-0.243554,-1.142708,2.994436
-0.102100,-1.126721,2.887822
-0.265713,0.512621,3.274821
-0.261786,0.312577,3.273057
-0.459132,0.211554,3.249732
-0.059468,0.215578,3.271323
-0.719264,0.256451,3.110234
0.238097,0.236117,3.221833
-0.955033,0.405891,3.221833
0.455332,0.373612,2.885541
-1.032576,0.429126,2.782338
0.532031,0.401604,2.929845
-0.238862,-0.062564,3.260002
-0.230812,-0.123827,3.197394
-0.315253,-0.216161,3.170902
-0.133991,-0.206640,3.187450
-0.279968,-0.731146,3.161294
-0.130486,-0.699716,3.027183
-0.240314,-1.095997,3.052869
-0.114745,-1.054064,2.879461
-0.241289,-1.141400,2.975479
-0.105178,-1.097879,2.778890
-0.274701,0.516555,3.226741
-0.270477,0.316742,3.226616
-0.467290,0.215404,3.201997
-0.066568,0.218791,3.224231
-0.730535,0.257991,3.055771
0.228908,0.234625,3.175599
-0.954296,0.362645,3.175599
0.432818,0.336879,2.818938
-1.026115,0.364637,2.711715
0.506024,0.343343,2.873497
-0.245226,-0.058478,3.213788
-0.236745,-0.119809,3.151297
-0.321144,-0.212669,3.124090
-0.138934,-0.202513,3.142197
-0.283175,-0.730001,3.133903
-0.134709,-0.687639,2.968104
-0.237978,-1.093925,3.032831
-0.117228,-1.032040,2.791678
-0.238916,-1.139338,2.956626
-0.108708,-1.072780,2.686354
-0.282696,0.519718,3.182485
-0.278158,0.320184,3.183876
-0.474473,0.218447,3.159081
-0.073067,0.221275,3.181358
-0.738399,0.254240,3.005960
0.218205,0.228070,3.132065
-0.947271,0.311441,3.132065
0.409068,0.289445,2.761100
-1.010974,0.291597,2.652926
0.477319,0.271254,2.825006
-0.250842,-0.054977,3.171971
-0.242017,-0.116408,3.109674
-0.326406,-0.209724,3.081697
-0.143317,-0.198986,3.101719
-0.286371,-0.728891,3.108851
-0.138625,-0.676669,2.915806
-0.235919,-1.092062,3.014829
-0.119606,-1.012557,2.715982
-0.236865,-1.137497,2.939759
-0.112015,-1.050849,2.607001
-0.289724,0.522404,3.142486
-0.284879,0.323099,3.146109
-0.480700,0.220902,3.119834
-0.078919,0.223289,3.142576
-0.742585,0.243603,2.960948
0.206946,0.218619,3.093513
-0.933125,0.250608,3.093513
0.381138,0.233994,2.711667
-0.989716,0.211843,2.604669
0.444039,0.194631,2.784711
-0.255942,-0.052084,3.134132
-0.246816,-0.113549,3.071841
-0.331195,-0.207234,3.043226
-0.147420,-0.195934,3.064505
-0.288416,-0.726372,3.081422
-0.142126,-0.667057,2.869950
-0.234245,-1.090370,2.998628
-0.121688,-0.996059,2.651016
-0.235108,-1.135766,2.924634
-0.114793,-1.032319,2.539032
-0.295859,0.524761,3.106618
-0.290702,0.325651,3.112389
-0.486072,0.222959,3.084082
-0.084126,0.224897,3.107466
-0.744389,0.230201,2.921543
0.195105,0.206192,3.059232
-0.911807,0.184328,3.059232
0.352737,0.171901,2.672092
-0.962225,0.129607,2.564739
0.411467,0.118911,2.752291
-0.260433,-0.049618,3.100122
-0.251033,-0.111116,3.037829
-0.335376,-0.205083,3.008815
-0.151089,-0.193303,3.030902
-0.289449,-0.724008,3.054446
-0.145283,-0.658262,2.828647
-0.233097,-1.088837,2.984141
-0.123393,-0.981797,2.594398
-0.233687,-1.134137,2.910977
-0.117061,-1.016332,2.479754
-0.296953,0.529075,3.053203
-0.292231,0.330032,3.060973
-0.486542,0.225505,3.032429
-0.086050,0.226851,3.055545
-0.726631,0.200675,2.876407
0.174175,0.177493,3.011013
-0.840197,0.074919,3.011013
0.292781,0.068351,2.637619
-0.865991,-0.008467,2.543585
0.332276,-0.008806,2.721497
-0.262413,-0.045803,3.046637
-0.253180,-0.107325,2.983991
-0.337676,-0.200866,2.954965
-0.153466,-0.189182,2.976550
-0.293971,-0.718233,3.013360
-0.148511,-0.648318,2.781515
-0.232694,-1.087074,2.970012
-0.124928,-0.970984,2.542795
-0.233343,-1.132010,2.896955
-0.119195,-1.004395,2.425596
-0.291364,0.536028,2.970397
-0.285736,0.336966,2.978180
-0.479538,0.229727,2.955512
-0.081959,0.230669,2.972323
-0.693808,0.164145,2.814827
0.150877,0.141349,2.935649
-0.762388,-0.019429,2.935649
0.232375,-0.022977,2.586748
-0.776069,-0.115016,2.504382
0.260172,-0.114593,2.663168
-0.259296,-0.039848,2.962700
-0.251330,-0.101539,2.899900
-0.336270,-0.193788,2.874323
-0.153067,-0.183184,2.888788
-0.305761,-0.694095,2.882048
-0.149539,-0.638062,2.729382
-0.239156,-1.082175,2.918414
-0.126606,-0.961522,2.496470
-0.240131,-1.125911,2.841676
-0.121638,-0.994067,2.377172
-0.290125,0.543597,2.838995
-0.280572,0.345854,2.847034
-0.473548,0.235514,2.836037
-0.080777,0.236939,2.841389
-0.657844,0.123210,2.726328
0.120090,0.100107,2.819545
-0.696556,-0.102316,2.819545
0.169059,-0.107543,2.521030
-0.702592,-0.205180,2.450137
0.187316,-0.211486,2.579755
-0.256808,-0.031823,2.834924
-0.250433,-0.094086,2.772753
-0.335143,-0.184746,2.754148
-0.154233,-0.175494,2.756500
-0.313099,-0.662788,2.705823
-0.151628,-0.631737,2.667672
-0.250641,-1.064736,2.772469
-0.128577,-0.951962,2.454166
-0.252151,-1.108507,2.685488
-0.123810,-0.983991,2.333840
-0.289925,0.550139,2.725910
-0.277317,0.353420,2.734607
-0.469310,0.241207,2.733887
-0.081026,0.242083,2.728216
-0.627706,0.088490,2.649017
0.093208,0.065748,2.719922
-0.643716,-0.169267,2.719922
0.117406,-0.175189,2.465133
-0.643782,-0.277827,2.405017
0.129723,-0.285133,2.512485
-0.255826,-0.024850,2.724381
-0.250993,-0.087536,2.662647
-0.335456,-0.176567,2.648851
-0.156596,-0.168982,2.643008
-0.321289,-0.636065,2.557070
-0.153738,-0.626797,2.612101
-0.258911,-1.051235,2.649215
-0.130823,-0.943463,2.416188
-0.260524,-1.095792,2.556173
-0.126259,-0.975589,2.295918
-0.290564,0.556224,2.629814
-0.275206,0.359933,2.640276
-0.466276,0.246212,2.643518
-0.081708,0.246800,2.632847
-0.602204,0.058972,2.582203
0.069465,0.037333,2.633038
-0.600171,-0.224647,2.633038
0.074770,-0.230347,2.417576
-0.595519,-0.338076,2.366519
0.081968,-0.345485,2.455935
-0.255601,-0.018870,2.630947
-0.251787,-0.081865,2.569382
-0.335975,-0.169380,2.558641
-0.158857,-0.163387,2.547480
-0.327490,-0.614647,2.437656
-0.155945,-0.622714,2.561500
-0.267024,-1.038426,2.534871
-0.133435,-0.935909,2.382546
-0.268451,-1.083763,2.436497
-0.129196,-0.968904,2.263842
-0.292615,0.561938,2.543626
-0.275000,0.366688,2.554004
-0.465179,0.250987,2.561826
-0.083797,0.251276,2.546954
-0.580681,0.033420,2.520195
0.048257,0.013608,2.556216
-0.563848,-0.271511,2.556216
0.037366,-0.276383,2.374433
-0.555179,-0.389381,2.331476
0.040457,-0.396261,2.404793
-0.256594,-0.012955,2.545527
-0.253612,-0.076324,2.484118
-0.337430,-0.162608,2.475873
-0.161917,-0.157862,2.460486
-0.333329,-0.596312,2.334195
-0.158194,-0.619169,2.512146
-0.274643,-1.027442,2.434368
-0.136439,-0.928966,2.352535
-0.275885,-1.073653,2.332356
-0.133040,-0.961719,2.234098
-0.295982,0.567577,2.465911
-0.275938,0.373186,2.477618
-0.465312,0.256255,2.487570
-0.086934,0.255769,2.469797
-0.562997,0.011794,2.463229
0.028453,-0.006304,2.485469
-0.532832,-0.311928,2.485469
0.004279,-0.315108,2.334682
-0.520444,-0.433678,2.298439
0.003334,-0.437662,2.355160
-0.258593,-0.007240,2.468223
-0.256288,-0.070825,2.406647
-0.339635,-0.156072,2.400218
-0.165815,-0.152104,2.381127
-0.338645,-0.580529,2.245016
-0.160612,-0.615597,2.463602
-0.281788,-1.017739,2.346543
-0.139475,-0.922401,2.325293
-0.282814,-1.064736,2.241878
-0.136869,-0.954881,2.207198
-0.300073,0.572928,2.395917
-0.278093,0.379382,2.407770
-0.466579,0.261117,2.419230
-0.090724,0.260400,2.400177
-0.548263,-0.006814,2.410072
0.009991,-0.022845,2.421030
-0.506336,-0.346052,2.421030
-0.025349,-0.346891,2.295831
-0.490472,-0.469854,2.264126
-0.029587,-0.471054,2.307487
-0.261647,-0.001824,2.397908
-0.259858,-0.065641,2.336258
-0.342866,-0.149993,2.330661
-0.170309,-0.146716,2.310017
-0.343684,-0.567110,2.166993
-0.163297,-0.611873,2.413466
-0.287947,-1.009380,2.270314
-0.142299,-0.916343,2.300565
-0.288742,-1.056897,2.163501
-0.140392,-0.948575,2.182871
-0.303960,0.577780,2.334961
-0.280443,0.384823,2.347051
-0.468163,0.265331,2.359354
-0.094377,0.264458,2.339319
-0.535980,-0.022804,2.362441
-0.006260,-0.036854,2.364420
-0.483912,-0.374049,2.364420
-0.051213,-0.373018,2.259016
-0.465653,-0.498001,2.231171
-0.058008,-0.496724,2.262992
-0.264589,0.002879,2.336447
-0.263202,-0.061113,2.274647
-0.345959,-0.144684,2.269069
-0.174323,-0.142008,2.248139
-0.348007,-0.555893,2.099885
-0.165662,-0.608414,2.365642
-0.293368,-1.002437,2.203601
-0.144917,-0.910614,2.277766
-0.293967,-1.050147,2.095023
-0.143606,-0.942596,2.160390
-0.308799,0.582446,2.278340
-0.283880,0.390015,2.290709
-0.471225,0.269064,2.302634
-0.099078,0.268375,2.282949
-0.526949,-0.036170,2.315426
-0.021888,-0.047859,2.310570
-0.469837,-0.392481,2.310570
-0.073582,-0.391389,2.217135
-0.450071,-0.514285,2.192041
-0.082259,-0.511122,2.215479
-0.268326,0.007162,2.279264
-0.267154,-0.057015,2.217342
-0.349702,-0.139999,2.211426
-0.178726,-0.137625,2.190962
-0.352034,-0.546201,2.040150
-0.167858,-0.601656,2.307781
-0.298124,-0.996580,2.145037
-0.147714,-0.904516,2.255635
-0.298513,-1.044222,2.034961
-0.146196,-0.936954,2.139062
-0.313666,0.586814,2.226990
-0.288115,0.394975,2.238642
-0.475013,0.272842,2.249702
-0.103978,0.272058,2.232004
-0.521776,-0.046128,2.269177
-0.036142,-0.055969,2.261128
-0.465816,-0.400220,2.261128
-0.090202,-0.399857,2.171297
-0.446139,-0.518822,2.147030
-0.099282,-0.513746,2.166229
-0.272388,0.011217,2.227139
-0.271158,-0.053181,2.165293
-0.353535,-0.135630,2.158607
-0.182932,-0.133550,2.139622
-0.355653,-0.537457,1.986530
-0.169935,-0.592708,2.246163
-0.302157,-0.991262,2.093481
-0.150450,-0.900000,2.235638
-0.302305,-1.038884,1.982054
-0.148993,-0.932370,2.119499
-0.317974,0.590724,2.181715
-0.291714,0.399262,2.193125
-0.478338,0.276105,2.203567
-0.108368,0.275329,2.186997
-0.518360,-0.054115,2.227629
-0.048710,-0.062426,2.217255
-0.468512,-0.400532,2.217255
-0.102201,-0.402282,2.127023
-0.449967,-0.514641,2.103130
-0.110785,-0.509380,2.120980
-0.275839,0.014750,2.181455
-0.274589,-0.049818,2.119651
-0.356865,-0.131812,2.112380
-0.186525,-0.129980,2.094416
-0.359207,-0.530077,1.938819
-0.171997,-0.584285,2.190417
-0.305740,-0.986454,2.047451
-0.153607,-0.896200,2.216715
-0.305713,-1.034110,1.934739
-0.152142,-0.928525,2.101163
-0.322014,0.594280,2.140848
-0.295245,0.403154,2.152045
-0.481905,0.279069,2.161670
-0.112612,0.278296,2.146462
-0.519298,-0.058378,2.186704
-0.059698,-0.066613,2.177028
-0.483257,-0.390397,2.177028
-0.105316,-0.394701,2.078668
-0.468434,-0.496168,2.053694
-0.111906,-0.493538,2.074837
-0.279187,0.017982,2.140218
-0.277834,-0.046740,2.078480
-0.360054,-0.128365,2.070655
-0.189857,-0.126732,2.053642
-0.362878,-0.524312,1.897395
-0.174285,-0.577003,2.137165
-0.308943,-0.982047,2.005904
-0.157844,-0.894652,2.194520
-0.308765,-1.029765,1.891961
-0.156170,-0.926808,2.080111
-0.326323,0.597611,2.103027
-0.299429,0.406774,2.113853
-0.486431,0.281851,2.122210
-0.117039,0.281055,2.109114
-0.531783,-0.054755,2.139785
-0.066975,-0.065027,2.136991
-0.529322,-0.350358,2.136991
-0.087403,-0.363206,2.010880
-0.530436,-0.436320,1.974860
-0.083764,-0.446367,2.015048
-0.282886,0.021092,2.102072
-0.281294,-0.043767,2.040457
-0.363570,-0.125183,2.031723
-0.193161,-0.123656,2.016315
-0.366577,-0.518675,1.860359
-0.177752,-0.567150,2.078360
-0.311773,-0.977699,1.968773
-0.161984,-0.894552,2.158557
-0.311280,-1.025419,1.854124
-0.159960,-0.927593,2.046016
-0.330230,0.600593,2.069092
-0.303375,0.409989,2.079710
-0.490701,0.284347,2.086947
-0.121106,0.283522,2.075621
-0.548349,-0.046806,2.095022
-0.071334,-0.060320,2.099910
-0.581478,-0.302721,2.099910
-0.062181,-0.324952,1.946207
-0.597208,-0.370787,1.900178
-0.047681,-0.393805,1.958846
-0.286258,0.023887,2.067908
-0.284397,-0.041088,2.006380
-0.366712,-0.122348,1.996925
-0.196129,-0.120876,1.982736
-0.370542,-0.515017,1.830272
-0.181382,-0.557943,2.024900
-0.314397,-0.973888,1.935821
-0.165592,-0.894958,2.121069
-0.313625,-1.021443,1.820683
-0.163158,-0.929019,2.010520
-0.333964,0.603322,2.038304
-0.307286,0.412897,2.048704
-0.494947,0.286793,2.054822
-0.124938,0.285812,2.045260
-0.570322,-0.031548,2.050892
-0.072243,-0.050453,2.065075
-0.646512,-0.236425,2.065075
-0.025389,-0.270092,1.881469
-0.675057,-0.289772,1.824154
0.003149,-0.324550,1.902284
-0.289584,0.026553,2.036891
-0.287415,-0.038515,1.975436
-0.369762,-0.119703,1.965265
-0.198995,-0.118205,1.952305
-0.374676,-0.511455,1.805238
-0.185202,-0.548725,1.974943
-0.316970,-0.969944,1.907175
-0.170432,-0.895101,2.073117
-0.315819,-1.017475,1.792033
-0.167501,-0.930693,1.964310
-0.337502,0.605800,2.009632
-0.311193,0.415546,2.019543
-0.499846,0.289367,2.024019
-0.128747,0.288189,2.016682
-0.602277,0.000475,2.002118
-0.063619,-0.025226,2.025991
-0.702981,-0.161768,2.025991
0.034573,-0.177460,1.821414
-0.744076,-0.191146,1.756420
0.083452,-0.208910,1.835268
-0.292959,0.029294,2.007800
-0.290536,-0.035783,1.946419
-0.373068,-0.117043,1.935073
-0.201755,-0.115516,1.924134
-0.378734,-0.508044,1.783428
-0.190134,-0.538431,1.922898
-0.320205,-0.965927,1.882300
-0.179239,-0.893887,2.012635
-0.318817,-1.013429,1.767492
-0.176067,-0.931287,1.905209
-0.340774,0.608055,1.983384
-0.314848,0.417984,1.992713
-0.504859,0.291981,1.995572
-0.132173,0.290492,1.990542
-0.635662,0.038032,1.956344
-0.050943,0.006523,1.988185
-0.783516,-0.030251,1.988185
0.096252,-0.075438,1.760226
-0.806962,-0.096550,1.703173
0.163343,-0.084624,1.774928
-0.296152,0.032015,1.981111
-0.293495,-0.033034,1.919798
-0.376244,-0.114502,1.907408
-0.204277,-0.112897,1.898358
-0.382599,-0.505026,1.764465
-0.194853,-0.528833,1.875317
-0.324418,-0.961519,1.861981
-0.188667,-0.892621,1.953626
-0.322934,-1.008854,1.748096
-0.185378,-0.931794,1.847394
-0.343719,0.610175,1.958927
-0.318354,0.420313,1.967143
-0.510050,0.295122,1.968179
-0.135230,0.292989,1.965682
-0.669505,0.084289,1.911909
-0.029163,0.050418,1.948066
-0.831943,0.064842,1.948066
0.160959,0.035159,1.710679
-0.860597,0.023678,1.650005
0.236873,0.043755,1.723218
-0.299402,0.034972,1.955619
-0.296548,-0.029950,1.894337
-0.379639,-0.111745,1.880737
-0.206793,-0.110152,1.873945
-0.386419,-0.502011,1.747602
-0.199778,-0.519929,1.829837
-0.329374,-0.956523,1.845238
-0.202557,-0.891127,1.894382
-0.327861,-1.003691,1.732379
-0.199589,-0.931869,1.789151
-0.346308,0.612115,1.936835
-0.321454,0.422435,1.944214
-0.514806,0.298099,1.943601
-0.137936,0.295309,1.943278
-0.699365,0.127491,1.873623
-0.008199,0.092405,1.913228
-0.885783,0.181080,1.913228
0.214088,0.132697,1.671150
-0.909845,0.123196,1.610614
0.298267,0.156333,1.681684
-0.302337,0.037699,1.932656
-0.299326,-0.027080,1.871371
-0.382743,-0.109199,1.856695
-0.209071,-0.107629,1.851881
-0.390313,-0.499364,1.734030
-0.204164,-0.512032,1.789510
-0.334384,-0.951633,1.831339
-0.216845,-0.889714,1.840847
-0.332875,-0.998626,1.719713
-0.214271,-0.931812,1.736555
-0.348610,0.614173,1.915498
-0.324324,0.424712,1.921850
-0.519554,0.302132,1.919493
-0.140225,0.298320,1.921028
-0.726557,0.177128,1.837466
0.016765,0.144163,1.877446
-0.929511,0.293081,1.877446
0.263713,0.234572,1.638289
-0.952636,0.223503,1.577560
0.352358,0.270437,1.646692
-0.305306,0.041033,1.909809
-0.302212,-0.023429,1.848392
-0.386096,-0.105969,1.832342
-0.211421,-0.104546,1.829934
-0.393653,-0.496502,1.720454
-0.207994,-0.504355,1.750778
-0.338524,-0.946753,1.817980
-0.226057,-0.889175,1.797510
-0.337004,-0.993541,1.707449
-0.223615,-0.932453,1.694357
-0.350614,0.616050,1.896322
-0.326841,0.426840,1.901655
-0.523871,0.306062,1.897682
-0.142165,0.301290,1.900719
-0.749641,0.224705,1.805912
0.039573,0.192122,1.846219
-0.962344,0.374477,1.846219
0.304195,0.322107,1.606503
-0.986739,0.320369,1.545325
0.396589,0.369974,1.617984
-0.307974,0.044253,1.888997
-0.304831,-0.019850,1.827406
-0.389169,-0.102824,1.810088
-0.213544,-0.101523,1.809834
-0.396686,-0.493801,1.708729
-0.211298,-0.497431,1.716315
-0.342310,-0.941799,1.806762
-0.235935,-0.888401,1.755924
-0.340776,-0.988353,1.697413
-0.233750,-0.932773,1.653672
-0.352290,0.617924,1.878498
-0.329036,0.429020,1.882727
-0.527842,0.310348,1.877397
-0.143663,0.304500,1.881553
-0.769084,0.269349,1.778411
0.059686,0.236958,1.818353
-0.990675,0.456877,1.818353
0.337366,0.401176,1.584528
-1.017598,0.404013,1.522823
0.433029,0.460154,1.594260
-0.310449,0.047717,1.869270
-0.307306,-0.015952,1.807452
-0.392127,-0.099431,1.788969
-0.215562,-0.098230,1.790629
-0.399436,-0.491178,1.697903
-0.214184,-0.491005,1.685000
-0.345178,-0.937063,1.796280
-0.244537,-0.887604,1.719346
-0.343561,-0.983373,1.687994
-0.242584,-0.932926,1.617931
-0.353277,0.620271,1.860264
-0.330552,0.431995,1.863176
-0.531159,0.316752,1.856616
-0.144531,0.309158,1.861297
-0.783987,0.316134,1.753158
0.077560,0.281133,1.791629
-1.011741,0.536345,1.791629
0.363618,0.474818,1.569395
-1.042411,0.486125,1.508020
0.460491,0.544245,1.575953
-0.312632,0.052937,1.848098
-0.309607,-0.009935,1.785835
-0.395045,-0.093864,1.766298
-0.217513,-0.092856,1.769268
-0.401739,-0.489042,1.687028
-0.216557,-0.483968,1.654995
-0.348554,-0.932591,1.785756
-0.250312,-0.886332,1.684989
-0.347031,-0.978352,1.678252
-0.248561,-0.932600,1.584479
-0.353382,0.622772,1.842199
-0.331460,0.435478,1.843060
-0.533639,0.323973,1.836139
-0.144523,0.314596,1.840545
-0.794610,0.361905,1.730336
0.092538,0.321042,1.767205
-1.026183,0.609479,1.767205
0.382984,0.542069,1.559702
-1.061137,0.563421,1.498616
0.477727,0.621941,1.562817
-0.314393,0.058757,1.826170
-0.311563,-0.003296,1.763430
-0.397694,-0.087532,1.742709
-0.219163,-0.086997,1.747128
-0.403974,-0.486709,1.676279
-0.218573,-0.477598,1.627721
-0.352650,-0.927868,1.775364
-0.255483,-0.885213,1.654875
-0.351286,-0.973044,1.668534
-0.253946,-0.932309,1.555216
-0.352918,0.625234,1.824812
-0.331975,0.438915,1.824089
-0.535599,0.331262,1.817070
-0.144088,0.320137,1.820764
-0.802670,0.402833,1.710691
0.105242,0.356404,1.745351
-1.035880,0.673556,1.745351
0.398581,0.600831,1.553529
-1.075799,0.632601,1.492429
0.485560,0.686290,1.554671
-0.315872,0.064525,1.805497
-0.313288,0.003282,1.742311
-0.400092,-0.081350,1.720873
-0.220676,-0.081052,1.725700
-0.406148,-0.484286,1.665767
-0.220341,-0.471825,1.603238
-0.356846,-0.923370,1.764651
-0.259892,-0.884133,1.627591
-0.355618,-0.967987,1.658438
-0.258567,-0.931987,1.528683
-0.349608,0.628140,1.798212
-0.330610,0.443248,1.795513
-0.535231,0.340104,1.790830
-0.142246,0.328194,1.790028
-0.806875,0.440205,1.688271
0.115793,0.393285,1.716825
-1.049435,0.725664,1.716825
0.412964,0.653574,1.543105
-1.091332,0.690678,1.486160
0.498078,0.745792,1.539880
-0.316154,0.071554,1.775575
-0.314203,0.011134,1.712105
-0.401667,-0.073830,1.690981
-0.221742,-0.073471,1.694267
-0.410987,-0.477570,1.636861
-0.221504,-0.465919,1.577801
-0.384364,-0.901269,1.689483
-0.264882,-0.882460,1.604177
-0.385885,-0.943017,1.580800
-0.264116,-0.930374,1.506151
-0.345659,0.630904,1.771345
-0.329006,0.447440,1.767296
-0.534310,0.348538,1.765163
-0.140258,0.335930,1.759749
-0.810173,0.472093,1.667929
0.124693,0.425616,1.690246
-1.058518,0.773405,1.690246
0.425022,0.700484,1.533033
-1.100958,0.745423,1.479125
0.508022,0.798469,1.525874
-0.316235,0.078162,1.746491
-0.314942,0.018452,1.682853
-0.402995,-0.066810,1.662466
-0.222707,-0.066354,1.663664
-0.415636,-0.470808,1.606712
-0.222488,-0.460601,1.554639
-0.419854,-0.874318,1.610240
-0.269648,-0.880393,1.583429
-0.424744,-0.911664,1.499662
-0.269579,-0.927999,1.486481
-0.341228,0.633439,1.740931
-0.327344,0.451628,1.737698
-0.532683,0.356277,1.737519
-0.138261,0.343514,1.726035
-0.812809,0.498664,1.648219
0.132461,0.453643,1.662660
-1.067650,0.810411,1.662660
0.434742,0.741306,1.525542
-1.112785,0.787913,1.474548
0.515523,0.843756,1.510800
-0.316053,0.084286,1.716186
-0.315497,0.025149,1.652455
-0.404027,-0.060288,1.633232
-0.223538,-0.059771,1.631799
-0.419747,-0.463997,1.572206
-0.223330,-0.455858,1.533022
-0.436426,-0.853391,1.553768
-0.275507,-0.875983,1.566946
-0.438577,-0.882135,1.456406
-0.276747,-0.921843,1.471653
-0.337003,0.635783,1.712200
-0.325781,0.455537,1.709819
-0.530861,0.363102,1.711465
-0.136431,0.350343,1.694604
-0.814234,0.521326,1.629916
0.139067,0.477662,1.637141
-1.074292,0.838118,1.637141
0.441588,0.776697,1.520175
-1.122533,0.821835,1.472631
0.519420,0.882351,1.496012
-0.315773,0.089720,1.687623
-0.315897,0.031049,1.623810
-0.404807,-0.054478,1.605699
-0.224210,-0.053920,1.601806
-0.423469,-0.457911,1.539367
-0.224068,-0.451653,1.513432
-0.451038,-0.834364,1.501906
-0.282357,-0.870624,1.553098
-0.450487,-0.854324,1.417037
-0.285248,-0.914177,1.459521
-0.333290,0.637576,1.680617
-0.324701,0.459157,1.680788
-0.528991,0.368385,1.683561
-0.135406,0.355988,1.660385
-0.813992,0.537384,1.610552
0.144135,0.496151,1.608803
-1.078874,0.848669,1.608803
0.436407,0.792155,1.515883
-1.130828,0.839137,1.473189
0.518183,0.906450,1.477880
-0.315447,0.094164,1.657752
-0.316254,0.035790,1.593859
-0.405354,-0.049694,1.577185
-0.224830,-0.049079,1.570397
-0.426744,-0.453208,1.506358
-0.224702,-0.448044,1.495457
-0.463199,-0.823987,1.454494
-0.285390,-0.865817,1.536173
-0.463068,-0.842168,1.371567
-0.286032,-0.898744,1.445596
-0.331238,0.638891,1.654944
-0.324005,0.462229,1.650922
-0.527056,0.372223,1.654659
-0.134942,0.360619,1.626323
-0.811442,0.543479,1.588720
0.147435,0.507932,1.576979
-1.081128,0.835774,1.576979
0.425370,0.787924,1.510989
-1.137315,0.831702,1.474597
0.512132,0.914789,1.453772
-0.315130,0.097551,1.627252
-0.316516,0.039338,1.563322
-0.405618,-0.046053,1.547509
-0.225363,-0.045202,1.539223
-0.429712,-0.452540,1.479110
-0.225280,-0.444950,1.478740
-0.474049,-0.816647,1.410185
-0.287531,-0.863613,1.520751
-0.474254,-0.832874,1.328882
-0.288354,-0.894606,1.431235
-0.329666,0.639888,1.630256
-0.323512,0.464874,1.622618
-0.525193,0.375031,1.626667
-0.134830,0.364458,1.594091
-0.807543,0.543628,1.567340
0.149563,0.515122,1.545639
-1.081356,0.811689,1.545639
0.411135,0.769800,1.507271
-1.141663,0.811839,1.477680
0.480136,0.871410,1.411872
-0.314850,0.100231,1.598480
-0.316746,0.042096,1.534528
-0.405788,-0.043128,1.519548
-0.225849,-0.042081,1.509961
-0.432412,-0.452626,1.453003
-0.225815,-0.442291,1.463361
-0.483529,-0.810800,1.368931
-0.289217,-0.861720,1.506501
-0.484075,-0.825577,1.288661
-0.290203,-0.891070,1.417878
-0.328608,0.640574,1.606234
-0.323365,0.467083,1.595245
-0.523420,0.376632,1.598650
-0.135054,0.367491,1.563448
-0.802104,0.535988,1.545636
0.150768,0.515918,1.512324
-1.079243,0.773615,1.512324
0.395561,0.739017,1.504322
-1.143413,0.775915,1.482138
0.453981,0.818989,1.363702
-0.314701,0.102184,1.570813
-0.316976,0.044039,1.506838
-0.405869,-0.040982,1.492262
-0.226299,-0.039689,1.482319
-0.434868,-0.453503,1.427927
-0.226312,-0.440045,1.449176
-0.491786,-0.806388,1.330921
-0.290525,-0.860114,1.493389
-0.492587,-0.820175,1.251208
-0.291612,-0.888090,1.405496
-0.328927,0.640625,1.580465
-0.324590,0.468561,1.565368
-0.521706,0.376244,1.567061
-0.136860,0.368891,1.530420
-0.794111,0.516181,1.520562
0.148905,0.505891,1.474062
-1.073011,0.715304,1.474062
0.375193,0.684019,1.500209
-1.140368,0.716267,1.486232
0.428000,0.742155,1.298911
-0.315344,0.102580,1.540826
-0.317838,0.044199,1.476818
-0.406290,-0.040274,1.462629
-0.227405,-0.038744,1.452941
-0.437600,-0.455812,1.401464
-0.227193,-0.438700,1.434718
-0.499455,-0.803988,1.293162
-0.291711,-0.858946,1.480833
-0.500548,-0.817345,1.213361
-0.292867,-0.885870,1.393440
-0.332721,0.639076,1.554531
-0.326060,0.469726,1.537673
-0.520154,0.375165,1.537091
-0.138903,0.369766,1.500095
-0.785866,0.493707,1.496860
0.145026,0.490496,1.436859
-1.065822,0.655127,1.436859
0.353178,0.619322,1.496165
-1.135867,0.654012,1.489877
0.401515,0.655261,1.235835
-0.316144,0.102520,1.513064
-0.318758,0.043858,1.449018
-0.406719,-0.040060,1.434891
-0.228539,-0.038233,1.426079
-0.440119,-0.458518,1.376797
-0.228080,-0.437738,1.421264
-0.506142,-0.802456,1.259213
-0.292558,-0.858050,1.469087
-0.507438,-0.815708,1.179107
-0.293732,-0.884183,1.382029
-0.338112,0.637587,1.528365
-0.329029,0.470466,1.507222
-0.520695,0.372531,1.504031
-0.142426,0.369502,1.467810
-0.776809,0.459264,1.469809
0.134040,0.462791,1.396434
-1.053573,0.573978,1.396434
0.324817,0.529562,1.489720
-1.124544,0.565915,1.491319
0.368059,0.539991,1.169059
-0.318061,0.101882,1.483138
-0.320647,0.042872,1.419172
-0.408216,-0.040592,1.404528
-0.230300,-0.038466,1.398041
-0.442837,-0.461993,1.351408
-0.229218,-0.438837,1.408115
-0.511967,-0.802146,1.226662
-0.293079,-0.858009,1.456672
-0.513410,-0.815664,1.145880
-0.294294,-0.883325,1.369652
-0.344325,0.635692,1.502627
-0.332234,0.470995,1.478721
-0.521418,0.369791,1.473156
-0.146135,0.369034,1.438267
-0.767956,0.425577,1.445059
0.120793,0.433213,1.359232
-1.040684,0.496348,1.359232
0.293623,0.438783,1.483469
-1.112037,0.481482,1.492135
0.333606,0.426170,1.111655
-0.320169,0.101043,1.455342
-0.322651,0.041674,1.391486
-0.409800,-0.041309,1.376107
-0.232223,-0.038917,1.372092
-0.445649,-0.465625,1.327109
-0.230345,-0.440316,1.395869
-0.517350,-0.802410,1.196533
-0.293290,-0.858128,1.445108
-0.518914,-0.816423,1.114893
-0.294499,-0.882784,1.358013
-0.352819,0.633744,1.474984
-0.337581,0.471691,1.447652
-0.522772,0.366546,1.438654
-0.151456,0.368078,1.407302
-0.755665,0.386986,1.417515
0.101610,0.395300,1.320591
-1.019407,0.410611,1.320591
0.253048,0.332944,1.474435
-1.088682,0.386262,1.489779
0.287882,0.296027,1.061875
-0.323849,0.099789,1.425154
-0.325886,0.039942,1.361484
-0.412295,-0.042328,1.344906
-0.235393,-0.039698,1.344444
-0.449454,-0.469644,1.301163
-0.231914,-0.442598,1.382713
-0.523153,-0.803474,1.166657
-0.293171,-0.858678,1.432106
-0.524797,-0.818210,1.083827
-0.294261,-0.882877,1.344609
-0.361548,0.631717,1.448708
-0.342857,0.472194,1.419025
-0.524092,0.363465,1.406193
-0.156754,0.367063,1.379028
-0.743737,0.351784,1.392785
0.082796,0.359496,1.286598
-0.998092,0.332704,1.286598
0.212812,0.234272,1.466397
-1.065016,0.299999,1.487766
0.242901,0.177613,1.022841
-0.327613,0.098466,1.397179
-0.329117,0.038192,1.333687
-0.414727,-0.043338,1.316089
-0.238675,-0.040481,1.318651
-0.453276,-0.473572,1.276701
-0.233587,-0.445206,1.369871
-0.528556,-0.804778,1.139400
-0.292825,-0.859397,1.419068
-0.530206,-0.820321,1.055375
-0.293708,-0.883276,1.331026
-0.371340,0.629315,1.420745
-0.349004,0.472242,1.388115
-0.523973,0.361196,1.370083
-0.163464,0.365971,1.350317
-0.730241,0.317414,1.366918
0.057674,0.320688,1.254170
-0.973610,0.261275,1.254170
0.165319,0.138420,1.455579
-1.037487,0.220923,1.482146
0.187724,0.062582,0.996406
-0.332505,0.096460,1.366369
-0.332985,0.035772,1.303146
-0.417193,-0.044237,1.284078
-0.243048,-0.041393,1.291009
-0.456935,-0.477310,1.253626
-0.235947,-0.448829,1.354248
-0.533388,-0.805909,1.115850
-0.292214,-0.860758,1.401255
-0.534809,-0.822229,1.030854
-0.292455,-0.884536,1.312293
-0.381038,0.626849,1.394024
-0.354860,0.472080,1.359383
-0.523538,0.359093,1.336036
-0.170009,0.364863,1.324083
-0.717945,0.285533,1.343306
0.033661,0.285249,1.226065
-0.950446,0.197320,1.226065
0.120483,0.055111,1.444709
-1.011465,0.150424,1.475734
0.136028,-0.035904,0.977653
-0.337253,0.094419,1.337844
-0.336616,0.033353,1.274945
-0.419416,-0.045105,1.253950
-0.247202,-0.042353,1.265810
-0.460310,-0.480860,1.232289
-0.238844,-0.453079,1.337405
-0.537673,-0.807068,1.094779
-0.291994,-0.862645,1.380100
-0.538777,-0.824205,1.008908
-0.291361,-0.886493,1.290086
-0.390671,0.623991,1.367428
-0.360478,0.471286,1.331033
-0.522404,0.357061,1.302597
-0.176492,0.363933,1.299759
-0.708088,0.261842,1.323079
0.009348,0.252374,1.201292
-0.929087,0.140207,1.201292
0.077737,-0.017741,1.432464
-0.987657,0.087804,1.467141
0.086983,-0.120828,0.964306
-0.341945,0.092284,1.310434
-0.340002,0.030899,1.248039
-0.421298,-0.045858,1.224466
-0.251169,-0.043362,1.242437
-0.463465,-0.484118,1.212664
-0.241876,-0.457994,1.318015
-0.541568,-0.808114,1.076074
-0.291168,-0.865057,1.352370
-0.542275,-0.826052,0.989495
-0.289148,-0.889182,1.261173
-0.398794,0.618755,1.338378
-0.363566,0.466826,1.298645
-0.518939,0.351811,1.264380
-0.182833,0.363057,1.277007
-0.696720,0.238354,1.301990
-0.017431,0.220175,1.178664
-0.905837,0.086467,1.178664
0.032933,-0.082975,1.419346
-0.961816,0.029391,1.457559
0.036109,-0.195488,0.956043
-0.345946,0.088762,1.281422
-0.342327,0.027373,1.220415
-0.421745,-0.047918,1.193168
-0.254685,-0.044811,1.220255
-0.467010,-0.487541,1.194049
-0.243371,-0.463888,1.293062
-0.545950,-0.809547,1.059440
-0.285470,-0.867858,1.310499
-0.545949,-0.828115,0.972345
-0.280414,-0.892642,1.218231
-0.406302,0.613367,1.310804
-0.366082,0.462145,1.268756
-0.514887,0.345543,1.227954
-0.188980,0.362145,1.255978
-0.685883,0.216803,1.282403
-0.042187,0.191439,1.159174
-0.884720,0.039283,1.159174
-0.007047,-0.138420,1.407633
-0.938518,-0.021539,1.449141
-0.008702,-0.258354,0.950255
-0.349550,0.085236,1.254993
-0.344251,0.023811,1.195222
-0.421874,-0.050087,1.164755
-0.257807,-0.046444,1.199872
-0.470503,-0.490900,1.176594
-0.244675,-0.470111,1.266396
-0.550246,-0.811218,1.044385
-0.279397,-0.870673,1.264624
-0.549397,-0.830406,0.956820
-0.270995,-0.896223,1.171555
-0.413150,0.607210,1.282941
-0.367697,0.456247,1.238583
-0.507874,0.334404,1.188432
-0.196728,0.360920,1.234105
-0.672227,0.189689,1.258663
-0.066966,0.165162,1.141326
-0.782761,-0.059576,1.141326
-0.046200,-0.185518,1.300286
-0.861916,-0.101172,1.375175
-0.052033,-0.310842,0.946547
-0.352287,0.080179,1.228777
-0.344863,0.018481,1.170216
-0.419551,-0.054179,1.136632
-0.260500,-0.048853,1.180337
-0.474143,-0.494989,1.158612
-0.244848,-0.477225,1.238509
-0.555229,-0.813701,1.029867
-0.271188,-0.874386,1.217334
-0.553048,-0.833445,0.941988
-0.258831,-0.900803,1.123834
-0.417671,0.601178,1.257365
-0.366375,0.450261,1.211272
-0.500762,0.322961,1.152060
-0.203539,0.359619,1.214634
-0.633373,0.145047,1.194690
-0.089667,0.141794,1.125608
-0.643974,-0.156698,1.125608
-0.081591,-0.225601,1.177970
-0.751624,-0.184197,1.287356
-0.091721,-0.353671,0.945358
-0.354412,0.075474,1.205187
-0.345083,0.013418,1.147726
-0.417158,-0.058117,1.111393
-0.262733,-0.051228,1.162690
-0.477580,-0.498922,1.141971
-0.244630,-0.484220,1.211403
-0.560021,-0.816296,1.016789
-0.262988,-0.877966,1.171953
-0.556383,-0.836614,0.928677
-0.246602,-0.905335,1.078430
-0.424570,0.578980,1.217078
-0.364469,0.444189,1.185963
-0.491880,0.308960,1.115317
-0.209847,0.357942,1.196488
-0.595065,0.101445,1.133455
-0.110934,0.120467,1.110596
-0.536618,-0.231017,1.110596
-0.113759,-0.259977,1.078092
-0.653704,-0.254203,1.204306
-0.128162,-0.388398,0.943628
-0.356061,0.070030,1.182615
-0.344693,0.007523,1.126321
-0.414214,-0.063347,1.086947
-0.264608,-0.054169,1.146062
-0.481208,-0.503426,1.125527
-0.243481,-0.491652,1.183914
-0.565275,-0.819656,1.004550
-0.253373,-0.881922,1.126575
-0.559716,-0.840484,0.916414
-0.232519,-0.910273,1.033537
-0.430716,0.558305,1.180973
-0.362017,0.438053,1.162552
-0.483530,0.295931,1.082459
-0.215746,0.356044,1.179660
-0.561418,0.064653,1.077165
-0.130061,0.101607,1.097100
-0.455773,-0.281632,1.097100
-0.143003,-0.288360,1.001183
-0.572228,-0.305271,1.134011
-0.160568,-0.416007,0.943024
-0.355866,0.065053,1.162123
-0.342001,0.002275,1.106749
-0.409052,-0.068758,1.063263
-0.264419,-0.056424,1.131714
-0.483854,-0.507045,1.111788
-0.243962,-0.497383,1.157066
-0.569806,-0.822548,0.995031
-0.251023,-0.883284,1.080151
-0.562504,-0.843999,0.906789
-0.225979,-0.912508,0.988393
-0.431722,0.532111,1.144541
-0.360698,0.411868,1.130986
-0.474561,0.283193,1.051497
-0.221757,0.353137,1.162327
-0.531528,0.032862,1.026704
-0.147495,0.084636,1.083731
-0.400110,-0.326830,1.083731
-0.168983,-0.311432,0.946123
-0.510892,-0.351075,1.073808
-0.188894,-0.436244,0.940092
-0.354870,0.059458,1.143153
-0.338965,-0.002703,1.089273
-0.402824,-0.073697,1.042604
-0.263094,-0.058435,1.119088
-0.486486,-0.509511,1.100838
-0.244128,-0.501630,1.129638
-0.579394,-0.822695,0.998060
-0.249718,-0.881595,1.030309
-0.568758,-0.845254,0.909411
-0.220483,-0.911807,0.940069
