0.039621,0.555358,2.579841
0.074343,0.353676,2.613263
-0.112472,0.231050,2.601648
0.255729,0.269918,2.577847
-0.167888,-0.023648,2.542579
0.397713,0.075818,2.519481
-0.188197,-0.225123,2.519481
0.309184,-0.120092,2.405740
-0.188535,-0.289063,2.352764
0.279349,-0.186858,2.348737
0.075262,-0.004234,2.576117
0.074248,-0.059973,2.513212
-0.011944,-0.145181,2.493471
0.160271,-0.133044,2.487580
-0.030917,-0.586136,2.367338
0.164682,-0.576576,2.358063
0.019572,-1.012233,2.496912
0.171146,-0.961024,2.273105
0.013476,-1.056072,2.402205
0.160719,-0.995480,2.172679
0.039223,0.556756,2.572580
0.075552,0.355444,2.605491
-0.111371,0.232749,2.594779
0.256035,0.273656,2.568926
-0.164990,-0.021220,2.534921
0.399237,0.080596,2.509903
-0.184258,-0.222417,2.509903
0.309595,-0.115888,2.398394
-0.184238,-0.286684,2.345913
0.279886,-0.182905,2.342721
0.076709,-0.002023,2.568747
0.075368,-0.057686,2.505961
-0.010749,-0.143070,2.486787
0.161287,-0.130407,2.479897
-0.030705,-0.582500,2.358074
0.165870,-0.575365,2.358001
0.019565,-1.010383,2.485390
0.169529,-0.956359,2.285401
0.013328,-1.052951,2.388515
0.159245,-0.990060,2.186146
0.038619,0.558047,2.565951
0.076599,0.357100,2.598405
-0.110410,0.234326,2.588482
0.256066,0.277295,2.560691
-0.162261,-0.018872,2.527868
0.400091,0.084992,2.500976
-0.180293,-0.219831,2.500976
0.309957,-0.112086,2.391522
-0.179672,-0.284440,2.339501
0.280385,-0.179414,2.337360
0.078040,0.000051,2.562065
0.076400,-0.055549,2.499391
-0.009620,-0.141092,2.480746
0.162227,-0.127908,2.472937
-0.030246,-0.579186,2.350145
0.167077,-0.574292,2.358603
0.019576,-1.008675,2.474862
0.168056,-0.951984,2.297407
0.013196,-1.050086,2.376066
0.157888,-0.985024,2.199200
0.037842,0.559236,2.559927
0.077457,0.358639,2.591939
-0.109597,0.235785,2.582731
0.255891,0.280759,2.553157
-0.159702,-0.016559,2.521354
0.400342,0.088978,2.492688
-0.176384,-0.217378,2.492688
0.310266,-0.108671,2.385154
-0.175072,-0.282336,2.333570
0.280843,-0.176393,2.332643
0.079252,0.001990,2.556015
0.077346,-0.053553,2.493448
-0.008553,-0.139240,2.475297
0.163096,-0.125549,2.466645
-0.029560,-0.576191,2.343508
0.168292,-0.573357,2.359776
0.019830,-1.003625,2.463136
0.166636,-0.947985,2.309061
0.013240,-1.043532,2.362543
0.156568,-0.980452,2.211779
0.036811,0.560351,2.554477
0.078022,0.360082,2.585986
-0.108933,0.237154,2.577481
0.255355,0.284140,2.546139
-0.157351,-0.014297,2.515370
0.399618,0.092396,2.484838
-0.172592,-0.215078,2.484838
0.310491,-0.105737,2.379312
-0.170411,-0.280369,2.328133
0.281305,-0.174027,2.328590
0.080343,0.003808,2.550535
0.078199,-0.051687,2.488072
-0.007550,-0.137502,2.470388
0.163885,-0.123307,2.460963
-0.028656,-0.573512,2.338131
0.169494,-0.572552,2.361425
0.020101,-0.998565,2.452384
0.165377,-0.944320,2.320174
0.013247,-1.037136,2.350278
0.155343,-0.976298,2.223718
0.035496,0.561371,2.549556
0.078353,0.361431,2.580547
-0.108411,0.238444,2.572664
0.254564,0.287352,2.539660
-0.155204,-0.012136,2.509902
0.398183,0.095261,2.477569
-0.168945,-0.212946,2.477569
0.310609,-0.103280,2.373963
-0.165791,-0.278574,2.323189
0.281730,-0.171868,2.324903
0.081315,0.005491,2.545581
0.078963,-0.049959,2.483217
-0.006608,-0.135878,2.465980
0.164597,-0.121202,2.455840
-0.027540,-0.571129,2.333975
0.170680,-0.571863,2.363470
0.020299,-0.993478,2.442486
0.164252,-0.940968,2.330630
0.013166,-1.030847,2.339103
0.154230,-0.972528,2.234892
0.033578,0.562247,2.545000
0.078408,0.362674,2.575575
-0.108122,0.239647,2.568236
0.253445,0.290353,2.533550
-0.153288,-0.010069,2.504901
0.395961,0.097510,2.470787
-0.165367,-0.211003,2.470787
0.310511,-0.101400,2.369062
-0.161195,-0.276928,2.318718
0.281751,-0.170687,2.322109
0.082165,0.007036,2.541101
0.079624,-0.048370,2.478832
-0.005772,-0.134396,2.462028
0.165217,-0.119236,2.451214
-0.026257,-0.569054,2.330941
0.171821,-0.571275,2.365815
0.020627,-0.988517,2.433522
0.163251,-0.937923,2.340397
0.013169,-1.024829,2.329078
0.153177,-0.969128,2.245297
0.031437,0.563010,2.540888
0.078288,0.363826,2.571068
-0.107996,0.240752,2.564194
0.252124,0.293155,2.527907
-0.151564,-0.008131,2.500356
0.392953,0.099128,2.464499
-0.161932,-0.209239,2.464499
0.310226,-0.100133,2.364603
-0.156734,-0.275417,2.314704
0.281777,-0.169508,2.319468
0.082919,0.008464,2.537060
0.080205,-0.046905,2.474883
-0.005013,-0.133035,2.458499
0.165763,-0.117405,2.447057
-0.024839,-0.567266,2.328939
0.172922,-0.570782,2.368402
0.020939,-0.983705,2.425381
0.162369,-0.935153,2.349452
0.013143,-1.019079,2.320052
0.152216,-0.966056,2.254909
0.029012,0.563647,2.537173
0.077946,0.364867,2.566962
-0.108033,0.241778,2.560522
0.250641,0.295712,2.522694
-0.150009,-0.006324,2.496234
0.389083,0.099942,2.458659
-0.158667,-0.207622,2.458659
0.309759,-0.099623,2.360578
-0.152442,-0.274035,2.311108
0.281802,-0.169861,2.317792
0.083571,0.009776,2.533420
0.080696,-0.045559,2.471335
-0.004347,-0.131796,2.455373
0.166224,-0.115725,2.443319
-0.023319,-0.565753,2.327874
0.173971,-0.570384,2.371172
0.021115,-0.980866,2.418556
0.161587,-0.932655,2.357820
0.013099,-1.015426,2.312307
0.151330,-0.963304,2.263764
0.026334,0.564137,2.533798
0.077403,0.365806,2.563242
-0.108264,0.242738,2.557209
0.248898,0.298008,2.517811
-0.148615,-0.004630,2.492503
0.384281,0.099790,2.453181
-0.155566,-0.206146,2.453181
0.308926,-0.100138,2.356952
-0.148242,-0.272769,2.307921
0.281975,-0.170070,2.316127
0.084125,0.010988,2.530150
0.081094,-0.044317,2.468163
-0.003765,-0.130660,2.452634
0.166596,-0.114175,2.439964
-0.021722,-0.564504,2.327646
0.174968,-0.570070,2.374070
0.021265,-0.978307,2.412357
0.160880,-0.930401,2.365509
0.013049,-1.012124,2.305271
0.150482,-0.960836,2.271889
0.023527,0.564526,2.530792
0.076675,0.366645,2.559887
-0.108672,0.243628,2.554245
0.247032,0.300052,2.513307
-0.147361,-0.003048,2.489125
0.378234,0.097828,2.447902
-0.152621,-0.204795,2.447902
0.307465,-0.102796,2.353700
-0.144155,-0.271585,2.305128
0.282109,-0.171532,2.315103
0.084578,0.012109,2.527229
0.081393,-0.043171,2.465347
-0.003280,-0.129625,2.450264
0.166882,-0.112744,2.436970
-0.020106,-0.563500,2.328127
0.175911,-0.569828,2.377044
0.021405,-0.976005,2.406727
0.160270,-0.928372,2.372559
0.012997,-1.009160,2.298893
0.149713,-0.958627,2.279321
0.020571,0.564791,2.528073
0.075682,0.367360,2.556864
-0.109223,0.244449,2.551586
0.245006,0.301862,2.509155
-0.146245,-0.001577,2.486072
0.371884,0.095279,2.443116
-0.149808,-0.203550,2.443116
0.305534,-0.106346,2.350800
-0.140196,-0.270472,2.302703
0.282108,-0.173567,2.314612
0.084931,0.013140,2.524637
0.081601,-0.042121,2.462867
-0.002867,-0.128683,2.448247
0.167088,-0.111420,2.434318
-0.018487,-0.562728,2.329217
0.176792,-0.569651,2.380045
0.021536,-0.973945,2.401617
0.159742,-0.926532,2.379000
0.012941,-1.006518,2.293127
0.149022,-0.956638,2.286095
0.017573,0.564973,2.525647
0.074501,0.367968,2.554164
-0.109920,0.245218,2.549218
0.242836,0.303428,2.505322
-0.145248,-0.000192,2.483314
0.365477,0.092544,2.438870
-0.147133,-0.202392,2.438870
0.302642,-0.110390,2.348226
-0.136369,-0.269435,2.300596
0.281684,-0.175892,2.314566
0.085189,0.014088,2.522355
0.081718,-0.041161,2.460706
-0.002527,-0.127832,2.446560
0.167213,-0.110196,2.431988
-0.016886,-0.562178,2.330832
0.177585,-0.569560,2.383046
0.021663,-0.972116,2.396985
0.159277,-0.924880,2.384874
0.012880,-1.004181,2.287935
0.148391,-0.954859,2.292259
0.014532,0.565061,2.523464
0.073119,0.368461,2.551767
-0.110882,0.245937,2.547105
0.240496,0.304708,2.501793
-0.144376,0.001112,2.480817
0.358705,0.089043,2.435137
-0.144600,-0.201325,2.435137
0.299745,-0.115164,2.345938
-0.132702,-0.268477,2.298777
0.281277,-0.178749,2.314772
0.085314,0.014947,2.520365
0.081709,-0.040299,2.458841
-0.002300,-0.127084,2.445172
0.167227,-0.109083,2.429944
-0.015381,-0.561862,2.332880
0.178298,-0.569537,2.386021
0.021787,-0.970512,2.392802
0.158867,-0.923376,2.390224
0.012818,-1.002138,2.283286
0.147826,-0.953247,2.297858
0.011517,0.565085,2.521541
0.071595,0.368864,2.549671
-0.111986,0.246596,2.545216
0.238062,0.305754,2.498576
-0.143615,0.002306,2.478550
0.351942,0.085274,2.431870
-0.142225,-0.200350,2.431870
0.296551,-0.120320,2.343903
-0.129235,-0.267578,2.297208
0.280712,-0.181931,2.315295
0.085335,0.015725,2.518649
0.081606,-0.039525,2.457250
-0.002149,-0.126421,2.444056
0.167155,-0.108066,2.428178
-0.013994,-0.561705,2.335240
0.178946,-0.569566,2.388936
0.021909,-0.969109,2.389032
0.158506,-0.922023,2.395088
0.012760,-1.000363,2.279140
0.147319,-0.951799,2.302937
0.008540,0.565055,2.519860
0.069860,0.369171,2.547851
-0.113251,0.247207,2.543552
0.235514,0.306545,2.495646
-0.142978,0.003395,2.476479
0.345019,0.081425,2.429039
-0.140054,-0.199466,2.429039
0.293003,-0.125518,2.342027
-0.126026,-0.266748,2.295787
0.279927,-0.185215,2.316001
0.085221,0.016410,2.517182
0.081378,-0.038852,2.455905
-0.002097,-0.125858,2.443169
0.166966,-0.107155,2.426660
-0.012731,-0.561739,2.337841
0.179497,-0.569651,2.391736
0.022030,-0.967909,2.385653
0.158186,-0.920801,2.399498
0.012700,-0.998850,2.275475
0.146863,-0.950493,2.307534
0.005629,0.564986,2.518419
0.067976,0.369394,2.546289
-0.114655,0.247763,2.542123
0.232936,0.307144,2.493001
-0.142441,0.004400,2.474602
0.338307,0.077603,2.426613
-0.138074,-0.198663,2.426613
0.289433,-0.130684,2.340318
-0.123103,-0.265986,2.294492
0.279066,-0.188601,2.316900
0.085004,0.017024,2.515948
0.081058,-0.038255,2.454793
-0.002121,-0.125373,2.442507
0.166693,-0.106326,2.425372
-0.011584,-0.561909,2.340611
0.179973,-0.569778,2.394419
0.022152,-0.966887,2.382635
0.157904,-0.919703,2.403501
0.012641,-0.997574,2.272256
0.146452,-0.949320,2.311703
0.002783,0.564884,2.517212
0.065935,0.369545,2.544989
-0.116201,0.248276,2.540922
0.230320,0.307562,2.490635
-0.142008,0.005329,2.472907
0.331878,0.073875,2.424541
-0.136292,-0.197926,2.424541
0.285834,-0.135494,2.338763
-0.120456,-0.265272,2.293312
0.278112,-0.191824,2.317610
0.084674,0.017568,2.514933
0.080634,-0.037733,2.453896
-0.002227,-0.124961,2.442046
0.166322,-0.105577,2.424295
-0.010532,-0.562186,2.343503
0.180384,-0.569936,2.396976
0.022260,-0.966033,2.379958
0.157652,-0.918712,2.407130
0.012565,-0.996521,2.269464
0.146078,-0.948262,2.315482
-0.000019,0.564755,2.516241
0.063667,0.369628,2.543962
-0.117850,0.248743,2.539912
0.227704,0.307837,2.488537
-0.141681,0.006190,2.471374
0.325733,0.070338,2.422795
-0.134731,-0.197223,2.422795
0.282514,-0.140246,2.337331
-0.118090,-0.264603,2.292213
0.277219,-0.195190,2.318729
0.084220,0.018048,2.514127
0.080107,-0.037276,2.453199
-0.002412,-0.124614,2.441762
0.165858,-0.104898,2.423415
-0.009573,-0.562554,2.346462
0.180737,-0.570118,2.399405
0.022364,-0.965330,2.377592
0.157426,-0.917817,2.410422
0.012485,-0.995669,2.267059
0.145740,-0.947307,2.318909
-0.002810,0.564603,2.515522
0.061271,0.369669,2.543171
-0.119569,0.249161,2.539078
0.225078,0.307982,2.486711
-0.141450,0.006981,2.469990
0.319944,0.066987,2.421335
-0.133324,-0.196569,2.421335
0.279419,-0.144744,2.336020
-0.115950,-0.263984,2.291190
0.276362,-0.198511,2.319940
0.083648,0.018464,2.513507
0.079479,-0.036885,2.452676
-0.002676,-0.124327,2.441616
0.165296,-0.104288,2.422714
-0.008712,-0.562994,2.349438
0.181036,-0.570320,2.401688
0.022463,-0.964768,2.375514
0.157225,-0.917007,2.413407
0.012403,-0.995002,2.265010
0.145437,-0.946445,2.322017
-0.005609,0.564463,2.515118
0.058783,0.369676,2.542603
-0.121352,0.249540,2.538403
0.222452,0.308006,2.485148
-0.141321,0.007713,2.468741
0.314530,0.063865,2.420138
-0.132055,-0.195944,2.420138
0.276413,-0.148944,2.334829
-0.114027,-0.263395,2.290246
0.275465,-0.201720,2.321193
0.082968,0.018833,2.513052
0.078761,-0.036537,2.452302
-0.003009,-0.124079,2.441592
0.164644,-0.103721,2.422149
-0.007948,-0.563487,2.352382
0.181284,-0.570536,2.403829
0.022560,-0.964320,2.373700
0.157043,-0.916274,2.416113
0.012325,-0.994485,2.263286
0.145163,-0.945670,2.324835
-0.008461,0.564276,2.515020
0.056210,0.369654,2.542259
-0.123174,0.249874,2.537864
0.219841,0.307946,2.483874
-0.141311,0.008398,2.467611
0.309499,0.060980,2.419158
-0.130912,-0.195349,2.419158
0.273857,-0.152829,2.333740
-0.112277,-0.262846,2.289381
0.274749,-0.204843,2.322542
0.082197,0.019158,2.512749
0.077981,-0.036227,2.452062
-0.003390,-0.123867,2.441669
0.163932,-0.103195,2.421713
-0.007269,-0.564024,2.355274
0.181483,-0.570761,2.405824
0.022668,-0.963978,2.372130
0.156881,-0.915615,2.418570
0.012275,-0.994103,2.261859
0.144918,-0.944980,2.327387
-0.011287,0.564076,2.515143
0.053564,0.369605,2.542128
-0.125067,0.250188,2.537472
0.217240,0.307829,2.482898
-0.141399,0.009036,2.466590
0.304852,0.058354,2.418360
-0.129885,-0.194779,2.418360
0.271307,-0.156320,2.332744
-0.110685,-0.262337,2.288584
0.273934,-0.207719,2.323752
0.081323,0.019453,2.512584
0.077129,-0.035936,2.451938
-0.003825,-0.123670,2.441816
0.163156,-0.102692,2.421389
-0.006669,-0.564580,2.358076
0.181640,-0.570983,2.407670
0.022774,-0.963716,2.370773
0.156738,-0.915022,2.420795
0.012238,-0.993826,2.260688
0.144703,-0.944371,2.329687
-0.014116,0.563863,2.515493
0.050913,0.369540,2.542166
-0.126999,0.250477,2.537208
0.214646,0.307655,2.482196
-0.141577,0.009632,2.465673
0.300618,0.055972,2.417722
-0.128967,-0.194232,2.417722
0.269272,-0.159257,2.331826
-0.109241,-0.261855,2.287840
0.273348,-0.210209,2.324626
0.080377,0.019722,2.512539
0.076230,-0.035661,2.451915
-0.004298,-0.123486,2.442031
0.162333,-0.102211,2.421165
-0.006141,-0.565134,2.360754
0.181759,-0.571204,2.409372
0.022784,-0.962417,2.369869
0.156613,-0.914495,2.422806
0.012069,-0.992390,2.260160
0.144516,-0.943841,2.331752
-0.016931,0.563635,2.516093
0.048148,0.369467,2.542448
-0.128935,0.250740,2.537056
0.212083,0.307421,2.481740
-0.141862,0.010201,2.464842
0.296740,0.053827,2.417234
-0.128151,-0.193701,2.417234
0.267499,-0.161855,2.330978
-0.107931,-0.261404,2.287153
0.272875,-0.212470,2.325411
0.079367,0.019962,2.512600
0.075294,-0.035407,2.451981
-0.004794,-0.123313,2.442288
0.161474,-0.101755,2.421033
-0.005682,-0.565687,2.363296
0.181844,-0.571428,2.410943
0.022794,-0.961047,2.369197
0.156502,-0.914026,2.424614
0.011912,-0.990879,2.259918
0.144349,-0.943380,2.333589
-0.019682,0.563403,2.516858
0.045385,0.369386,2.542895
-0.130856,0.250977,2.536998
0.209548,0.307128,2.481522
-0.142234,0.010741,2.464098
0.293207,0.051885,2.416869
-0.127430,-0.193184,2.416869
0.265895,-0.164198,2.330185
-0.106746,-0.260981,2.286507
0.272480,-0.214780,2.326139
0.078300,0.020176,2.512758
0.074323,-0.035172,2.452125
-0.005316,-0.123151,2.442585
0.160574,-0.101318,2.420985
-0.005292,-0.566230,2.365682
0.181891,-0.571641,2.412373
0.022793,-0.959598,2.368737
0.156404,-0.913618,2.426230
0.011760,-0.989293,2.259933
0.144203,-0.942991,2.335210
-0.022371,0.563181,2.517830
0.042599,0.369323,2.543509
-0.132745,0.251190,2.537020
0.207049,0.306789,2.481536
-0.142674,0.011242,2.463426
0.289996,0.050151,2.416659
-0.126797,-0.192681,2.416659
0.264522,-0.166493,2.329442
-0.105674,-0.260578,2.285901
0.272164,-0.216791,2.326928
0.077182,0.020365,2.512995
0.073329,-0.034956,2.452333
-0.005854,-0.123000,2.442904
0.159645,-0.100903,2.421011
-0.004955,-0.566763,2.367926
0.181903,-0.571853,2.413682
0.022778,-0.958096,2.368463
0.156321,-0.913265,2.427668
0.011612,-0.987658,2.260167
0.144081,-0.942669,2.336629
-0.025008,0.562956,2.518995
0.039862,0.369253,2.544226
-0.134589,0.251375,2.537104
0.204614,0.306414,2.481768
-0.143184,0.011717,2.462819
0.287134,0.048652,2.416604
-0.126244,-0.192187,2.416604
0.263329,-0.168389,2.328748
-0.104701,-0.260187,2.285334
0.272176,-0.218514,2.327553
0.076035,0.020531,2.513300
0.072329,-0.034755,2.452590
-0.006386,-0.122853,2.443218
0.158706,-0.100506,2.421101
-0.004665,-0.567286,2.370028
0.181882,-0.572061,2.414882
0.022757,-0.956558,2.368353
0.156246,-0.912965,2.428933
0.011482,-0.985994,2.260588
0.143977,-0.942408,2.337852
-0.027555,0.562741,2.520300
0.037146,0.369175,2.545074
-0.136385,0.251541,2.537243
0.202248,0.306026,2.482295
-0.143750,0.012160,2.462265
0.284641,0.047420,2.416817
-0.125767,-0.191697,2.416817
0.262280,-0.170007,2.328093
-0.103826,-0.259798,2.284796
0.272257,-0.220010,2.328159
0.074848,0.020682,2.513666
0.071325,-0.034559,2.452888
-0.006913,-0.122703,2.443522
0.157760,-0.100118,2.421250
-0.004415,-0.567796,2.371998
0.181827,-0.572265,2.415974
0.022741,-0.955024,2.368387
0.156180,-0.912715,2.430039
0.011398,-0.984339,2.261164
0.143903,-0.942206,2.338890
-0.030005,0.562542,2.521730
0.034489,0.369118,2.546054
-0.138122,0.251685,2.537427
0.199960,0.305670,2.483132
-0.144362,0.012575,2.461751
0.282524,0.046457,2.417337
-0.125363,-0.191202,2.417337
0.261404,-0.171330,2.327473
-0.103040,-0.259406,2.284283
0.272307,-0.221341,2.328693
0.073642,0.020828,2.514085
0.070336,-0.034359,2.453219
-0.007409,-0.122542,2.443790
0.156816,-0.099724,2.421469
-0.004205,-0.568292,2.373848
0.181732,-0.572478,2.416968
0.022727,-0.953553,2.368547
0.156125,-0.912516,2.430996
0.011355,-0.982750,2.261879
0.143861,-0.942065,2.339758
-0.032342,0.562353,2.523247
0.031909,0.369071,2.547123
-0.139798,0.251812,2.537649
0.197747,0.305321,2.484204
-0.145021,0.012986,2.461273
0.280773,0.045748,2.418139
-0.125030,-0.190700,2.418139
0.260695,-0.172351,2.326869
-0.102331,-0.259002,2.283770
0.272404,-0.222514,2.329205
0.072429,0.020960,2.514543
0.069360,-0.034166,2.453575
-0.007895,-0.122382,2.444045
0.155878,-0.099342,2.421736
-0.004025,-0.568778,2.375581
0.181603,-0.572694,2.417876
0.022733,-0.952227,2.368824
0.156076,-0.912365,2.431816
0.011361,-0.981315,2.262728
0.143844,-0.941978,2.340467
-0.034546,0.562190,2.524852
0.029395,0.369030,2.548295
-0.141408,0.251923,2.537902
0.195613,0.304968,2.485495
-0.145716,0.013375,2.460837
0.279759,0.045715,2.419654
-0.124756,-0.190191,2.419654
0.260214,-0.172649,2.326294
-0.101695,-0.258598,2.283271
0.272487,-0.223455,2.329720
0.071215,0.021082,2.515033
0.068401,-0.033974,2.453950
-0.008366,-0.122220,2.444278
0.154949,-0.098961,2.422049
-0.003876,-0.569251,2.377206
0.181418,-0.572917,2.418699
0.022743,-0.950939,2.369203
0.156031,-0.912259,2.432508
0.011401,-0.979926,2.263681
0.143848,-0.941943,2.341031
-0.036612,0.562055,2.526531
0.026961,0.368993,2.549532
-0.142955,0.252019,2.538181
0.193558,0.304611,2.486967
-0.146444,0.013752,2.460430
0.279615,0.046691,2.422123
-0.124545,-0.189651,2.422123
0.260087,-0.171789,2.325724
-0.101121,-0.258177,2.282762
0.273025,-0.223469,2.330606
0.070004,0.021198,2.515546
0.067462,-0.033782,2.454338
-0.008821,-0.122053,2.444483
0.154029,-0.098583,2.422406
-0.003748,-0.569717,2.378736
0.181195,-0.573148,2.419445
0.022756,-0.949702,2.369673
0.155989,-0.912200,2.433079
0.011470,-0.978597,2.264724
0.143871,-0.941962,2.341460
-0.038531,0.561950,2.528255
0.024614,0.368964,2.550833
-0.144436,0.252107,2.538481
0.191597,0.304254,2.488640
-0.147194,0.014112,2.460056
0.280200,0.048485,2.425356
-0.124386,-0.189087,2.425356
0.260362,-0.169796,2.325157
-0.100605,-0.257727,2.282244
0.273605,-0.223354,2.331488
0.068801,0.021308,2.516077
0.066546,-0.033589,2.454732
-0.009265,-0.121883,2.444664
0.153124,-0.098210,2.422796
-0.003643,-0.570184,2.380185
0.180919,-0.573400,2.420116
0.022771,-0.948546,2.370231
0.155934,-0.912184,2.433536
0.011567,-0.977361,2.265854
0.143897,-0.942026,2.341761
-0.040303,0.561856,2.529990
0.022371,0.368933,2.552164
-0.145850,0.252183,2.538797
0.189724,0.303886,2.490497
-0.147965,0.014458,2.459711
0.281755,0.051322,2.429549
-0.124269,-0.188511,2.429549
0.261368,-0.166086,2.324601
-0.100142,-0.257252,2.281715
0.275565,-0.218708,2.334337
0.067611,0.021407,2.516618
0.065655,-0.033403,2.455128
-0.009696,-0.121713,2.444819
0.152237,-0.097850,2.423210
-0.003555,-0.570656,2.381565
0.180594,-0.573671,2.420716
0.022791,-0.947441,2.370858
0.155866,-0.912209,2.433896
0.011697,-0.976186,2.267044
0.143926,-0.942133,2.341958
-0.041911,0.561788,2.531750
0.020237,0.368902,2.553505
-0.147190,0.252252,2.539119
0.187968,0.303501,2.492558
-0.148734,0.014765,2.459370
0.283941,0.054597,2.434113
-0.124190,-0.187917,2.434113
0.262592,-0.161319,2.324039
-0.099727,-0.256744,2.281168
0.278826,-0.212549,2.333686
0.066436,0.021497,2.517164
0.064793,-0.033221,2.455521
-0.010114,-0.121545,2.444957
0.151373,-0.097502,2.423641
-0.003479,-0.571134,2.382888
0.180236,-0.573951,2.421250
0.022817,-0.946406,2.371556
0.155784,-0.912273,2.434158
0.011867,-0.975092,2.268298
0.143964,-0.942280,2.342049
-0.043366,0.561738,2.533499
0.018222,0.368884,2.554864
-0.148445,0.252315,2.539438
0.186350,0.303063,2.494812
-0.149506,0.015046,2.459043
0.287249,0.058700,2.439567
-0.124158,-0.187309,2.439567
0.264116,-0.154518,2.323478
-0.099363,-0.256218,2.280609
0.282585,-0.205660,2.334077
0.065278,0.021576,2.517713
0.063967,-0.033046,2.455907
-0.010513,-0.121381,2.445072
0.150535,-0.097169,2.424087
-0.003414,-0.571620,2.384158
0.179837,-0.574242,2.421720
0.022845,-0.945427,2.372310
0.155693,-0.912371,2.434332
0.012075,-0.974062,2.269595
0.144017,-0.942463,2.342044
-0.044627,0.561731,2.535264
0.016325,0.368876,2.556226
-0.149624,0.252373,2.539751
0.184853,0.302605,2.497173
-0.150265,0.015295,2.458724
0.292278,0.066153,2.448110
-0.124167,-0.186691,2.448110
0.266386,-0.142848,2.322914
-0.099046,-0.255685,2.280044
0.281423,-0.192164,2.334789
0.064147,0.021645,2.518255
0.063172,-0.032880,2.456282
-0.010903,-0.121217,2.445165
0.149722,-0.096851,2.424538
-0.003358,-0.572126,2.385396
0.179398,-0.574539,2.422127
0.022880,-0.944514,2.373116
0.155560,-0.912491,2.434408
0.012315,-0.973109,2.270933
0.145066,-0.944330,2.343782
-0.045649,0.561747,2.536970
0.014543,0.368868,2.557560
-0.150710,0.252426,2.540047
0.183651,0.302073,2.499880
-0.151001,0.015499,2.458396
0.297758,0.073350,2.456589
-0.124200,-0.186102,2.456589
0.267788,-0.128337,2.322343
-0.098775,-0.255145,2.279480
0.279005,-0.177069,2.335083
0.063026,0.021708,2.518791
0.062412,-0.032717,2.456645
-0.011282,-0.121054,2.445237
0.148942,-0.096551,2.424994
-0.003295,-0.572661,2.386616
0.178929,-0.574839,2.422478
0.022917,-0.943650,2.373961
0.155408,-0.912635,2.434407
0.012611,-0.972210,2.272300
0.146310,-0.946371,2.345670
-0.046341,0.561791,2.538645
0.012995,0.368833,2.558804
-0.151678,0.252481,2.540308
0.182780,0.301428,2.502902
-0.151710,0.015674,2.458081
0.300800,0.077035,2.461247
-0.124264,-0.185525,2.461247
0.262842,-0.104482,2.321773
-0.098554,-0.254605,2.278918
0.273039,-0.160988,2.332525
0.061948,0.021760,2.519310
0.061699,-0.032564,2.456994
-0.011646,-0.120894,2.445294
0.148213,-0.096281,2.425447
-0.003238,-0.573124,2.387778
0.178397,-0.575151,2.422774
0.022966,-0.942829,2.374860
0.155241,-0.912815,2.434337
0.012858,-0.971430,2.273406
0.146995,-0.947698,2.346769
-0.046715,0.561868,2.540299
0.011599,0.368794,2.560000
-0.152548,0.252534,2.540544
0.182059,0.300772,2.505962
-0.152383,0.015822,2.457780
0.303542,0.080510,2.465472
-0.124351,-0.184966,2.465472
0.255583,-0.074855,2.321211
-0.098390,-0.254070,2.278372
0.265040,-0.141414,2.329666
0.060948,0.021798,2.519804
0.061048,-0.032426,2.457321
-0.011982,-0.120743,2.445334
0.147539,-0.096045,2.425905
-0.003178,-0.573620,2.388930
0.177814,-0.575484,2.423021
0.023028,-0.942053,2.375793
0.155056,-0.913032,2.434202
0.013248,-0.970642,2.274796
0.147608,-0.949008,2.347754
-0.046735,0.561966,2.541875
0.010339,0.368754,2.561146
-0.153324,0.252582,2.540751
0.181511,0.300171,2.509156
-0.153029,0.015949,2.457496
0.306523,0.084267,2.470309
-0.124460,-0.184424,2.470309
0.248838,-0.038557,2.320665
-0.098273,-0.253556,2.277851
0.256715,-0.117718,2.327970
0.060016,0.021827,2.520275
0.060455,-0.032300,2.457629
-0.012288,-0.120601,2.445363
0.146920,-0.095832,2.426369
-0.003120,-0.574124,2.390049
0.177201,-0.575822,2.423225
0.023097,-0.941322,2.376758
0.154853,-0.913275,2.434015
0.013685,-0.969904,2.276212
0.148242,-0.950309,2.348689
-0.046258,0.562095,2.543431
0.009202,0.368711,2.562243
-0.154014,0.252628,2.540930
0.181028,0.299602,2.512175
-0.153645,0.016058,2.457228
0.309510,0.087955,2.475548
-0.124584,-0.183909,2.475548
0.243258,0.002018,2.320151
-0.098207,-0.253063,2.277356
0.248549,-0.090754,2.327683
0.059155,0.021839,2.520723
0.059916,-0.032194,2.457920
-0.012566,-0.120471,2.445384
0.146342,-0.095651,2.426845
-0.003064,-0.574622,2.391127
0.176562,-0.576166,2.423391
0.023176,-0.940645,2.377734
0.154624,-0.913547,2.433774
0.014144,-0.969227,2.277626
0.148896,-0.951613,2.349598
-0.045267,0.562235,2.544956
0.008192,0.368661,2.563292
-0.154634,0.252669,2.541085
0.180534,0.298721,2.514300
-0.154221,0.016151,2.456974
0.312681,0.091292,2.481786
-0.124718,-0.183444,2.481786
0.239221,0.040897,2.319686
-0.098188,-0.252594,2.276896
0.241131,-0.063596,2.328415
0.058403,0.021826,2.521133
0.059430,-0.032120,2.458189
-0.012816,-0.120357,2.445393
0.145805,-0.095533,2.427347
-0.002996,-0.575135,2.392176
0.175905,-0.576512,2.423521
0.023261,-0.940016,2.378716
0.154374,-0.913861,2.433487
0.014447,-0.968644,2.278750
0.149591,-0.952947,2.350502
-0.043535,0.562346,2.546318
0.007306,0.368610,2.564272
-0.155174,0.252713,2.541216
0.180184,0.297740,2.516289
-0.154760,0.016235,2.456736
0.315782,0.094383,2.488632
-0.124856,-0.183035,2.488632
0.235273,0.081832,2.319295
-0.098221,-0.252175,2.276505
0.230593,0.010354,2.339515
0.057723,0.021793,2.521523
0.058998,-0.032069,2.458446
-0.013036,-0.120257,2.445390
0.145344,-0.095512,2.427959
-0.002927,-0.575636,2.393183
0.175226,-0.576862,2.423622
0.023359,-0.939434,2.379713
0.154099,-0.914207,2.433167
0.014844,-0.968087,2.280087
0.150416,-0.954498,2.351735
-0.041110,0.562441,2.547562
0.006533,0.368562,2.565177
-0.155621,0.252762,2.541311
0.180177,0.296691,2.518179
-0.155268,0.016309,2.456513
0.318903,0.097014,2.495461
-0.125002,-0.182663,2.495461
0.232714,0.121893,2.318943
-0.098288,-0.251800,2.276159
0.222212,0.073707,2.349394
0.057108,0.021757,2.521896
0.058615,-0.032029,2.458698
-0.013232,-0.120163,2.445381
0.144972,-0.095543,2.428654
-0.002860,-0.576116,2.394144
0.174543,-0.577199,2.423700
0.023460,-0.938891,2.380705
0.153805,-0.914567,2.432814
0.015257,-0.967572,2.281409
0.151750,-0.956757,2.353706
-0.038157,0.562532,2.548718
0.005872,0.368509,2.566015
-0.155970,0.252817,2.541359
0.180396,0.295823,2.519926
-0.155745,0.016376,2.456306
0.322080,0.099674,2.501956
-0.125158,-0.182329,2.501956
0.228193,0.164237,2.318627
-0.098390,-0.251473,2.275858
0.214601,0.130461,2.358570
0.056562,0.021727,2.522252
0.058281,-0.031990,2.458952
-0.013405,-0.120074,2.445365
0.144694,-0.095602,2.429441
-0.002792,-0.576570,2.395057
0.173852,-0.577522,2.423759
0.023563,-0.938392,2.381684
0.153488,-0.914950,2.432426
0.015583,-0.967122,2.282484
0.153220,-0.959062,2.355829
-0.034722,0.562581,2.549738
0.005330,0.368457,2.566786
-0.156220,0.252871,2.541358
0.180815,0.294962,2.521668
-0.156199,0.016434,2.456112
0.325428,0.102243,2.508022
-0.125326,-0.182030,2.508022
0.224414,0.202662,2.318343
-0.098529,-0.251187,2.275595
0.207965,0.181778,2.367776
0.056071,0.021700,2.522596
0.057996,-0.031954,2.459210
-0.013553,-0.119985,2.445339
0.144509,-0.095699,2.430344
-0.002726,-0.577006,2.395924
0.173147,-0.577843,2.423803
0.023668,-0.937932,2.382648
0.153163,-0.915349,2.432018
0.016006,-0.966701,2.283721
0.154384,-0.960814,2.357493
-0.030785,0.562602,2.550643
0.004888,0.368395,2.567502
-0.156371,0.252925,2.541308
0.181325,0.294259,2.523543
-0.156634,0.016486,2.455930
0.328668,0.104816,2.513417
-0.125507,-0.181767,2.513417
0.222095,0.235006,2.318089
-0.098712,-0.250937,2.275368
0.202054,0.227562,2.376400
0.055626,0.021674,2.522930
0.057761,-0.031920,2.459480
-0.013671,-0.119892,2.445304
0.144407,-0.095819,2.431347
-0.002661,-0.577421,2.396745
0.172442,-0.578154,2.423835
0.023773,-0.937507,2.383595
0.152832,-0.915756,2.431591
0.016479,-0.966316,2.284948
0.155998,-0.963059,2.359773
-0.026380,0.562585,2.551396
0.004614,0.368322,2.568178
-0.156400,0.252968,2.541193
0.182060,0.293768,2.525679
-0.157048,0.016512,2.455755
0.332567,0.107251,2.518605
-0.125718,-0.181537,2.518605
0.221770,0.262182,2.317866
-0.098932,-0.250727,2.275167
0.196771,0.270667,2.384928
0.055235,0.021658,2.523268
0.057591,-0.031874,2.459781
-0.013751,-0.119785,2.445260
0.144398,-0.095938,2.432487
-0.002598,-0.577797,2.397514
0.171740,-0.578444,2.423863
0.023878,-0.937123,2.384533
0.152501,-0.916162,2.431154
0.017006,-0.965977,2.286180
0.157618,-0.965284,2.362069
-0.021597,0.562558,2.552010
0.004683,0.368236,2.568837
-0.156284,0.252995,2.541004
0.183005,0.293429,2.528026
-0.157447,0.016511,2.455596
0.336309,0.109557,2.523290
-0.125970,-0.181362,2.523290
0.221786,0.286344,2.317673
-0.099245,-0.250597,2.275003
0.192226,0.309059,2.392661
0.054903,0.021656,2.523616
0.057492,-0.031811,2.460118
-0.013793,-0.119663,2.445211
0.144469,-0.096059,2.433728
-0.002535,-0.578144,2.398238
0.171045,-0.578719,2.423887
0.023978,-0.936775,2.385457
0.152170,-0.916572,2.430707
0.017572,-0.965677,2.287405
0.159205,-0.967512,2.364380
-0.016444,0.562505,2.552464
0.004913,0.368141,2.569461
-0.155996,0.253000,2.540724
0.184084,0.293207,2.530447
-0.157833,0.016492,2.455452
0.339889,0.111697,2.527518
-0.126297,-0.181250,2.527518
0.221772,0.307833,2.317523
-0.099746,-0.250581,2.274898
0.188340,0.343126,2.399823
0.054626,0.021663,2.523977
0.057461,-0.031737,2.460493
-0.013793,-0.119526,2.445157
0.144625,-0.096186,2.435108
-0.002474,-0.578453,2.398916
0.170358,-0.578970,2.423910
0.024075,-0.936456,2.386357
0.151841,-0.916968,2.430257
0.018164,-0.965409,2.288608
0.160727,-0.969660,2.366616
-0.010738,0.562386,2.552745
0.005337,0.368029,2.570048
-0.155404,0.252957,2.540277
0.185632,0.292872,2.533604
-0.158224,0.016411,2.455330
0.343328,0.113736,2.531279
-0.126898,-0.181304,2.531279
0.222850,0.327318,2.317536
-0.100840,-0.250902,2.275058
0.186571,0.371913,2.406552
0.054375,0.021670,2.524332
0.057487,-0.031660,2.460893
-0.013754,-0.119375,2.445094
0.144845,-0.096354,2.436607
-0.002417,-0.578655,2.399548
0.169677,-0.579202,2.423940
0.024173,-0.936166,2.387237
0.151523,-0.917350,2.429812
0.018003,-0.966287,2.292138
0.162158,-0.971757,2.368786
-0.004642,0.562246,2.552830
0.005907,0.367901,2.570600
-0.154588,0.252891,2.539715
0.187301,0.292535,2.536838
-0.158626,0.016283,2.455238
0.347580,0.117206,2.533343
-0.127686,-0.181501,2.533343
0.222665,0.347186,2.317678
-0.102264,-0.251464,2.275455
0.184020,0.401395,2.413519
0.054160,0.021674,2.524686
0.057560,-0.031592,2.461311
-0.013688,-0.119221,2.445028
0.145113,-0.096562,2.438176
-0.002353,-0.578842,2.400152
0.169001,-0.579417,2.423971
0.024267,-0.935906,2.388093
0.151212,-0.917724,2.429371
0.017736,-0.967364,2.295978
0.163489,-0.973704,2.370692
0.001469,0.562084,2.552820
0.006583,0.367763,2.571111
-0.153633,0.252815,2.539086
0.189097,0.292047,2.540087
-0.159046,0.016102,2.455172
0.351986,0.120736,2.534771
-0.128796,-0.181888,2.534771
0.222520,0.364909,2.318057
-0.104266,-0.252247,2.276173
0.181599,0.426256,2.418998
0.053973,0.021678,2.525033
0.057666,-0.031528,2.461737
-0.013601,-0.119064,2.444955
0.145403,-0.096817,2.439802
-0.002289,-0.579012,2.400728
0.168337,-0.579615,2.424005
0.024359,-0.935676,2.388932
0.150907,-0.918091,2.428933
0.018041,-0.967538,2.297715
0.164762,-0.975565,2.372502
0.007653,0.561921,2.552695
0.007453,0.367610,2.571565
-0.152549,0.252729,2.538394
0.190851,0.291868,2.542912
-0.159482,0.015868,2.455134
0.355998,0.123957,2.535986
-0.130249,-0.182450,2.535986
0.222458,0.380518,2.318747
-0.106786,-0.253274,2.277184
0.179447,0.448462,2.423893
0.053834,0.021685,2.525388
0.057808,-0.031464,2.462175
-0.013494,-0.118903,2.444880
0.145720,-0.097086,2.441461
-0.002226,-0.579165,2.401276
0.167685,-0.579799,2.424039
0.024450,-0.935469,2.389748
0.150610,-0.918450,2.428501
0.017703,-0.968762,2.301667
0.165954,-0.977332,2.374193
0.013797,0.561741,2.552483
0.008487,0.367450,2.571970
-0.151352,0.252643,2.537642
0.192670,0.291595,2.545748
-0.159950,0.015569,2.455130
0.359959,0.127100,2.536689
-0.132010,-0.183219,2.536689
0.222457,0.394419,2.319698
-0.109771,-0.254591,2.278532
0.177527,0.468448,2.428317
0.053720,0.021694,2.525739
0.057981,-0.031402,2.462624
-0.013369,-0.118739,2.444803
0.146055,-0.097391,2.443203
-0.002170,-0.579279,2.401797
0.167044,-0.579970,2.424073
0.024537,-0.935286,2.390538
0.150312,-0.918806,2.428078
0.018060,-0.969088,2.303657
0.167111,-0.979011,2.375830
0.019967,0.561548,2.552143
0.009618,0.367279,2.572330
-0.150058,0.252566,2.536844
0.194457,0.291404,2.548352
-0.160481,0.015187,2.455165
0.363698,0.130061,2.537103
-0.134126,-0.184217,2.537103
0.222530,0.406855,2.320990
-0.113183,-0.256082,2.280278
0.175850,0.486484,2.432372
0.053636,0.021703,2.526090
0.058178,-0.031346,2.463078
-0.013231,-0.118575,2.444724
0.146398,-0.097716,2.444943
-0.002118,-0.579393,2.402291
0.166414,-0.580132,2.424107
0.024619,-0.935126,2.391306
0.150024,-0.919152,2.427665
0.018429,-0.969384,2.305487
0.168157,-0.980717,2.377554
0.025959,0.561339,2.551745
0.010908,0.367100,2.572631
-0.148689,0.252496,2.536009
0.196293,0.291331,2.550667
-0.161067,0.014778,2.455230
0.367227,0.132758,2.537294
-0.136568,-0.185346,2.537294
0.222661,0.417933,2.322582
-0.116943,-0.257761,2.282335
0.174422,0.502689,2.436120
0.053592,0.021713,2.526445
0.058396,-0.031292,2.463535
-0.013082,-0.118412,2.444644
0.146750,-0.098053,2.446669
-0.002076,-0.579468,2.402761
0.165796,-0.580285,2.424141
0.024686,-0.934975,2.392044
0.149740,-0.919490,2.427258
0.018756,-0.969641,2.307152
0.169122,-0.982319,2.379137
0.031843,0.561113,2.551284
0.012332,0.366901,2.572893
-0.147233,0.252427,2.535127
0.198175,0.291259,2.552821
-0.161733,0.014341,2.455333
0.370774,0.135420,2.536990
-0.139330,-0.186589,2.536990
0.222937,0.427593,2.324489
-0.121062,-0.259497,2.284726
0.173312,0.517041,2.439600
0.053574,0.021722,2.526797
0.058633,-0.031241,2.463991
-0.012924,-0.118249,2.444563
0.147108,-0.098406,2.448373
-0.002036,-0.579539,2.403207
0.165193,-0.580427,2.424174
0.024749,-0.934844,2.392763
0.149466,-0.919819,2.426862
0.019097,-0.969874,2.308686
0.170028,-0.983823,2.380612
0.037621,0.560910,2.550791
0.013825,0.366699,2.573116
-0.145681,0.252362,2.534200
0.200090,0.291237,2.554799
-0.162472,0.013896,2.455462
0.374136,0.137882,2.536425
-0.142226,-0.187864,2.536425
0.223308,0.435936,2.326594
-0.125357,-0.261276,2.287390
0.172480,0.529635,2.442818
0.053585,0.021733,2.527147
0.058888,-0.031192,2.464447
-0.012756,-0.118087,2.444480
0.147470,-0.098763,2.450045
-0.001998,-0.579600,2.403629
0.164606,-0.580560,2.424206
0.024806,-0.934730,2.393456
0.149197,-0.920137,2.426475
0.019354,-0.970088,2.310045
0.170878,-0.985241,2.382021
0.043224,0.560710,2.550243
0.015380,0.366501,2.573302
-0.144099,0.252309,2.533264
0.202255,0.291671,2.556293
-0.163263,0.013448,2.455620
0.377036,0.140070,2.535950
-0.145239,-0.189150,2.535950
0.223795,0.442968,2.328856
-0.129679,-0.263055,2.290146
0.171939,0.540502,2.445781
0.053663,0.021751,2.527513
0.059161,-0.031139,2.464902
-0.012580,-0.117923,2.444397
0.147834,-0.099116,2.451668
-0.001965,-0.579630,2.404028
0.164033,-0.580685,2.424237
0.024860,-0.934632,2.394123
0.148936,-0.920446,2.426097
0.019606,-0.970280,2.311302
0.171687,-0.986576,2.383369
0.048615,0.560522,2.549667
0.016986,0.366310,2.573439
-0.142448,0.252263,2.532291
0.204462,0.292199,2.557549
-0.164108,0.012992,2.455802
0.379752,0.142104,2.535280
-0.148300,-0.190435,2.535280
0.224403,0.448708,2.331208
-0.133997,-0.264800,2.292963
0.171688,0.549683,2.448482
0.053772,0.021773,2.527876
0.059447,-0.031085,2.465352
-0.012397,-0.117760,2.444313
0.148198,-0.099465,2.453237
-0.001929,-0.579673,2.404400
0.163473,-0.580801,2.424266
0.024910,-0.934546,2.394764
0.148679,-0.920751,2.425726
0.019849,-0.970452,2.312450
0.172418,-0.987807,2.384555
0.053752,0.560346,2.549061
0.018624,0.366123,2.573544
-0.140774,0.252226,2.531311
0.206571,0.292500,2.558754
-0.164973,0.012539,2.456000
0.382532,0.143989,2.534157
-0.151338,-0.191682,2.534157
0.225116,0.453209,2.333577
-0.138299,-0.266482,2.295781
0.171708,0.557246,2.450920
0.053887,0.021795,2.528227
0.059740,-0.031035,2.465793
-0.012211,-0.117600,2.444229
0.148548,-0.099815,2.454733
-0.001898,-0.579696,2.404752
0.162928,-0.580913,2.424294
0.024957,-0.934475,2.395380
0.148438,-0.921037,2.425369
0.020110,-0.970606,2.313504
0.173115,-0.988953,2.385687
0.058659,0.560174,2.548431
0.020389,0.365947,2.573577
-0.139081,0.252201,2.530327
0.208496,0.292284,2.560118
-0.165856,0.012084,2.456210
0.385679,0.146048,2.532132
-0.154318,-0.192899,2.532132
0.225916,0.456429,2.335930
-0.142457,-0.268086,2.298537
0.171983,0.563185,2.453020
0.053979,0.021804,2.528540
0.060033,-0.031009,2.466206
-0.012026,-0.117447,2.444142
0.148877,-0.100188,2.456142
-0.001872,-0.579705,2.405082
0.162399,-0.581018,2.424320
0.025001,-0.934416,2.395971
0.148208,-0.921305,2.425022
0.020470,-0.970739,2.314492
0.173753,-0.990021,2.386750
0.063311,0.560009,2.547798
0.022184,0.365775,2.573562
-0.137371,0.252187,2.529339
0.210354,0.292000,2.561399
-0.166758,0.011642,2.456428
0.388709,0.148046,2.529755
-0.157220,-0.194050,2.529755
0.226804,0.458541,2.338245
-0.146521,-0.269545,2.301160
0.172497,0.567661,2.454820
0.054076,0.021805,2.528831
0.060323,-0.030999,2.466595
-0.011841,-0.117300,2.444051
0.149185,-0.100571,2.457471
-0.001841,-0.579723,2.405394
0.161886,-0.581118,2.424344
0.025041,-0.934367,2.396538
0.147981,-0.921564,2.424684
0.020846,-0.970857,2.315399
0.174347,-0.991012,2.387743
0.067717,0.559851,2.547168
0.023994,0.365593,2.573510
-0.135678,0.252180,2.528367
0.212199,0.291850,2.562409
-0.167666,0.011207,2.456650
0.391543,0.149747,2.527307
-0.160013,-0.195130,2.527307
0.227798,0.459548,2.340458
-0.150355,-0.270855,2.303598
0.173257,0.570710,2.456295
0.054203,0.021802,2.529116
0.060615,-0.030994,2.466969
-0.011656,-0.117156,2.443959
0.149482,-0.100950,2.458717
-0.001813,-0.579739,2.405687
0.161389,-0.581213,2.424366
0.025079,-0.934328,2.397080
0.147762,-0.921812,2.424356
0.021173,-0.970963,2.316216
0.174898,-0.991933,2.388671
0.071854,0.559711,2.546541
0.025794,0.365413,2.573431
-0.134002,0.252179,2.527412
0.213982,0.291695,2.563300
-0.168571,0.010791,2.456867
0.394217,0.151318,2.524693
-0.162667,-0.196110,2.524693
0.228846,0.459638,2.342508
-0.153939,-0.272021,2.305832
0.174207,0.572507,2.457474
0.054342,0.021796,2.529389
0.060907,-0.030996,2.467327
-0.011470,-0.117017,2.443865
0.149767,-0.101321,2.459888
-0.001786,-0.579754,2.405963
0.160905,-0.581305,2.424384
0.025114,-0.934297,2.397601
0.147551,-0.922049,2.424037
0.021492,-0.971056,2.316962
0.175403,-0.992800,2.389556
0.075711,0.559580,2.545931
0.027563,0.365235,2.573329
-0.132344,0.252180,2.526471
0.215728,0.291503,2.564084
-0.169462,0.010397,2.457081
0.396785,0.152788,2.521781
-0.165141,-0.196984,2.521781
0.229927,0.458930,2.344384
-0.157230,-0.273025,2.307809
0.175318,0.573179,2.458383
0.054488,0.021786,2.529648
0.061196,-0.031003,2.467666
-0.011287,-0.116882,2.443768
0.150038,-0.101687,2.460982
-0.001761,-0.579752,2.406219
0.160434,-0.581397,2.424398
0.025146,-0.934274,2.398099
0.147355,-0.922266,2.423729
0.021809,-0.971138,2.317642
0.175885,-0.993592,2.390390
0.079296,0.559460,2.545345
0.029295,0.365062,2.573207
-0.130717,0.252184,2.525551
0.217379,0.291187,2.564811
-0.170318,0.010029,2.457296
0.399289,0.154255,2.518553
-0.167418,-0.197746,2.518553
0.231031,0.457530,2.346076
-0.160234,-0.273880,2.309562
0.176567,0.572845,2.459037
0.054631,0.021772,2.529888
0.061480,-0.031017,2.467986
-0.011102,-0.116750,2.443661
0.150295,-0.102048,2.462009
-0.001739,-0.579739,2.406459
0.159977,-0.581489,2.424409
0.025176,-0.934258,2.398575
0.147170,-0.922472,2.423433
0.022139,-0.971209,2.318263
0.176312,-0.994288,2.391119
0.082630,0.559351,2.544775
0.030984,0.364894,2.573070
-0.129113,0.252189,2.524652
0.218996,0.291005,2.565337
-0.171082,0.009752,2.457499
0.401521,0.155506,2.515389
-0.169489,-0.198373,2.515389
0.232157,0.455449,2.347602
-0.162960,-0.274604,2.311106
0.177941,0.571553,2.459389
0.054798,0.021755,2.530121
0.061762,-0.031035,2.468288
-0.010917,-0.116620,2.443549
0.150541,-0.102395,2.462961
-0.001716,-0.579728,2.406682
0.159532,-0.581581,2.424417
0.025204,-0.934250,2.399032
0.146990,-0.922682,2.423141
0.022391,-0.971277,2.318821
0.176748,-0.994979,2.391877
0.085722,0.559239,2.544218
0.032614,0.364726,2.572915
-0.127552,0.252198,2.523781
0.220550,0.290840,2.565759
-0.171808,0.009497,2.457692
0.403563,0.156650,2.512146
-0.171363,-0.198930,2.512146
0.233287,0.452871,2.348969
-0.165444,-0.275222,2.312471
0.179411,0.569480,2.459529
0.054973,0.021735,2.530343
0.062041,-0.031057,2.468574
-0.010732,-0.116494,2.443436
0.150777,-0.102728,2.463846
-0.001691,-0.579724,2.406887
0.159100,-0.581670,2.424421
0.025230,-0.934252,2.399473
0.146812,-0.922900,2.422858
0.022662,-0.971337,2.319331
0.176361,-0.994687,2.390258
0.088577,0.559138,2.543686
0.034230,0.364571,2.572729
-0.126038,0.252209,2.522942
0.221968,0.290562,2.566186
-0.172486,0.009275,2.457882
0.405506,0.157834,2.508636
-0.173050,-0.199413,2.508636
0.234392,0.449932,2.350180
-0.167730,-0.275737,2.313676
0.180936,0.566774,2.459460
0.055140,0.021712,2.530542
0.062313,-0.031086,2.468837
-0.010550,-0.116373,2.443318
0.150995,-0.103051,2.464659
-0.001668,-0.579721,2.407078
0.158682,-0.581756,2.424421
0.025288,-0.934260,2.399896
0.146640,-0.923112,2.422585
0.023034,-0.971386,2.319795
0.176551,-0.995108,2.390450
0.091217,0.559047,2.543178
0.035799,0.364427,2.572528
-0.124578,0.252221,2.522137
0.223309,0.290271,2.566553
-0.173126,0.009070,2.458064
0.407283,0.158958,2.505073
-0.174572,-0.199832,2.505073
0.235466,0.446723,2.351256
-0.169829,-0.276135,2.314745
0.182500,0.563544,2.459225
0.055312,0.021685,2.530726
0.062583,-0.031121,2.469079
-0.010364,-0.116254,2.443191
0.151203,-0.103361,2.465406
-0.001650,-0.579701,2.407254
0.158273,-0.581840,2.424418
0.025347,-0.934270,2.400296
0.146474,-0.923324,2.422319
0.022825,-0.972321,2.322038
0.176749,-0.995554,2.390694
0.093648,0.558961,2.542693
0.037321,0.364292,2.572311
-0.123165,0.252237,2.521362
0.224604,0.289958,2.566852
-0.173723,0.008907,2.458240
0.408927,0.159992,2.501486
-0.175951,-0.200203,2.501486
0.236463,0.443556,2.352228
-0.171752,-0.276454,2.315680
0.184041,0.560085,2.458873
0.055489,0.021656,2.530897
0.062851,-0.031160,2.469306
-0.010178,-0.116139,2.443060
0.151401,-0.103661,2.466098
-0.001632,-0.579685,2.407416
0.157874,-0.581924,2.424410
0.025406,-0.934285,2.400677
0.146314,-0.923529,2.422062
0.022417,-0.973344,2.324549
0.176910,-0.995933,2.390875
0.095882,0.558881,2.542228
0.038782,0.364162,2.572089
-0.121801,0.252252,2.520617
0.225821,0.289618,2.567108
-0.174270,0.008747,2.458404
0.410428,0.161003,2.497867
-0.177204,-0.200531,2.497867
0.237420,0.440166,2.353107
-0.173512,-0.276708,2.316499
0.185590,0.556218,2.458342
0.055667,0.021621,2.531054
0.063115,-0.031206,2.469515
-0.009992,-0.116029,2.442924
0.151590,-0.103952,2.466735
-0.001616,-0.579672,2.407565
0.157486,-0.582006,2.424398
0.025464,-0.934302,2.401040
0.146155,-0.923738,2.421810
0.022602,-0.973649,2.325476
0.177044,-0.996295,2.391036
0.097945,0.558810,2.541780
0.040184,0.364041,2.571862
-0.120492,0.252267,2.519904
0.226944,0.289260,2.567335
-0.174764,0.008594,2.458556
0.411749,0.162021,2.494213
-0.178346,-0.200819,2.494213
0.238288,0.436802,2.353902
-0.175123,-0.276903,2.317216
0.187089,0.552183,2.457680
0.055845,0.021582,2.531196
0.063376,-0.031259,2.469706
-0.009805,-0.115923,2.442780
0.151768,-0.104232,2.467317
-0.001599,-0.579654,2.407701
0.157110,-0.582085,2.424381
0.025520,-0.934322,2.401385
0.146001,-0.923945,2.421566
0.023676,-0.974745,2.328845
0.177174,-0.996626,2.391181
0.099838,0.558743,2.541350
0.041526,0.363926,2.571634
-0.119239,0.252283,2.519223
0.227994,0.288889,2.567525
-0.175218,0.008445,2.458696
0.412908,0.162959,2.490644
-0.179387,-0.201071,2.490644
0.239115,0.433345,2.354623
-0.176598,-0.277045,2.317844
0.188575,0.547906,2.456923
0.056021,0.021540,2.531326
0.063632,-0.031317,2.469880
-0.009618,-0.115820,2.442630
0.151935,-0.104500,2.467850
-0.001583,-0.579635,2.407826
0.156747,-0.582165,2.424360
0.025575,-0.934339,2.401709
0.145850,-0.924146,2.421329
0.025084,-0.975770,2.332504
0.177300,-0.996930,2.391321
0.101580,0.558679,2.540921
0.042808,0.363818,2.571402
-0.118023,0.252298,2.518564
0.228981,0.288573,2.567631
-0.175637,0.008305,2.458828
0.413914,0.163750,2.487283
-0.180331,-0.201303,2.487283
0.239895,0.429904,2.355276
-0.177948,-0.277149,2.318388
0.190031,0.543511,2.456095
0.056209,0.021493,2.531444
0.063885,-0.031378,2.470039
-0.009427,-0.115720,2.442470
0.152093,-0.104757,2.468338
-0.001567,-0.579620,2.407941
0.156396,-0.582245,2.424335
0.025658,-0.934358,2.402018
0.145702,-0.924344,2.421101
0.027034,-0.976627,2.336309
0.177416,-0.997217,2.391457
0.103177,0.558619,2.540512
0.044028,0.363716,2.571171
-0.116858,0.252310,2.517931
0.229904,0.288230,2.567713
-0.176027,0.008169,2.458953
0.414804,0.164499,2.484001
-0.181191,-0.201509,2.484001
0.240633,0.426495,2.355868
-0.179182,-0.277227,2.318869
0.191454,0.539037,2.455211
0.056396,0.021443,2.531551
0.064135,-0.031444,2.470184
-0.009234,-0.115625,2.442302
0.152243,-0.105004,2.468787
-0.001551,-0.579607,2.408046
0.156059,-0.582323,2.424308
0.025738,-0.934376,2.402312
0.145619,-0.924252,2.420788
0.030553,-0.977770,2.342099
0.176981,-0.995155,2.388705
0.104641,0.558563,2.540120
0.045214,0.363625,2.570929
-0.115743,0.252322,2.517325
0.230770,0.287869,2.567772
-0.176392,0.008040,2.459072
0.415580,0.165204,2.480815
-0.181977,-0.201692,2.480815
0.241325,0.423136,2.356409
-0.180315,-0.277280,2.319299
0.192835,0.534521,2.454278
0.056583,0.021391,2.531645
0.064383,-0.031513,2.470315
-0.009036,-0.115532,2.442123
0.152386,-0.105242,2.469198
-0.001533,-0.579577,2.408142
0.155737,-0.582400,2.424278
0.025806,-0.934396,2.402587
0.145514,-0.924293,2.420541
0.031813,-0.978256,2.344236
0.176385,-0.993482,2.385920
0.105979,0.558512,2.539741
0.046341,0.363543,2.570685
-0.114681,0.252334,2.516746
0.231562,0.287513,2.567817
-0.176743,0.007916,2.459187
0.416202,0.165827,2.477787
-0.182704,-0.201859,2.477787
0.242031,0.419660,2.356914
-0.181356,-0.277348,2.319712
0.194233,0.529831,2.453282
0.056768,0.021336,2.531727
0.064628,-0.031589,2.470430
-0.008837,-0.115445,2.441935
0.152520,-0.105472,2.469573
-0.001516,-0.579558,2.408230
0.155428,-0.582478,2.424245
0.025887,-0.934421,2.402855
0.145403,-0.924384,2.420321
0.032935,-0.978717,2.346214
0.175982,-0.992592,2.384140
0.107204,0.558465,2.539380
0.047410,0.363467,2.570441
-0.113671,0.252345,2.516194
0.232296,0.287166,2.567842
-0.177083,0.007787,2.459298
0.416714,0.166427,2.474858
-0.183384,-0.202006,2.474858
0.242694,0.416274,2.357386
-0.182314,-0.277411,2.320094
0.195581,0.525173,2.452268
0.056952,0.021278,2.531800
0.064868,-0.031668,2.470535
-0.008638,-0.115362,2.441743
0.152647,-0.105693,2.469916
-0.001500,-0.579541,2.408311
0.155130,-0.582556,2.424211
0.025966,-0.934448,2.403109
0.145297,-0.924472,2.420110
0.033975,-0.979120,2.347962
0.175272,-0.991259,2.381369
0.108323,0.558423,2.539034
0.048436,0.363402,2.570192
-0.112711,0.252355,2.515666
0.232977,0.286822,2.567851
-0.177408,0.007660,2.459407
0.417127,0.166995,2.472039
-0.184020,-0.202137,2.472039
0.243333,0.412955,2.357829
-0.183197,-0.277465,2.320450
0.196895,0.520544,2.451221
0.057136,0.021219,2.531863
0.065105,-0.031749,2.470628
-0.008440,-0.115283,2.441548
0.152768,-0.105906,2.470230
-0.001485,-0.579526,2.408385
0.154843,-0.582633,2.424174
0.026039,-0.934473,2.403344
0.145196,-0.924558,2.419907
0.036603,-0.980274,2.352053
0.174523,-0.989886,2.378489
0.109345,0.558388,2.538700
0.049406,0.363344,2.569945
-0.111801,0.252364,2.515161
0.233607,0.286489,2.567841
-0.177719,0.007535,2.459511
0.417454,0.167527,2.469362
-0.184615,-0.202253,2.469362
0.243922,0.409769,2.358250
-0.184010,-0.277512,2.320778
0.198145,0.516021,2.450152
0.057317,0.021160,2.531919
0.065336,-0.031832,2.470711
-0.008243,-0.115207,2.441350
0.152881,-0.106111,2.470518
-0.001470,-0.579512,2.408453
0.154566,-0.582707,2.424135
0.026119,-0.934498,2.403566
0.145098,-0.924646,2.419710
0.038908,-0.980807,2.355193
0.173740,-0.988512,2.375542
0.110280,0.558363,2.538374
0.050322,0.363290,2.569699
-0.110939,0.252373,2.514679
0.234192,0.286157,2.567816
-0.178027,0.007408,2.459620
0.417702,0.168026,2.466800
-0.185174,-0.202354,2.466800
0.244471,0.406715,2.358656
-0.184759,-0.277551,2.321085
0.199338,0.511616,2.449070
0.057494,0.021099,2.531967
0.065562,-0.031916,2.470786
-0.008049,-0.115135,2.441151
0.152988,-0.106308,2.470780
-0.001456,-0.579500,2.408515
0.154299,-0.582780,2.424094
0.026198,-0.934522,2.403778
0.145001,-0.924734,2.419523
0.040274,-0.981104,2.356707
0.173419,-0.987957,2.374257
0.111131,0.558347,2.538053
0.051189,0.363243,2.569453
-0.110124,0.252382,2.514221
0.234733,0.285829,2.567779
-0.178322,0.007285,2.459728
0.417847,0.168448,2.464364
-0.185707,-0.202440,2.464364
0.244991,0.403755,2.359046
-0.185449,-0.277582,2.321369
0.200484,0.507305,2.447973
0.057669,0.021038,2.532008
0.065782,-0.032002,2.470852
-0.007858,-0.115067,2.440952
0.153089,-0.106499,2.471020
-0.001442,-0.579489,2.408573
0.154041,-0.582855,2.424049
0.026267,-0.934544,2.403974
0.144910,-0.924820,2.419343
0.041517,-0.981318,2.357912
0.173139,-0.987522,2.373184
0.111906,0.558339,2.537735
0.052017,0.363206,2.569182
-0.109354,0.252391,2.513785
0.235211,0.285568,2.567719
-0.178619,0.007187,2.459845
0.417881,0.168840,2.462090
-0.186213,-0.202507,2.462090
0.245473,0.400925,2.359426
-0.186085,-0.277607,2.321633
0.201571,0.503133,2.446860
0.057847,0.020978,2.532040
0.065998,-0.032088,2.470908
-0.007668,-0.115000,2.440750
0.153184,-0.106680,2.471237
-0.001431,-0.579469,2.408626
0.153793,-0.582929,2.424003
0.026329,-0.934568,2.404159
0.144821,-0.924902,2.419169
0.042622,-0.981468,2.358841
0.172912,-0.987196,2.372332
0.112610,0.558338,2.537416
0.052801,0.363173,2.568910
-0.108628,0.252399,2.513369
0.235716,0.285371,2.567469
-0.178909,0.007090,2.459964
0.417893,0.169105,2.460002
-0.186689,-0.202560,2.460002
0.245912,0.398228,2.359786
-0.186669,-0.277626,2.321876
0.202593,0.499108,2.445748
0.058043,0.020916,2.532064
0.066207,-0.032171,2.470956
-0.007482,-0.114936,2.440549
0.153273,-0.106851,2.471433
-0.001420,-0.579452,2.408675
0.153552,-0.583000,2.423954
0.026388,-0.934591,2.404334
0.144731,-0.924992,2.418998
0.043560,-0.981552,2.359500
0.172750,-0.986975,2.371665
0.113244,0.558342,2.537084
0.053546,0.363145,2.568636
-0.107955,0.252410,2.512977
0.236159,0.285133,2.567267
-0.179189,0.006997,2.460083
0.417833,0.169336,2.457975
-0.187133,-0.202603,2.457975
0.246302,0.395660,2.360132
-0.187205,-0.277641,2.322100
0.203546,0.495239,2.444629
0.058230,0.020856,2.532083
0.066411,-0.032253,2.470997
-0.007300,-0.114875,2.440349
0.153358,-0.107014,2.471612
-0.001408,-0.579438,2.408720
0.153321,-0.583070,2.423903
0.026445,-0.934615,2.404500
0.144645,-0.925079,2.418833
0.044421,-0.981577,2.359925
0.172564,-0.986706,2.370924
0.113814,0.558349,2.536742
0.054263,0.363124,2.568351
-0.107324,0.252422,2.512605
0.236563,0.284905,2.567050
-0.179460,0.006908,2.460200
0.417710,0.169531,2.456055
-0.187553,-0.202628,2.456055
0.246658,0.393186,2.360466
-0.187697,-0.277651,2.322305
0.204444,0.491494,2.443497
0.058414,0.020797,2.532094
0.066609,-0.032334,2.471031
-0.007122,-0.114816,2.440151
0.153436,-0.107168,2.471772
-0.001397,-0.579426,2.408762
0.153096,-0.583137,2.423850
0.026498,-0.934640,2.404658
0.144559,-0.925174,2.418670
0.045201,-0.981646,2.360448
0.172379,-0.986492,2.370249
0.114320,0.558355,2.536370
0.054925,0.363103,2.568064
-0.106732,0.252433,2.512252
0.236945,0.284661,2.566802
-0.179723,0.006823,2.460317
0.417566,0.169686,2.454228
-0.187946,-0.202643,2.454228
0.246991,0.390823,2.360785
-0.188148,-0.277656,2.322494
0.205294,0.487892,2.442375
0.058591,0.020739,2.532099
0.066797,-0.032414,2.471057
-0.006952,-0.114760,2.439954
0.153508,-0.107317,2.471915
-0.001387,-0.579414,2.408800
0.152878,-0.583203,2.423795
0.026548,-0.934665,2.404808
0.144474,-0.925274,2.418512
0.045898,-0.981682,2.360833
0.172236,-0.986333,2.369684
0.114772,0.558365,2.535983
0.055557,0.363089,2.567759
-0.106181,0.252448,2.511916
0.237294,0.284403,2.566531
-0.179977,0.006741,2.460431
0.417383,0.169813,2.452484
-0.188315,-0.202649,2.452484
0.247293,0.388590,2.361087
-0.188562,-0.277658,2.322666
0.206090,0.484454,2.441276
0.058764,0.020684,2.532097
0.066980,-0.032492,2.471077
-0.006785,-0.114705,2.439757
0.153576,-0.107460,2.472044
-0.001377,-0.579404,2.408835
0.152666,-0.583267,2.423738
0.026596,-0.934691,2.404951
0.144393,-0.925371,2.418361
0.047605,-0.982367,2.363487
0.172116,-0.986265,2.369295
0.115168,0.558377,2.535572
0.056149,0.363077,2.567454
-0.105669,0.252464,2.511598
0.237612,0.284147,2.566243
-0.180220,0.006652,2.460545
0.417152,0.169911,2.450812
-0.188658,-0.202649,2.450812
0.247559,0.386499,2.361372
-0.188940,-0.277656,2.322823
0.206827,0.481195,2.440196
0.058931,0.020630,2.532089
0.067155,-0.032570,2.471091
-0.006624,-0.114653,2.439562
0.153640,-0.107598,2.472159
-0.001367,-0.579394,2.408868
0.152461,-0.583330,2.423681
0.026641,-0.934716,2.405086
0.144312,-0.925472,2.418212
0.049478,-0.983014,2.366341
0.171977,-0.986239,2.368931
0.115512,0.558392,2.535141
0.056708,0.363069,2.567148
-0.105190,0.252480,2.511296
0.237895,0.283921,2.565913
-0.180453,0.006567,2.460656
0.416866,0.169987,2.449233
-0.188977,-0.202640,2.449233
0.247796,0.384528,2.361641
-0.189285,-0.277650,2.322963
0.207511,0.478098,2.439138
0.059099,0.020576,2.532076
0.067324,-0.032646,2.471100
-0.006468,-0.114603,2.439369
0.153698,-0.107729,2.472260
-0.001358,-0.579386,2.408898
0.152262,-0.583390,2.423622
0.026684,-0.934742,2.405213
0.144232,-0.925574,2.418066
0.050244,-0.983044,2.366683
0.171886,-0.986236,2.368638
0.115793,0.558407,2.534672
0.057231,0.363063,2.566840
-0.104745,0.252498,2.511008
0.238151,0.283701,2.565568
-0.180677,0.006473,2.460758
0.416527,0.170037,2.447704
-0.189272,-0.202636,2.447704
0.247998,0.382678,2.361885
-0.189602,-0.277642,2.323088
0.208140,0.475165,2.438089
0.059261,0.020523,2.532057
0.067485,-0.032721,2.471102
-0.006318,-0.114555,2.439178
0.153752,-0.107855,2.472347
-0.001350,-0.579379,2.408925
0.152069,-0.583448,2.423561
0.026725,-0.934767,2.405336
0.144152,-0.925680,2.417924
0.050889,-0.983010,2.366762
0.171820,-0.986268,2.368410
0.116029,0.558424,2.534141
0.057740,0.363068,2.566505
-0.104329,0.252516,2.510730
0.238381,0.283450,2.565190
-0.180890,0.006380,2.460855
0.416147,0.170082,2.446165
-0.189542,-0.202628,2.446165
0.248132,0.380952,2.362108
-0.189892,-0.277627,2.323193
0.208686,0.472408,2.437034
0.059418,0.020469,2.532026
0.067640,-0.032799,2.471093
-0.006177,-0.114511,2.438985
0.153801,-0.107982,2.472416
-0.001342,-0.579364,2.408951
0.151880,-0.583504,2.423498
0.026761,-0.934792,2.405452
0.144070,-0.925788,2.417783
0.051417,-0.982915,2.366605
0.171739,-0.986293,2.368153
0.116221,0.558444,2.533584
0.058216,0.363072,2.566167
-0.103942,0.252535,2.510464
0.238584,0.283207,2.564808
-0.181095,0.006287,2.460948
0.415723,0.170113,2.444686
-0.189792,-0.202616,2.444686
0.248241,0.379330,2.362313
-0.190157,-0.277609,2.323284
0.209188,0.469797,2.435996
0.059570,0.020415,2.531991
0.067788,-0.032876,2.471079
-0.006041,-0.114470,2.438794
0.153846,-0.108105,2.472474
-0.001335,-0.579354,2.408974
0.151697,-0.583561,2.423434
0.026796,-0.934817,2.405564
0.143989,-0.925904,2.417644
0.051932,-0.982883,2.366658
0.171632,-0.986395,2.367973
0.116367,0.558469,2.532979
0.058665,0.363079,2.565830
-0.103582,0.252554,2.510209
0.238764,0.282967,2.564417
-0.181290,0.006195,2.461038
0.415275,0.170131,2.443270
-0.190023,-0.202600,2.443270
0.248327,0.377808,2.362499
-0.190396,-0.277594,2.323363
0.209648,0.467328,2.434977
0.059718,0.020362,2.531950
0.067932,-0.032952,2.471059
-0.005911,-0.114431,2.438606
0.153887,-0.108224,2.472519
-0.001328,-0.579345,2.408995
0.151519,-0.583614,2.423369
0.026829,-0.934841,2.405671
0.143909,-0.926016,2.417511
0.052280,-0.982702,2.366177
0.171603,-0.986508,2.367884
0.116478,0.558497,2.532361
0.059105,0.363092,2.565470
-0.103248,0.252575,2.509963
0.238921,0.282717,2.564016
-0.181477,0.006104,2.461117
0.414815,0.170139,2.441918
-0.190234,-0.202583,2.441918
0.248359,0.376362,2.362669
-0.190614,-0.277577,2.323431
0.210045,0.464981,2.433954
0.059864,0.020309,2.531899
0.068070,-0.033030,2.471030
-0.005787,-0.114394,2.438416
0.153924,-0.108343,2.472550
-0.001322,-0.579337,2.409014
0.151347,-0.583664,2.423302
0.026859,-0.934863,2.405773
0.143832,-0.926127,2.417382
0.052543,-0.982477,2.365522
0.171580,-0.986644,2.367832
0.116558,0.558532,2.531724
0.059517,0.363105,2.565111
-0.102937,0.252596,2.509726
0.239061,0.282452,2.563600
-0.181655,0.006014,2.461188
0.414346,0.170134,2.440611
-0.190429,-0.202567,2.440611
0.248370,0.375009,2.362823
-0.190810,-0.277563,2.323487
0.210405,0.462767,2.432956
0.060004,0.020256,2.531842
0.068203,-0.033108,2.470995
-0.005669,-0.114359,2.438226
0.153957,-0.108462,2.472567
-0.001316,-0.579330,2.409031
0.151180,-0.583712,2.423235
0.026887,-0.934886,2.405869
0.143758,-0.926234,2.417257
0.052822,-0.982328,2.365125
0.171549,-0.986806,2.367815
0.116604,0.558568,2.531039
0.059906,0.363121,2.564753
-0.102648,0.252618,2.509494
0.239282,0.282551,2.562663
-0.181824,0.005925,2.461252
0.413811,0.170025,2.439474
-0.190609,-0.202549,2.439474
0.248363,0.373747,2.362966
-0.190988,-0.277550,2.323533
0.210729,0.460682,2.431983
0.060172,0.020204,2.531774
0.068331,-0.033178,2.470955
-0.005555,-0.114324,2.438038
0.153990,-0.108572,2.472574
-0.001311,-0.579324,2.409047
0.151017,-0.583758,2.423167
0.026912,-0.934908,2.405961
0.143687,-0.926339,2.417137
0.052968,-0.982160,2.364628
0.171568,-0.987020,2.367951
0.116574,0.558615,2.530275
0.060292,0.363136,2.564379
-0.102377,0.252639,2.509264
0.238713,0.284051,2.559124
-0.181984,0.005837,2.461309
0.412340,0.169917,2.438885
-0.190774,-0.202532,2.438885
0.248120,0.372018,2.363097
-0.191148,-0.277537,2.323570
0.210903,0.458265,2.430766
0.060440,0.020150,2.531668
0.068456,-0.033246,2.470907
-0.005445,-0.114290,2.437850
0.154013,-0.108669,2.472556
-0.001306,-0.579318,2.409062
0.150859,-0.583801,2.423097
0.026936,-0.934929,2.406048
0.143616,-0.926449,2.417020
0.052871,-0.981968,2.364015
0.171719,-0.987421,2.368453
0.116449,0.558665,2.529438
0.060790,0.363231,2.563845
-0.102134,0.252659,2.509040
0.239586,0.284658,2.554993
-0.182137,0.005749,2.461362
0.410954,0.168594,2.438766
-0.190925,-0.202515,2.438766
0.246800,0.369636,2.363215
-0.191291,-0.277528,2.323598
0.210491,0.455461,2.428759
0.060720,0.020123,2.531538
0.068574,-0.033303,2.470847
-0.005361,-0.114256,2.437671
0.154036,-0.108761,2.472506
-0.001300,-0.579313,2.409075
0.150705,-0.583843,2.423027
0.026957,-0.934951,2.406132
0.143546,-0.926558,2.416907
0.052712,-0.981768,2.363348
0.170734,-0.987097,2.367240
0.116236,0.558718,2.528526
0.061287,0.363342,2.563266
-0.101920,0.252678,2.508821
0.238097,0.284345,2.548106
-0.182282,0.005662,2.461409
0.408385,0.166826,2.439585
-0.191058,-0.202502,2.439585
0.244513,0.366796,2.363320
-0.191419,-0.277519,2.323616
0.209548,0.452386,2.426109
0.061070,0.020034,2.531316
0.068675,-0.033431,2.470716
-0.005291,-0.114240,2.437492
0.154004,-0.108902,2.472342
-0.001294,-0.579309,2.409087
0.150558,-0.583884,2.422956
0.026978,-0.934973,2.406214
0.143478,-0.926665,2.416798
0.052354,-0.981554,2.362610
0.170597,-0.987325,2.367335
0.115954,0.558780,2.527568
0.061677,0.363449,2.562704
-0.101733,0.252699,2.508606
0.236432,0.283037,2.540812
-0.182420,0.005576,2.461452
0.405583,0.164725,2.440699
-0.191179,-0.202492,2.440699
0.241970,0.361882,2.363414
-0.191531,-0.277514,2.323623
0.207668,0.440968,2.417749
0.061385,0.019860,2.531047
0.068733,-0.033691,2.470494
-0.005250,-0.114268,2.437301
0.153894,-0.109165,2.472023
-0.001289,-0.579304,2.409098
0.150412,-0.583933,2.422881
0.026997,-0.934995,2.406293
0.143411,-0.926771,2.416694
0.052971,-0.982016,2.363618
0.170471,-0.987580,2.367468
0.115617,0.558831,2.526563
0.062011,0.363548,2.562130
-0.101577,0.252721,2.508398
0.235007,0.281147,2.534041
-0.182548,0.005484,2.461492
0.402824,0.161943,2.442313
-0.191288,-0.202482,2.442313
0.239153,0.355623,2.363499
-0.191630,-0.277510,2.323622
0.205720,0.427382,2.408330
0.061668,0.019653,2.530751
0.068764,-0.034007,2.470227
-0.005239,-0.114334,2.437093
0.153743,-0.109500,2.471614
-0.001276,-0.579309,2.409106
0.150267,-0.583988,2.422802
0.027014,-0.935016,2.406368
0.143345,-0.926879,2.416592
0.053405,-0.982270,2.364179
0.169283,-0.987221,2.366169
0.115238,0.558858,2.525511
0.062302,0.363636,2.561558
-0.101445,0.252744,2.508192
0.234084,0.280087,2.529380
-0.182667,0.005390,2.461525
0.399871,0.158659,2.444244
-0.191385,-0.202475,2.444244
0.235977,0.348496,2.363570
-0.191715,-0.277508,2.323611
0.203722,0.411676,2.398221
0.061899,0.019433,2.530448
0.068780,-0.034352,2.469932
-0.005244,-0.114419,2.436876
0.153571,-0.109864,2.471149
-0.001259,-0.579323,2.409113
0.150126,-0.584052,2.422719
0.027030,-0.935037,2.406440
0.143280,-0.926986,2.416492
0.053883,-0.982552,2.364824
0.168232,-0.986810,2.364766
0.114819,0.558868,2.524373
0.062562,0.363721,2.560971
-0.101339,0.252768,2.507987
0.233528,0.279589,2.526082
-0.182780,0.005289,2.461552
0.396417,0.155338,2.446119
-0.191471,-0.202471,2.446119
0.232365,0.339996,2.363628
-0.191785,-0.277511,2.323589
0.201439,0.395022,2.387649
0.062072,0.019220,2.530136
0.068797,-0.034674,2.469627
-0.005261,-0.114515,2.436656
0.153416,-0.110222,2.470648
-0.001239,-0.579349,2.409119
0.149989,-0.584119,2.422633
0.027044,-0.935059,2.406508
0.143215,-0.927094,2.416394
0.054401,-0.982861,2.365554
0.167385,-0.986370,2.363326
0.114375,0.558859,2.523180
0.062779,0.363797,2.560371
-0.101257,0.252793,2.507781
0.233027,0.279141,2.523092
-0.182885,0.005184,2.461575
0.392835,0.151881,2.448270
-0.191546,-0.202469,2.448270
0.229509,0.327879,2.363671
-0.191838,-0.277517,2.323557
0.199095,0.378340,2.377105
0.062226,0.019010,2.529814
0.068812,-0.034983,2.469315
-0.005286,-0.114618,2.436435
0.153271,-0.110575,2.470116
-0.001217,-0.579387,2.409123
0.149852,-0.584193,2.422544
0.027058,-0.935080,2.406574
0.143151,-0.927201,2.416298
0.054314,-0.982752,2.364935
0.166918,-0.986421,2.362900
0.113896,0.558824,2.521913
0.062962,0.363870,2.559750
-0.101194,0.252820,2.507576
0.232527,0.278673,2.520302
-0.182982,0.005070,2.461589
0.389281,0.148140,2.450637
-0.191608,-0.202471,2.450637
0.227015,0.315634,2.363700
-0.191873,-0.277529,2.323510
0.196833,0.362042,2.366993
0.062378,0.018792,2.529478
0.068819,-0.035301,2.468985
-0.005319,-0.114732,2.436209
0.153123,-0.110936,2.469557
-0.001192,-0.579429,2.409126
0.149716,-0.584274,2.422452
0.027070,-0.935101,2.406638
0.143088,-0.927307,2.416205
0.054282,-0.982704,2.364569
0.166473,-0.986421,2.362415
0.113404,0.558768,2.520591
0.063123,0.363938,2.559117
-0.101151,0.252846,2.507367
0.232076,0.278234,2.517770
-0.183070,0.004947,2.461591
0.385797,0.144345,2.453070
-0.191660,-0.202476,2.453070
0.223798,0.305083,2.363717
-0.191893,-0.277545,2.323450
0.194745,0.346569,2.357478
0.062517,0.018571,2.529130
0.068823,-0.035623,2.468642
-0.005361,-0.114855,2.435977
0.152973,-0.111304,2.468976
-0.001163,-0.579482,2.409128
0.149584,-0.584357,2.422359
0.027081,-0.935122,2.406701
0.143026,-0.927413,2.416115
0.055202,-0.983114,2.366081
0.166068,-0.986447,2.361987
0.112885,0.558677,2.519194
0.063252,0.363997,2.558463
-0.101129,0.252872,2.507146
0.231662,0.277822,2.515465
-0.183151,0.004818,2.461584
0.382425,0.140602,2.455493
-0.191701,-0.202485,2.455493
0.221274,0.294127,2.363721
-0.191902,-0.277563,2.323383
0.192799,0.332084,2.348622
0.062643,0.018344,2.528770
0.068821,-0.035951,2.468286
-0.005407,-0.114988,2.435739
0.152825,-0.111677,2.468374
-0.001133,-0.579545,2.409129
0.149456,-0.584445,2.422263
0.027092,-0.935144,2.406761
0.142965,-0.927518,2.416026
0.055839,-0.983388,2.367070
0.165695,-0.986507,2.361622
0.112352,0.558564,2.517752
0.063358,0.364053,2.557796
-0.101123,0.252900,2.506920
0.231288,0.277432,2.513372
-0.183224,0.004685,2.461570
0.379217,0.136917,2.457898
-0.191728,-0.202501,2.457898
0.219037,0.283677,2.363708
-0.191896,-0.277588,2.323305
0.191020,0.318682,2.340411
0.062759,0.018115,2.528399
0.068817,-0.036281,2.467918
-0.005459,-0.115128,2.435494
0.152677,-0.112053,2.467759
-0.001101,-0.579612,2.409130
0.149331,-0.584537,2.422165
0.027101,-0.935165,2.406821
0.142904,-0.927623,2.415940
0.056916,-0.983812,2.368799
0.165348,-0.986631,2.361350
0.111818,0.558442,2.516299
0.063452,0.364108,2.557088
-0.101135,0.252929,2.506678
0.230954,0.277068,2.511472
-0.183291,0.004546,2.461546
0.376174,0.133335,2.460247
-0.191742,-0.202523,2.460247
0.216779,0.274506,2.363679
-0.191871,-0.277621,2.323217
0.189440,0.306361,2.332866
0.062867,0.017890,2.528017
0.068813,-0.036607,2.467542
-0.005515,-0.115274,2.435247
0.152539,-0.112427,2.467130
-0.001067,-0.579686,2.409131
0.149210,-0.584631,2.422067
0.027110,-0.935188,2.406881
0.142845,-0.927727,2.415856
0.059834,-0.983349,2.370227
0.165048,-0.986723,2.361074
0.111291,0.558314,2.514829
0.063532,0.364167,2.556321
-0.101161,0.252959,2.506428
0.230694,0.276800,2.509824
-0.183349,0.004401,2.461514
0.373206,0.130138,2.462463
-0.191743,-0.202549,2.462463
0.215101,0.265402,2.363634
-0.191832,-0.277658,2.323119
0.188085,0.294991,2.325862
0.062966,0.017688,2.527623
0.068819,-0.036900,2.467164
-0.005567,-0.115412,2.435003
0.152425,-0.112773,2.466494
-0.001032,-0.579767,2.409132
0.149091,-0.584728,2.421967
0.027119,-0.935210,2.406941
0.142786,-0.927829,2.415774
0.060218,-0.983143,2.369909
0.164780,-0.986805,2.360813
0.110774,0.558199,2.513345
0.063608,0.364230,2.555503
-0.101203,0.252991,2.506166
0.230573,0.276699,2.508579
-0.183396,0.004252,2.461473
0.370376,0.127203,2.464573
-0.191734,-0.202577,2.464573
0.213182,0.257131,2.363575
-0.191776,-0.277700,2.323003
0.186931,0.284336,2.319315
0.063055,0.017514,2.527217
0.068835,-0.037154,2.466786
-0.005616,-0.115537,2.434763
0.152332,-0.113085,2.465855
-0.000995,-0.579854,2.409134
0.148976,-0.584827,2.421865
0.027128,-0.935234,2.407001
0.142729,-0.927930,2.415694
0.060505,-0.982901,2.369390
0.164546,-0.986865,2.360564
0.110277,0.558106,2.511801
0.063700,0.364294,2.554611
-0.101257,0.253028,2.505871
0.230524,0.276662,2.507574
-0.183431,0.004103,2.461421
0.367714,0.124456,2.466579
-0.191712,-0.202606,2.466579
0.211501,0.246910,2.363501
-0.191706,-0.277745,2.322875
0.185974,0.272897,2.312982
0.063143,0.017362,2.526797
0.068862,-0.037383,2.466403
-0.005658,-0.115652,2.434523
0.152258,-0.113376,2.465215
-0.000955,-0.579948,2.409137
0.148864,-0.584926,2.421761
0.027136,-0.935257,2.407060
0.142671,-0.928031,2.415615
0.060681,-0.982628,2.368687
0.164332,-0.986929,2.360336
0.109793,0.558027,2.510208
0.063796,0.364366,2.553641
-0.101314,0.253072,2.505534
0.230565,0.276653,2.506825
-0.183452,0.003945,2.461356
0.365243,0.121872,2.468514
-0.191674,-0.202637,2.468514
0.210300,0.236576,2.363406
-0.191614,-0.277789,2.322722
0.185581,0.258862,2.306731
0.063229,0.017230,2.526354
0.068900,-0.037593,2.466007
-0.005691,-0.115758,2.434273
0.152203,-0.113648,2.464573
-0.000914,-0.580048,2.409142
0.148756,-0.585025,2.421655
0.027146,-0.935279,2.407120
0.142614,-0.928129,2.415537
0.060946,-0.982432,2.368289
0.164232,-0.987034,2.360216
0.109265,0.557986,2.508247
0.063921,0.364459,2.552482
-0.101342,0.253131,2.505058
0.230714,0.276612,2.506312
-0.183449,0.003773,2.461256
0.362747,0.118712,2.470730
-0.191599,-0.202664,2.470730
0.209639,0.221098,2.363274
-0.191490,-0.277834,2.322539
0.186694,0.238647,2.300947
0.063331,0.017131,2.525834
0.068980,-0.037773,2.465554
-0.005676,-0.115848,2.433933
0.152189,-0.113895,2.463924
-0.000871,-0.580151,2.409148
0.148663,-0.585119,2.421536
0.027156,-0.935299,2.407183
0.142568,-0.928211,2.415464
0.061045,-0.982120,2.367436
0.164089,-0.987097,2.360043
0.108750,0.557929,2.505952
0.064087,0.364553,2.551149
-0.101341,0.253200,2.504447
0.230916,0.276564,2.505928
-0.183419,0.003587,2.461113
0.360312,0.115561,2.473008
-0.191495,-0.202685,2.473008
0.209747,0.203018,2.363119
-0.191341,-0.277881,2.322328
0.188438,0.217409,2.296113
0.063445,0.017047,2.525248
0.069089,-0.037942,2.465050
-0.005639,-0.115933,2.433550
0.152202,-0.114128,2.463253
-0.000826,-0.580259,2.409153
0.148582,-0.585222,2.421404
0.027167,-0.935319,2.407248
0.142527,-0.928284,2.415393
0.061083,-0.981787,2.366484
0.163971,-0.987156,2.359887
0.108284,0.557919,2.503410
0.064352,0.364627,2.549488
-0.101292,0.253292,2.503654
0.231194,0.276508,2.505640
-0.183343,0.003381,2.460909
0.357938,0.112394,2.475363
-0.191355,-0.202714,2.475363
0.210553,0.185748,2.362928
-0.191169,-0.277931,2.322096
0.190661,0.196263,2.292028
0.063580,0.016987,2.524577
0.069231,-0.038097,2.464487
-0.005578,-0.116014,2.433116
0.152242,-0.114351,2.462563
-0.000781,-0.580366,2.409153
0.148511,-0.585328,2.421257
0.027177,-0.935339,2.407310
0.142493,-0.928350,2.415320
0.061181,-0.981542,2.365811
0.163889,-0.987232,2.359769
0.108013,0.557914,2.500444
0.064717,0.364693,2.547563
-0.101134,0.253409,2.502615
0.231568,0.276453,2.505467
-0.183230,0.003163,2.460654
0.355693,0.109324,2.477672
-0.191174,-0.202744,2.477672
0.211572,0.168909,2.362698
-0.190969,-0.277983,2.321846
0.193029,0.175598,2.288191
0.063749,0.016943,2.523795
0.069426,-0.038241,2.463838
-0.005473,-0.116091,2.432599
0.152324,-0.114569,2.461836
-0.000728,-0.580476,2.409094
0.148459,-0.585441,2.421083
0.027185,-0.935353,2.407357
0.142463,-0.928406,2.415246
0.060746,-0.981783,2.365756
0.163840,-0.987322,2.359695
0.108090,0.557925,2.496984
0.065337,0.364692,2.545032
-0.100874,0.253558,2.501361
0.232062,0.276333,2.505319
-0.183077,0.002942,2.460352
0.353604,0.106253,2.479895
-0.190961,-0.202769,2.479895
0.214744,0.149159,2.362432
-0.190708,-0.278029,2.321560
0.195517,0.156174,2.284531
0.063989,0.016906,2.522843
0.069694,-0.038396,2.463063
-0.005325,-0.116172,2.432001
0.152463,-0.114808,2.461029
-0.000664,-0.580655,2.408711
0.148445,-0.585570,2.420854
0.027191,-0.935365,2.407393
0.142440,-0.928455,2.415165
0.060138,-0.982080,2.365669
0.163947,-0.987472,2.359750
0.108505,0.557943,2.493058
0.066261,0.364611,2.541932
-0.100448,0.253712,2.499792
0.232766,0.276121,2.505224
-0.182898,0.002727,2.460004
0.351683,0.103264,2.481985
-0.190717,-0.202786,2.481985
0.218281,0.130297,2.362139
-0.190408,-0.278061,2.321262
0.197997,0.138144,2.281078
0.064327,0.016870,2.521708
0.070062,-0.038566,2.462148
-0.005115,-0.116265,2.431307
0.152687,-0.115080,2.460134
-0.000727,-0.580689,2.407230
0.148514,-0.585699,2.420527
0.027173,-0.935226,2.407139
0.142435,-0.928490,2.415056
0.059380,-0.982270,2.365370
0.164224,-0.987712,2.360089
0.109347,0.557907,2.488457
0.067505,0.364389,2.538089
-0.099835,0.253862,2.497904
0.233604,0.275820,2.505046
-0.182696,0.002520,2.459638
0.349967,0.100226,2.483860
-0.190439,-0.202793,2.483860
0.220631,0.114197,2.361811
-0.190056,-0.278079,2.320930
0.200417,0.121368,2.277495
0.064783,0.016803,2.520335
0.070538,-0.038786,2.461053
-0.004836,-0.116388,2.430501
0.152986,-0.115401,2.459131
-0.001027,-0.580413,2.404116
0.148678,-0.585815,2.420089
0.027046,-0.934744,2.406234
0.142487,-0.928463,2.414860
0.058447,-0.980949,2.361556
0.164382,-0.987070,2.358855
0.110627,0.557683,2.482691
0.069027,0.364057,2.533551
-0.099054,0.254009,2.495663
0.234677,0.275368,2.504700
-0.182473,0.002328,2.459244
0.348428,0.097197,2.485362
-0.190136,-0.202792,2.485362
0.222781,0.098995,2.361455
-0.189665,-0.278086,2.320571
0.202692,0.105848,2.273851
0.065365,0.016715,2.518684
0.071112,-0.039047,2.459749
-0.004499,-0.116537,2.429565
0.153370,-0.115788,2.457965
-0.001444,-0.579811,2.399474
0.148924,-0.585923,2.419550
0.026386,-0.933341,2.403082
0.142636,-0.928389,2.414597
0.056441,-0.978208,2.353740
0.164684,-0.986258,2.357352
0.112182,0.557309,2.476068
0.070740,0.363619,2.528351
-0.098077,0.254154,2.492911
0.235922,0.274825,2.504156
-0.182227,0.002143,2.458821
0.347076,0.094073,2.486467
-0.189811,-0.202789,2.486467
0.224155,0.083892,2.361075
-0.189242,-0.278084,2.320195
0.204809,0.091426,2.269853
0.066064,0.016608,2.516684
0.071792,-0.039348,2.458178
-0.004093,-0.116710,2.428446
0.153846,-0.116241,2.456588
-0.001891,-0.578470,2.392797
0.149246,-0.586018,2.418910
0.025839,-0.933548,2.399658
0.142827,-0.928294,2.414299
0.054909,-0.978002,2.346767
0.165038,-0.985351,2.355677
0.113997,0.556852,2.468451
0.072737,0.363117,2.522235
-0.096914,0.254363,2.489588
0.237400,0.274189,2.503162
-0.181920,0.001945,2.458301
0.345878,0.091037,2.487150
-0.189471,-0.202787,2.487150
0.226988,0.069477,2.360679
-0.188803,-0.278077,2.319811
0.206763,0.078143,2.265670
0.066911,0.016509,2.514230
0.072567,-0.039675,2.456288
-0.003642,-0.116894,2.427172
0.154411,-0.116750,2.454882
-0.002380,-0.576505,2.384492
0.149651,-0.586087,2.418149
0.025052,-0.933869,2.394546
0.143047,-0.928182,2.413978
0.052970,-0.977936,2.337609
0.165376,-0.984383,2.353887
0.115806,0.556365,2.459619
0.074941,0.362496,2.514585
-0.095552,0.254650,2.485438
0.239254,0.273468,2.501574
-0.181514,0.001731,2.457628
0.344855,0.087887,2.487083
-0.189117,-0.202800,2.487083
0.228597,0.057874,2.360252
-0.188377,-0.278075,2.319428
0.208626,0.066118,2.261747
0.067866,0.016480,2.510977
0.073402,-0.039988,2.453854
-0.003182,-0.117067,2.425584
0.155035,-0.117309,2.452675
-0.003120,-0.573394,2.373929
0.150128,-0.586144,2.417259
0.023853,-0.933892,2.385111
0.143314,-0.928028,2.413607
0.050429,-0.977905,2.323229
0.165743,-0.983325,2.351957
0.117532,0.555843,2.449128
0.077309,0.361844,2.505418
-0.094142,0.254999,2.480715
0.241452,0.272750,2.498912
-0.180980,0.001470,2.456615
0.343953,0.084614,2.485690
-0.188738,-0.202858,2.485690
0.230118,0.046755,2.359747
-0.187969,-0.278088,2.319037
0.210146,0.055046,2.256905
0.068998,0.016560,2.506643
0.074308,-0.040254,2.450661
-0.002706,-0.117213,2.423579
0.155729,-0.117883,2.449637
-0.004024,-0.569554,2.361963
0.150692,-0.586161,2.416147
0.022674,-0.933545,2.372743
0.143613,-0.927848,2.413197
0.047734,-0.977766,2.305554
0.166047,-0.982213,2.349918
0.119114,0.555276,2.437314
0.079722,0.361128,2.495073
-0.092648,0.255436,2.474959
0.243836,0.272056,2.495098
-0.180303,0.001151,2.455148
0.343197,0.081259,2.483175
-0.188340,-0.202967,2.483175
0.231287,0.037114,2.359106
-0.187622,-0.278150,2.318597
0.211448,0.044993,2.251671
0.070195,0.016699,2.501143
0.075221,-0.040500,2.446590
-0.002240,-0.117325,2.420964
0.156392,-0.118481,2.445661
-0.005124,-0.565132,2.348406
0.151333,-0.586163,2.414727
0.021019,-0.932427,2.354213
0.143935,-0.927651,2.412752
0.044368,-0.977078,2.281064
0.166329,-0.981070,2.347797
0.120428,0.554587,2.423769
0.082117,0.360339,2.483853
-0.091112,0.255835,2.467821
0.246438,0.271317,2.490029
-0.179486,0.000731,2.452973
0.342636,0.077723,2.478950
-0.187944,-0.203163,2.478950
0.232121,0.028472,2.358276
-0.187314,-0.278245,2.318081
0.212539,0.035952,2.246078
0.071413,0.016851,2.494408
0.076127,-0.040754,2.441500
-0.001810,-0.117450,2.417456
0.157033,-0.119127,2.440647
-0.006356,-0.560675,2.334060
0.152051,-0.586143,2.412864
0.018608,-0.930756,2.331133
0.144283,-0.927423,2.412234
0.040179,-0.975928,2.251846
0.166607,-0.979860,2.345527
0.121349,0.553923,2.408923
0.084407,0.359504,2.469897
-0.089679,0.256174,2.459388
0.249171,0.270406,2.483043
-0.178579,0.000187,2.449970
0.342175,0.073639,2.471646
-0.187538,-0.203589,2.471646
0.232314,0.020862,2.356938
-0.187093,-0.278484,2.317289
0.213402,0.027905,2.239731
0.072636,0.017073,2.485521
0.076974,-0.041034,2.434766
-0.001471,-0.117609,2.412772
0.157619,-0.119847,2.433939
-0.007684,-0.556171,2.318568
0.152812,-0.586114,2.410435
0.016068,-0.928790,2.305191
0.144669,-0.927170,2.411618
0.035817,-0.974614,2.220061
0.166850,-0.978645,2.343120
0.121544,0.553074,2.392019
0.086431,0.358627,2.455031
-0.088480,0.256499,2.449475
0.251824,0.269576,2.474540
-0.177625,-0.000487,2.445752
0.341865,0.069518,2.462718
-0.187171,-0.204209,2.462718
0.232360,0.014350,2.355073
-0.186980,-0.278858,2.316151
0.213622,0.020860,2.231048
0.073718,0.017295,2.474739
0.077674,-0.041317,2.426313
-0.001286,-0.117806,2.406466
0.158053,-0.120591,2.425369
-0.009171,-0.551757,2.302090
0.153621,-0.586061,2.407265
0.012761,-0.925944,2.274267
0.145103,-0.926874,2.410848
0.030666,-0.972291,2.183356
0.167098,-0.977351,2.340469
0.121065,0.552236,2.373981
0.087947,0.357531,2.437859
-0.087579,0.256770,2.437560
0.254389,0.268722,2.463624
-0.176717,-0.001332,2.439716
0.341711,0.065491,2.451340
-0.186858,-0.205231,2.451340
0.232120,0.008606,2.352056
-0.186953,-0.279426,2.314423
0.213456,0.014934,2.221396
0.074538,0.017515,2.461406
0.078114,-0.041629,2.415645
-0.001357,-0.118075,2.398035
0.158252,-0.121390,2.414701
-0.010795,-0.547516,2.284442
0.154507,-0.586045,2.403124
0.009150,-0.923088,2.241838
0.145592,-0.926510,2.409876
0.025265,-0.969976,2.145730
0.167331,-0.975977,2.337551
0.119498,0.551357,2.353719
0.088815,0.356326,2.418583
-0.087155,0.256788,2.423744
0.256417,0.267823,2.449876
-0.175851,-0.002474,2.432144
0.341212,0.061444,2.435782
-0.186695,-0.206706,2.435782
0.229918,0.004341,2.347689
-0.187114,-0.280764,2.310786
0.212418,0.010345,2.209046
0.074980,0.017602,2.445094
0.078164,-0.042086,2.402143
-0.001713,-0.118488,2.387099
0.158001,-0.122330,2.400802
-0.013223,-0.543127,2.263716
0.155472,-0.586062,2.397646
0.005902,-0.920565,2.209009
0.146113,-0.925960,2.408550
0.020418,-0.968139,2.108529
0.167462,-0.974331,2.334143
0.116948,0.550360,2.331963
0.089071,0.354992,2.397802
-0.087311,0.256654,2.407779
0.257643,0.266524,2.432976
-0.175178,-0.003965,2.421809
0.340520,0.057677,2.417781
-0.186753,-0.208644,2.417781
0.227136,0.001202,2.341069
-0.187585,-0.282180,2.305774
0.210435,0.006963,2.194243
0.074884,0.017453,2.426358
0.077646,-0.042780,2.386187
-0.002625,-0.119117,2.373422
0.157177,-0.123452,2.384599
-0.015920,-0.539224,2.241939
0.156397,-0.586186,2.390731
0.002699,-0.918285,2.175645
0.146652,-0.925231,2.406805
0.015709,-0.966511,2.071388
0.167475,-0.972458,2.330216
0.113369,0.549345,2.309113
0.088267,0.353564,2.373947
-0.088375,0.256219,2.389240
0.258137,0.265246,2.413426
-0.174977,-0.005760,2.408839
0.339354,0.054332,2.396191
-0.187325,-0.210875,2.396191
0.222609,0.000069,2.331759
-0.188948,-0.283947,2.296934
0.207569,0.004948,2.176926
0.073895,0.017144,2.403898
0.076263,-0.043659,2.366536
-0.004300,-0.119925,2.356156
0.155420,-0.124843,2.364421
-0.019275,-0.535573,2.217597
0.157100,-0.586357,2.381416
-0.000468,-0.916303,2.141922
0.147168,-0.924266,2.404511
0.011249,-0.965216,2.034585
0.167361,-0.970318,2.325665
0.108264,0.548285,2.283250
0.087002,0.352200,2.349903
-0.090381,0.255742,2.368567
0.257789,0.264102,2.391388
-0.175594,-0.007945,2.391783
0.337952,0.051201,2.373248
-0.188700,-0.213276,2.373248
0.218046,-0.000279,2.318867
-0.190825,-0.285895,2.285686
0.203556,0.004246,2.156467
0.072352,0.016766,2.379698
0.074279,-0.044544,2.344629
-0.006639,-0.120894,2.336032
0.153053,-0.126150,2.341800
-0.022966,-0.532338,2.191943
0.157457,-0.586257,2.368932
-0.003088,-0.914725,2.109381
0.147656,-0.923040,2.401421
0.007537,-0.964259,1.999662
0.167087,-0.967861,2.320217
0.101998,0.547258,2.256613
0.084202,0.351212,2.322422
-0.093636,0.255103,2.345141
0.256165,0.262831,2.365473
-0.176685,-0.010121,2.372776
0.335952,0.048472,2.346859
-0.190943,-0.215853,2.346859
0.212122,0.000818,2.301974
-0.194090,-0.288196,2.268438
0.196476,0.005202,2.130184
0.069610,0.016479,2.351794
0.071100,-0.045398,2.318875
-0.010074,-0.121958,2.312149
0.149560,-0.127364,2.315310
-0.027579,-0.529400,2.163832
0.157465,-0.585522,2.352422
-0.005602,-0.913064,2.075231
0.148236,-0.920132,2.395041
0.004000,-0.963190,1.963680
0.166541,-0.963520,2.311154
0.094060,0.546490,2.227748
0.080375,0.350436,2.293739
-0.097919,0.254561,2.320321
0.253397,0.261858,2.337451
-0.179181,-0.012017,2.348922
0.333241,0.046608,2.318151
-0.194221,-0.218030,2.318151
0.205475,0.002899,2.280816
-0.198205,-0.290272,2.247846
0.189012,0.007044,2.103590
0.065872,0.016281,2.321651
0.066860,-0.046098,2.290305
-0.014552,-0.122958,2.285052
0.144978,-0.128347,2.285686
-0.032574,-0.526776,2.134359
0.156836,-0.584012,2.330008
-0.008322,-0.911940,2.043418
0.148820,-0.915944,2.385905
0.000323,-0.962637,1.930653
0.165749,-0.957832,2.299272
