0.066019,0.356861,2.966362
0.080566,0.188652,2.962280
-0.090016,0.070981,2.978019
0.208313,0.060139,2.946485
-0.119853,-0.208158,2.960957
0.259093,-0.208577,2.905263
-0.140580,-0.420906,2.905263
0.297781,-0.402100,2.860982
-0.134115,-0.466312,2.836761
0.306377,-0.463285,2.693288
0.079408,-0.158828,2.965303
0.072297,-0.220367,2.914848
0.004040,-0.289279,2.909436
0.137368,-0.286513,2.899695
-0.013553,-0.689087,2.722235
0.122267,-0.752514,2.912528
-0.019342,-0.985939,2.552799
0.089123,-1.070855,2.857087
-0.034667,-1.008568,2.440976
0.082891,-1.123559,2.792641
0.065670,0.358177,2.940192
0.079585,0.190056,2.935435
-0.090822,0.071754,2.948388
0.208569,0.063256,2.921143
-0.120852,-0.207146,2.935086
0.258925,-0.204516,2.881988
-0.141622,-0.420562,2.881988
0.301978,-0.384166,2.840973
-0.134518,-0.464905,2.818886
0.312420,-0.440177,2.647901
0.078687,-0.156899,2.938776
0.072041,-0.218197,2.887824
0.003725,-0.286932,2.882055
0.137473,-0.284697,2.873110
-0.012672,-0.681667,2.694178
0.123602,-0.750892,2.895739
-0.020617,-0.978018,2.512543
0.089106,-1.071553,2.852912
-0.036165,-0.998873,2.398207
0.083023,-1.125036,2.790230
0.063850,0.359561,2.913907
0.077311,0.191790,2.908250
-0.092897,0.072870,2.918094
0.207738,0.065837,2.895583
-0.123289,-0.205966,2.906912
0.257763,-0.198654,2.854951
-0.144278,-0.420309,2.854951
0.305768,-0.351953,2.819161
-0.137047,-0.463630,2.798212
0.316990,-0.404338,2.593385
0.076254,-0.154835,2.910688
0.070096,-0.215842,2.859050
0.001647,-0.284329,2.852621
0.135699,-0.282665,2.844157
-0.012101,-0.674578,2.667127
0.124589,-0.748838,2.876613
-0.021939,-0.971004,2.476106
0.089035,-1.072076,2.848718
-0.037632,-0.990354,2.359545
0.083154,-1.126353,2.787803
0.059845,0.361429,2.886417
0.073361,0.193663,2.879936
-0.096502,0.073586,2.885973
0.204145,0.069041,2.865274
-0.127684,-0.205162,2.874750
0.255901,-0.190922,2.823386
-0.149170,-0.420393,2.823386
0.307891,-0.312396,2.791314
-0.141708,-0.462041,2.771627
0.318888,-0.354559,2.534837
0.071864,-0.152823,2.879631
0.065883,-0.213425,2.827013
-0.002387,-0.281909,2.820538
0.131461,-0.280038,2.811512
-0.011669,-0.668346,2.642097
0.124815,-0.745875,2.850655
-0.023190,-0.964951,2.443166
0.088974,-1.072407,2.844809
-0.039104,-0.983177,2.324626
0.083263,-1.127052,2.785056
0.053285,0.363300,2.856822
0.067679,0.195817,2.850363
-0.101302,0.074460,2.853156
0.199701,0.071753,2.834934
-0.133495,-0.204207,2.840672
0.253375,-0.181965,2.785954
-0.156213,-0.419591,2.785954
0.305401,-0.260258,2.756960
-0.148163,-0.459625,2.739360
0.317157,-0.290421,2.473980
0.066303,-0.150594,2.848870
0.060705,-0.210929,2.795599
-0.007404,-0.279464,2.789224
0.126250,-0.277328,2.779216
-0.011285,-0.662501,2.618628
0.124478,-0.739032,2.815369
-0.024434,-0.959672,2.413532
0.088961,-1.071279,2.839425
-0.040501,-0.977257,2.293430
0.083462,-1.125063,2.779357
0.046195,0.365275,2.828588
0.061826,0.197806,2.822886
-0.106442,0.075157,2.822299
0.194554,0.073953,2.805609
-0.139818,-0.202886,2.807716
0.251491,-0.172820,2.749013
-0.163292,-0.418359,2.749013
0.304233,-0.210319,2.723549
-0.155039,-0.456817,2.707138
0.314218,-0.230043,2.419487
0.060470,-0.148674,2.819601
0.055179,-0.208732,2.765638
-0.012780,-0.277365,2.759181
0.120728,-0.274835,2.748571
-0.010922,-0.657327,2.597293
0.124075,-0.732620,2.781907
-0.025709,-0.955365,2.386935
0.088849,-1.070084,2.833706
-0.041911,-0.972787,2.265805
0.083474,-1.122784,2.772761
0.038990,0.367125,2.802429
0.055753,0.199607,2.797146
-0.111738,0.075645,2.793516
0.189161,0.076031,2.778015
-0.146330,-0.201468,2.776057
0.249912,-0.162645,2.711497
-0.170531,-0.416380,2.711497
0.301655,-0.162825,2.689067
-0.162643,-0.453947,2.670891
0.309954,-0.172388,2.371531
0.054492,-0.146994,2.791955
0.049502,-0.206781,2.737355
-0.018311,-0.275579,2.730791
0.115084,-0.272505,2.719610
-0.010623,-0.652738,2.577892
0.123292,-0.726626,2.748405
-0.027026,-0.952104,2.363333
0.088839,-1.068746,2.826824
-0.043317,-0.969825,2.241784
0.083602,-1.120132,2.764321
0.031801,0.368889,2.778268
0.049524,0.201405,2.772878
-0.117564,0.076217,2.766594
0.183585,0.077959,2.751825
-0.153077,-0.199894,2.745550
0.248815,-0.152480,2.675931
-0.178272,-0.413421,2.675931
0.298443,-0.118868,2.653500
-0.170276,-0.450632,2.635043
0.304465,-0.115964,2.328706
0.048588,-0.145311,2.766243
0.043886,-0.204865,2.711130
-0.023878,-0.273901,2.704323
0.109638,-0.270293,2.692986
-0.010385,-0.648569,2.560164
0.122095,-0.719628,2.712991
-0.028367,-0.949847,2.342818
0.089050,-1.066447,2.816707
-0.044692,-0.968294,2.221534
0.083943,-1.116037,2.751688
0.024090,0.370961,2.754110
0.042416,0.203253,2.748959
-0.123786,0.076847,2.740541
0.177533,0.079996,2.726293
-0.159899,-0.197714,2.716454
0.247820,-0.138650,2.635631
-0.185860,-0.409287,2.635631
0.291247,-0.066890,2.618465
-0.178895,-0.447919,2.592427
0.295813,-0.055462,2.291063
0.042443,-0.143461,2.741587
0.038110,-0.202815,2.686114
-0.029503,-0.272130,2.679290
0.104117,-0.267932,2.667583
-0.010300,-0.644668,2.543591
0.119741,-0.710732,2.673777
-0.029693,-0.948479,2.325497
0.089371,-1.061152,2.796086
-0.045958,-0.968017,2.205200
0.084367,-1.108135,2.727039
0.016151,0.372977,2.730842
0.035138,0.205205,2.725919
-0.130377,0.077640,2.715594
0.171465,0.082142,2.702257
-0.166630,-0.195255,2.688700
0.247456,-0.123446,2.596610
-0.193958,-0.404301,2.596610
0.282252,-0.015292,2.583959
-0.187188,-0.445172,2.552070
0.282661,0.012972,2.260587
0.036334,-0.141413,2.718392
0.032449,-0.200609,2.662720
-0.035078,-0.270195,2.655740
0.098860,-0.265547,2.644185
-0.010420,-0.641111,2.528396
0.117389,-0.699430,2.632458
-0.029802,-0.948078,2.311619
0.090558,-1.049686,2.758538
-0.045476,-0.968989,2.193049
0.082343,-1.099675,2.702871
0.008806,0.374877,2.709327
0.027942,0.207126,2.704495
-0.136682,0.078462,2.692943
0.165574,0.084252,2.680024
-0.173046,-0.192885,2.663046
0.247244,-0.108739,2.560770
-0.201476,-0.399666,2.560770
0.273427,0.031680,2.552468
-0.194731,-0.442764,2.515278
0.268147,0.080125,2.237160
0.030506,-0.139408,2.697041
0.027045,-0.198476,2.641236
-0.040406,-0.268353,2.634086
0.093915,-0.263248,2.622794
-0.010744,-0.637829,2.514578
0.114544,-0.688935,2.594676
-0.029592,-0.948284,2.300486
0.092135,-1.036977,2.715783
-0.044557,-0.970900,2.184133
0.083891,-1.083675,2.654939
0.001318,0.376875,2.688660
0.020724,0.209006,2.684323
-0.143287,0.079133,2.671440
0.159486,0.086827,2.658332
-0.179247,-0.190611,2.639155
0.246899,-0.088013,2.521186
-0.208243,-0.395672,2.521186
0.261145,0.084391,2.524203
-0.201416,-0.440974,2.482410
0.251267,0.147570,2.224696
0.024778,-0.137254,2.676918
0.021673,-0.196152,2.620981
-0.045691,-0.266445,2.613762
0.089064,-0.260744,2.602553
-0.011320,-0.634943,2.501992
0.111871,-0.677760,2.555997
-0.029224,-0.949131,2.291396
0.093124,-1.030704,2.680689
-0.043546,-0.973289,2.177345
0.084597,-1.075665,2.617086
-0.005909,0.378852,2.668486
0.013041,0.211020,2.664330
-0.149853,0.079665,2.650920
0.153299,0.089752,2.637413
-0.185169,-0.188690,2.616238
0.247258,-0.060776,2.481355
-0.214337,-0.392653,2.481355
0.245577,0.139055,2.498732
-0.206982,-0.438317,2.454988
0.228730,0.220696,2.225523
0.019141,-0.135018,2.657853
0.016446,-0.193842,2.601951
-0.050815,-0.264548,2.594710
0.084443,-0.258295,2.583718
-0.012185,-0.632310,2.490537
0.108191,-0.666394,2.520235
-0.029081,-0.950429,2.284469
0.094485,-1.023138,2.636245
-0.042795,-0.976268,2.172955
0.085851,-1.067306,2.569095
-0.012539,0.381078,2.647585
0.005842,0.213038,2.644954
-0.155985,0.080262,2.631879
0.147111,0.092884,2.616815
-0.190512,-0.186991,2.595636
0.246468,-0.025860,2.440665
-0.219702,-0.390055,2.440665
0.226819,0.194125,2.476261
-0.211803,-0.436482,2.431489
0.203014,0.290951,2.235842
0.013800,-0.132694,2.639740
0.011390,-0.191482,2.583953
-0.055757,-0.262602,2.576850
0.079939,-0.255779,2.565907
-0.013337,-0.629957,2.480110
0.104840,-0.655017,2.485788
-0.028924,-0.952170,2.279636
0.095002,-1.014399,2.585568
-0.042160,-0.979590,2.170782
0.085976,-1.057894,2.514229
-0.018428,0.383323,2.628328
-0.000350,0.215183,2.626076
-0.161760,0.080873,2.614196
0.141174,0.096329,2.596681
-0.195324,-0.185529,2.577124
0.244136,0.014348,2.401600
-0.224411,-0.387891,2.401600
0.207732,0.248885,2.456609
-0.216017,-0.434966,2.410981
0.184842,0.346136,2.238938
0.008676,-0.130166,2.622403
0.006325,-0.188919,2.566737
-0.060782,-0.260501,2.560001
0.075203,-0.253043,2.548563
-0.014874,-0.627576,2.470413
0.100754,-0.644458,2.454371
-0.028973,-0.953821,2.276550
0.095387,-1.004832,2.532159
-0.041853,-0.982981,2.170513
0.085874,-1.047670,2.456278
-0.023696,0.385473,2.610508
-0.005863,0.217168,2.608823
-0.167062,0.081528,2.598163
0.135785,0.099394,2.577863
-0.199626,-0.184242,2.560584
0.241934,0.051456,2.367239
-0.228578,-0.385982,2.367239
0.190143,0.296913,2.439184
-0.219808,-0.433603,2.392517
0.167951,0.395390,2.243191
0.003817,-0.127419,2.606159
0.001313,-0.185965,2.550517
-0.065830,-0.258035,2.544351
0.070364,-0.249953,2.531914
-0.016713,-0.625103,2.461456
0.096826,-0.634618,2.426421
-0.029588,-0.952479,2.279032
0.095367,-0.995109,2.481038
-0.042362,-0.982571,2.176782
0.085254,-1.037242,2.400835
-0.028274,0.387629,2.593343
-0.010465,0.219427,2.592254
-0.171933,0.082203,2.583504
0.130801,0.102644,2.559815
-0.203462,-0.183075,2.545770
0.238560,0.088145,2.335660
-0.232285,-0.384254,2.335660
0.174018,0.341500,2.423567
-0.223341,-0.432462,2.376113
0.152384,0.440580,2.248003
-0.000665,-0.124356,2.590517
-0.003480,-0.182733,2.534996
-0.070728,-0.255333,2.529595
0.065603,-0.246614,2.515735
-0.018856,-0.622638,2.453066
0.092673,-0.625193,2.400424
-0.030251,-0.950760,2.282909
0.095142,-0.985643,2.432323
-0.042707,-0.982512,2.179295
0.084377,-1.027172,2.348244
-0.032425,0.389548,2.576887
-0.014575,0.221637,2.576684
-0.176372,0.082863,2.570230
0.126114,0.105385,2.542478
-0.206884,-0.182034,2.532484
0.235190,0.121442,2.308075
-0.235664,-0.382715,2.308075
0.158812,0.380440,2.409472
-0.226617,-0.431534,2.361985
0.137691,0.480760,2.253597
-0.004819,-0.121181,2.575672
-0.008085,-0.179343,2.520273
-0.075561,-0.252486,2.515802
0.061061,-0.243069,2.500064
-0.021195,-0.620211,2.445294
0.088838,-0.616491,2.376902
-0.030873,-0.948689,2.287664
0.094829,-0.976865,2.387603
-0.043159,-0.982126,2.182501
0.083292,-1.017913,2.300247
-0.036068,0.391557,2.561150
-0.018195,0.223891,2.561496
-0.180342,0.083740,2.557514
0.121741,0.108221,2.525357
-0.209931,-0.181082,2.520482
0.231629,0.152441,2.282896
-0.238777,-0.381387,2.282896
0.144411,0.413947,2.396922
-0.229626,-0.430810,2.350125
0.123749,0.516072,2.259895
-0.008714,-0.117807,2.561084
-0.012516,-0.175731,2.505835
-0.080308,-0.249295,2.502294
0.056661,-0.239314,2.484735
-0.023746,-0.617798,2.437886
0.085175,-0.608244,2.355066
-0.031411,-0.946501,2.292549
0.094542,-0.968721,2.346367
-0.043595,-0.981542,2.185934
0.082301,-1.009419,2.256231
-0.039272,0.393437,2.546527
-0.021280,0.226025,2.547426
-0.183941,0.084560,2.545751
0.117791,0.110934,2.509371
-0.212661,-0.180225,2.509618
0.228487,0.180135,2.260776
-0.241633,-0.380304,2.260776
0.130955,0.443618,2.385955
-0.232351,-0.430292,2.340518
0.110677,0.547602,2.265012
-0.012204,-0.114544,2.547447
-0.016569,-0.172221,2.492336
-0.084704,-0.246228,2.489832
0.052595,-0.235585,2.470073
-0.026363,-0.615470,2.430896
0.082494,-0.599956,2.333653
-0.031934,-0.943980,2.297655
0.093604,-0.961512,2.309608
-0.044051,-0.980635,2.189635
0.080650,-1.002002,2.217397
-0.042127,0.395293,2.532778
-0.023811,0.228310,2.533916
-0.187200,0.085327,2.535015
0.114266,0.113669,2.494135
-0.215127,-0.179445,2.499735
0.225704,0.204779,2.240806
-0.244192,-0.379461,2.240806
0.118899,0.468993,2.376576
-0.234788,-0.430008,2.333088
0.098723,0.574980,2.270851
-0.015330,-0.111250,2.534453
-0.020335,-0.168722,2.479536
-0.088847,-0.243221,2.478172
0.048788,-0.231874,2.456065
-0.029006,-0.613174,2.424205
0.079689,-0.592643,2.314708
-0.032457,-0.941294,2.302876
0.092978,-0.954859,2.275674
-0.044588,-0.979503,2.193570
0.079314,-0.995235,2.181672
-0.044580,0.397113,2.519864
-0.025952,0.230408,2.521450
-0.190139,0.086060,2.525236
0.111075,0.116186,2.479791
-0.217348,-0.178737,2.490720
0.223140,0.226677,2.222989
-0.246424,-0.378856,2.222989
0.108153,0.491037,2.368570
-0.236942,-0.429841,2.327420
0.087891,0.598930,2.276904
-0.018096,-0.108000,2.522179
-0.023797,-0.165185,2.467399
-0.092734,-0.240057,2.466948
0.045251,-0.228131,2.442801
-0.031627,-0.610974,2.417910
0.077106,-0.585976,2.297720
-0.032959,-0.938585,2.308196
0.092356,-0.948647,2.244674
-0.045182,-0.978221,2.197718
0.077995,-0.988939,2.149128
-0.046726,0.398818,2.507727
-0.027601,0.232480,2.509575
-0.192799,0.086763,2.516232
0.108274,0.118521,2.466382
-0.219320,-0.178105,2.482472
0.220845,0.246162,2.207007
-0.248344,-0.378452,2.207007
0.098439,0.510008,2.361631
-0.238701,-0.429713,2.322845
0.077995,0.619717,2.282836
-0.020465,-0.104695,2.510382
-0.026896,-0.161599,2.455789
-0.096277,-0.236879,2.456272
0.042057,-0.224366,2.430148
-0.034223,-0.608810,2.411896
0.074735,-0.579876,2.282372
-0.033423,-0.935887,2.313490
0.091721,-0.942881,2.216391
-0.045783,-0.976824,2.201972
0.076720,-0.983122,2.119519
-0.048444,0.400545,2.495541
-0.028592,0.234609,2.497283
-0.195146,0.087594,2.507101
0.105836,0.120884,2.452418
-0.220845,-0.177489,2.474337
0.218913,0.263544,2.192276
-0.250133,-0.377824,2.192276
0.090287,0.528184,2.354365
-0.240197,-0.429371,2.317019
0.069534,0.639220,2.286580
-0.022429,-0.101056,2.497668
-0.029731,-0.157570,2.443235
-0.099641,-0.233242,2.444818
0.039022,-0.220080,2.416103
-0.036956,-0.606533,2.405470
0.072272,-0.574177,2.267692
-0.033840,-0.933213,2.318000
0.091257,-0.937840,2.190873
-0.046367,-0.975312,2.205815
0.075682,-0.977959,2.092973
-0.049153,0.402300,2.483562
-0.029231,0.236668,2.485642
-0.197070,0.088558,2.498497
0.103770,0.123057,2.439403
-0.222080,-0.176893,2.466730
0.217218,0.279065,2.178976
-0.251698,-0.377274,2.178976
0.083064,0.542492,2.347791
-0.241496,-0.429048,2.311731
0.061848,0.655123,2.290987
-0.024106,-0.097677,2.485711
-0.032253,-0.153867,2.431460
-0.102611,-0.229884,2.434164
0.036209,-0.216178,2.402877
-0.039635,-0.604399,2.399050
0.070158,-0.568965,2.254358
-0.034085,-0.930686,2.322012
0.090796,-0.933270,2.167872
-0.046828,-0.973797,2.209379
0.074713,-0.973368,2.069055
-0.049570,0.403945,2.471877
-0.029286,0.238754,2.474214
-0.198501,0.089629,2.490010
0.102103,0.125134,2.426857
-0.222675,-0.176205,2.458590
0.215704,0.293075,2.166877
-0.252729,-0.376731,2.166877
0.076802,0.554771,2.341231
-0.242616,-0.428684,2.306591
0.055019,0.668988,2.294628
-0.024617,-0.094230,2.472806
-0.033524,-0.150029,2.418591
-0.103945,-0.226185,2.421718
0.034523,-0.212085,2.389000
-0.042377,-0.602355,2.392031
0.068839,-0.564041,2.241355
-0.034261,-0.928229,2.325434
0.090232,-0.929235,2.147377
-0.047230,-0.972229,2.212556
0.073705,-0.969233,2.047717
-0.049653,0.405512,2.460745
-0.028902,0.240856,2.463310
-0.199583,0.090755,2.481950
0.100920,0.127053,2.414896
-0.222946,-0.175520,2.450845
0.214345,0.305779,2.155875
-0.253502,-0.376205,2.155875
0.071654,0.563724,2.335098
-0.243462,-0.428316,2.301819
0.049054,0.679912,2.298224
-0.024669,-0.090892,2.460437
-0.034344,-0.146341,2.406308
-0.104824,-0.222589,2.409775
0.033325,-0.208181,2.375794
-0.045047,-0.600276,2.384677
0.067711,-0.559572,2.229623
-0.034366,-0.925868,2.328416
0.089730,-0.925574,2.128860
-0.047576,-0.970655,2.215425
0.072802,-0.965493,2.028426
-0.049051,0.407002,2.449545
-0.027691,0.243072,2.452103
-0.200385,0.091895,2.474330
0.100505,0.128911,2.402642
-0.222656,-0.174572,2.442731
0.213138,0.317311,2.145859
-0.253386,-0.375210,2.145859
0.067893,0.569273,2.327955
-0.243431,-0.428515,2.295210
0.044103,0.687932,2.301656
-0.024100,-0.087441,2.447976
-0.034672,-0.142573,2.394066
-0.105307,-0.218982,2.397986
0.032624,-0.204269,2.362625
-0.047283,-0.597724,2.375062
0.066817,-0.555505,2.218790
-0.034490,-0.923504,2.330941
0.089289,-0.922263,2.112090
-0.047974,-0.969035,2.217973
0.071966,-0.962093,2.010945
-0.047105,0.408732,2.438064
-0.026034,0.245157,2.441194
-0.200710,0.093222,2.466774
0.100635,0.130567,2.390786
-0.221742,-0.173503,2.433625
0.212121,0.327638,2.136773
-0.252498,-0.374029,2.136773
0.065896,0.572903,2.319736
-0.242739,-0.428913,2.287362
0.040405,0.694099,2.304517
-0.023073,-0.084175,2.435447
-0.034525,-0.138942,2.381682
-0.105331,-0.215596,2.385855
0.032393,-0.200441,2.349278
-0.049431,-0.595207,2.365174
0.066153,-0.551821,2.208698
-0.034548,-0.920569,2.332697
0.088897,-0.919268,2.096885
-0.048349,-0.967113,2.220071
0.071198,-0.959009,1.995093
-0.044299,0.410424,2.426626
-0.023704,0.247226,2.430290
-0.200385,0.094720,2.458861
0.101331,0.132200,2.379175
-0.220240,-0.172306,2.423965
0.211393,0.336755,2.128507
-0.251081,-0.372684,2.128507
0.065322,0.573471,2.310966
-0.241679,-0.428013,2.279965
0.037739,0.697625,2.306951
-0.021473,-0.080950,2.422719
-0.033775,-0.135310,2.369036
-0.104755,-0.212097,2.373344
0.032725,-0.196703,2.335754
-0.051317,-0.592527,2.354468
0.065724,-0.548442,2.199219
-0.034573,-0.917469,2.333953
0.088539,-0.916546,2.083090
-0.048694,-0.965075,2.221884
0.070469,-0.956211,1.980743
-0.040992,0.412037,2.415500
-0.020946,0.249178,2.419635
-0.197075,0.096675,2.447695
0.102645,0.133703,2.367654
-0.218294,-0.170936,2.413881
0.211023,0.344632,2.120954
-0.249167,-0.371138,2.120954
0.066452,0.571961,2.301726
-0.240197,-0.428137,2.270667
0.036291,0.699175,2.308700
-0.019554,-0.078135,2.409829
-0.032464,-0.132082,2.355955
-0.103450,-0.208760,2.360291
0.033440,-0.193260,2.322048
-0.053035,-0.590044,2.343498
0.065490,-0.545386,2.190372
-0.034552,-0.914310,2.334767
0.088186,-0.914080,2.070586
-0.048919,-0.962965,2.223420
0.069803,-0.953695,1.967782
-0.037322,0.413636,2.404818
-0.017802,0.251037,2.409296
-0.193416,0.098603,2.436870
0.104329,0.135060,2.356593
-0.216094,-0.169564,2.403773
0.210942,0.351348,2.114133
-0.247041,-0.369578,2.114133
0.066640,0.572186,2.292460
-0.238572,-0.428356,2.261290
0.035765,0.698845,2.309981
-0.017422,-0.075548,2.397466
-0.030937,-0.129114,2.343439
-0.101902,-0.205603,2.347781
0.034359,-0.190094,2.308900
-0.054603,-0.587982,2.332504
0.065327,-0.542624,2.182292
-0.034470,-0.911107,2.335146
0.087850,-0.911848,2.059287
-0.049112,-0.960806,2.224708
0.069168,-0.951442,1.956159
-0.033483,0.414920,2.394307
-0.014303,0.252729,2.399214
-0.189306,0.100508,2.425953
0.106579,0.136292,2.345745
-0.213699,-0.168143,2.393868
0.211216,0.356953,2.107912
-0.244790,-0.367916,2.107912
0.067905,0.568209,2.283289
-0.236877,-0.428531,2.252003
0.034973,0.697382,2.309036
-0.015053,-0.073182,2.385450
-0.029139,-0.126369,2.331269
-0.100069,-0.202596,2.335545
0.035545,-0.187185,2.296150
-0.056308,-0.585360,2.320597
0.065207,-0.540185,2.174879
-0.034317,-0.907799,2.334927
0.087537,-0.909860,2.049135
-0.049257,-0.958570,2.225682
0.068590,-0.949447,1.945815
-0.028894,0.416297,2.383846
-0.010335,0.254392,2.389235
-0.184009,0.102437,2.414086
0.109276,0.137435,2.335215
-0.211047,-0.166719,2.383847
0.211852,0.361418,2.102160
-0.242562,-0.366347,2.102160
0.072124,0.563543,2.274385
-0.235287,-0.428821,2.243056
0.036161,0.694881,2.308191
-0.012559,-0.071178,2.373646
-0.027145,-0.124052,2.319227
-0.098004,-0.200044,2.323387
0.036825,-0.184576,2.283765
-0.058074,-0.583355,2.308643
0.064987,-0.538272,2.168033
-0.034175,-0.904219,2.333858
0.087316,-0.908209,2.040095
-0.049366,-0.956145,2.226231
0.068183,-0.947707,1.936687
-0.024109,0.417632,2.373878
-0.006028,0.255989,2.379499
-0.178643,0.104271,2.402763
0.112222,0.138455,2.325148
-0.208302,-0.165315,2.374101
0.212772,0.364924,2.096976
-0.240392,-0.364892,2.096976
0.075343,0.557676,2.266059
-0.233789,-0.429163,2.234669
0.037017,0.691034,2.306179
-0.009955,-0.069445,2.362285
-0.025052,-0.122049,2.307665
-0.095895,-0.197809,2.311805
0.038230,-0.182266,2.271792
-0.059835,-0.581746,2.296768
0.064776,-0.536686,2.161751
-0.034053,-0.900705,2.332334
0.087151,-0.906814,2.032079
-0.049483,-0.953721,2.226519
0.067860,-0.946211,1.928701
-0.018820,0.419024,2.364124
-0.001379,0.257546,2.369909
-0.173104,0.106047,2.391764
0.115443,0.139403,2.315418
-0.205574,-0.163931,2.364793
0.214019,0.367493,2.092194
-0.238387,-0.363503,2.092194
0.079480,0.551382,2.258319
-0.232366,-0.428327,2.227526
0.038687,0.686380,2.303648
-0.007305,-0.067910,2.351428
-0.022921,-0.120287,2.296659
-0.093775,-0.195824,2.300883
0.039654,-0.180183,2.260386
-0.061900,-0.580844,2.283585
0.064758,-0.535351,2.155854
-0.033964,-0.897455,2.330210
0.086937,-0.905664,2.025152
-0.049613,-0.951425,2.226501
0.067494,-0.944942,1.921957
-0.012937,0.420358,2.354424
0.003429,0.258983,2.360667
-0.167094,0.108150,2.380944
0.118795,0.140243,2.305991
-0.202881,-0.162610,2.355866
0.216077,0.368430,2.087498
-0.236612,-0.362252,2.087498
0.084944,0.543395,2.251259
-0.231418,-0.428501,2.220684
0.041436,0.680051,2.300183
-0.004660,-0.066567,2.341113
-0.020799,-0.118735,2.286227
-0.091627,-0.193978,2.290508
0.041022,-0.178314,2.249667
-0.064200,-0.580112,2.269731
0.064901,-0.534208,2.150346
-0.034254,-0.895757,2.328046
0.086660,-0.904714,2.019236
-0.050035,-0.949990,2.225868
0.067066,-0.943851,1.916359
-0.006825,0.421651,2.345054
0.008399,0.260342,2.351725
-0.160688,0.110227,2.369963
0.122308,0.141065,2.296989
-0.200280,-0.161349,2.347472
0.218431,0.368529,2.083032
-0.235041,-0.361100,2.083032
0.090720,0.535166,2.244854
-0.230620,-0.428686,2.214472
0.044679,0.673048,2.296174
-0.002031,-0.065398,2.331284
-0.018642,-0.117389,2.276275
-0.089519,-0.192318,2.280830
0.042478,-0.176698,2.239202
-0.066926,-0.579150,2.254971
0.065236,-0.533531,2.145139
-0.035750,-0.891143,2.320420
0.086331,-0.903982,2.014234
-0.050923,-0.946726,2.223151
0.066629,-0.942960,1.911766
-0.000715,0.422889,2.336154
0.013284,0.261568,2.343299
-0.154176,0.111999,2.359006
0.125929,0.141871,2.288399
-0.197721,-0.159979,2.339550
0.220854,0.368158,2.078850
-0.233612,-0.359960,2.078850
0.094768,0.529395,2.239092
-0.229929,-0.428787,2.208938
0.048164,0.665686,2.291973
0.000524,-0.064440,2.322024
-0.016505,-0.116279,2.266873
-0.087484,-0.190898,2.271834
0.043975,-0.175353,2.229142
-0.069613,-0.578246,2.240684
0.065650,-0.532899,2.140349
-0.036680,-0.889705,2.315380
0.085905,-0.903443,2.010071
-0.051772,-0.945309,2.220266
0.066127,-0.942257,1.908088
0.005452,0.424080,2.327599
0.018058,0.262685,2.335320
-0.147850,0.113739,2.348684
0.129559,0.142597,2.280294
-0.195279,-0.158683,2.332140
0.223291,0.367311,2.074959
-0.232307,-0.358920,2.074959
0.098708,0.523857,2.233855
-0.229313,-0.428904,2.203945
0.051837,0.658168,2.287569
0.002984,-0.063588,2.313370
-0.014438,-0.115291,2.258098
-0.085456,-0.189523,2.263282
0.045401,-0.174167,2.219877
-0.072253,-0.577831,2.226976
0.066143,-0.532365,2.135920
-0.038258,-0.889049,2.307523
0.085282,-0.902995,2.006763
-0.053253,-0.944296,2.214610
0.065420,-0.941657,1.905368
0.011366,0.425174,2.319588
0.022614,0.263681,2.327714
-0.141886,0.115404,2.338956
0.133120,0.143264,2.272665
-0.192986,-0.157590,2.324995
0.225923,0.365642,2.071114
-0.231137,-0.358067,2.071114
0.104116,0.516375,2.229087
-0.228807,-0.429129,2.199361
0.055823,0.650234,2.282645
0.005311,-0.062837,2.305265
-0.012469,-0.114422,2.249890
-0.083496,-0.188262,2.255216
0.046738,-0.173125,2.211350
-0.074793,-0.577657,2.213897
0.066655,-0.531941,2.131828
-0.040279,-0.888994,2.296931
0.084528,-0.902636,2.004111
-0.055172,-0.943581,2.206154
0.064591,-0.941142,1.903354
0.016908,0.426193,2.312082
0.026835,0.264604,2.320547
-0.136546,0.117004,2.329938
0.136485,0.143937,2.265492
-0.190844,-0.156529,2.318235
0.228492,0.363746,2.067506
-0.230051,-0.357205,2.067506
0.109117,0.509262,2.224438
-0.228213,-0.428491,2.195017
0.059693,0.642380,2.277524
0.007467,-0.062185,2.297627
-0.010639,-0.113669,2.242158
-0.081649,-0.187116,2.247447
0.047961,-0.172211,2.203497
-0.077206,-0.577716,2.201485
0.067158,-0.531636,2.128022
-0.042437,-0.889225,2.286007
0.083758,-0.902372,2.002004
-0.057248,-0.943025,2.197175
0.063759,-0.940706,1.901924
0.022193,0.427091,2.304941
0.030720,0.265429,2.313846
-0.131620,0.118488,2.321547
0.139631,0.144567,2.258817
-0.188796,-0.155520,2.311679
0.230891,0.361691,2.064157
-0.229079,-0.356401,2.064157
0.113676,0.502591,2.220057
-0.227892,-0.428579,2.190756
0.063394,0.634709,2.272385
0.009425,-0.061650,2.290470
-0.008980,-0.113047,2.234909
-0.079957,-0.186119,2.240185
0.049027,-0.171415,2.196186
-0.079394,-0.576734,2.189535
0.067662,-0.531431,2.124495
-0.044685,-0.889570,2.275340
0.082958,-0.902192,2.000430
-0.059431,-0.942520,2.188240
0.062911,-0.940332,1.901060
0.027081,0.427826,2.298294
0.034289,0.266171,2.307641
-0.127161,0.119843,2.313821
0.142577,0.145141,2.252574
-0.186901,-0.154560,2.305383
0.233175,0.359502,2.061054
-0.228197,-0.355633,2.061054
0.117018,0.495679,2.215844
-0.227497,-0.427309,2.186680
0.066313,0.626756,2.266508
0.011199,-0.061185,2.283820
-0.007487,-0.112501,2.228175
-0.078413,-0.185206,2.233397
0.049943,-0.170713,2.189444
-0.081406,-0.576369,2.178677
0.068148,-0.531283,2.121237
-0.046993,-0.890122,2.264503
0.082031,-0.902053,1.999406
-0.061705,-0.942141,2.178949
0.061931,-0.939985,1.900784
0.031626,0.428510,2.292167
0.037523,0.266827,2.301865
-0.123174,0.121112,2.306719
0.145297,0.145648,2.246702
-0.185195,-0.153616,2.299327
0.235307,0.357220,2.058157
-0.227425,-0.354825,2.058157
0.120141,0.489409,2.211569
-0.227213,-0.425930,2.182711
0.069146,0.619216,2.260698
0.012793,-0.060809,2.277615
-0.006154,-0.112054,2.221895
-0.077048,-0.184432,2.227038
0.050747,-0.170111,2.183204
-0.083341,-0.576316,2.168690
0.068608,-0.531221,2.118201
-0.049245,-0.890869,2.253804
0.081052,-0.901982,1.998898
-0.063958,-0.941914,2.169621
0.060899,-0.939682,1.901056
0.035718,0.429171,2.286513
0.040451,0.267414,2.296503
-0.119612,0.122274,2.300126
0.147743,0.146124,2.241238
-0.183684,-0.152703,2.293581
0.237231,0.354863,2.055414
-0.226766,-0.353983,2.055414
0.123065,0.483761,2.207281
-0.227007,-0.424409,2.178652
0.071897,0.612129,2.255008
0.014208,-0.060533,2.271806
-0.004975,-0.111724,2.216007
-0.075842,-0.183780,2.221049
0.051443,-0.169622,2.177420
-0.085165,-0.576043,2.159498
0.069037,-0.531221,2.115395
-0.051384,-0.891701,2.243531
0.080008,-0.901958,1.998824
-0.066111,-0.941761,2.160543
0.059810,-0.939440,1.901776
0.039475,0.429851,2.281260
0.043070,0.267945,2.291457
-0.116408,0.123386,2.293850
0.149885,0.146557,2.236129
-0.182412,-0.151841,2.287984
0.238893,0.352509,2.052850
-0.226259,-0.353152,2.052850
0.125600,0.478610,2.202911
-0.226955,-0.422834,2.174501
0.074397,0.605436,2.249471
0.015429,-0.060334,2.266284
-0.003959,-0.111486,2.210400
-0.074797,-0.183238,2.215324
0.052018,-0.169190,2.171972
-0.086895,-0.575683,2.151135
0.069430,-0.531280,2.112782
-0.053413,-0.892608,2.233690
0.078838,-0.901963,1.999165
-0.068145,-0.941684,2.151734
0.058622,-0.939186,1.902900
0.042913,0.430568,2.276379
0.045437,0.268428,2.286759
-0.113573,0.124366,2.287895
0.151797,0.146993,2.231366
-0.181355,-0.151076,2.282504
0.240386,0.350187,2.050430
-0.225885,-0.352421,2.050430
0.127861,0.473939,2.198592
-0.227314,-0.422308,2.169773
0.076725,0.599150,2.244020
0.016500,-0.060181,2.261110
-0.003065,-0.111301,2.205139
-0.073876,-0.182772,2.209963
0.052506,-0.168812,2.166855
-0.088482,-0.575325,2.143507
0.069782,-0.531371,2.110363
-0.055348,-0.893539,2.224296
0.077622,-0.901974,1.999848
-0.070078,-0.941642,2.143218
0.057411,-0.938928,1.904352
0.046019,0.431199,2.271849
0.047531,0.268857,2.282350
-0.111039,0.125253,2.282316
0.153507,0.147393,2.226909
-0.180463,-0.150382,2.277278
0.241744,0.347897,2.048190
-0.225668,-0.351703,2.048190
0.128174,0.468500,2.194251
-0.227864,-0.421882,2.164987
0.077912,0.592196,2.236904
0.017408,-0.060078,2.256235
-0.002310,-0.111172,2.200185
-0.073090,-0.182377,2.204920
0.052891,-0.168487,2.162054
-0.089933,-0.574991,2.136577
0.070066,-0.532542,2.107802
-0.057153,-0.894470,2.215434
0.076453,-0.902011,2.000842
-0.071888,-0.941624,2.135098
0.056265,-0.938693,1.906108
0.048780,0.431852,2.267675
0.049385,0.269249,2.278215
-0.108816,0.126090,2.277086
0.155007,0.147774,2.222714
-0.179736,-0.149773,2.272261
0.242967,0.345636,2.046084
-0.225555,-0.351074,2.046084
0.127980,0.463485,2.190073
-0.228505,-0.421611,2.160337
0.078800,0.585541,2.229353
0.018174,-0.060023,2.251641
-0.001676,-0.111101,2.195513
-0.072426,-0.182047,2.200151
0.053192,-0.168225,2.157560
-0.091253,-0.575119,2.130194
0.070330,-0.533108,2.105511
-0.058895,-0.895424,2.207039
0.075215,-0.902040,2.002175
-0.073645,-0.941657,2.127326
0.055060,-0.938440,1.908193
0.051286,0.432486,2.263795
0.050997,0.269580,2.274292
-0.106868,0.126881,2.272177
0.156337,0.148150,2.218814
-0.179149,-0.149228,2.267411
0.244018,0.343446,2.044087
-0.225538,-0.350515,2.044087
0.127499,0.458937,2.186055
-0.229214,-0.421466,2.155872
0.079447,0.579294,2.222105
0.018800,-0.060028,2.247284
-0.001154,-0.111098,2.191085
-0.071888,-0.181804,2.195565
0.053431,-0.168020,2.153372
-0.092198,-0.578084,2.123765
0.070523,-0.533655,2.103384
-0.060702,-0.896601,2.199072
0.073977,-0.902112,2.003742
-0.075453,-0.941798,2.119889
0.053876,-0.938232,1.910481
0.053538,0.433118,2.260199
0.052405,0.269880,2.270587
-0.105173,0.127614,2.267584
0.157480,0.148534,2.215055
-0.178685,-0.148744,2.262798
0.244934,0.341349,2.042159
-0.225597,-0.350011,2.042159
0.127510,0.455317,2.182198
-0.229949,-0.421410,2.151555
0.080315,0.573888,2.215580
0.019318,-0.060061,2.243181
-0.000733,-0.111130,2.186922
-0.071445,-0.181615,2.191259
0.053593,-0.167847,2.149449
-0.093206,-0.578463,2.118420
0.070690,-0.534218,2.101402
-0.062242,-0.897542,2.191848
0.072716,-0.902166,2.005481
-0.077025,-0.941881,2.113099
0.052656,-0.938006,1.912926
0.055554,0.433758,2.256855
0.053617,0.270157,2.267052
-0.103714,0.128282,2.263190
0.158491,0.148899,2.211449
-0.178326,-0.148294,2.258413
0.245714,0.339341,2.040290
-0.225712,-0.349540,2.040290
0.127453,0.452062,2.178520
-0.230702,-0.421412,2.147453
0.081069,0.568887,2.209515
0.019728,-0.060127,2.239292
-0.000398,-0.111203,2.182980
-0.071086,-0.181474,2.187176
0.053698,-0.167729,2.145759
-0.093853,-0.581690,2.113174
0.070841,-0.534767,2.099549
-0.063775,-0.898648,2.185017
0.071599,-0.902254,2.007215
-0.078585,-0.942038,2.106629
0.051594,-0.937827,1.915325
0.057348,0.434384,2.253681
0.054656,0.270415,2.263639
-0.102464,0.128901,2.259082
0.159377,0.149248,2.207984
-0.178045,-0.147893,2.254178
0.246355,0.337367,2.038426
-0.225875,-0.349119,2.038426
0.127373,0.449234,2.174984
-0.231212,-0.420647,2.143943
0.081775,0.564316,2.203679
0.020062,-0.060199,2.235611
-0.000130,-0.111290,2.179260
-0.070797,-0.181369,2.183317
0.053765,-0.167631,2.142307
-0.094636,-0.582450,2.108680
0.070973,-0.535316,2.097811
-0.065077,-0.899511,2.178870
0.070605,-0.902328,2.008946
-0.079927,-0.942123,2.100773
0.050652,-0.937643,1.917691
0.058922,0.434975,2.250687
0.055564,0.270656,2.260331
-0.101394,0.129484,2.255222
0.160155,0.149600,2.204664
-0.177833,-0.147526,2.250167
0.246880,0.335453,2.036566
-0.226061,-0.348722,2.036566
0.127258,0.446657,2.171565
-0.231687,-0.419799,2.140625
0.082396,0.560068,2.198250
0.020332,-0.060263,2.232123
0.000085,-0.111371,2.175747
-0.070570,-0.181279,2.179686
0.053802,-0.167537,2.139056
-0.095345,-0.583127,2.104604
0.071088,-0.535859,2.096182
-0.066279,-0.900309,2.173183
0.069701,-0.902373,2.010703
-0.081176,-0.942190,2.095312
0.049803,-0.937436,1.920054
0.060338,0.435564,2.247838
0.056345,0.270872,2.257121
-0.100482,0.130041,2.251599
0.160867,0.149895,2.201459
-0.177679,-0.147197,2.246363
0.247291,0.333577,2.034710
-0.226256,-0.348353,2.034710
0.127147,0.444429,2.168244
-0.232106,-0.418928,2.137523
0.082991,0.556199,2.193048
0.020536,-0.060327,2.228814
0.000242,-0.111455,2.172426
-0.070408,-0.181197,2.176254
0.053802,-0.167465,2.136000
-0.095992,-0.583715,2.100907
0.071187,-0.536406,2.094649
-0.067343,-0.901031,2.167959
0.068873,-0.902405,2.012482
-0.082285,-0.942230,2.090260
0.049033,-0.937225,1.922408
0.061568,0.436126,2.245128
0.056992,0.271070,2.254008
-0.099714,0.130576,2.248194
0.161500,0.150167,2.198372
-0.177557,-0.146887,2.242731
0.247606,0.331726,2.032828
-0.226458,-0.348001,2.032828
0.127144,0.442388,2.165071
-0.232480,-0.418018,2.134621
0.083561,0.552651,2.188061
0.020696,-0.060398,2.225648
0.000367,-0.111548,2.169258
-0.070260,-0.181141,2.172961
0.053783,-0.167413,2.133107
-0.096579,-0.584222,2.097552
0.071326,-0.536894,2.093179
-0.068271,-0.901690,2.163162
0.068062,-0.902399,2.014318
-0.083255,-0.942252,2.085591
0.048280,-0.936980,1.924790
0.062625,0.436664,2.242537
0.057550,0.271254,2.251025
-0.099063,0.131093,2.245012
0.162065,0.150422,2.195449
-0.177469,-0.146593,2.239309
0.247838,0.329907,2.030942
-0.226660,-0.347667,2.030942
0.127084,0.440725,2.162078
-0.232811,-0.417108,2.131902
0.084134,0.549431,2.183274
0.020836,-0.060460,2.222640
0.000486,-0.111634,2.166254
-0.070125,-0.181095,2.169849
0.053778,-0.167360,2.130362
-0.097111,-0.584654,2.094513
0.071477,-0.537349,2.091787
-0.069121,-0.902291,2.158737
0.067303,-0.902354,2.016166
-0.084146,-0.942258,2.081249
0.047583,-0.936701,1.927152
0.063539,0.437204,2.240050
0.058033,0.271420,2.248129
-0.098523,0.131580,2.242055
0.162578,0.150656,2.192666
-0.177401,-0.146323,2.236053
0.248025,0.328126,2.029063
-0.226860,-0.347359,2.029063
0.127034,0.439277,2.159240
-0.233099,-0.416204,2.129377
0.084688,0.546475,2.178701
0.020955,-0.060515,2.219790
0.000588,-0.111714,2.163418
-0.070016,-0.181061,2.166922
0.053775,-0.167313,2.127777
-0.097592,-0.585006,2.091763
0.071655,-0.537769,2.090465
-0.069894,-0.902839,2.154671
0.066580,-0.902275,2.018016
-0.084961,-0.942249,2.077232
0.046922,-0.936395,1.929486
0.064342,0.437760,2.237679
0.058468,0.271576,2.245304
-0.098079,0.132024,2.239241
0.163051,0.150890,2.189993
-0.177320,-0.146062,2.232932
0.248187,0.326383,2.027154
-0.227050,-0.347056,2.027154
0.126518,0.437852,2.156528
-0.233304,-0.415181,2.126954
0.084893,0.543524,2.173918
0.021069,-0.060563,2.217050
0.000693,-0.111789,2.160700
-0.069920,-0.181032,2.164150
0.053802,-0.167282,2.125264
-0.098021,-0.585275,2.089281
0.071857,-0.538152,2.089206
-0.070614,-0.903339,2.150916
0.065857,-0.902169,2.019893
-0.085724,-0.942227,2.073490
0.046264,-0.936069,1.931814
0.065118,0.438331,2.235329
0.058859,0.271714,2.242522
-0.097690,0.132431,2.236517
0.163503,0.151116,2.187427
-0.177237,-0.145811,2.229940
0.248334,0.324685,2.025222
-0.227194,-0.346751,2.025222
0.126170,0.436632,2.153840
-0.233454,-0.414145,2.124642
0.085173,0.540856,2.169465
0.021183,-0.060609,2.214409
0.000812,-0.111865,2.158086
-0.069803,-0.181021,2.161493
0.053846,-0.167258,2.122851
-0.098365,-0.585504,2.087018
0.072093,-0.538507,2.088000
-0.071307,-0.903795,2.147470
0.065164,-0.902029,2.021758
-0.086458,-0.942197,2.070032
0.045647,-0.935717,1.934095
0.065906,0.438916,2.232990
0.059232,0.271834,2.239770
-0.097365,0.132807,2.233939
0.163964,0.151311,2.184812
-0.177151,-0.145593,2.227040
0.248494,0.323067,2.023253
-0.227300,-0.346480,2.023253
0.125880,0.435517,2.151206
-0.233542,-0.413085,2.122452
0.085454,0.538380,2.165316
0.021321,-0.060667,2.211862
0.000950,-0.111956,2.155579
-0.069677,-0.181028,2.158985
0.053930,-0.167283,2.120494
-0.098699,-0.585804,2.084951
0.072351,-0.538834,2.086849
-0.071946,-0.904211,2.144296
0.064447,-0.901853,2.023647
-0.087148,-0.942157,2.066822
0.044990,-0.935367,1.936379
0.066745,0.439557,2.230519
0.059620,0.271926,2.236959
-0.097084,0.133152,2.231448
0.164422,0.151480,2.182222
-0.177012,-0.145353,2.224143
0.248673,0.321489,2.021249
-0.227304,-0.346177,2.021249
0.125776,0.434659,2.148504
-0.233539,-0.411950,2.120247
0.085917,0.536294,2.161030
0.021492,-0.060745,2.209354
0.001124,-0.112075,2.153123
-0.069526,-0.181068,2.156566
0.054061,-0.167346,2.118177
-0.098585,-0.587941,2.082863
0.072619,-0.539198,2.085734
-0.072600,-0.904639,2.141291
0.063735,-0.901708,2.025553
-0.087862,-0.942126,2.063743
0.044344,-0.935033,1.938646
0.067591,0.440185,2.228028
0.059985,0.271985,2.234116
-0.096848,0.133461,2.229057
0.164925,0.151595,2.179561
-0.176830,-0.145106,2.221273
0.248981,0.319877,2.019134
-0.227237,-0.345858,2.019134
0.125753,0.433909,2.145771
-0.233513,-0.411566,2.117682
0.086480,0.534357,2.156769
0.021707,-0.060829,2.206870
0.001346,-0.112201,2.150699
-0.069326,-0.181122,2.154188
0.054253,-0.167443,2.115880
-0.098752,-0.588548,2.081059
0.072898,-0.539565,2.084667
-0.073146,-0.904987,2.138507
0.063075,-0.901566,2.027411
-0.088464,-0.942062,2.060867
0.043742,-0.934712,1.940840
0.068470,0.440812,2.225447
0.060341,0.272037,2.231245
-0.096654,0.133739,2.226685
0.165441,0.151680,2.176932
-0.176579,-0.144852,2.218346
0.249395,0.318218,2.016920
-0.227110,-0.345542,2.016920
0.125806,0.433255,2.143047
-0.233466,-0.411293,2.115091
0.087133,0.532557,2.152568
0.021970,-0.060925,2.204392
0.001636,-0.112350,2.148281
-0.069044,-0.181199,2.151769
0.054521,-0.167583,2.113620
-0.098893,-0.589105,2.079408
0.073193,-0.539917,2.083648
-0.073643,-0.905305,2.135865
0.062426,-0.901415,2.029240
-0.089009,-0.941987,2.058104
0.043160,-0.934399,1.942973
0.069502,0.441326,2.222036
0.060854,0.272129,2.227855
-0.096449,0.134096,2.224036
0.166128,0.151835,2.174129
-0.176148,-0.144553,2.214969
0.250135,0.316423,2.014220
-0.226868,-0.345155,2.014220
0.126056,0.432698,2.139897
-0.233145,-0.410282,2.112518
0.088050,0.530861,2.148242
0.022364,-0.060989,2.201721
0.002079,-0.112494,2.145694
-0.068597,-0.181221,2.149084
0.054930,-0.167776,2.111326
-0.098826,-0.589367,2.077082
0.073597,-0.540244,2.082566
-0.074133,-0.905439,2.132619
0.061835,-0.901201,2.030993
-0.089523,-0.941692,2.054605
0.042652,-0.934069,1.945002
0.070532,0.441806,2.218436
0.061398,0.272223,2.224203
-0.096266,0.134453,2.221301
0.166912,0.152007,2.171215
-0.175641,-0.144278,2.211458
0.251083,0.314610,2.011294
-0.226516,-0.344789,2.011294
0.126603,0.432354,2.136596
-0.232746,-0.409178,2.109897
0.089316,0.529417,2.143811
0.022874,-0.061025,2.198934
0.002666,-0.112623,2.143001
-0.068015,-0.181209,2.146245
0.055519,-0.168005,2.108984
-0.098611,-0.589464,2.074429
0.074074,-0.540538,2.081472
-0.074684,-0.905451,2.127376
0.061266,-0.900948,2.032669
-0.090084,-0.941236,2.048942
0.042166,-0.933733,1.946927
0.071506,0.442260,2.214766
0.061972,0.272319,2.220329
-0.096094,0.134825,2.218484
0.167739,0.152192,2.168307
-0.175073,-0.143991,2.207939
0.252193,0.312748,2.008191
-0.226044,-0.344411,2.008191
0.127325,0.432111,2.133227
-0.232282,-0.408034,2.107265
0.090773,0.528109,2.139390
0.023465,-0.061026,2.196103
0.003358,-0.112729,2.140274
-0.067345,-0.181173,2.143390
0.056242,-0.168247,2.106629
-0.098264,-0.589475,2.071531
0.074590,-0.540822,2.080387
-0.075254,-0.905348,2.122128
0.060723,-0.900681,2.034269
-0.090642,-0.940682,2.043250
0.041716,-0.933393,1.948748
0.072502,0.442697,2.210960
0.062565,0.272418,2.216358
-0.095933,0.135221,2.215622
0.168648,0.152387,2.165290
-0.174445,-0.143711,2.204383
0.253462,0.310874,2.004866
-0.225467,-0.344041,2.004866
0.128165,0.431930,2.129799
-0.231678,-0.406764,2.104556
0.092345,0.526898,2.135042
0.024111,-0.061000,2.193277
0.004110,-0.112814,2.137567
-0.066629,-0.181112,2.140567
0.057042,-0.168499,2.104307
-0.097789,-0.589311,2.068245
0.075145,-0.541096,2.079313
-0.075797,-0.905106,2.116660
0.060243,-0.900410,2.035784
-0.091172,-0.940001,2.037313
0.041326,-0.933056,1.950465
0.073511,0.443191,2.207151
0.063198,0.272529,2.212245
-0.095797,0.135609,2.212747
0.169579,0.152582,2.162313
-0.173724,-0.143390,2.200763
0.254880,0.308887,2.001339
-0.224735,-0.343608,2.001339
0.130376,0.432129,2.126169
-0.230961,-0.405414,2.101771
0.094356,0.525817,2.130815
0.024795,-0.060924,2.190462
0.004908,-0.112857,2.134885
-0.065886,-0.180999,2.137776
0.057897,-0.168749,2.102037
-0.097095,-0.588673,2.064104
0.075801,-0.541321,2.078224
-0.076273,-0.904622,2.110771
0.059800,-0.900098,2.037228
-0.091611,-0.939084,2.030924
0.040975,-0.932708,1.952088
0.074534,0.443864,2.202606
0.063803,0.272700,2.207736
-0.095722,0.136018,2.209697
0.170547,0.152885,2.159155
-0.172882,-0.142857,2.196903
0.257145,0.305489,1.996229
-0.223838,-0.343004,1.996229
0.134763,0.431945,2.122443
-0.230085,-0.403930,2.098826
0.097620,0.524434,2.125457
0.025552,-0.060744,2.187544
0.005791,-0.112815,2.132136
-0.065080,-0.180802,2.134970
0.058863,-0.168970,2.099714
-0.095124,-0.589606,2.056561
0.076645,-0.541990,2.077028
-0.076830,-0.903446,2.100688
0.059391,-0.899812,2.038600
-0.092109,-0.937447,2.020201
0.040663,-0.932349,1.953625
0.075457,0.444727,2.196898
0.064325,0.272904,2.202893
-0.095720,0.136504,2.206373
0.171593,0.153306,2.155683
-0.172004,-0.142361,2.192860
0.260045,0.300995,1.989876
-0.222803,-0.342444,1.989876
0.140151,0.431206,2.118486
-0.229087,-0.402328,2.095754
0.101497,0.522716,2.119219
0.026368,-0.060472,2.184510
0.006749,-0.112695,2.129301
-0.064201,-0.180531,2.132075
0.059929,-0.169159,2.097354
-0.093093,-0.588488,2.048528
0.077549,-0.542360,2.075789
-0.077180,-0.901841,2.088885
0.059022,-0.899502,2.039901
-0.092388,-0.935399,2.007739
0.040388,-0.931970,1.955076
0.075929,0.445599,2.189696
0.064754,0.273139,2.197252
-0.095827,0.137081,2.202590
0.172603,0.153956,2.151926
-0.171084,-0.141767,2.188621
0.264264,0.292082,1.981273
-0.221693,-0.341827,1.981273
0.145812,0.429430,2.114465
-0.228013,-0.400784,2.092505
0.105581,0.520338,2.110557
0.027231,-0.060044,2.181223
0.007781,-0.112452,2.126280
-0.063249,-0.180117,2.128982
0.061075,-0.169286,2.094927
-0.090896,-0.586717,2.040144
0.078539,-0.542607,2.074464
-0.076895,-0.899070,2.071614
0.058696,-0.899165,2.041112
-0.091960,-0.932201,1.989742
0.040161,-0.931573,1.956424
0.075331,0.446281,2.181856
0.065144,0.273294,2.190162
-0.095981,0.138019,2.197231
0.173691,0.154794,2.147624
-0.170184,-0.141014,2.183896
0.268930,0.279958,1.971095
-0.220570,-0.341129,1.971095
0.151833,0.421093,2.110235
-0.227094,-0.400244,2.088918
0.115508,0.505870,2.075010
0.028131,-0.059277,2.177207
0.008962,-0.111873,2.122615
-0.062185,-0.179417,2.125323
0.062404,-0.169139,2.092036
-0.088306,-0.584554,2.030772
0.079702,-0.542613,2.072864
-0.074878,-0.893297,2.045571
0.058445,-0.898737,2.042203
-0.089462,-0.926000,1.962833
0.040050,-0.931080,1.957643
0.074281,0.446866,2.173569
0.065407,0.273429,2.182691
-0.096174,0.139016,2.191411
0.174717,0.155778,2.143192
-0.169285,-0.140172,2.178958
0.273073,0.267975,1.960795
-0.219469,-0.340381,1.960795
0.159137,0.411301,2.105958
-0.226180,-0.399832,2.085276
0.123535,0.491940,2.034940
0.029028,-0.058382,2.172884
0.010190,-0.111170,2.118692
-0.061061,-0.178598,2.121399
0.063815,-0.168865,2.088936
-0.085506,-0.582070,2.020966
0.081005,-0.542433,2.071074
-0.072796,-0.887528,2.019579
0.058252,-0.898236,2.043200
-0.086847,-0.919851,1.936046
0.040010,-0.930534,1.958754
0.072368,0.447365,2.164296
0.065171,0.273514,2.173970
-0.096858,0.140058,2.184477
0.175550,0.156991,2.137749
-0.168453,-0.139250,2.173203
0.276876,0.252575,1.949290
-0.218392,-0.339646,1.949290
0.166070,0.396501,2.101310
-0.225241,-0.399655,2.081398
0.132582,0.468445,1.988245
0.029820,-0.057326,2.167821
0.011372,-0.110347,2.114197
-0.059988,-0.177711,2.116932
0.065261,-0.168507,2.085403
-0.082662,-0.578727,2.008869
0.082423,-0.542087,2.069010
-0.069323,-0.881945,1.993626
0.058112,-0.897698,2.044050
-0.082871,-0.913963,1.909393
0.040011,-0.929994,1.959707
0.069664,0.447871,2.154188
0.064489,0.273885,2.163587
-0.098025,0.141369,2.176276
0.175836,0.158749,2.130716
-0.167760,-0.138118,2.166439
0.279775,0.232932,1.938190
-0.217232,-0.338796,1.938190
0.173331,0.374368,2.095916
-0.224256,-0.399623,2.076820
0.141669,0.436694,1.936109
0.030312,-0.056225,2.161357
0.012271,-0.109572,2.108461
-0.059171,-0.176829,2.111423
0.066489,-0.168250,2.080734
-0.078975,-0.576699,1.993704
0.083923,-0.541485,2.066289
-0.065983,-0.877064,1.968458
0.058045,-0.897052,2.044810
-0.079158,-0.908833,1.883655
0.040038,-0.929485,1.960572
0.064914,0.448098,2.139935
0.062433,0.274328,2.149505
-0.100674,0.142293,2.163301
0.174617,0.159437,2.119266
-0.167564,-0.136743,2.155438
0.281140,0.207562,1.922924
-0.216156,-0.337924,1.922924
0.179128,0.340085,2.087615
-0.223110,-0.399182,2.070096
0.150147,0.389008,1.871634
0.030300,-0.056132,2.150926
0.012929,-0.110032,2.098829
-0.058400,-0.177065,2.101726
0.067690,-0.169123,2.072653
-0.075309,-0.574895,1.977937
0.085439,-0.541423,2.062077
-0.061369,-0.873679,1.941425
0.058039,-0.896590,2.045462
-0.074154,-0.905231,1.856096
0.040125,-0.929119,1.961337
0.059377,0.448063,2.124226
0.059627,0.274390,2.133267
-0.104085,0.142986,2.147463
0.172783,0.160527,2.106697
-0.167842,-0.135579,2.142380
0.281602,0.180069,1.906334
-0.215291,-0.337277,1.906334
0.182012,0.295324,2.077365
-0.222221,-0.400064,2.060279
0.158491,0.332601,1.806288
0.029585,-0.056374,2.138466
0.013048,-0.110868,2.087136
-0.058173,-0.177688,2.089690
0.068433,-0.170307,2.062773
-0.071861,-0.573306,1.961517
0.086995,-0.541408,2.056657
-0.055601,-0.870771,1.915185
0.058094,-0.896113,2.045964
-0.067799,-0.902141,1.829306
0.040324,-0.928758,1.961946
0.051973,0.447867,2.104659
0.055092,0.274402,2.113321
-0.108688,0.143486,2.127123
0.169929,0.162200,2.090568
-0.168834,-0.134475,2.124081
0.281134,0.147931,1.888477
-0.214877,-0.336693,1.888477
0.182411,0.240306,2.061719
-0.221378,-0.399991,2.047130
0.166399,0.268644,1.744201
0.027757,-0.056858,2.121195
0.012331,-0.111962,2.070508
-0.058610,-0.178630,2.072221
0.068544,-0.171758,2.048168
-0.069350,-0.570864,1.941196
0.088377,-0.542910,2.048184
-0.045851,-0.866714,1.889921
0.058169,-0.895689,2.046071
-0.057318,-0.897877,1.803473
0.040622,-0.928343,1.962059
0.041208,0.447684,2.078675
0.047884,0.274907,2.086065
-0.115138,0.143885,2.099156
0.164870,0.163553,2.066396
-0.171442,-0.134361,2.097167
0.277648,0.121351,1.875687
-0.215391,-0.337002,1.875687
0.182345,0.176713,2.035799
-0.221230,-0.399834,2.023435
0.169112,0.217199,1.683398
0.024187,-0.057366,2.095744
0.010098,-0.113192,2.045602
-0.060305,-0.179572,2.046547
0.067319,-0.173349,2.025174
-0.067080,-0.569306,1.915642
0.089648,-0.544645,2.033896
-0.036005,-0.862911,1.859114
0.058400,-0.895089,2.044375
-0.046852,-0.893904,1.772219
0.041173,-0.927736,1.960320
0.030619,0.447567,2.053544
0.040525,0.275616,2.059260
-0.121613,0.144315,2.072001
0.159535,0.165009,2.042036
-0.174209,-0.134415,2.070014
0.273901,0.097328,1.864187
-0.216338,-0.337283,1.864187
0.182131,0.121324,2.008216
-0.221382,-0.399329,1.997992
0.174145,0.137670,1.623158
0.020366,-0.057758,2.070037
0.007524,-0.114277,2.020285
-0.062335,-0.180388,2.020649
0.065733,-0.174809,2.001286
-0.065456,-0.567017,1.890384
0.090784,-0.548415,2.018074
-0.026940,-0.859531,1.835710
0.058782,-0.894404,2.042109
-0.037293,-0.890373,1.748450
0.041885,-0.927033,1.957988
0.019770,0.447593,2.028363
0.032671,0.276621,2.032271
-0.128331,0.145083,2.044693
0.153609,0.166573,2.016452
-0.177368,-0.134212,2.041289
0.268768,0.074709,1.852879
-0.217820,-0.337149,1.852879
0.180351,0.068062,1.978192
-0.221949,-0.398137,1.969010
0.177087,0.073905,1.571433
0.016080,-0.057960,2.043365
0.004413,-0.115133,1.993828
-0.064770,-0.180957,1.994041
0.063497,-0.176045,1.975487
-0.064462,-0.564122,1.865416
0.091770,-0.552723,1.999842
-0.018558,-0.856066,1.815670
0.059356,-0.893793,2.035446
-0.028524,-0.886774,1.728118
0.042874,-0.926383,1.951217
0.007977,0.448074,2.000638
0.023461,0.278226,2.001975
-0.135915,0.146353,2.012645
0.146479,0.168128,1.987105
-0.181314,-0.132995,2.006740
0.261959,0.052754,1.840464
-0.219966,-0.335678,1.840464
0.181543,0.018699,1.940719
-0.223152,-0.396702,1.931565
0.180449,0.007110,1.525994
0.010515,-0.057750,2.012395
0.000190,-0.115549,1.962877
-0.068140,-0.180908,1.962965
0.060117,-0.176808,1.944969
-0.063512,-0.561407,1.840396
0.092823,-0.556021,1.970648
-0.011702,-0.853722,1.795757
0.060163,-0.892799,2.023132
-0.021226,-0.884307,1.707934
0.044327,-0.925310,1.938704
-0.005470,0.449333,1.968162
0.012650,0.280405,1.967880
-0.144951,0.147217,1.975914
0.137815,0.170461,1.953386
-0.186136,-0.130637,1.966184
0.253557,0.029598,1.825707
-0.222770,-0.332460,1.825707
0.183328,-0.034658,1.894671
-0.224799,-0.393098,1.885795
0.185582,-0.063179,1.490093
0.004479,-0.057520,1.977476
-0.004290,-0.116033,1.927782
-0.071687,-0.181264,1.926101
0.056770,-0.177288,1.911945
-0.062811,-0.558181,1.813603
0.094862,-0.556651,1.924397
-0.004207,-0.850297,1.779678
0.068666,-0.890510,1.986019
-0.013264,-0.880749,1.691610
0.053960,-0.922879,1.901124
-0.017966,0.450516,1.937982
0.002580,0.282476,1.936268
-0.153313,0.148236,1.941933
0.129646,0.172714,1.921912
-0.190841,-0.128045,1.928377
0.245436,0.008735,1.811991
-0.225439,-0.329071,1.811991
0.185147,-0.081662,1.852040
-0.226432,-0.389462,1.843009
0.190774,-0.125582,1.461210
-0.001195,-0.057200,1.944809
-0.008525,-0.116334,1.894918
-0.075022,-0.181490,1.891829
0.053549,-0.177464,1.880490
-0.062342,-0.554997,1.788439
0.096846,-0.555284,1.877670
0.003244,-0.846298,1.765665
0.061787,-0.870370,1.908904
-0.005359,-0.876617,1.677404
0.048495,-0.902542,1.823730
-0.030299,0.451986,1.907213
-0.007747,0.284830,1.903327
-0.161631,0.150043,1.908049
0.121265,0.174938,1.889820
-0.195878,-0.125061,1.890414
0.237303,-0.010553,1.798111
-0.228623,-0.324593,1.798111
0.188087,-0.126288,1.807181
-0.228731,-0.384622,1.797408
0.197864,-0.184649,1.441388
-0.006979,-0.056448,1.911781
-0.012905,-0.116224,1.861875
-0.078441,-0.181430,1.857840
0.050113,-0.177060,1.848670
-0.062296,-0.551733,1.764270
0.098200,-0.551525,1.823324
0.011475,-0.841700,1.752388
0.070228,-0.863294,1.850927
0.003301,-0.871929,1.663976
0.058198,-0.895482,1.765307
-0.041679,0.453449,1.878105
-0.017294,0.287080,1.872709
-0.169313,0.151830,1.876414
0.113381,0.176965,1.859590
-0.200635,-0.122253,1.855166
0.229544,-0.028150,1.784708
-0.231899,-0.320353,1.784708
0.191327,-0.166907,1.765722
-0.230984,-0.380020,1.755785
0.204587,-0.236704,1.426423
-0.012366,-0.055668,1.880810
-0.017009,-0.116005,1.830824
-0.081631,-0.181333,1.825922
0.046858,-0.176454,1.818652
-0.062438,-0.548668,1.741841
0.098938,-0.547188,1.772756
0.019808,-0.836888,1.740240
0.078310,-0.856401,1.794536
0.012037,-0.867042,1.651711
0.067525,-0.888884,1.708380
-0.052691,0.455105,1.847597
-0.026639,0.289640,1.841036
-0.176803,0.153948,1.846247
0.105519,0.179100,1.828523
-0.205316,-0.119063,1.821607
0.222067,-0.044021,1.771494
-0.235338,-0.315793,1.771494
0.194811,-0.203478,1.726671
-0.233718,-0.375499,1.715883
0.211957,-0.283914,1.417066
-0.017478,-0.054425,1.849820
-0.021077,-0.115361,1.799926
-0.084802,-0.181039,1.794516
0.043583,-0.175333,1.788699
-0.062777,-0.545705,1.720665
0.098195,-0.540350,1.720040
0.027585,-0.832520,1.728937
0.085335,-0.847782,1.733171
0.019985,-0.862694,1.640351
0.075525,-0.881401,1.646216
-0.062646,0.456676,1.819279
-0.035112,0.292025,1.811826
-0.183696,0.156089,1.818318
0.098188,0.181079,1.799355
-0.209715,-0.115990,1.790833
0.215057,-0.058229,1.758773
-0.238582,-0.311612,1.758773
0.198348,-0.236204,1.691500
-0.236341,-0.371509,1.679982
0.218930,-0.325356,1.411483
-0.022159,-0.053220,1.820960
-0.024858,-0.114678,1.771102
-0.087745,-0.180717,1.765327
0.040477,-0.174136,1.760559
-0.063231,-0.542951,1.701118
0.097289,-0.533772,1.672283
0.033554,-0.827359,1.716611
0.091929,-0.839769,1.675686
0.025213,-0.851501,1.629273
0.082974,-0.874590,1.587970
-0.071828,0.458132,1.792626
-0.042808,0.294240,1.784139
-0.190013,0.158127,1.792151
0.091351,0.182985,1.771610
-0.213780,-0.113194,1.762819
0.208498,-0.070875,1.746406
-0.241606,-0.307925,1.746406
0.201906,-0.265252,1.660031
-0.238860,-0.368009,1.647906
0.225628,-0.361461,1.409248
-0.026458,-0.052002,1.793828
-0.028396,-0.113940,1.744043
-0.090501,-0.180365,1.738179
0.037503,-0.172841,1.733930
-0.063763,-0.540395,1.683126
0.096317,-0.527160,1.627721
0.035705,-0.825581,1.702922
0.098356,-0.831903,1.620199
0.027267,-0.849422,1.615628
0.090135,-0.867946,1.531789
-0.080137,0.459483,1.763979
-0.049922,0.296303,1.755775
-0.195800,0.160156,1.766090
0.084768,0.184461,1.742324
-0.217515,-0.110646,1.736893
0.201949,-0.081988,1.732028
-0.244414,-0.304831,1.732028
0.205051,-0.290559,1.631971
-0.241203,-0.364965,1.619489
0.231713,-0.392423,1.405775
-0.030588,-0.050847,1.766373
-0.032015,-0.113265,1.716759
-0.093353,-0.180061,1.711481
0.034255,-0.171583,1.706473
-0.064444,-0.538012,1.665687
0.095058,-0.520541,1.583468
0.036954,-0.824367,1.689305
0.094475,-0.816041,1.561639
0.028276,-0.848198,1.602023
0.090878,-0.846471,1.483561
-0.087540,0.460649,1.737741
-0.056294,0.298229,1.729575
-0.200903,0.162118,1.741917
0.078801,0.185831,1.715299
-0.220880,-0.108395,1.713322
0.195799,-0.091689,1.717683
-0.246933,-0.302213,1.717683
0.208068,-0.312860,1.607087
-0.243309,-0.362306,1.594416
0.237341,-0.418905,1.403726
-0.034342,-0.049762,1.740903
-0.035338,-0.112613,1.691426
-0.095968,-0.179736,1.686616
0.031223,-0.170343,1.681042
-0.065177,-0.535787,1.649372
0.093813,-0.514390,1.543623
0.037355,-0.823588,1.676012
0.098975,-0.807922,1.509914
0.028421,-0.847622,1.588722
0.096393,-0.838624,1.432265
-0.094121,0.461726,1.713028
-0.061946,0.300034,1.704586
-0.205453,0.164168,1.719637
0.073371,0.187200,1.689520
-0.223882,-0.106425,1.691901
0.189739,-0.099858,1.702211
-0.249168,-0.299986,1.702211
0.210451,-0.332717,1.584992
-0.245178,-0.359976,1.572215
0.242271,-0.441475,1.401516
-0.037719,-0.048623,1.716663
-0.038454,-0.111863,1.667364
-0.098442,-0.179304,1.663200
0.028301,-0.169024,1.656675
-0.065976,-0.533628,1.633900
0.092413,-0.508417,1.506506
0.037032,-0.823128,1.662955
0.103142,-0.800348,1.460997
0.027734,-0.847565,1.575644
0.101250,-0.831466,1.383509
-0.099806,0.462749,1.689038
-0.066883,0.301608,1.680744
-0.209455,0.166079,1.698342
0.068509,0.188339,1.664798
-0.226562,-0.104637,1.672399
0.183919,-0.106563,1.685536
-0.251136,-0.298023,1.685536
0.212561,-0.349973,1.565295
-0.246814,-0.357922,1.552428
0.246639,-0.460279,1.399114
-0.040768,-0.047569,1.693421
-0.041351,-0.111134,1.644274
-0.100786,-0.178879,1.640878
0.025530,-0.167742,1.633073
-0.066993,-0.531613,1.618998
0.090870,-0.503105,1.472659
0.035696,-0.823089,1.649896
0.106671,-0.793868,1.416357
0.025991,-0.848120,1.562557
0.105318,-0.825471,1.338816
