-0.023557,0.898025,2.490261
-0.064025,0.748336,2.603217
-0.223052,0.638296,2.572053
0.132207,0.643366,2.668804
-0.287878,0.370300,2.587900
0.179535,0.378128,2.755118
-0.265076,0.133439,2.755118
0.189526,0.142621,2.509723
-0.259272,0.068281,2.485007
0.200492,0.065249,2.697742
-0.034303,0.384393,2.625550
-0.026320,0.311665,2.625176
-0.099262,0.231540,2.610761
0.059795,0.231063,2.640845
-0.109778,-0.262083,2.525779
0.043847,-0.259226,2.702741
-0.092642,-0.645617,2.344520
0.002802,-0.604191,2.881358
-0.089165,-0.720758,2.275222
0.032061,-0.680158,2.844748
-0.024250,0.895301,2.464800
-0.064377,0.746943,2.577323
-0.222434,0.636274,2.546284
0.131864,0.643457,2.644701
-0.285755,0.368231,2.561531
0.180721,0.377934,2.732721
-0.260380,0.132269,2.732721
0.192564,0.141928,2.480597
-0.252617,0.068948,2.456277
0.203387,0.065867,2.679196
-0.032599,0.383246,2.601469
-0.024210,0.310553,2.601856
-0.096573,0.229986,2.587699
0.062188,0.230687,2.618174
-0.106806,-0.264178,2.510321
0.051350,-0.262365,2.668408
-0.092617,-0.646516,2.351283
0.024792,-0.611291,2.807614
-0.089651,-0.721439,2.286865
0.054382,-0.687278,2.762031
-0.024810,0.892756,2.441589
-0.064612,0.745687,2.553927
-0.221814,0.634538,2.523125
0.131674,0.643542,2.622655
-0.283808,0.366539,2.537884
0.181855,0.377804,2.711145
-0.254275,0.132648,2.711145
0.195390,0.141210,2.452677
-0.243825,0.069998,2.427216
0.205982,0.066431,2.657928
-0.031068,0.382240,2.579415
-0.022337,0.309583,2.580478
-0.094185,0.228613,2.566585
0.064295,0.230371,2.597259
-0.104402,-0.266130,2.497030
0.058201,-0.265268,2.637358
-0.093322,-0.646991,2.362554
0.043966,-0.617412,2.742548
-0.090971,-0.721623,2.302423
0.072974,-0.693559,2.689064
-0.025220,0.890446,2.420800
-0.064667,0.744556,2.532826
-0.221200,0.632996,2.502419
0.131676,0.643582,2.602491
-0.282006,0.365172,2.516586
0.183140,0.377422,2.690625
-0.248202,0.133779,2.690625
0.198261,0.140505,2.426975
-0.233670,0.073260,2.398984
0.208246,0.068816,2.634928
-0.029643,0.381354,2.559199
-0.020637,0.308733,2.560838
-0.092058,0.227394,2.547150
0.066192,0.230075,2.577924
-0.102442,-0.267844,2.485592
0.064489,-0.267961,2.609016
-0.094548,-0.647069,2.376936
0.060303,-0.623076,2.684980
-0.092934,-0.721437,2.320414
0.088569,-0.699056,2.626426
-0.025464,0.888308,2.401938
-0.064586,0.743531,2.513881
-0.220601,0.631598,2.483886
0.131869,0.643570,2.584186
-0.280397,0.364531,2.497129
0.184536,0.377066,2.671206
-0.241348,0.137285,2.671206
0.200682,0.140657,2.402339
-0.222678,0.078679,2.372535
0.209813,0.072636,2.608159
-0.028307,0.380604,2.540720
-0.019087,0.308031,2.542814
-0.090170,0.226350,2.529320
0.067916,0.229825,2.559958
-0.100804,-0.269244,2.475767
0.070141,-0.270453,2.583431
-0.096103,-0.646738,2.393151
0.074288,-0.628019,2.635308
-0.095420,-0.720838,2.340160
0.101757,-0.703845,2.572955
-0.025554,0.886274,2.384820
-0.064424,0.742600,2.496837
-0.220018,0.630313,2.467206
0.132196,0.643532,2.567447
-0.278963,0.364126,2.479618
0.186096,0.376829,2.652312
-0.234576,0.141680,2.652312
0.202999,0.141933,2.379673
-0.209675,0.085474,2.346124
0.210240,0.077682,2.577647
-0.027071,0.379934,2.523854
-0.017692,0.307411,2.526268
-0.088502,0.225426,2.513046
0.069432,0.229579,2.543097
-0.099547,-0.270509,2.467695
0.075250,-0.272812,2.560280
-0.097929,-0.646229,2.410412
0.086344,-0.632338,2.592331
-0.098134,-0.720051,2.360322
0.113081,-0.707972,2.527062
-0.025512,0.884372,2.369334
-0.064150,0.741784,2.481452
-0.219458,0.629168,2.452112
0.132727,0.643403,2.552020
-0.277613,0.363937,2.463852
0.187921,0.376454,2.633302
-0.227177,0.147431,2.633302
0.204564,0.144437,2.358588
-0.195062,0.094666,2.320821
0.209165,0.082380,2.539128
-0.025875,0.379350,2.508527
-0.016378,0.306878,2.511115
-0.086978,0.224615,2.498174
0.070830,0.229361,2.527399
-0.098495,-0.271630,2.461001
0.079843,-0.274880,2.539520
-0.099911,-0.645575,2.428013
0.096873,-0.636065,2.554867
-0.100951,-0.719138,2.380193
0.122941,-0.711549,2.487365
-0.025230,0.882570,2.355239
-0.063469,0.741096,2.467415
-0.218801,0.628244,2.438534
0.133863,0.643152,2.537420
-0.276125,0.363989,2.449638
0.190945,0.377125,2.612715
-0.214714,0.160023,2.612715
0.206077,0.152694,2.336860
-0.177197,0.114328,2.296568
0.206544,0.097033,2.494925
-0.024585,0.378862,2.494433
-0.015012,0.306448,2.497061
-0.085473,0.223937,2.484387
0.072254,0.229158,2.512670
-0.097504,-0.272744,2.455359
0.084101,-0.276719,2.520737
-0.101867,-0.644825,2.445359
0.106141,-0.639312,2.522063
-0.103823,-0.718208,2.399415
0.131668,-0.714672,2.452598
-0.024779,0.880871,2.342491
-0.062418,0.740529,2.454757
-0.217930,0.627603,2.426515
0.135207,0.642859,2.523994
-0.274223,0.364030,2.436441
0.194449,0.377940,2.593208
-0.196420,0.175800,2.593208
0.208060,0.163888,2.313652
-0.159778,0.128222,2.273580
0.202101,0.113174,2.438164
-0.023355,0.378423,2.481718
-0.013720,0.306069,2.484309
-0.084074,0.223344,2.471906
0.073563,0.228965,2.499181
-0.096645,-0.273699,2.450698
0.087963,-0.278354,2.503877
-0.103823,-0.644084,2.462054
0.114395,-0.642190,2.492992
-0.106607,-0.717332,2.417523
0.139534,-0.717442,2.421650
-0.024155,0.879254,2.330975
-0.060967,0.740059,2.443419
-0.216707,0.627295,2.416080
0.136801,0.642547,2.511573
-0.272355,0.364202,2.424573
0.198803,0.379061,2.574641
-0.178400,0.191507,2.574641
0.207000,0.178858,2.292786
-0.139339,0.152825,2.246924
0.195229,0.134384,2.386678
-0.022158,0.378029,2.470205
-0.012472,0.305737,2.472715
-0.082746,0.222828,2.460582
0.074796,0.228787,2.486833
-0.095898,-0.274523,2.447024
0.091460,-0.279830,2.488697
-0.105626,-0.643311,2.477678
0.121857,-0.644806,2.466876
-0.109302,-0.716504,2.434440
0.146639,-0.719945,2.393708
-0.023205,0.877715,2.320675
-0.058778,0.739622,2.433323
-0.215128,0.627194,2.407145
0.138955,0.642116,2.500056
-0.270384,0.364585,2.413713
0.203886,0.380131,2.556488
-0.160145,0.207174,2.556488
0.206828,0.193321,2.273709
-0.115534,0.173447,2.224715
0.188557,0.160676,2.339135
-0.020925,0.377693,2.459739
-0.011231,0.305463,2.462137
-0.081483,0.222380,2.450301
0.076014,0.228620,2.475477
-0.095214,-0.275230,2.444130
0.094670,-0.281149,2.474959
-0.107264,-0.642524,2.492136
0.128570,-0.647130,2.443297
-0.111876,-0.715733,2.449927
0.152801,-0.722177,2.368789
-0.021879,0.876208,2.311554
-0.056060,0.739244,2.424506
-0.213002,0.627298,2.399698
0.141569,0.641584,2.489413
-0.268157,0.365624,2.403798
0.209774,0.381198,2.537324
-0.143245,0.222503,2.537324
0.204573,0.208960,2.256633
-0.101893,0.193341,2.204797
0.181020,0.188688,2.294747
-0.019590,0.377405,2.450255
-0.009944,0.305235,2.452483
-0.080210,0.221998,2.440930
0.077259,0.228461,2.465059
-0.094573,-0.275904,2.441922
0.097667,-0.282344,2.462585
-0.108799,-0.641887,2.505526
0.134465,-0.649142,2.422494
-0.114255,-0.715049,2.464057
0.157930,-0.724121,2.347175
-0.019924,0.874718,2.303593
-0.052458,0.738833,2.416843
-0.210245,0.627362,2.393364
0.145600,0.640648,2.479218
-0.264715,0.367349,2.393204
0.216889,0.381880,2.518448
-0.124877,0.240739,2.518448
0.199949,0.231441,2.237345
-0.087929,0.214361,2.188980
0.173097,0.211373,2.256290
-0.017961,0.377120,2.441648
-0.008471,0.305013,2.443600
-0.078902,0.221642,2.432390
0.078766,0.228192,2.455252
-0.093940,-0.276565,2.439985
0.100565,-0.283403,2.451548
-0.110205,-0.641356,2.517811
0.139487,-0.650797,2.404675
-0.116430,-0.714454,2.476864
0.161964,-0.725752,2.329098
-0.017520,0.873244,2.296611
-0.048155,0.738429,2.410340
-0.207043,0.627437,2.388154
0.149959,0.639675,2.469918
-0.261512,0.369095,2.383565
0.225716,0.383017,2.500388
-0.108433,0.257384,2.500388
0.188424,0.258627,2.220411
-0.075948,0.235701,2.175549
0.157557,0.234506,2.217921
-0.016148,0.376845,2.433942
-0.006926,0.304805,2.435524
-0.077583,0.221314,2.424646
0.080277,0.227911,2.446300
-0.093319,-0.277171,2.438402
0.103358,-0.284284,2.441813
-0.111468,-0.640849,2.528905
0.143605,-0.652051,2.390028
-0.118454,-0.713903,2.488608
0.164938,-0.727035,2.314664
-0.014540,0.871825,2.290700
-0.042974,0.737983,2.404863
-0.203323,0.627525,2.383951
0.154955,0.638525,2.461353
-0.258361,0.370976,2.374618
0.234021,0.383776,2.483378
-0.093426,0.273059,2.483378
0.177084,0.283984,2.205091
-0.065399,0.256047,2.163995
0.143148,0.255773,2.184206
-0.014062,0.376576,2.427083
-0.005248,0.304612,2.428178
-0.076220,0.221021,2.417633
0.081844,0.227607,2.438100
-0.092708,-0.277723,2.437109
0.106100,-0.285034,2.433365
-0.112620,-0.640408,2.538908
0.146813,-0.652927,2.378548
-0.120298,-0.713426,2.499210
0.166891,-0.727976,2.303835
-0.011240,0.870445,2.285733
-0.037329,0.737511,2.400365
-0.199148,0.627574,2.380591
0.160229,0.637336,2.453522
-0.255251,0.372960,2.366257
0.242007,0.384467,2.467796
-0.076902,0.292868,2.467796
0.165576,0.304787,2.192270
-0.045797,0.282428,2.151744
0.132297,0.274074,2.155434
-0.011780,0.376360,2.421048
-0.003475,0.304481,2.421531
-0.074788,0.220805,2.411320
0.083421,0.227342,2.430596
-0.092118,-0.278221,2.436105
0.108779,-0.285639,2.426157
-0.113655,-0.640012,2.547913
0.149148,-0.653457,2.370136
-0.121936,-0.713013,2.508618
0.167864,-0.728626,2.296418
-0.007288,0.869058,2.281602
-0.030994,0.736960,2.396672
-0.194532,0.627719,2.378086
0.165759,0.636123,2.446429
-0.251838,0.375303,2.358183
0.249738,0.385113,2.453548
-0.063534,0.307998,2.453548
0.154493,0.325445,2.179512
-0.033242,0.299022,2.140009
0.123994,0.289944,2.130479
-0.009244,0.376207,2.415781
-0.001569,0.304416,2.415533
-0.073253,0.220676,2.405666
0.084998,0.227107,2.423759
-0.091570,-0.278658,2.435263
0.111379,-0.286112,2.420153
-0.114593,-0.639674,2.556023
0.150676,-0.653636,2.364676
-0.123419,-0.712649,2.517105
0.167986,-0.728974,2.292253
-0.002836,0.867613,2.278243
-0.024338,0.736360,2.393711
-0.189611,0.627916,2.376316
0.171586,0.634905,2.440029
-0.247673,0.378037,2.350083
0.257086,0.385695,2.440534
-0.048439,0.325435,2.440534
0.143869,0.343913,2.168699
-0.019255,0.316809,2.129973
0.116271,0.304240,2.108336
-0.006493,0.376098,2.411232
0.000459,0.304404,2.410144
-0.071637,0.220615,2.400638
0.086616,0.226889,2.417506
-0.091060,-0.279043,2.434567
0.113963,-0.286360,2.415296
-0.115435,-0.639373,2.563273
0.151488,-0.653462,2.361849
-0.124742,-0.712327,2.524719
0.167355,-0.729062,2.290941
0.001907,0.866222,2.275653
-0.017293,0.735767,2.391376
-0.184327,0.628194,2.375104
0.177651,0.633686,2.434280
-0.243268,0.380914,2.342440
0.263921,0.386191,2.428773
-0.035126,0.340383,2.428773
0.133901,0.360689,2.158706
-0.003682,0.335086,2.120273
0.109177,0.317261,2.088585
-0.003506,0.376049,2.407346
0.002641,0.304454,2.405318
-0.069895,0.220642,2.396185
0.088267,0.226693,2.411816
-0.090570,-0.279359,2.434023
0.116519,-0.286441,2.411540
-0.116156,-0.639039,2.569678
0.151627,-0.652948,2.361287
-0.125929,-0.712031,2.531544
0.166089,-0.728931,2.292085
0.007034,0.864846,2.273783
-0.010090,0.735158,2.389610
-0.178880,0.628449,2.374300
0.183823,0.632492,2.429182
-0.238220,0.383992,2.334785
0.270376,0.386649,2.418130
-0.022583,0.353808,2.418130
0.124752,0.375852,2.149533
0.008700,0.349553,2.111648
0.101772,0.331527,2.070921
-0.000320,0.376027,2.404082
0.004973,0.304539,2.401029
-0.068031,0.220729,2.392264
0.089983,0.226503,2.406655
-0.090090,-0.279607,2.433628
0.119039,-0.286391,2.408829
-0.116807,-0.638725,2.575452
0.151212,-0.652178,2.362756
-0.127024,-0.711758,2.537673
0.164351,-0.728583,2.295208
0.012255,0.863510,2.272423
-0.002919,0.734564,2.388272
-0.173382,0.628612,2.373598
0.190085,0.631366,2.424701
-0.232240,0.387084,2.326953
0.276277,0.387069,2.408476
-0.010700,0.365691,2.408476
0.116445,0.390226,2.140931
0.024823,0.362758,2.102573
0.092322,0.346240,2.055991
0.002968,0.376036,2.401360
0.007408,0.304659,2.397233
-0.066081,0.220868,2.388820
0.091744,0.226321,2.401995
-0.089617,-0.279794,2.433399
0.121527,-0.286263,2.407124
-0.117368,-0.638387,2.580574
0.150335,-0.651239,2.365956
-0.128089,-0.711463,2.542971
0.162191,-0.728117,2.300305
0.017621,0.862190,2.271522
0.004107,0.733986,2.387286
-0.167928,0.628747,2.373062
0.196294,0.630260,2.420771
-0.225852,0.390113,2.319325
0.281809,0.387443,2.399750
0.000417,0.376431,2.399750
0.108819,0.403304,2.133152
0.039019,0.374429,2.094938
0.087025,0.358107,2.041870
0.006294,0.376060,2.399133
0.009887,0.304794,2.393901
-0.064089,0.221043,2.385821
0.093509,0.226140,2.397814
-0.089139,-0.279931,2.433335
0.123941,-0.286065,2.406292
-0.117847,-0.638040,2.585036
0.149092,-0.650177,2.370487
-0.129099,-0.711171,2.547369
0.159763,-0.727560,2.306591
0.023018,0.860919,2.271021
0.010877,0.733431,2.386605
-0.162526,0.628871,2.372633
0.202323,0.629205,2.417351
-0.219563,0.392984,2.312160
0.286890,0.387781,2.391903
0.010604,0.386181,2.391903
0.101782,0.415243,2.126256
0.052274,0.384827,2.088213
0.075902,0.373791,2.033120
0.009605,0.376095,2.397348
0.012379,0.304940,2.391001
-0.062071,0.221250,2.383232
0.095259,0.225962,2.394080
-0.088658,-0.280017,2.433437
0.126265,-0.285793,2.406252
-0.118244,-0.637669,2.588851
0.147571,-0.649025,2.376047
-0.130046,-0.710889,2.551060
0.157162,-0.726924,2.313718
0.028371,0.859675,2.270825
0.017335,0.732911,2.386163
-0.157309,0.628998,2.372218
0.208119,0.628204,2.414405
-0.213042,0.395932,2.304896
0.291566,0.388089,2.384854
0.020307,0.395109,2.384854
0.096042,0.425606,2.120137
0.065285,0.394382,2.082462
0.067477,0.386853,2.024023
0.012869,0.376039,2.395925
0.014873,0.304975,2.388476
-0.060103,0.221358,2.380934
0.097075,0.225685,2.390806
-0.088132,-0.280020,2.433771
0.128474,-0.285463,2.406908
-0.118570,-0.637289,2.592092
0.145850,-0.647813,2.382367
-0.130943,-0.710617,2.554158
0.154487,-0.726231,2.321460
0.033616,0.858461,2.270861
0.023369,0.732420,2.385884
-0.152338,0.629099,2.371793
0.213642,0.627268,2.411888
-0.206549,0.398733,2.297854
0.295823,0.388371,2.378524
0.029384,0.403083,2.378524
0.090819,0.434981,2.114802
0.077637,0.402946,2.077510
0.065245,0.397614,2.016469
0.016041,0.375990,2.394836
0.017333,0.305012,2.386310
-0.058149,0.221489,2.378969
0.098867,0.225408,2.387926
-0.087577,-0.279953,2.434333
0.130555,-0.285120,2.408214
-0.118830,-0.636876,2.594750
0.144002,-0.646630,2.389209
-0.131783,-0.710338,2.556543
0.151758,-0.725522,2.329515
0.038643,0.857310,2.271085
0.028954,0.731971,2.385723
-0.147621,0.629199,2.371406
0.218879,0.626391,2.409759
-0.199840,0.401592,2.290740
0.299714,0.388627,2.372851
0.038100,0.410914,2.372851
0.086130,0.443399,2.109995
0.089374,0.410633,2.073325
0.064605,0.407416,2.010764
0.019086,0.375884,2.394011
0.019732,0.304981,2.384454
-0.056263,0.221565,2.377257
0.100664,0.225075,2.385436
-0.087007,-0.279824,2.435101
0.132493,-0.284744,2.410048
-0.119029,-0.636463,2.596889
0.142083,-0.645469,2.396367
-0.132568,-0.710070,2.558327
0.149066,-0.724786,2.337677
0.043467,0.856228,2.271509
0.034078,0.731552,2.385643
-0.143185,0.629279,2.371001
0.223821,0.625574,2.407981
-0.193459,0.404209,2.284068
0.303287,0.388861,2.367799
0.046066,0.418046,2.367799
0.082046,0.450850,2.105783
0.100385,0.417476,2.069820
0.065526,0.416330,2.006826
0.021972,0.375729,2.393415
0.022043,0.304893,2.382887
-0.054454,0.221603,2.375794
0.102436,0.224686,2.383318
-0.086424,-0.279654,2.436115
0.134268,-0.284371,2.412330
-0.119171,-0.636041,2.598549
0.140143,-0.644349,2.403685
-0.133293,-0.709806,2.559598
0.146420,-0.724073,2.345829
0.048051,0.855221,2.272081
0.038782,0.731173,2.385650
-0.139033,0.629356,2.370622
0.228441,0.624849,2.406538
-0.187487,0.406636,2.277889
0.306576,0.389096,2.363346
0.053291,0.424507,2.363346
0.078530,0.457454,2.102088
0.110847,0.423548,2.067017
0.068007,0.424359,2.004701
0.024698,0.375606,2.393015
0.024255,0.304839,2.381574
-0.052697,0.221691,2.374573
0.104131,0.224338,2.381504
-0.085839,-0.279428,2.437352
0.135855,-0.283994,2.414972
-0.119265,-0.635613,2.599758
0.138208,-0.643267,2.410995
-0.133960,-0.709544,2.560359
0.143870,-0.723374,2.353791
0.052377,0.854287,2.272772
0.043067,0.730832,2.385729
-0.135214,0.629436,2.370237
0.232690,0.624203,2.405397
-0.181881,0.408868,2.272154
0.309558,0.389324,2.359464
0.059876,0.430398,2.359464
0.075455,0.463252,2.098854
0.120758,0.428913,2.064940
0.072223,0.431544,2.004519
0.027234,0.375455,2.392781
0.026342,0.304745,2.380492
-0.051057,0.221745,2.373531
0.105763,0.223957,2.380004
-0.085283,-0.279124,2.438878
0.137183,-0.283508,2.417911
-0.119317,-0.635208,2.600579
0.136273,-0.642144,2.417998
-0.134565,-0.709297,2.560658
0.141427,-0.722702,2.361490
0.056448,0.853431,2.273558
0.046929,0.730532,2.385859
-0.131746,0.629523,2.369868
0.236609,0.623616,2.404542
-0.176589,0.411001,2.266726
0.312273,0.389538,2.356176
0.065931,0.435735,2.356176
0.072886,0.468186,2.096076
0.130499,0.433931,2.063219
0.077533,0.437832,2.005796
0.029589,0.375334,2.392693
0.028310,0.304678,2.379620
-0.049512,0.221816,2.372638
0.107328,0.223616,2.378835
-0.084786,-0.278837,2.440634
0.138346,-0.283004,2.421065
-0.119327,-0.634809,2.601029
0.134403,-0.641074,2.424754
-0.135113,-0.709062,2.560537
0.139125,-0.722062,2.368824
0.060260,0.852648,2.274416
0.050421,0.730271,2.386034
-0.128563,0.629607,2.369518
0.240200,0.623106,2.403961
-0.171710,0.412971,2.261716
0.314744,0.389740,2.353480
0.071445,0.440560,2.353480
0.070821,0.472304,2.093711
0.139512,0.438351,2.061974
0.083697,0.443235,2.008318
0.031777,0.375229,2.392735
0.030171,0.304622,2.378942
-0.048052,0.221896,2.371884
0.108830,0.223302,2.377986
-0.084350,-0.278567,2.442549
0.139338,-0.282513,2.424388
-0.119304,-0.634437,2.601171
0.132602,-0.640064,2.431228
-0.135608,-0.708838,2.560053
0.136965,-0.721470,2.375699
0.063780,0.851942,2.275314
0.053584,0.730038,2.386257
-0.125672,0.629683,2.369180
0.243475,0.622654,2.403611
-0.167201,0.414784,2.257078
0.316942,0.389946,2.351347
0.076477,0.444942,2.351347
0.069171,0.475649,2.091739
0.147850,0.442247,2.061150
0.090377,0.447811,2.011796
0.033807,0.375138,2.392894
0.031929,0.304574,2.378442
-0.046671,0.221979,2.371264
0.110270,0.223008,2.377423
-0.083957,-0.278276,2.444539
0.140150,-0.282089,2.427836
-0.119252,-0.634062,2.601019
0.130895,-0.639172,2.437423
-0.136051,-0.708623,2.559263
0.134933,-0.720932,2.382224
0.067023,0.851308,2.276242
0.056454,0.729829,2.386520
-0.123033,0.629757,2.368865
0.246458,0.622288,2.403539
-0.163052,0.416459,2.252819
0.318908,0.390149,2.349795
0.081054,0.448914,2.349795
0.067802,0.478355,2.090135
0.155537,0.445674,2.060705
0.097377,0.451625,2.016067
0.035688,0.375058,2.393151
0.033589,0.304535,2.378103
-0.045364,0.222066,2.370769
0.111647,0.222736,2.377118
-0.083627,-0.277998,2.446560
0.140819,-0.281685,2.431333
-0.119163,-0.633675,2.600577
0.129287,-0.638345,2.443264
-0.136440,-0.708393,2.558151
0.133043,-0.720432,2.388333
0.070016,0.850727,2.277200
0.059043,0.729641,2.386827
-0.120637,0.629834,2.368573
0.249168,0.621966,2.403695
-0.159240,0.418009,2.248916
0.320611,0.390360,2.348911
0.085209,0.452500,2.348911
0.066802,0.480372,2.088889
0.162620,0.448676,2.060610
0.104537,0.454738,2.020937
0.037382,0.374933,2.393488
0.035096,0.304431,2.377899
-0.044190,0.222105,2.370373
0.112915,0.222386,2.377017
-0.083354,-0.277741,2.448579
0.141332,-0.281297,2.434822
-0.119055,-0.633284,2.599885
0.127775,-0.637553,2.448742
-0.136793,-0.708171,2.556860
0.131292,-0.719963,2.394037
0.072757,0.850209,2.278163
0.061379,0.729474,2.387174
-0.118462,0.629909,2.368302
0.251617,0.621688,2.404053
-0.155749,0.419434,2.245357
0.322069,0.390580,2.348562
0.088962,0.455713,2.348562
0.066128,0.481802,2.087971
0.169135,0.451282,2.060849
0.111785,0.457235,2.026390
0.038933,0.374820,2.393897
0.036495,0.304340,2.377818
-0.043098,0.222150,2.370064
0.114100,0.222059,2.377129
-0.083118,-0.277470,2.450532
0.141708,-0.280933,2.438257
-0.118923,-0.632903,2.598992
0.126365,-0.636826,2.453881
-0.137106,-0.707960,2.555475
0.129680,-0.719522,2.399322
0.075186,0.849763,2.279075
0.063424,0.729345,2.387604
-0.116514,0.629978,2.368052
0.253762,0.621462,2.404653
-0.152572,0.420754,2.242099
0.323053,0.390750,2.348733
0.092314,0.458594,2.348733
0.069721,0.482171,2.087387
0.175071,0.453552,2.061395
0.118957,0.459225,2.032240
0.040276,0.374842,2.394361
0.037717,0.304417,2.377820
-0.042100,0.222350,2.369868
0.115056,0.221944,2.377232
-0.082929,-0.277210,2.452410
0.141912,-0.280592,2.441578
-0.118757,-0.632577,2.597902
0.125021,-0.636187,2.458687
-0.137374,-0.707762,2.553957
0.128185,-0.719117,2.404296
0.077403,0.849368,2.280000
0.065223,0.729247,2.388089
-0.114749,0.630042,2.367822
0.255667,0.621274,2.405416
-0.149681,0.421961,2.239127
0.323826,0.390922,2.349433
0.095294,0.461143,2.349433
0.069068,0.481970,2.087097
0.180463,0.455472,2.062166
0.125843,0.460743,2.038110
0.041471,0.374815,2.394862
0.038818,0.304403,2.377880
-0.041218,0.222453,2.369697
0.115940,0.221730,2.377446
-0.082792,-0.276949,2.454214
0.142022,-0.280271,2.444803
-0.118579,-0.632295,2.596698
0.123764,-0.635633,2.463200
-0.137606,-0.707576,2.552340
0.126810,-0.718743,2.408882
0.079417,0.849020,2.280930
0.066788,0.729174,2.388612
-0.113149,0.630100,2.367610
0.257331,0.621133,2.406328
-0.147054,0.423062,2.236425
0.324295,0.391054,2.350529
0.097926,0.463237,2.350529
0.069495,0.481757,2.087131
0.185010,0.456676,2.063669
0.132381,0.461863,2.043895
0.042541,0.374796,2.395413
0.039822,0.304393,2.378021
-0.040409,0.222553,2.369574
0.116744,0.221533,2.377804
-0.082692,-0.276697,2.455948
0.142039,-0.279980,2.447903
-0.118391,-0.632033,2.595387
0.122592,-0.635141,2.467370
-0.137808,-0.707400,2.550655
0.125545,-0.718406,2.413110
0.081244,0.848715,2.281852
0.068142,0.729120,2.389160
-0.111696,0.630156,2.367414
0.258778,0.621021,2.407357
-0.144679,0.424071,2.233966
0.324613,0.391342,2.352216
0.100202,0.465002,2.352216
0.068696,0.480727,2.087447
0.188980,0.457514,2.065438
0.138554,0.462634,2.049584
0.043481,0.374737,2.395985
0.040723,0.304335,2.378218
-0.039683,0.222616,2.369491
0.117467,0.221286,2.378261
-0.082634,-0.276481,2.457613
0.141980,-0.279713,2.450876
-0.118191,-0.631798,2.593986
0.121507,-0.634706,2.471239
-0.137981,-0.707235,2.548922
0.124388,-0.718100,2.416992
0.082896,0.848447,2.282766
0.069297,0.729083,2.389726
-0.110377,0.630209,2.367230
0.260022,0.620937,2.408485
-0.142529,0.424990,2.231730
0.324763,0.391661,2.354328
0.102135,0.466638,2.354328
0.068208,0.480286,2.087744
0.192744,0.458432,2.066811
0.132004,0.463530,2.060580
0.044313,0.374680,2.396583
0.041538,0.304277,2.378470
-0.039020,0.222675,2.369438
0.118120,0.221050,2.378820
-0.082606,-0.276289,2.459207
0.141850,-0.279475,2.453714
-0.117986,-0.631593,2.592532
0.120510,-0.634311,2.474776
-0.138127,-0.707083,2.547143
0.123329,-0.717823,2.420544
0.084374,0.848204,2.283643
0.070243,0.729059,2.390287
-0.109186,0.630259,2.367045
0.261053,0.620876,2.409697
-0.140589,0.425822,2.229692
0.324522,0.391951,2.356641
0.103724,0.467789,2.356641
0.067221,0.478932,2.088445
0.195707,0.458658,2.068896
0.123522,0.464256,2.071394
0.045040,0.374629,2.397187
0.042272,0.304222,2.378765
-0.038417,0.222730,2.369404
0.118702,0.220824,2.379463
-0.082603,-0.276105,2.460720
0.141636,-0.279248,2.456396
-0.117772,-0.631382,2.590977
0.119594,-0.633958,2.478035
-0.138262,-0.706945,2.545416
0.122369,-0.717562,2.423792
0.085681,0.847982,2.284446
0.070985,0.729044,2.390833
-0.108120,0.630303,2.366839
0.261880,0.620842,2.410957
-0.138838,0.426571,2.227830
0.324047,0.392181,2.359097
0.104993,0.468843,2.359097
0.066158,0.477229,2.089096
0.198532,0.459039,2.070511
0.114065,0.464384,2.081684
0.045669,0.374579,2.397783
0.042926,0.304166,2.379091
-0.037870,0.222780,2.369388
0.119217,0.220607,2.380175
-0.082626,-0.275950,2.462161
0.141350,-0.279058,2.458940
-0.117554,-0.631195,2.589370
0.118740,-0.633668,2.481022
-0.138371,-0.706821,2.543662
0.121488,-0.717331,2.426760
0.086836,0.847777,2.285174
0.071540,0.729036,2.391367
-0.107172,0.630339,2.366606
0.262520,0.620822,2.412231
-0.137254,0.427252,2.226110
0.323399,0.392390,2.361670
0.105995,0.469671,2.361670
0.065019,0.475577,2.089896
0.200987,0.459207,2.072203
0.101400,0.462550,2.093584
0.046209,0.374531,2.398361
0.043508,0.304110,2.379436
-0.037374,0.222825,2.369381
0.119668,0.220399,2.380940
-0.082671,-0.275790,2.463507
0.141013,-0.278895,2.461339
-0.117335,-0.631035,2.587741
0.117956,-0.633412,2.483761
-0.138460,-0.706709,2.541916
0.120685,-0.717121,2.429485
0.087845,0.847569,2.285821
0.071894,0.729021,2.391842
-0.106356,0.630369,2.366318
0.262983,0.620814,2.413493
-0.135828,0.427873,2.224509
0.322566,0.392552,2.364313
0.106745,0.470280,2.364313
0.063855,0.474318,2.090837
0.203090,0.459166,2.073949
0.088478,0.462344,2.105223
0.046670,0.374492,2.398887
0.044017,0.304066,2.379774
-0.036928,0.222867,2.369374
0.120051,0.220213,2.381738
-0.082727,-0.275643,2.464758
0.140640,-0.278757,2.463602
-0.117118,-0.630923,2.586138
0.117227,-0.633201,2.486286
-0.138528,-0.706598,2.540198
0.119955,-0.716933,2.431973
0.088724,0.847372,2.286410
0.072060,0.729009,2.392281
-0.105654,0.630395,2.366002
0.263293,0.620827,2.414744
-0.134555,0.428442,2.223028
0.321562,0.392665,2.366962
0.107231,0.470672,2.366962
0.062011,0.472338,2.091908
0.204838,0.458932,2.075735
0.075474,0.461994,2.116153
0.047059,0.374460,2.399381
0.044462,0.304028,2.380114
-0.036526,0.222907,2.369371
0.120377,0.220042,2.382564
-0.082799,-0.275497,2.465916
0.140239,-0.278635,2.465729
-0.116903,-0.630823,2.584528
0.116559,-0.633020,2.488597
-0.138577,-0.706495,2.538504
0.119292,-0.716764,2.434242
0.089484,0.847185,2.286941
0.072061,0.728998,2.392678
-0.105068,0.630415,2.365644
0.263466,0.620863,2.415983
-0.133438,0.428959,2.221652
0.320481,0.392769,2.369624
0.107423,0.470834,2.369624
0.060896,0.470420,2.093112
0.206210,0.458500,2.077579
0.065387,0.461323,2.124206
0.047387,0.374432,2.399845
0.044851,0.303994,2.380459
-0.036162,0.222944,2.369378
0.120654,0.219886,2.383410
-0.082881,-0.275359,2.466997
0.139815,-0.278523,2.467724
-0.116693,-0.630709,2.582923
0.115952,-0.632856,2.490704
-0.138611,-0.706387,2.536882
0.118690,-0.716610,2.436307
0.090138,0.846995,2.287414
0.071920,0.728986,2.393032
-0.104597,0.630427,2.365230
0.263504,0.620909,2.417194
-0.132465,0.429424,2.220367
0.319321,0.392856,2.372283
0.107356,0.470686,2.372283
0.059655,0.468473,2.094455
0.207255,0.457823,2.079474
0.055220,0.460663,2.131962
0.047654,0.374391,2.400271
0.045183,0.303944,2.380794
-0.035839,0.222970,2.369392
0.120876,0.219719,2.384236
-0.082975,-0.275216,2.467995
0.139376,-0.278426,2.469592
-0.116489,-0.630607,2.581344
0.115393,-0.632715,2.492628
-0.138636,-0.706288,2.535294
0.118142,-0.716472,2.438189
0.090680,0.846803,2.287819
0.071604,0.728973,2.393325
-0.104254,0.630415,2.364732
0.263415,0.620949,2.418369
-0.131629,0.429828,2.219160
0.318059,0.392926,2.374971
0.107057,0.470254,2.374971
0.058410,0.466488,2.095907
0.207976,0.456859,2.081405
0.045518,0.459910,2.139066
0.047849,0.374388,2.400656
0.045453,0.303945,2.381104
-0.035551,0.223021,2.369408
0.121020,0.219644,2.385010
-0.083080,-0.275081,2.468927
0.138926,-0.278339,2.471341
-0.116292,-0.630517,2.579807
0.114891,-0.632574,2.494349
-0.138651,-0.706195,2.533758
0.117646,-0.716348,2.439892
0.091098,0.846602,2.288151
0.071123,0.728948,2.393554
-0.104021,0.630386,2.364171
0.263193,0.620985,2.419518
-0.130958,0.430177,2.218023
0.316666,0.392989,2.377768
0.106437,0.469454,2.377768
0.057660,0.464889,2.097494
0.208303,0.455556,2.083385
0.038555,0.459548,2.144715
0.047990,0.374385,2.401009
0.045677,0.303948,2.381408
-0.035294,0.223066,2.369425
0.121118,0.219583,2.385779
-0.083195,-0.274944,2.469792
0.138464,-0.278265,2.472975
-0.116102,-0.630436,2.578312
0.114432,-0.632450,2.495920
-0.138658,-0.706109,2.532276
0.117195,-0.716234,2.441438
0.091383,0.846377,2.288394
0.070411,0.728897,2.393672
-0.103913,0.630338,2.363539
0.262833,0.621015,2.420634
-0.130491,0.430461,2.216964
0.315150,0.393077,2.380670
0.105413,0.468282,2.380670
0.057204,0.463430,2.099234
0.208150,0.453897,2.085433
0.032453,0.459231,2.149670
0.048074,0.374381,2.401325
0.045853,0.303950,2.381703
-0.035067,0.223105,2.369442
0.121173,0.219532,2.386539
-0.083320,-0.274806,2.470597
0.137983,-0.278199,2.474506
-0.115923,-0.630354,2.576858
0.114014,-0.632339,2.497349
-0.138659,-0.706028,2.530855
0.116786,-0.716131,2.442842
0.091482,0.846103,2.288486
0.069483,0.728834,2.393693
-0.103963,0.630238,2.362798
0.262349,0.621042,2.421705
-0.130399,0.430620,2.216001
0.313461,0.393210,2.383643
0.103681,0.466509,2.383643
0.057088,0.461734,2.101275
0.207263,0.451749,2.087671
0.026965,0.458749,2.153853
0.048090,0.374394,2.401601
0.045978,0.303970,2.381989
-0.034869,0.223150,2.369462
0.121177,0.219514,2.387276
-0.083453,-0.274672,2.471350
0.137491,-0.278137,2.475937
-0.115756,-0.630261,2.575443
0.113636,-0.632230,2.498644
-0.138653,-0.705943,2.529521
0.116414,-0.716037,2.444118
0.091404,0.845785,2.288441
0.068361,0.728759,2.393606
-0.104158,0.630095,2.361978
0.261723,0.621084,2.422734
-0.130976,0.430573,2.215363
0.311669,0.393352,2.386619
0.100680,0.463668,2.386619
0.056970,0.460300,2.103867
0.204896,0.448274,2.090242
0.021971,0.458383,2.157566
0.048042,0.374402,2.401834
0.046053,0.303983,2.382263
-0.034702,0.223184,2.369480
0.121133,0.219495,2.388008
-0.083592,-0.274542,2.472053
0.136986,-0.278080,2.477278
-0.115602,-0.630164,2.574084
0.113291,-0.632134,2.499824
-0.138638,-0.705849,2.528205
0.116077,-0.715951,2.445278
0.091118,0.845390,2.288159
0.067061,0.728671,2.393399
-0.104457,0.629934,2.361115
0.260964,0.621144,2.423716
-0.132250,0.430355,2.215169
0.309679,0.393645,2.389872
0.096465,0.459671,2.389872
0.058453,0.456443,2.107204
0.201305,0.443790,2.093437
0.018190,0.456297,2.159708
0.047928,0.374420,2.402019
0.046078,0.304006,2.382529
-0.034562,0.223219,2.369499
0.121032,0.219498,2.388729
-0.083743,-0.274400,2.472713
0.136463,-0.278025,2.478540
-0.115457,-0.630073,2.572775
0.112978,-0.632042,2.500892
-0.138615,-0.705756,2.526938
0.115770,-0.715873,2.446335
0.090707,0.844953,2.287761
0.065583,0.728550,2.393036
-0.104858,0.629753,2.360208
0.260108,0.621219,2.424652
-0.134801,0.429825,2.215732
0.307600,0.393983,2.393147
0.090203,0.453719,2.393147
0.059915,0.451727,2.112031
0.197724,0.439792,2.096618
0.014757,0.453440,2.161368
0.047745,0.374433,2.402152
0.046053,0.304024,2.382782
-0.034451,0.223249,2.369518
0.120881,0.219502,2.389436
-0.083901,-0.274250,2.473330
0.135933,-0.277975,2.479724
-0.115322,-0.629986,2.571521
0.112691,-0.631957,2.501866
-0.138578,-0.705654,2.525703
0.115491,-0.715802,2.447294
0.089991,0.844388,2.287070
0.063490,0.728493,2.392253
-0.105681,0.629547,2.359190
0.258701,0.621537,2.425411
-0.139280,0.428796,2.218435
0.304811,0.395075,2.397334
0.077354,0.439082,2.397334
0.067183,0.442150,2.119910
0.180163,0.421495,2.103626
0.015743,0.447037,2.165239
0.047428,0.374415,2.402184
0.045943,0.304010,2.383017
-0.034391,0.223259,2.369544
0.120681,0.219485,2.390096
-0.084072,-0.274094,2.473914
0.135394,-0.277929,2.480835
-0.115207,-0.629921,2.570323
0.112431,-0.631882,2.502754
-0.138542,-0.705587,2.524463
0.115238,-0.715738,2.448165
0.089086,0.843755,2.286150
0.061085,0.728466,2.391233
-0.106755,0.629345,2.358124
0.257043,0.621959,2.426049
-0.145026,0.427459,2.223028
0.301765,0.396447,2.401888
0.055772,0.415924,2.401888
0.079058,0.426466,2.131622
0.150021,0.396646,2.116074
0.028100,0.425774,2.173837
0.047005,0.374382,2.402119
0.045772,0.303982,2.383221
-0.034379,0.223253,2.369567
0.120466,0.219466,2.390694
-0.084257,-0.273927,2.474461
0.134846,-0.277872,2.481877
-0.115100,-0.629863,2.569175
0.112195,-0.631814,2.503561
-0.138503,-0.705535,2.523276
0.115009,-0.715678,2.448956
0.087983,0.843065,2.285044
0.058449,0.728478,2.390012
-0.108029,0.629152,2.357023
0.255156,0.622452,2.426535
-0.151827,0.425965,2.229273
0.298478,0.397940,2.406785
0.026851,0.386999,2.406785
0.093363,0.407078,2.147310
0.112944,0.357530,2.130150
0.046400,0.396450,2.187488
0.046460,0.374333,2.401927
0.045529,0.303937,2.383379
-0.034431,0.223229,2.369576
0.120242,0.219440,2.391212
-0.084449,-0.273757,2.474971
0.134296,-0.277817,2.482852
-0.115003,-0.629811,2.568079
0.111980,-0.631752,2.504295
-0.138465,-0.705489,2.522142
0.114803,-0.715625,2.449673
0.086539,0.842293,2.283644
0.055281,0.728487,2.388363
-0.109600,0.628981,2.355874
0.253056,0.623027,2.426880
-0.159512,0.424065,2.237116
0.294916,0.399326,2.411863
-0.006644,0.355023,2.411863
0.110259,0.383520,2.166544
0.066474,0.316563,2.149938
0.068843,0.361061,2.206376
0.045780,0.374272,2.401597
0.045212,0.303881,2.383494
-0.034552,0.223186,2.369574
0.120009,0.219417,2.391674
-0.084659,-0.273574,2.475446
0.133743,-0.277758,2.483763
-0.114914,-0.629763,2.567036
0.111785,-0.631696,2.504963
-0.138418,-0.705438,2.521093
0.114617,-0.715576,2.450325
0.084774,0.841457,2.281979
0.051911,0.728527,2.386532
-0.111464,0.628836,2.354677
0.250738,0.623660,2.427058
-0.168545,0.420414,2.247602
0.291163,0.399858,2.417326
-0.043785,0.319452,2.417326
0.127986,0.356502,2.189116
0.013783,0.271713,2.173767
0.093653,0.322420,2.228978
0.044973,0.374197,2.401156
0.044807,0.303808,2.383572
-0.034773,0.223114,2.369561
0.119753,0.219392,2.392095
-0.084879,-0.273392,2.475889
0.133195,-0.277701,2.484612
-0.114831,-0.629714,2.566042
0.111607,-0.631645,2.505571
-0.138363,-0.705380,2.520100
0.114450,-0.715531,2.450915
0.082644,0.840526,2.279920
0.048288,0.728558,2.384419
-0.113757,0.628694,2.353398
0.248039,0.624372,2.426916
-0.177934,0.416244,2.258961
0.287451,0.400292,2.422666
-0.082788,0.283746,2.422666
0.147274,0.327111,2.214911
-0.041905,0.227800,2.201720
0.120955,0.280105,2.256457
0.044013,0.374104,2.400592
0.044287,0.303718,2.383611
-0.035124,0.223008,2.369552
0.119454,0.219363,2.392476
-0.085107,-0.273211,2.476301
0.132636,-0.277638,2.485404
-0.114757,-0.629674,2.565095
0.111445,-0.631598,2.506125
-0.138300,-0.705345,2.519054
0.114300,-0.715490,2.451450
0.080153,0.839574,2.277629
0.044231,0.728566,2.381890
-0.116528,0.628513,2.352046
0.244981,0.625118,2.426428
-0.187873,0.411076,2.271850
0.283537,0.400067,2.427913
-0.121481,0.249017,2.427913
0.165774,0.297172,2.243095
-0.094993,0.185518,2.231197
0.148193,0.237271,2.287735
0.042796,0.373978,2.399863
0.043560,0.303593,2.383597
-0.035708,0.222846,2.369556
0.119061,0.219320,2.392815
-0.085361,-0.273022,2.476682
0.132062,-0.277577,2.486134
-0.114687,-0.629633,2.564194
0.111297,-0.631556,2.506628
-0.138233,-0.705307,2.518058
0.114165,-0.715454,2.451934
0.077304,0.838626,2.275162
0.039955,0.728559,2.379116
-0.119768,0.628299,2.350631
0.241470,0.625866,2.425496
-0.197794,0.405765,2.285083
0.279670,0.399614,2.432919
-0.158299,0.217604,2.432919
0.182862,0.268545,2.271324
-0.145926,0.146353,2.263166
0.174694,0.193824,2.321610
0.041370,0.373833,2.398990
0.042657,0.303446,2.383529
-0.036472,0.222645,2.369568
0.118569,0.219269,2.393100
-0.085665,-0.272819,2.477036
0.131417,-0.277491,2.486785
-0.114623,-0.629595,2.563339
0.111164,-0.631518,2.507086
-0.138164,-0.705272,2.517109
0.114046,-0.715421,2.452372
0.073989,0.837690,2.272521
0.035325,0.728509,2.375979
-0.123535,0.628041,2.349133
0.237596,0.626601,2.424131
-0.207990,0.400309,2.298826
0.275707,0.398798,2.437589
-0.194890,0.189328,2.437589
0.198209,0.241724,2.302538
-0.194561,0.111247,2.297669
0.197541,0.154365,2.354697
0.039626,0.373657,2.397891
0.041481,0.303268,2.383356
-0.037487,0.222393,2.369564
0.117894,0.219196,2.393289
-0.086016,-0.272596,2.477360
0.130728,-0.277413,2.487342
-0.114564,-0.629545,2.562519
0.111041,-0.631487,2.507501
-0.138091,-0.705206,2.516275
0.113940,-0.715392,2.452763
0.070209,0.836776,2.269653
0.030491,0.728423,2.372600
-0.127748,0.627770,2.347556
0.233214,0.627279,2.422208
-0.218118,0.395056,2.312536
0.271736,0.397794,2.441853
-0.227895,0.164964,2.441853
0.211793,0.217616,2.331588
-0.237274,0.081980,2.329615
0.218300,0.119580,2.388512
0.037520,0.373435,2.396557
0.039955,0.303041,2.383056
-0.038858,0.222074,2.369539
0.116930,0.219086,2.393341
-0.086416,-0.272364,2.477660
0.129940,-0.277312,2.487764
-0.114511,-0.629496,2.561740
0.110928,-0.631460,2.507877
-0.138016,-0.705137,2.515495
0.113849,-0.715365,2.453114
0.065507,0.835932,2.266366
0.025265,0.728285,2.368857
-0.132561,0.627468,2.345893
0.228328,0.627956,2.419676
-0.227995,0.390157,2.325988
0.267766,0.396744,2.445715
-0.257240,0.144073,2.445715
0.223620,0.196498,2.357966
-0.274592,0.056906,2.358626
0.236083,0.089718,2.419471
0.034971,0.373184,2.394936
0.038014,0.302782,2.382589
-0.040641,0.221697,2.369473
0.115643,0.218952,2.393213
-0.086897,-0.272114,2.477932
0.128937,-0.277240,2.487943
-0.114465,-0.629448,2.561000
0.110825,-0.631441,2.508215
-0.137942,-0.705070,2.514755
0.113773,-0.715341,2.453414
0.059971,0.835065,2.262597
0.019738,0.728100,2.364780
-0.138235,0.627031,2.344160
0.222858,0.628572,2.416428
-0.237505,0.385618,2.338972
0.263690,0.395610,2.449190
-0.283542,0.126159,2.449190
0.233724,0.178029,2.382403
-0.307314,0.035375,2.384905
0.250684,0.063906,2.446292
0.032008,0.372908,2.393031
0.035667,0.302497,2.381941
-0.042880,0.221252,2.369347
0.114052,0.218791,2.392894
-0.087487,-0.271871,2.478187
0.127565,-0.277250,2.487714
-0.114425,-0.629398,2.560302
0.110719,-0.631460,2.508495
-0.137865,-0.704996,2.514062
0.113705,-0.715324,2.453679
0.053909,0.834314,2.258585
0.013808,0.727807,2.360293
-0.144409,0.626481,2.342354
0.216290,0.628892,2.411970
-0.246709,0.381398,2.351371
0.259421,0.394365,2.452272
-0.306758,0.110575,2.452272
0.241893,0.160343,2.404141
-0.335899,0.016687,2.408124
0.263048,0.041443,2.469788
0.028410,0.372494,2.390747
0.032661,0.302069,2.381031
-0.045787,0.220655,2.369128
0.111850,0.218506,2.392276
-0.088220,-0.271625,2.478401
0.125595,-0.277310,2.486625
-0.114390,-0.629350,2.559644
0.110590,-0.631517,2.508668
-0.137794,-0.704932,2.513410
0.113646,-0.715309,2.453911
0.046478,0.833535,2.253809
0.007462,0.727462,2.355346
-0.150994,0.625808,2.340420
0.209583,0.629222,2.407200
-0.255426,0.377529,2.362911
0.255028,0.393066,2.454962
-0.327263,0.096936,2.454962
0.248941,0.144790,2.423412
-0.361059,0.000388,2.428643
0.273198,0.021382,2.490208
0.024363,0.372037,2.388137
0.029217,0.301596,2.379887
-0.049125,0.219987,2.368791
0.109282,0.218187,2.391423
-0.089088,-0.271355,2.478562
0.122602,-0.277653,2.483851
-0.114370,-0.629309,2.559034
0.110401,-0.631622,2.508664
-0.137726,-0.704873,2.512806
0.113595,-0.715297,2.454105
0.038526,0.832908,2.248751
0.000650,0.727032,2.349935
-0.158060,0.624980,2.338292
0.201696,0.629128,2.401038
-0.263769,0.373903,2.373528
0.250465,0.391726,2.457185
-0.345441,0.084789,2.457185
0.255138,0.131636,2.440376
-0.383264,-0.014207,2.446686
0.282077,0.003735,2.508150
0.019680,0.371448,2.385122
0.025115,0.300983,2.378431
-0.053091,0.219176,2.368315
0.106072,0.217772,2.390197
-0.090086,-0.271078,2.478677
0.118466,-0.278268,2.478808
-0.114365,-0.629278,2.558464
0.110074,-0.631828,2.508305
-0.137660,-0.704819,2.512241
0.113521,-0.715289,2.454184
0.029441,0.832083,2.243024
-0.006481,0.726437,2.344155
-0.166199,0.623511,2.335805
0.193252,0.628786,2.394081
-0.271573,0.370528,2.383107
0.245406,0.390334,2.458639
-0.361648,0.073827,2.458639
0.260400,0.119960,2.455204
-0.402814,-0.027125,2.462570
0.289363,-0.011662,2.523980
0.014451,0.370715,2.381753
0.020427,0.300229,2.376680
-0.057765,0.218153,2.367628
0.102372,0.217267,2.388699
-0.091251,-0.270809,2.478733
0.112982,-0.279174,2.470640
-0.114368,-0.629253,2.557940
0.108936,-0.631946,2.506473
-0.137601,-0.704774,2.511721
0.113029,-0.715129,2.453361
0.018638,0.831025,2.235899
-0.014469,0.725568,2.337206
-0.175005,0.621988,2.332712
0.183160,0.627887,2.384786
-0.278816,0.367259,2.390826
0.239159,0.388723,2.458017
-0.375999,0.064105,2.458017
0.263330,0.109794,2.467353
-0.419248,-0.038773,2.474607
0.295323,-0.025386,2.536831
0.007801,0.369746,2.377134
0.014231,0.299243,2.373837
-0.063876,0.216885,2.366128
0.097029,0.216603,2.385987
-0.092792,-0.270769,2.478742
0.104247,-0.279880,2.454301
-0.114382,-0.629241,2.557437
0.104078,-0.631927,2.497329
-0.137555,-0.704735,2.511240
0.108785,-0.714512,2.443532
0.006920,0.829724,2.227721
-0.022776,0.724499,2.329444
-0.184521,0.620155,2.328941
0.172658,0.626866,2.374458
-0.285674,0.364133,2.397378
0.232648,0.387015,2.456483
-0.388283,0.056080,2.456483
0.264079,0.100812,2.476635
-0.431694,-0.048047,2.481643
0.296757,-0.034390,2.544008
0.000531,0.368694,2.371836
0.007350,0.298186,2.370374
-0.070706,0.215529,2.364172
0.090974,0.215874,2.382610
-0.094522,-0.270830,2.478674
0.094511,-0.279909,2.435982
-0.114411,-0.629236,2.556952
0.096081,-0.631689,2.479984
-0.137515,-0.704706,2.510787
0.101525,-0.713782,2.426435
-0.005118,0.828561,2.218817
-0.031380,0.723241,2.320676
-0.194465,0.617888,2.324270
0.162217,0.625560,2.363516
-0.292457,0.361213,2.402115
0.225623,0.385061,2.453287
-0.397423,0.050323,2.453287
0.262956,0.092701,2.479716
-0.439507,-0.053490,2.482289
0.294217,-0.041004,2.543691
-0.007298,0.367446,2.365582
-0.000133,0.296938,2.366025
-0.078184,0.213930,2.361479
0.084331,0.214986,2.378324
-0.096723,-0.271255,2.478428
0.083532,-0.280353,2.414989
-0.114552,-0.629309,2.556333
0.084932,-0.632274,2.453030
-0.137501,-0.704705,2.510339
0.089988,-0.713198,2.397388
-0.017765,0.826862,2.208467
-0.040474,0.721663,2.310728
-0.204806,0.615348,2.318575
0.151287,0.623862,2.350951
-0.299275,0.357918,2.405093
0.217895,0.383279,2.447717
-0.403782,0.046191,2.447717
0.260356,0.085603,2.477575
-0.441987,-0.055270,2.473821
0.289810,-0.045641,2.540088
-0.015786,0.365813,2.358076
-0.008322,0.295299,2.360462
-0.086331,0.211922,2.357738
0.076960,0.213754,2.372752
-0.099524,-0.271812,2.477876
0.070694,-0.281405,2.394035
-0.114763,-0.629411,2.555667
0.070687,-0.633301,2.414858
-0.137627,-0.704775,2.509980
0.074759,-0.713852,2.354732
-0.030603,0.825025,2.197024
-0.049617,0.719658,2.299392
-0.215568,0.612396,2.311594
0.140216,0.621903,2.337205
-0.306212,0.354649,2.405266
0.210134,0.381341,2.440665
-0.407177,0.044094,2.440665
0.255588,0.079511,2.466652
-0.439806,-0.054276,2.455777
0.283461,-0.048058,2.531219
-0.024713,0.363700,2.349112
-0.017054,0.293176,2.353462
-0.095036,0.209346,2.352684
0.068911,0.212126,2.365659
-0.103052,-0.272894,2.477074
0.057867,-0.281552,2.373530
-0.115215,-0.630272,2.554995
0.053013,-0.636001,2.365556
-0.138621,-0.705739,2.509061
0.055144,-0.715225,2.298653
