-0.125582,0.901702,2.534313
-0.166013,0.750230,2.657369
-0.325100,0.644680,2.632585
0.029137,0.670847,2.720094
-0.395864,0.368756,2.650737
0.083236,0.400585,2.827686
-0.391073,0.122051,2.827686
0.087966,0.167029,2.590123
-0.381727,0.048587,2.563453
0.094476,0.085969,2.711404
-0.139814,0.394176,2.679850
-0.134901,0.322792,2.687227
-0.209047,0.240154,2.675441
-0.049407,0.242079,2.703438
-0.218679,-0.249566,2.619811
-0.029495,-0.258989,2.680393
-0.201915,-0.626930,2.503868
-0.043540,-0.616299,2.772335
-0.191392,-0.700661,2.441258
-0.007201,-0.688433,2.717763
-0.125638,0.899750,2.512573
-0.165389,0.749801,2.635266
-0.324023,0.643306,2.611213
0.029502,0.673345,2.696394
-0.394036,0.368212,2.629251
0.085705,0.407971,2.808108
-0.388424,0.122045,2.808108
0.092734,0.175901,2.565791
-0.378287,0.047461,2.537405
0.099232,0.095795,2.687424
-0.137607,0.394266,2.659366
-0.132372,0.322976,2.667086
-0.206078,0.239842,2.656031
-0.046648,0.243143,2.683326
-0.216627,-0.250713,2.611608
-0.021173,-0.261095,2.651200
-0.202009,-0.627988,2.519183
-0.021073,-0.620730,2.704823
-0.193176,-0.701822,2.458995
0.016081,-0.694299,2.644462
-0.125569,0.897876,2.492602
-0.164491,0.749417,2.614320
-0.322770,0.642005,2.591239
0.030395,0.675479,2.673573
-0.392055,0.367710,2.609382
0.088721,0.414858,2.788691
-0.385770,0.122019,2.788691
0.097300,0.183602,2.543414
-0.374956,0.046851,2.513629
0.103651,0.104168,2.665393
-0.135257,0.394279,2.639604
-0.129724,0.323059,2.647587
-0.203102,0.239475,2.637481
-0.043699,0.244024,2.663422
-0.214760,-0.251785,2.604265
-0.013478,-0.263010,2.624195
-0.202355,-0.628812,2.534467
-0.002082,-0.624602,2.646740
-0.195077,-0.702779,2.476203
0.035576,-0.699493,2.582291
-0.125279,0.896165,2.474225
-0.163335,0.749107,2.594949
-0.321409,0.640679,2.572852
0.031714,0.677357,2.651703
-0.389892,0.367161,2.591103
0.092430,0.421710,2.769581
-0.383187,0.121835,2.769581
0.101642,0.190733,2.523220
-0.371748,0.046152,2.492209
0.107945,0.112067,2.644578
-0.132788,0.394295,2.620878
-0.126981,0.323135,2.629004
-0.200114,0.239110,2.619880
-0.040618,0.244832,2.644119
-0.213046,-0.252760,2.597610
-0.006428,-0.264811,2.599197
-0.202893,-0.629441,2.549372
0.014137,-0.628009,2.596838
-0.197027,-0.703556,2.492625
0.052134,-0.703909,2.529312
-0.124821,0.894553,2.457319
-0.161836,0.748854,2.576890
-0.319873,0.639518,2.555978
0.033603,0.679038,2.630821
-0.387674,0.366639,2.574372
0.096632,0.428258,2.750963
-0.380747,0.121590,2.750963
0.106670,0.197887,2.505156
-0.368802,0.045058,2.472869
0.113595,0.120937,2.621611
-0.130101,0.394361,2.602959
-0.124046,0.323262,2.611124
-0.196943,0.238831,2.602774
-0.037392,0.245596,2.625522
-0.211434,-0.253646,2.591447
0.000010,-0.266484,2.576335
-0.203510,-0.629920,2.563500
0.028244,-0.631137,2.553385
-0.198962,-0.704172,2.508059
0.066484,-0.707725,2.483715
-0.124206,0.893088,2.441867
-0.159802,0.748614,2.559782
-0.317941,0.638574,2.540220
0.035986,0.680439,2.610801
-0.385202,0.366101,2.558931
0.101490,0.434350,2.732553
-0.378470,0.121270,2.732553
0.111777,0.204338,2.488967
-0.366111,0.043944,2.455638
0.119698,0.128918,2.599874
-0.127012,0.394397,2.585536
-0.120738,0.323354,2.593643
-0.193491,0.238586,2.586202
-0.033778,0.246293,2.606944
-0.209891,-0.254470,2.585754
0.005885,-0.268043,2.555466
-0.204077,-0.630309,2.576628
0.040642,-0.633934,2.515371
-0.200842,-0.704659,2.522420
0.079202,-0.711072,2.443863
-0.123056,0.891712,2.427289
-0.156741,0.748637,2.542756
-0.315247,0.637737,2.525037
0.040062,0.681725,2.589533
-0.381721,0.365197,2.544216
0.108741,0.440901,2.711417
-0.375751,0.120661,2.711417
0.118100,0.210657,2.474163
-0.363551,0.043185,2.440371
0.125764,0.136194,2.578535
-0.123223,0.394484,2.567995
-0.116790,0.323455,2.576006
-0.189643,0.238377,2.569889
-0.029395,0.246932,2.587606
-0.207930,-0.255520,2.579767
0.011304,-0.269410,2.536477
-0.204384,-0.630654,2.587717
0.051760,-0.636431,2.481656
-0.202605,-0.705091,2.535417
0.090668,-0.714055,2.408363
-0.121089,0.890426,2.413242
-0.152619,0.748905,2.526218
-0.312133,0.637156,2.510838
0.044582,0.682877,2.569616
-0.378078,0.364302,2.530795
0.116104,0.446976,2.691480
-0.373045,0.120048,2.691480
0.124153,0.216607,2.460817
-0.361136,0.042493,2.426630
0.131430,0.142779,2.559140
-0.119162,0.394671,2.551363
-0.112688,0.323636,2.559350
-0.185740,0.238279,2.554538
-0.025012,0.247533,2.569477
-0.205941,-0.256469,2.573909
0.016267,-0.270610,2.519321
-0.204660,-0.630926,2.597594
0.061817,-0.638687,2.451273
-0.204234,-0.705437,2.547169
0.100757,-0.716742,2.376467
-0.118925,0.889345,2.400234
-0.148249,0.749303,2.510710
-0.308699,0.636737,2.497617
0.049543,0.683923,2.550602
-0.374312,0.363410,2.518577
0.123662,0.452789,2.672260
-0.370375,0.119425,2.672260
0.129891,0.222040,2.448805
-0.358721,0.041877,2.414301
0.135972,0.148270,2.543058
-0.114935,0.394946,2.535635
-0.108453,0.323895,2.543591
-0.181780,0.238290,2.540157
-0.020495,0.248147,2.552153
-0.203785,-0.257338,2.567540
0.020764,-0.271673,2.503881
-0.204848,-0.631226,2.605923
0.070639,-0.640715,2.424039
-0.205762,-0.705822,2.557725
0.109146,-0.719134,2.348433
-0.116429,0.888508,2.387997
-0.143027,0.749841,2.495713
-0.304924,0.636492,2.485317
0.055036,0.684800,2.532308
-0.370192,0.362571,2.507376
0.131654,0.458154,2.653440
-0.367538,0.118808,2.653440
0.135431,0.226782,2.438042
-0.356099,0.041373,2.403439
0.140344,0.153198,2.528321
-0.110522,0.395295,2.520858
-0.104132,0.324219,2.528859
-0.177771,0.238407,2.526716
-0.016063,0.248741,2.536137
-0.201445,-0.258120,2.560408
0.024809,-0.272635,2.490002
-0.205030,-0.631516,2.613206
0.078062,-0.642518,2.400269
-0.207021,-0.706194,2.566889
0.115639,-0.721220,2.324731
-0.113633,0.887798,2.376562
-0.137551,0.750471,2.481705
-0.300857,0.636315,2.473888
0.061125,0.685684,2.514990
-0.365865,0.361802,2.497232
0.139944,0.462877,2.635464
-0.364457,0.118198,2.635464
0.142025,0.230906,2.428467
-0.353192,0.041032,2.394042
0.145163,0.157608,2.514534
-0.105955,0.395731,2.507018
-0.099689,0.324628,2.515068
-0.173726,0.238594,2.514198
-0.011517,0.249339,2.521153
-0.198893,-0.258720,2.552234
0.028474,-0.273495,2.477461
-0.205187,-0.631795,2.619704
0.083986,-0.644063,2.380255
-0.208134,-0.706548,2.574979
0.120239,-0.723019,2.305652
-0.109333,0.887016,2.364687
-0.130973,0.750969,2.467303
-0.296243,0.636325,2.463019
0.068218,0.686369,2.497955
-0.361043,0.361179,2.488019
0.148386,0.466941,2.618129
-0.360895,0.117665,2.618129
0.148202,0.234303,2.420042
-0.350033,0.040935,2.385961
0.150458,0.161546,2.502072
-0.101074,0.396201,2.493789
-0.095043,0.325085,2.502023
-0.169650,0.238838,2.502567
-0.006799,0.249863,2.507032
-0.195994,-0.258898,2.541466
0.031809,-0.274272,2.466087
-0.205366,-0.632004,2.625457
0.088375,-0.645356,2.364143
-0.209104,-0.706857,2.582112
0.122943,-0.724481,2.291238
-0.104853,0.886280,2.353581
-0.124233,0.751390,2.453827
-0.291409,0.636461,2.452961
0.075389,0.686651,2.481774
-0.355995,0.360652,2.479734
0.156836,0.470162,2.601523
-0.357033,0.117182,2.601523
0.153915,0.237001,2.412706
-0.346644,0.040921,2.378960
0.155489,0.164889,2.490868
-0.096189,0.396633,2.481480
-0.090446,0.325513,2.489929
-0.165643,0.239114,2.491830
-0.002226,0.250302,2.494019
-0.193160,-0.258895,2.530693
0.034855,-0.274969,2.455775
-0.205602,-0.631862,2.629771
0.091288,-0.646386,2.351916
-0.210132,-0.706893,2.588018
0.123829,-0.725595,2.281301
-0.100135,0.885535,2.343141
-0.117618,0.751816,2.441419
-0.286503,0.636712,2.443707
0.082461,0.686688,2.466720
-0.350855,0.360209,2.472302
0.164848,0.472956,2.586155
-0.353086,0.116751,2.586155
0.159456,0.239298,2.406366
-0.343166,0.040979,2.372904
0.160538,0.167876,2.480794
-0.091441,0.397057,2.470135
-0.085997,0.325934,2.478789
-0.161788,0.239412,2.481978
0.002172,0.250680,2.482021
-0.190454,-0.258826,2.520235
0.037650,-0.275572,2.446465
-0.205911,-0.631616,2.632856
0.092790,-0.647156,2.343459
-0.211449,-0.706897,2.592058
0.123137,-0.726384,2.275535
-0.095228,0.884896,2.333259
-0.110997,0.752284,2.429795
-0.281483,0.637121,2.435128
0.089442,0.686582,2.452565
-0.345724,0.359823,2.465640
0.172642,0.475382,2.571730
-0.349132,0.116353,2.571730
0.164929,0.241272,2.400916
-0.339663,0.041263,2.367808
0.165569,0.170571,2.471354
-0.086804,0.397494,2.459586
-0.081683,0.326363,2.468454
-0.158060,0.239758,2.472868
0.006378,0.251017,2.470920
-0.187918,-0.258725,2.510313
0.040211,-0.276082,2.438135
-0.206071,-0.630648,2.631639
0.093022,-0.647675,2.338512
-0.213173,-0.706471,2.592302
0.121100,-0.726875,2.273476
-0.090328,0.884329,2.324073
-0.104600,0.752749,2.419101
-0.276573,0.637591,2.427276
0.096074,0.686433,2.439612
-0.340691,0.359465,2.459691
0.179942,0.477418,2.558362
-0.345241,0.115964,2.558362
0.170109,0.242921,2.396250
-0.336158,0.041659,2.363635
0.170504,0.172947,2.462388
-0.082371,0.397931,2.449847
-0.077575,0.326794,2.458910
-0.154527,0.240121,2.464476
0.010356,0.251318,2.460660
-0.185598,-0.258640,2.501156
0.042549,-0.276494,2.430771
-0.206271,-0.630011,2.628270
0.092161,-0.647980,2.336653
-0.214965,-0.706488,2.586979
0.118094,-0.727185,2.274510
-0.085544,0.883882,2.315594
-0.098525,0.753220,2.409288
-0.271788,0.638090,2.420079
0.102277,0.686238,2.427811
-0.335869,0.359138,2.454337
0.186607,0.479131,2.545891
-0.341512,0.115594,2.545891
0.175025,0.244241,2.392252
-0.332768,0.042106,2.360202
0.174921,0.174925,2.454018
-0.078220,0.398343,2.440907
-0.073745,0.327196,2.450152
-0.151224,0.240488,2.456751
0.014019,0.251572,2.451285
-0.183527,-0.258583,2.493009
0.044673,-0.276806,2.424358
-0.206350,-0.629545,2.622675
0.090384,-0.648086,2.337478
-0.216742,-0.706792,2.579673
0.114268,-0.727289,2.278191
-0.080911,0.883547,2.307803
-0.092859,0.753690,2.400332
-0.267223,0.638637,2.413409
0.107958,0.686034,2.417129
-0.331404,0.358808,2.449381
0.192569,0.480640,2.534531
-0.338091,0.115223,2.534531
0.179397,0.245491,2.388505
-0.329554,0.042110,2.357363
0.178725,0.176737,2.445782
-0.074340,0.398719,2.432595
-0.070164,0.327555,2.441972
-0.148078,0.240853,2.449408
0.017402,0.251772,2.442575
-0.181678,-0.258701,2.486171
0.046587,-0.277025,2.418871
-0.206311,-0.629224,2.616015
0.087892,-0.648002,2.340544
-0.218352,-0.707151,2.571147
0.109827,-0.727200,2.283966
-0.076459,0.883298,2.300675
-0.087657,0.754161,2.392219
-0.262840,0.639188,2.407156
0.113087,0.685809,2.407523
-0.327280,0.358510,2.444835
0.197916,0.481963,2.524277
-0.334847,0.114867,2.524277
0.183251,0.246607,2.385237
-0.326580,0.042102,2.354954
0.182302,0.178155,2.437496
-0.070754,0.399041,2.424968
-0.066847,0.327846,2.434441
-0.145097,0.241179,2.442505
0.020494,0.251924,2.434633
-0.179994,-0.258846,2.480092
0.048294,-0.277144,2.414283
-0.206214,-0.628943,2.608609
0.084873,-0.647758,2.345348
-0.219816,-0.707539,2.561998
0.105003,-0.726973,2.291320
-0.072200,0.883124,2.294195
-0.082984,0.754606,2.384897
-0.258771,0.639718,2.401403
0.117659,0.685610,2.398909
-0.323526,0.358234,2.440672
0.202559,0.483115,2.515064
-0.331813,0.114526,2.515064
0.186764,0.247524,2.382309
-0.323744,0.042630,2.353019
0.185586,0.179307,2.429617
-0.067522,0.399310,2.417987
-0.063856,0.328080,2.427526
-0.142380,0.241468,2.436063
0.023260,0.252026,2.427379
-0.178479,-0.258997,2.474636
0.049779,-0.277190,2.410566
-0.206075,-0.628719,2.600740
0.081464,-0.647382,2.351513
-0.221129,-0.707948,2.552455
0.099990,-0.726637,2.299749
-0.068141,0.883037,2.288307
-0.078844,0.755032,2.378283
-0.255038,0.640235,2.396143
0.121605,0.685395,2.391150
-0.320160,0.357989,2.436877
0.206608,0.484107,2.506744
-0.329078,0.114220,2.506744
0.189919,0.248269,2.379616
-0.321157,0.043218,2.351370
0.188428,0.180448,2.422885
-0.064655,0.399521,2.411601
-0.061203,0.328246,2.421175
-0.139943,0.241721,2.430115
0.025686,0.252070,2.420699
-0.177114,-0.259134,2.469714
0.051054,-0.277156,2.407689
-0.205890,-0.628531,2.592662
0.077779,-0.646824,2.358743
-0.222305,-0.708356,2.542765
0.094914,-0.726201,2.308863
-0.064432,0.883022,2.283013
-0.075142,0.755429,2.372319
-0.251709,0.640730,2.391358
0.125094,0.685207,2.384162
-0.317183,0.357857,2.433368
0.210178,0.484981,2.499250
-0.326665,0.114039,2.499250
0.192605,0.248955,2.377096
-0.318847,0.043781,2.349873
0.190858,0.181356,2.415141
-0.062090,0.399698,2.405769
-0.058832,0.328372,2.415345
-0.137760,0.241945,2.424547
0.027838,0.252083,2.414584
-0.175884,-0.259255,2.465271
0.052118,-0.277041,2.405625
-0.205685,-0.628359,2.584546
0.073833,-0.646180,2.366943
-0.223346,-0.708752,2.533135
0.089904,-0.725708,2.318337
-0.061045,0.883064,2.278256
-0.071824,0.755793,2.366935
-0.248733,0.641183,2.387013
0.128210,0.685007,2.377846
-0.314508,0.357778,2.430157
0.213264,0.485674,2.492431
-0.324488,0.113916,2.492431
0.194439,0.249700,2.374795
-0.316780,0.044302,2.348510
0.193369,0.182541,2.408855
-0.059793,0.399829,2.400440
-0.056715,0.328440,2.409982
-0.135809,0.242120,2.419379
0.029739,0.252036,2.408939
-0.174780,-0.259362,2.461255
0.052951,-0.276840,2.404316
-0.205465,-0.628210,2.576536
0.069824,-0.645387,2.375654
-0.224112,-0.709062,2.523642
0.084998,-0.725132,2.328000
-0.057923,0.883150,2.273993
-0.068863,0.756115,2.362066
-0.246053,0.641603,2.383073
0.130978,0.684765,2.372153
-0.312118,0.357737,2.427226
0.215758,0.486138,2.486258
-0.322553,0.113831,2.486258
0.195922,0.250354,2.372662
-0.314965,0.044755,2.347106
0.195534,0.183525,2.403004
-0.057741,0.399920,2.395562
-0.054831,0.328454,2.405042
-0.134072,0.242252,2.414551
0.031404,0.251944,2.403741
-0.173783,-0.259456,2.457616
0.053546,-0.276558,2.403672
-0.205267,-0.628057,2.568684
0.065852,-0.644549,2.384528
-0.224682,-0.709309,2.514405
0.080303,-0.724537,2.337565
-0.055061,0.883266,2.270207
-0.066214,0.756394,2.357652
-0.243643,0.641989,2.379496
0.133372,0.684457,2.367058
-0.309969,0.357740,2.424542
0.217690,0.486451,2.480702
-0.320813,0.113782,2.480702
0.196837,0.251163,2.370711
-0.313353,0.045182,2.345752
0.196763,0.185014,2.394221
-0.055923,0.399966,2.391092
-0.053179,0.328407,2.400474
-0.132542,0.242336,2.410016
0.032827,0.251793,2.398935
-0.172887,-0.259548,2.454319
0.053934,-0.276222,2.403589
-0.205073,-0.627922,2.561108
0.061987,-0.643682,2.393393
-0.225145,-0.709532,2.505560
0.075856,-0.723932,2.346886
-0.052460,0.883425,2.266854
-0.063825,0.756658,2.353661
-0.241474,0.642344,2.376248
0.135367,0.684071,2.362571
-0.308051,0.357775,2.422081
0.218650,0.486303,2.475595
-0.319257,0.113770,2.475595
0.196970,0.252155,2.368892
-0.311926,0.045566,2.344454
0.197974,0.186230,2.386885
-0.054321,0.399978,2.386998
-0.051747,0.328312,2.396248
-0.131228,0.242378,2.405687
0.034018,0.251602,2.394507
-0.172087,-0.259643,2.451347
0.054120,-0.275831,2.403942
-0.204889,-0.627788,2.553879
0.058264,-0.642807,2.402082
-0.225511,-0.709733,2.497183
0.071674,-0.723318,2.355738
-0.050082,0.883628,2.263901
-0.061699,0.756920,2.350088
-0.239537,0.642658,2.373296
0.136881,0.683584,2.358726
-0.306422,0.357871,2.419745
0.218556,0.485663,2.470887
-0.317937,0.113838,2.470887
0.194484,0.255933,2.367107
-0.310750,0.046035,2.343174
0.198857,0.191883,2.375092
-0.052942,0.399946,2.383242
-0.050559,0.328150,2.392312
-0.130146,0.242364,2.401566
0.034914,0.251338,2.390376
-0.171427,-0.259743,2.448712
0.054061,-0.275430,2.404513
-0.204721,-0.627658,2.547038
0.054564,-0.642107,2.410714
-0.225799,-0.709913,2.489312
0.067778,-0.722728,2.364166
-0.047933,0.883896,2.261335
-0.059831,0.757184,2.346924
-0.237796,0.642938,2.370608
0.137925,0.683007,2.355517
-0.305025,0.358006,2.417566
0.217798,0.484970,2.467082
-0.316839,0.113972,2.467082
0.190856,0.262824,2.365378
-0.309807,0.046543,2.341911
0.199368,0.196621,2.365593
-0.051772,0.399868,2.379805
-0.049597,0.327921,2.388654
-0.129281,0.242287,2.397645
0.035553,0.251013,2.386544
-0.170885,-0.259855,2.446389
0.053820,-0.275013,2.405376
-0.204569,-0.627521,2.540597
0.051042,-0.641438,2.418962
-0.226022,-0.710068,2.481966
0.064172,-0.722161,2.372110
-0.045999,0.884229,2.259140
-0.058225,0.757452,2.344158
-0.236237,0.643194,2.368154
0.138422,0.682271,2.352973
-0.303886,0.358180,2.415518
0.217562,0.484520,2.463626
-0.315974,0.114171,2.463626
0.187135,0.271201,2.363669
-0.309082,0.047086,2.340668
0.195158,0.218718,2.341753
-0.050804,0.399741,2.376670
-0.048846,0.327624,2.385259
-0.128610,0.242151,2.393934
0.035959,0.250628,2.383001
-0.170494,-0.259986,2.444369
0.053394,-0.274569,2.406448
-0.204441,-0.627377,2.534567
0.047732,-0.640800,2.426713
-0.226201,-0.710215,2.475153
0.060856,-0.721626,2.379538
-0.044255,0.884610,2.257300
-0.056885,0.757723,2.341789
-0.234853,0.643429,2.365913
0.138366,0.681278,2.351081
-0.302993,0.358381,2.413576
0.216573,0.483565,2.460347
-0.315292,0.114398,2.460347
0.180900,0.286786,2.362025
-0.308563,0.047639,2.339465
0.188275,0.247130,2.318530
-0.050037,0.399549,2.373823
-0.048298,0.327245,2.382113
-0.128112,0.241950,2.390432
0.036144,0.250168,2.379733
-0.170254,-0.260144,2.442631
0.052800,-0.274103,2.407703
-0.204322,-0.627242,2.528944
0.044625,-0.640202,2.433945
-0.226338,-0.710350,2.468842
0.057818,-0.721123,2.386456
-0.042705,0.885045,2.255808
-0.055797,0.757982,2.339788
-0.233642,0.643645,2.363865
0.137837,0.680022,2.349745
-0.302346,0.358617,2.411716
0.212173,0.479578,2.453638
-0.314829,0.114669,2.453638
0.172279,0.314926,2.360403
-0.308253,0.048236,2.338269
0.179920,0.282911,2.292941
-0.049470,0.399282,2.371247
-0.047942,0.326779,2.379199
-0.127782,0.241674,2.387121
0.036122,0.249626,2.376728
-0.170135,-0.260326,2.441148
0.052022,-0.273646,2.409132
-0.204220,-0.627112,2.523725
0.041737,-0.639651,2.440683
-0.226434,-0.710471,2.463020
0.055040,-0.720652,2.392871
-0.041371,0.885545,2.254685
-0.054987,0.758244,2.338190
-0.232601,0.643847,2.361987
0.136261,0.679216,2.349512
-0.302013,0.358925,2.409843
0.208761,0.476993,2.447087
-0.314583,0.115000,2.447087
0.163370,0.354587,2.358787
-0.308163,0.048875,2.337050
0.170250,0.332491,2.267311
-0.049082,0.398962,2.368943
-0.047735,0.326269,2.376523
-0.127574,0.241364,2.384011
0.035938,0.249049,2.373988
-0.170128,-0.260527,2.439895
0.051131,-0.273199,2.410697
-0.204131,-0.626979,2.518897
0.039051,-0.639183,2.447025
-0.226482,-0.710571,2.457647
0.052506,-0.720213,2.398799
-0.040230,0.886081,2.253915
-0.054475,0.758498,2.337005
-0.231721,0.644034,2.360272
0.134236,0.678463,2.349823
-0.301952,0.359291,2.407981
0.205309,0.474496,2.440747
-0.314568,0.115396,2.440747
0.155231,0.391746,2.357144
-0.308267,0.049545,2.335811
0.160969,0.380976,2.244719
-0.048861,0.398591,2.366900
-0.047664,0.325718,2.374068
-0.127468,0.241023,2.381089
0.035613,0.248446,2.371497
-0.170239,-0.260741,2.438851
0.050153,-0.272754,2.412359
-0.204047,-0.626853,2.514446
0.036539,-0.638763,2.452945
-0.226509,-0.710663,2.452717
0.050204,-0.719805,2.404252
-0.039267,0.886636,2.253459
-0.054231,0.758746,2.336218
-0.230988,0.644210,2.358709
0.131846,0.677773,2.350620
-0.302141,0.359692,2.406119
0.202079,0.472197,2.434738
-0.314750,0.115833,2.434738
0.147865,0.428461,2.355477
-0.308565,0.050229,2.334532
0.152343,0.428001,2.225233
-0.048804,0.398167,2.365114
-0.047718,0.325129,2.371821
-0.127454,0.240660,2.378357
0.035152,0.247819,2.369235
-0.170465,-0.260973,2.438004
0.049106,-0.272317,2.414091
-0.203973,-0.626733,2.510345
0.034226,-0.638381,2.458402
-0.226521,-0.710743,2.448213
0.048117,-0.719430,2.409254
-0.038490,0.887206,2.253301
-0.054232,0.758979,2.335800
-0.230386,0.644371,2.357288
0.129194,0.677134,2.351799
-0.302538,0.360146,2.404270
0.199183,0.470125,2.428908
-0.315145,0.116341,2.428908
0.141297,0.463610,2.353760
-0.309074,0.050928,2.333169
0.144426,0.473841,2.208798
-0.048900,0.397692,2.363576
-0.047882,0.324509,2.369767
-0.127519,0.240276,2.375805
0.034580,0.247177,2.367185
-0.170777,-0.261212,2.437329
0.048004,-0.271891,2.415873
-0.203905,-0.626617,2.506573
0.032081,-0.638071,2.463473
-0.226515,-0.710814,2.444094
0.046227,-0.719084,2.413831
-0.037868,0.887773,2.253408
-0.054468,0.759192,2.335737
-0.229907,0.644521,2.356000
0.126214,0.674057,2.351916
-0.303105,0.360632,2.402453
0.197662,0.466561,2.423135
-0.315684,0.116898,2.423135
0.135433,0.496183,2.352035
-0.309720,0.051633,2.331753
0.136240,0.522849,2.194592
-0.049180,0.397094,2.362287
-0.048257,0.323745,2.367859
-0.127766,0.239789,2.373337
0.033784,0.246388,2.365305
-0.171162,-0.261457,2.436799
0.046869,-0.271478,2.417683
-0.203850,-0.626506,2.503112
0.030122,-0.637793,2.468096
-0.226498,-0.710877,2.440329
0.044525,-0.718771,2.418011
-0.037430,0.888331,2.253761
-0.054930,0.759396,2.336034
-0.229538,0.644666,2.354840
0.123456,0.671431,2.352224
-0.303824,0.361245,2.400620
0.196661,0.463488,2.417362
-0.316396,0.117611,2.417362
0.129811,0.528682,2.350236
-0.310535,0.052383,2.330166
0.128646,0.567568,2.182998
-0.049606,0.396441,2.361239
-0.048735,0.322952,2.366119
-0.128099,0.239286,2.371017
0.032889,0.245576,2.363602
-0.171607,-0.261707,2.436388
0.045720,-0.271063,2.419483
-0.203809,-0.626399,2.499940
0.028329,-0.637548,2.472333
-0.226472,-0.710933,2.436900
0.042987,-0.718485,2.421818
-0.037127,0.888877,2.254331
-0.055580,0.759566,2.336601
-0.229265,0.644803,2.353798
0.120662,0.668691,2.352595
-0.304650,0.361915,2.398818
0.195727,0.461042,2.412312
-0.317228,0.118412,2.412312
0.124926,0.557877,2.348400
-0.311463,0.053154,2.328436
0.121944,0.607328,2.173393
-0.050185,0.395714,2.360420
-0.049330,0.322110,2.364522
-0.128522,0.238758,2.368826
0.031880,0.244718,2.362054
-0.172103,-0.261958,2.436095
0.044569,-0.270653,2.421260
-0.203777,-0.626293,2.497038
0.026699,-0.637323,2.476180
-0.226423,-0.710969,2.433764
0.041597,-0.718224,2.425282
-0.036973,0.889410,2.255110
-0.056376,0.759684,2.337393
-0.229084,0.644930,2.352868
0.117882,0.665906,2.353006
-0.305557,0.362617,2.397077
0.195058,0.458710,2.407328
-0.318178,0.119295,2.407328
0.120737,0.584013,2.346499
-0.312469,0.053929,2.326618
0.115907,0.642847,2.165556
-0.050886,0.394926,2.359819
-0.050008,0.321238,2.363067
-0.129009,0.238213,2.366772
0.030799,0.243835,2.360656
-0.172643,-0.262205,2.435904
0.043432,-0.270240,2.422991
-0.203750,-0.626193,2.494385
0.025218,-0.637115,2.479670
-0.226381,-0.711003,2.430932
0.040343,-0.717985,2.428436
-0.036933,0.889914,2.256068
-0.057292,0.759738,2.338369
-0.228972,0.645046,2.352042
0.115163,0.663100,2.353426
-0.306512,0.363345,2.395415
0.194698,0.456511,2.402333
-0.319178,0.120239,2.402333
0.117129,0.607467,2.344593
-0.313515,0.054729,2.324687
0.110559,0.674481,2.158996
-0.051687,0.394085,2.359420
-0.050751,0.320344,2.361741
-0.129543,0.237660,2.364852
0.029667,0.242935,2.359389
-0.173213,-0.262452,2.435798
0.042311,-0.269840,2.424678
-0.203726,-0.626099,2.491966
0.023876,-0.636922,2.482837
-0.226338,-0.711036,2.428361
0.039209,-0.717768,2.431304
-0.036988,0.890401,2.257158
-0.058304,0.759766,2.339508
-0.228919,0.645150,2.351313
0.112540,0.660317,2.353837
-0.307478,0.364034,2.393864
0.194581,0.454439,2.397424
-0.320155,0.121162,2.397424
0.114068,0.628561,2.342735
-0.314507,0.055460,2.322778
0.105508,0.704718,2.154200
-0.052565,0.393205,2.359205
-0.051539,0.319438,2.360531
-0.130110,0.237103,2.363062
0.028514,0.242029,2.358211
-0.173794,-0.262693,2.435758
0.041240,-0.269460,2.426287
-0.203707,-0.626017,2.489759
0.022657,-0.636748,2.485715
-0.226294,-0.711065,2.426025
0.038185,-0.717571,2.433909
-0.037120,0.890866,2.258371
-0.059394,0.759751,2.340766
-0.228917,0.645244,2.350679
0.110034,0.657585,2.354231
-0.308426,0.364681,2.392435
0.194901,0.452607,2.392250
-0.321054,0.122042,2.392250
0.111450,0.647506,2.340974
-0.315469,0.056159,2.320913
0.101000,0.731518,2.150306
-0.053508,0.392292,2.359156
-0.052366,0.318526,2.359426
-0.130703,0.236549,2.361397
0.027343,0.241121,2.357114
-0.174363,-0.262912,2.435757
0.040204,-0.269099,2.427832
-0.203690,-0.625940,2.487747
0.021545,-0.636599,2.488358
-0.226248,-0.711090,2.423901
0.037260,-0.717391,2.436277
-0.037315,0.891321,2.259692
-0.060536,0.759715,2.342125
-0.228961,0.645329,2.350131
0.107782,0.655232,2.354546
-0.309331,0.365282,2.391128
0.197589,0.457673,2.379113
-0.321886,0.122874,2.379113
0.107995,0.669188,2.339340
-0.316345,0.056776,2.319167
0.095174,0.758222,2.148631
-0.054458,0.391374,2.359235
-0.053176,0.317639,2.358402
-0.131277,0.236013,2.359849
0.026236,0.240265,2.356058
-0.174910,-0.263108,2.435775
0.039227,-0.268757,2.429290
-0.203673,-0.625870,2.485922
0.020540,-0.636460,2.490756
-0.226201,-0.711111,2.421970
0.036424,-0.717226,2.438430
-0.037556,0.891757,2.261077
-0.061714,0.759660,2.343555
-0.229045,0.645403,2.349660
0.105693,0.653065,2.354839
-0.310195,0.365862,2.389929
0.200579,0.463535,2.365474
-0.322648,0.123679,2.365474
0.104891,0.688801,2.337836
-0.317097,0.057296,2.317564
0.090590,0.780594,2.146076
-0.055435,0.390451,2.359445
-0.053991,0.316772,2.357466
-0.131854,0.235491,2.358414
0.025142,0.239436,2.355071
-0.175441,-0.263295,2.435824
0.038325,-0.268412,2.430645
-0.203656,-0.625810,2.484257
0.019629,-0.636328,2.492925
-0.226147,-0.711129,2.420212
0.035669,-0.717075,2.440387
-0.037828,0.892182,2.262512
-0.062900,0.759594,2.345023
-0.229167,0.645470,2.349262
0.103788,0.651098,2.355102
-0.311010,0.366401,2.388834
0.203760,0.470015,2.351504
-0.323329,0.124421,2.351504
0.102093,0.706483,2.336483
-0.317764,0.057761,2.316135
0.086339,0.800743,2.144088
-0.056411,0.389541,2.359758
-0.054790,0.315941,2.356605
-0.132424,0.234990,2.357085
0.024089,0.238650,2.354146
-0.175908,-0.263460,2.435870
0.037473,-0.268086,2.431924
-0.203641,-0.625754,2.482744
0.018803,-0.636206,2.494891
-0.226091,-0.711144,2.418614
0.034988,-0.716938,2.442167
-0.038139,0.892606,2.263984
-0.064044,0.759515,2.346491
-0.229305,0.645523,2.348927
0.102051,0.649316,2.355328
-0.311753,0.366863,2.387859
0.207057,0.476982,2.337425
-0.323933,0.125065,2.337425
0.099555,0.722427,2.335287
-0.318344,0.058079,2.314937
0.082381,0.818891,2.142652
-0.057370,0.388639,2.360162
-0.055570,0.315135,2.355815
-0.132981,0.234506,2.355855
0.023071,0.237894,2.353285
-0.176341,-0.263606,2.435927
0.036678,-0.267775,2.433117
-0.203627,-0.625703,2.481370
0.018054,-0.636094,2.496675
-0.226032,-0.711156,2.417163
0.034374,-0.716812,2.443784
-0.038453,0.893032,2.265460
-0.065112,0.759429,2.347911
-0.229450,0.645564,2.348642
0.100474,0.647657,2.355479
-0.312424,0.367205,2.387008
0.210591,0.484450,2.323234
-0.324458,0.125578,2.323234
0.097290,0.736710,2.334247
-0.318889,0.058230,2.313854
0.078707,0.835158,2.141735
-0.058295,0.387753,2.360628
-0.056329,0.314354,2.355084
-0.133526,0.234039,2.354715
0.022087,0.237161,2.352468
-0.176736,-0.263736,2.435990
0.035930,-0.267477,2.434237
-0.203615,-0.625657,2.480121
0.017373,-0.635992,2.498294
-0.225964,-0.711162,2.415846
0.033824,-0.716696,2.445254
-0.038772,0.893456,2.266916
-0.066111,0.759341,2.349275
-0.229601,0.645598,2.348404
0.099040,0.646115,2.355597
-0.313047,0.367517,2.386243
0.214149,0.492181,2.309225
-0.324931,0.126044,2.309225
0.095240,0.749538,2.333327
-0.319383,0.058338,2.312911
0.075269,0.849688,2.141353
-0.059170,0.386894,2.361132
-0.057049,0.313607,2.354403
-0.134046,0.233592,2.353657
0.021157,0.236457,2.351690
-0.177112,-0.263855,2.436069
0.035242,-0.267196,2.435276
-0.203603,-0.625617,2.478985
0.016755,-0.635899,2.499765
-0.225896,-0.711168,2.414652
0.033332,-0.716591,2.446589
-0.039095,0.893863,2.268350
-0.067072,0.759248,2.350611
-0.229757,0.645623,2.348205
0.097727,0.644678,2.355683
-0.313623,0.367801,2.385556
0.217659,0.500000,2.295614
-0.325368,0.126471,2.295614
0.093395,0.761039,2.332509
-0.319843,0.058390,2.312113
0.072049,0.862574,2.141500
-0.060006,0.386054,2.361677
-0.057733,0.312891,2.353767
-0.134536,0.233165,2.352671
0.020277,0.235784,2.350950
-0.177449,-0.263961,2.436145
0.034611,-0.266928,2.436237
-0.203592,-0.625580,2.477952
0.016194,-0.635812,2.501102
-0.225825,-0.711172,2.413570
0.032896,-0.716493,2.447799
-0.039400,0.894254,2.269755
-0.067978,0.759147,2.351896
-0.229890,0.645649,2.348029
0.096527,0.643346,2.355749
-0.314150,0.368062,2.384940
0.221065,0.507696,2.282616
-0.325773,0.126868,2.282616
0.091748,0.771287,2.331792
-0.320254,0.058505,2.311424
0.068872,0.873231,2.143997
-0.060805,0.385236,2.362257
-0.058386,0.312205,2.353175
-0.135001,0.232759,2.351755
0.019439,0.235139,2.350247
-0.177761,-0.264059,2.436224
0.034034,-0.266676,2.437125
-0.203581,-0.625547,2.477013
0.015685,-0.635732,2.502316
-0.225753,-0.711174,2.412591
0.032511,-0.716405,2.448896
-0.039649,0.894633,2.271072
-0.068803,0.759058,2.353075
-0.230006,0.645667,2.347871
0.095440,0.642101,2.355794
-0.314639,0.368297,2.384389
0.224366,0.515207,2.270267
-0.326155,0.127236,2.270267
0.090298,0.780355,2.331185
-0.320638,0.058574,2.310880
0.066202,0.883039,2.145486
-0.061544,0.384445,2.362836
-0.058994,0.311542,2.352614
-0.135429,0.232370,2.350904
0.018655,0.234514,2.349565
-0.178052,-0.264148,2.436308
0.033511,-0.266443,2.437942
-0.203570,-0.625517,2.476159
0.015227,-0.635655,2.503413
-0.225675,-0.711175,2.411709
0.032174,-0.716324,2.449887
-0.039851,0.895017,2.272275
-0.069486,0.758986,2.354113
-0.230104,0.645683,2.347726
0.094474,0.640930,2.355819
-0.315082,0.368510,2.383897
0.227582,0.522351,2.258650
-0.326511,0.127583,2.258650
0.089116,0.788296,2.330691
-0.320990,0.058611,2.310493
0.063886,0.891463,2.147366
-0.062203,0.383698,2.363400
-0.059547,0.310916,2.352079
-0.135818,0.232003,2.350105
0.017933,0.233920,2.348908
-0.178310,-0.264234,2.436384
0.033039,-0.266226,2.438694
-0.203558,-0.625495,2.475382
0.014817,-0.635581,2.504401
-0.225597,-0.711175,2.410915
0.031880,-0.716249,2.450780
-0.040010,0.895377,2.273392
-0.070078,0.758912,2.355060
-0.230190,0.645699,2.347598
0.093610,0.639818,2.355810
-0.315488,0.368703,2.383456
0.230697,0.529145,2.247778
-0.326844,0.127908,2.247778
0.088166,0.795136,2.330281
-0.321316,0.058623,2.310215
0.061866,0.898540,2.149631
-0.062800,0.382983,2.363957
-0.060058,0.310317,2.351576
-0.136179,0.231655,2.349362
0.017258,0.233351,2.348278
-0.178547,-0.264314,2.436460
0.032607,-0.266024,2.439389
-0.203544,-0.625476,2.474676
0.014451,-0.635510,2.505290
-0.225516,-0.711174,2.410202
0.031628,-0.716182,2.451585
-0.040135,0.895710,2.274430
-0.070611,0.758842,2.355945
-0.230269,0.645712,2.347486
0.092832,0.638853,2.355814
-0.315862,0.368877,2.383061
0.233581,0.535285,2.237830
-0.327154,0.128213,2.237830
0.087505,0.800960,2.329946
-0.321615,0.058613,2.310030
0.060206,0.904400,2.152145
-0.063338,0.382303,2.364508
-0.060523,0.309754,2.351105
-0.136502,0.231328,2.348671
0.016641,0.232816,2.347680
-0.178763,-0.264388,2.436535
0.032214,-0.265833,2.440033
-0.203529,-0.625462,2.474035
0.014125,-0.635439,2.506084
-0.225435,-0.711174,2.409562
0.031413,-0.716118,2.452306
-0.040215,0.896004,2.275376
-0.071082,0.758774,2.356770
-0.230336,0.645725,2.347380
0.092120,0.638026,2.355837
-0.316200,0.369037,2.382703
0.236630,0.541691,2.227512
-0.327435,0.128505,2.227512
0.087109,0.805847,2.329661
-0.321888,0.058587,2.309921
0.058867,0.909135,2.154879
-0.063828,0.381660,2.365052
-0.060947,0.309226,2.350663
-0.136792,0.231028,2.348028
0.016069,0.232316,2.347114
-0.178958,-0.264458,2.436611
0.031856,-0.265656,2.440628
-0.203513,-0.625451,2.473453
0.013838,-0.635369,2.506793
-0.225348,-0.711172,2.408991
0.031232,-0.716060,2.452951
-0.040260,0.896273,2.276247
-0.071495,0.758709,2.357530
-0.230394,0.645737,2.347282
0.091530,0.637539,2.355970
-0.316503,0.369186,2.382373
0.238826,0.547090,2.218632
-0.327684,0.128787,2.218632
0.086846,0.810164,2.329408
-0.322132,0.058555,2.309846
0.057750,0.913103,2.157744
-0.064271,0.381066,2.365575
-0.061322,0.308746,2.350252
-0.137042,0.230755,2.347430
0.015557,0.231867,2.346584
-0.179136,-0.264523,2.436686
0.031530,-0.265491,2.441180
-0.203496,-0.625442,2.472925
0.013590,-0.635298,2.507425
-0.225257,-0.711167,2.408483
0.031082,-0.716005,2.453527
-0.040281,0.896518,2.277051
-0.071861,0.758645,2.358240
-0.230442,0.645748,2.347192
0.091092,0.636667,2.355873
-0.316778,0.369322,2.382072
0.241358,0.552399,2.210364
-0.327903,0.129054,2.210364
0.086829,0.813285,2.329178
-0.322344,0.058524,2.309766
0.056919,0.915783,2.160907
-0.064654,0.380499,2.366090
-0.061664,0.308289,2.349864
-0.137269,0.230497,2.346871
0.015086,0.231437,2.346077
-0.179295,-0.264580,2.436757
0.031234,-0.265338,2.441690
-0.203479,-0.625436,2.472447
0.013377,-0.635228,2.507986
-0.225161,-0.711160,2.408031
0.030961,-0.715954,2.454041
-0.040269,0.896734,2.277802
-0.072191,0.758578,2.358895
-0.230482,0.645759,2.347109
0.090696,0.636466,2.356075
-0.317026,0.369448,2.381795
0.243139,0.556896,2.203116
-0.328087,0.129312,2.203116
0.086884,0.816195,2.328952
-0.322529,0.058520,2.309623
0.056260,0.918078,2.164025
-0.065024,0.379962,2.366596
-0.061976,0.307860,2.349501
-0.137471,0.230257,2.346350
0.014654,0.231038,2.345601
-0.179439,-0.264632,2.436827
0.030967,-0.265197,2.442164
-0.203461,-0.625433,2.472014
0.013194,-0.635158,2.508480
-0.225060,-0.711149,2.407631
0.030867,-0.715906,2.454496
-0.040236,0.896930,2.278504
-0.072485,0.758507,2.359501
-0.230514,0.645770,2.347034
0.090369,0.636402,2.356300
-0.317251,0.369563,2.381541
0.244759,0.560943,2.196612
-0.328245,0.129559,2.196612
0.087086,0.818453,2.328738
-0.322687,0.058517,2.309479
0.055806,0.919620,2.167210
-0.065357,0.379458,2.367086
-0.062254,0.307464,2.349160
-0.137641,0.230036,2.345855
0.014263,0.230675,2.345155
-0.179568,-0.264680,2.436897
0.030725,-0.265066,2.442604
-0.203444,-0.625431,2.471622
0.013040,-0.635089,2.508913
-0.224955,-0.711136,2.407279
0.030797,-0.715862,2.454897
-0.040184,0.897108,2.279158
-0.072746,0.758434,2.360060
-0.230539,0.645780,2.346964
0.090107,0.636463,2.356548
-0.317454,0.369676,2.381305
0.246214,0.564603,2.190741
-0.328371,0.129820,2.190741
0.087419,0.820142,2.328537
-0.322822,0.058514,2.309336
0.055542,0.920513,2.170440
-0.065656,0.378985,2.367559
-0.062505,0.307094,2.348841
-0.137787,0.229830,2.345388
0.013908,0.230340,2.344736
-0.179684,-0.264723,2.436965
0.030505,-0.264947,2.443015
-0.203426,-0.625431,2.471269
0.012912,-0.635021,2.509290
-0.224848,-0.711121,2.406972
0.030749,-0.715822,2.455250
-0.040115,0.897266,2.279766
-0.072977,0.758360,2.360579
-0.230556,0.645790,2.346900
0.089910,0.636628,2.356805
-0.317632,0.369801,2.381076
0.247534,0.567901,2.185446
-0.328456,0.130116,2.185446
0.087886,0.821285,2.328338
-0.322927,0.058515,2.309186
0.055462,0.920802,2.173679
-0.065926,0.378540,2.368019
-0.062730,0.306750,2.348541
-0.137912,0.229640,2.344948
0.013587,0.230032,2.344343
-0.179787,-0.264760,2.437032
0.030305,-0.264837,2.443397
-0.203407,-0.625432,2.470950
0.012810,-0.634952,2.509615
-0.224743,-0.711108,2.406709
0.030722,-0.715784,2.455555
-0.040026,0.897406,2.280334
-0.073183,0.758285,2.361058
-0.230568,0.645799,2.346841
0.089701,0.636491,2.356893
-0.317789,0.369922,2.380857
0.248977,0.571011,2.180457
-0.328508,0.130419,2.180457
0.088711,0.821361,2.328138
-0.323002,0.058517,2.309028
0.055712,0.920101,2.176972
-0.066157,0.378120,2.368466
-0.062934,0.306428,2.348260
-0.138021,0.229461,2.344535
0.013294,0.229745,2.343973
-0.179880,-0.264795,2.437098
0.030125,-0.264736,2.443753
-0.203388,-0.625435,2.470664
0.012733,-0.634884,2.509890
-0.224636,-0.711094,2.406484
0.030714,-0.715748,2.455817
-0.039928,0.897529,2.280856
-0.073357,0.758209,2.361504
-0.230575,0.645809,2.346787
0.089610,0.636232,2.356840
-0.317925,0.370045,2.380641
0.250393,0.573866,2.175948
-0.328529,0.130733,2.175948
0.089791,0.820612,2.327934
-0.323039,0.058521,2.308847
0.056212,0.918643,2.180255
-0.066353,0.377723,2.368901
-0.063118,0.306126,2.347996
-0.138120,0.229294,2.344144
0.013027,0.229474,2.343622
-0.179962,-0.264825,2.437161
0.029962,-0.264643,2.444086
-0.203368,-0.625440,2.470408
0.012676,-0.634817,2.510121
-0.224533,-0.711083,2.406300
0.030724,-0.715715,2.456042
-0.039824,0.897637,2.281334
-0.073503,0.758130,2.361918
-0.230577,0.645819,2.346736
0.089586,0.635896,2.356710
-0.318041,0.370174,2.380426
0.251884,0.576161,2.172079
-0.328514,0.131062,2.172079
0.091587,0.818436,2.327724
-0.323047,0.058528,2.308650
0.057258,0.916048,2.183501
-0.066525,0.377348,2.369321
-0.063284,0.305841,2.347746
-0.138208,0.229136,2.343771
0.012782,0.229218,2.343289
-0.180035,-0.264851,2.437223
0.029816,-0.264555,2.444396
-0.203346,-0.625447,2.470179
0.012637,-0.634754,2.510311
-0.224430,-0.711073,2.406149
0.030753,-0.715688,2.456230
-0.039745,0.897727,2.281751
-0.073633,0.758052,2.362296
-0.230580,0.645830,2.346689
0.089589,0.635586,2.356499
-0.318142,0.370300,2.380218
0.253724,0.576805,2.169969
-0.328475,0.131388,2.169969
0.093426,0.815684,2.327517
-0.323025,0.058527,2.308439
0.060000,0.908614,2.186826
-0.066671,0.376996,2.369724
-0.063434,0.305574,2.347510
-0.138285,0.228988,2.343419
0.012560,0.228978,2.342974
-0.180100,-0.264874,2.437282
0.029685,-0.264472,2.444684
-0.203323,-0.625456,2.469975
0.012616,-0.634690,2.510463
-0.224329,-0.711066,2.406029
0.030798,-0.715661,2.456390
-0.039690,0.897808,2.282120
-0.073754,0.757976,2.362635
-0.230584,0.645840,2.346645
0.089612,0.635260,2.356210
-0.318228,0.370420,2.380018
0.255518,0.576431,2.169050
-0.328416,0.131708,2.169050
0.096269,0.808049,2.327314
-0.322979,0.058521,2.308222
0.063094,0.899378,2.189709
-0.066797,0.376665,2.370107
-0.063570,0.305321,2.347286
-0.138352,0.228847,2.343083
0.012358,0.228753,2.342676
-0.180157,-0.264895,2.437342
0.029568,-0.264396,2.444953
-0.203299,-0.625465,2.469795
0.012614,-0.634627,2.510578
-0.224222,-0.711056,2.405934
0.030856,-0.715634,2.456521
-0.039691,0.897870,2.282432
-0.073875,0.757907,2.362936
-0.230594,0.645849,2.346606
0.089694,0.634801,2.355769
-0.318302,0.370530,2.379831
0.254276,0.565629,2.182183
-0.328338,0.132025,2.182183
0.099108,0.799616,2.327118
-0.322911,0.058511,2.308008
0.066680,0.886460,2.191479
-0.066909,0.376356,2.370467
-0.063694,0.305082,2.347074
-0.138415,0.228708,2.342765
0.012174,0.228539,2.342394
-0.180206,-0.264913,2.437403
0.029462,-0.264327,2.445204
-0.203275,-0.625476,2.469634
0.012628,-0.634564,2.510660
-0.224116,-0.711046,2.405864
0.030925,-0.715610,2.456625
-0.039761,0.897916,2.282673
-0.073994,0.757838,2.363200
-0.230643,0.645833,2.346569
0.089724,0.633595,2.354632
-0.318371,0.370612,2.379668
0.252730,0.553338,2.198712
-0.328254,0.132300,2.198712
0.101719,0.788172,2.326935
-0.322827,0.058472,2.307807
0.072244,0.863820,2.190761
-0.067005,0.376053,2.370801
-0.063817,0.304831,2.346865
-0.138487,0.228547,2.342460
0.012000,0.228300,2.342118
-0.180251,-0.264929,2.437467
0.029367,-0.264264,2.445436
-0.203253,-0.625487,2.469491
0.012656,-0.634501,2.510715
-0.224013,-0.711037,2.405815
0.031005,-0.715588,2.456706
-0.039989,0.897888,2.282727
-0.074112,0.757749,2.363405
-0.230736,0.645784,2.346533
0.089682,0.633220,2.354313
-0.318429,0.370653,2.379533
0.245089,0.539430,2.218639
-0.328169,0.132507,2.218639
0.103191,0.777623,2.326777
-0.322708,0.058344,2.307615
0.075211,0.840154,2.188841
-0.067112,0.375773,2.371104
-0.063932,0.304587,2.346664
-0.138554,0.228385,2.342175
0.011839,0.228068,2.341855
-0.180290,-0.264947,2.437537
0.029282,-0.264206,2.445652
-0.203231,-0.625497,2.469364
0.012696,-0.634439,2.510745
-0.223911,-0.711029,2.405793
0.031093,-0.715567,2.456764
-0.040334,0.897785,2.282587
-0.074240,0.757638,2.363534
-0.230850,0.645720,2.346497
0.089644,0.632882,2.354025
-0.318478,0.370659,2.379422
0.236027,0.523246,2.233462
-0.328074,0.132683,2.233462
0.108020,0.735492,2.326645
-0.322575,0.058162,2.307479
0.084807,0.774825,2.183437
-0.067213,0.375514,2.371376
-0.064041,0.304350,2.346472
-0.138620,0.228221,2.341907
0.011691,0.227842,2.341606
-0.180325,-0.264964,2.437612
0.029205,-0.264154,2.445850
-0.203209,-0.625509,2.469253
0.012748,-0.634376,2.510750
-0.223811,-0.711022,2.405790
0.031190,-0.715547,2.456803
-0.040770,0.897599,2.282259
-0.074373,0.757509,2.363599
-0.230985,0.645643,2.346462
0.089610,0.632589,2.353767
-0.318516,0.370635,2.379339
0.226093,0.509529,2.253109
-0.327961,0.132828,2.253109
0.114059,0.671949,2.326552
-0.322422,0.057939,2.307380
0.096200,0.727267,2.180584
-0.067308,0.375278,2.371617
-0.064145,0.304125,2.346288
-0.138683,0.228061,2.341654
0.011553,0.227631,2.341373
-0.180356,-0.264983,2.437697
0.029135,-0.264107,2.446032
-0.203186,-0.625520,2.469157
0.012805,-0.634314,2.510734
-0.223707,-0.711012,2.405797
0.031294,-0.715530,2.456823
-0.041281,0.897189,2.281504
-0.074528,0.757341,2.363530
-0.231136,0.645556,2.346425
0.089580,0.632332,2.353534
-0.318549,0.370609,2.379278
0.217210,0.496744,2.273492
-0.327823,0.132955,2.273492
0.121145,0.590386,2.326541
-0.322255,0.057696,2.307369
0.117904,0.616557,2.184460
-0.067396,0.375067,2.371830
-0.064244,0.303916,2.346116
-0.138745,0.227910,2.341424
0.011425,0.227438,2.341159
-0.180383,-0.265004,2.437792
0.029073,-0.264064,2.446199
-0.203164,-0.625533,2.469074
0.012868,-0.634258,2.510705
-0.223606,-0.711003,2.405817
0.031403,-0.715514,2.456829
-0.041931,0.896512,2.280266
-0.074697,0.757132,2.363322
-0.231312,0.645449,2.346380
0.089552,0.632107,2.353319
-0.318568,0.370549,2.379252
0.209004,0.484672,2.293993
-0.327658,0.133044,2.293993
0.130094,0.514170,2.326612
-0.322059,0.057388,2.307457
0.133585,0.514040,2.191695
-0.067477,0.374874,2.372018
-0.064338,0.303718,2.345952
-0.138806,0.227765,2.341214
0.011307,0.227257,2.340964
-0.180406,-0.265027,2.437901
0.029017,-0.264025,2.446355
-0.203143,-0.625547,2.469002
0.012937,-0.634203,2.510657
-0.223507,-0.710994,2.405849
0.031515,-0.715499,2.456821
-0.042644,0.895582,2.278571
-0.074882,0.756880,2.362962
-0.231511,0.645315,2.346321
0.089532,0.631922,2.353118
-0.318579,0.370480,2.379247
0.201802,0.473883,2.314957
-0.327455,0.133104,2.314957
0.138620,0.448470,2.326805
-0.321828,0.057018,2.307695
0.147657,0.424973,2.203819
-0.067554,0.374695,2.372180
-0.064426,0.303534,2.345800
-0.138865,0.227627,2.341025
0.011201,0.227093,2.340789
-0.180426,-0.265052,2.438027
0.028968,-0.263989,2.446499
-0.203124,-0.625561,2.468939
0.013012,-0.634150,2.510595
-0.223404,-0.710982,2.405893
0.031632,-0.715485,2.456799
-0.043348,0.894246,2.276275
-0.075089,0.756578,2.362431
-0.231729,0.645160,2.346253
0.089523,0.631778,2.352923
-0.318568,0.370364,2.379283
0.195319,0.464205,2.334422
-0.327219,0.133107,2.334422
0.146911,0.389950,2.327107
-0.321549,0.056527,2.308129
0.159416,0.353876,2.216596
-0.067626,0.374530,2.372313
-0.064506,0.303364,2.345660
-0.138918,0.227498,2.340857
0.011110,0.226947,2.340634
-0.180439,-0.265084,2.438177
0.028925,-0.263956,2.446635
-0.203103,-0.625576,2.468888
0.013091,-0.634097,2.510518
-0.223299,-0.710968,2.405948
0.031752,-0.715471,2.456766
-0.043777,0.892343,2.273294
-0.075285,0.756219,2.361720
-0.231953,0.644998,2.346176
0.089575,0.631718,2.352712
-0.318529,0.370244,2.379349
0.189699,0.455681,2.352783
-0.326934,0.133091,2.352783
0.155012,0.337374,2.327587
-0.321192,0.055936,2.308933
0.169761,0.287619,2.232306
-0.067687,0.374383,2.372416
-0.064571,0.303224,2.345542
-0.138962,0.227386,2.340711
0.011044,0.226819,2.340512
-0.180443,-0.265109,2.438351
0.028894,-0.263920,2.446769
-0.203083,-0.625591,2.468846
0.013176,-0.634043,2.510429
-0.223193,-0.710953,2.406011
0.031876,-0.715456,2.456717
-0.043999,0.890076,2.269851
-0.075450,0.755786,2.360825
-0.232166,0.644837,2.346089
0.089681,0.631713,2.352474
-0.318459,0.370121,2.379444
0.184858,0.448170,2.369712
-0.326589,0.133068,2.369712
0.162085,0.292097,2.328229
-0.320788,0.055618,2.309916
0.179159,0.230290,2.246269
-0.067731,0.374254,2.372494
-0.064626,0.303098,2.345439
-0.138989,0.227281,2.340600
0.011026,0.226707,2.340445
-0.180439,-0.265133,2.438545
0.028887,-0.263878,2.446927
-0.203063,-0.625606,2.468813
0.013270,-0.633989,2.510325
-0.223090,-0.710939,2.406081
0.032003,-0.715441,2.456660
-0.043999,0.887451,2.265810
-0.075493,0.755149,2.359525
-0.232371,0.644670,2.345991
0.089860,0.631768,2.352192
-0.318320,0.369945,2.379606
0.180760,0.441623,2.385250
-0.326189,0.132984,2.385250
0.168269,0.252951,2.329005
-0.320343,0.055333,2.311097
0.187311,0.181148,2.258409
-0.067755,0.374146,2.372541
-0.064663,0.302987,2.345356
-0.138996,0.227182,2.340546
0.011067,0.226616,2.340453
-0.180423,-0.265153,2.438757
0.028914,-0.263823,2.447125
-0.203044,-0.625622,2.468787
0.013374,-0.633931,2.510211
-0.222990,-0.710927,2.406157
0.032132,-0.715426,2.456593
-0.043754,0.884368,2.261246
-0.075431,0.754423,2.358033
-0.232544,0.644518,2.345876
0.090151,0.631895,2.351836
-0.318139,0.369773,2.379804
0.177231,0.435876,2.399334
-0.325702,0.132905,2.399334
0.173762,0.218688,2.329943
-0.319852,0.055115,2.312470
0.194679,0.138194,2.269276
-0.067748,0.374061,2.372557
-0.064672,0.302898,2.345299
-0.138976,0.227097,2.340549
0.011171,0.226555,2.340547
-0.180393,-0.265167,2.438981
0.028989,-0.263759,2.447393
-0.203025,-0.625638,2.468768
0.013483,-0.633872,2.510088
-0.222895,-0.710918,2.406240
0.032264,-0.715411,2.456518
-0.043218,0.880956,2.256279
-0.075234,0.753567,2.356284
-0.232694,0.644359,2.345743
0.090607,0.632121,2.351390
-0.317887,0.369619,2.380048
0.174200,0.430827,2.412066
-0.325093,0.132864,2.412066
0.178658,0.188492,2.331041
-0.319284,0.054944,2.313995
0.201203,0.100333,2.279164
-0.067700,0.374003,2.372538
-0.064641,0.302837,2.345277
-0.138921,0.227033,2.340626
0.011358,0.226527,2.340739
-0.180354,-0.265174,2.439212
0.029121,-0.263676,2.447750
-0.203007,-0.625656,2.468754
0.013600,-0.633811,2.509958
-0.222798,-0.710909,2.406323
0.032398,-0.715397,2.456436
-0.042347,0.877072,2.250756
-0.074825,0.752583,2.354256
-0.232820,0.644195,2.345597
0.091230,0.632416,2.350829
-0.317526,0.369429,2.380383
0.171718,0.426466,2.423639
-0.324385,0.132788,2.423639
0.183083,0.161965,2.332269
-0.318640,0.054846,2.315658
0.206985,0.067250,2.288808
-0.067590,0.373969,2.372486
-0.064551,0.302803,2.345305
-0.138804,0.226988,2.340816
0.011651,0.226522,2.341055
-0.180301,-0.265176,2.439450
0.029316,-0.263586,2.448222
-0.202989,-0.625674,2.468745
0.013743,-0.633735,2.509821
-0.222702,-0.710900,2.406410
0.032533,-0.715383,2.456349
-0.041081,0.872805,2.244889
-0.074228,0.751498,2.352016
-0.232919,0.644014,2.345432
0.092287,0.632904,2.350149
-0.317057,0.369217,2.380799
0.169661,0.422695,2.434114
-0.323579,0.132698,2.434114
0.187116,0.138974,2.333599
-0.317948,0.054834,2.317381
0.212078,0.039128,2.298348
-0.067392,0.373990,2.372394
-0.064363,0.302839,2.345403
-0.138620,0.226986,2.341121
0.012105,0.226578,2.341530
-0.180231,-0.265171,2.439686
0.029588,-0.263490,2.448823
-0.202972,-0.625694,2.468740
0.013900,-0.633648,2.509679
-0.222609,-0.710893,2.406502
0.032670,-0.715367,2.456249
-0.039118,0.867961,2.238310
-0.072991,0.750035,2.349142
-0.232859,0.643787,2.345167
0.093807,0.633517,2.349229
-0.316385,0.368954,2.381367
0.168064,0.419451,2.443571
-0.322526,0.132564,2.443571
0.190795,0.119527,2.335157
-0.317112,0.054338,2.319294
0.216346,0.016159,2.307752
-0.067037,0.374058,2.372252
-0.064034,0.302933,2.345587
-0.138290,0.227041,2.341626
0.012728,0.226680,2.342163
-0.180162,-0.265166,2.439872
0.029945,-0.263385,2.449580
-0.202954,-0.625714,2.468737
0.014070,-0.633554,2.509531
-0.222521,-0.710891,2.406605
0.032808,-0.715351,2.456148
-0.036964,0.863120,2.231698
-0.071440,0.748271,2.345864
-0.232684,0.643544,2.344846
0.095758,0.634270,2.348082
-0.315537,0.368645,2.382075
0.166875,0.416710,2.452103
-0.321322,0.132392,2.452103
0.194088,0.103702,2.336856
-0.316210,0.053777,2.321300
0.219754,-0.001520,2.316958
-0.066576,0.374152,2.372066
-0.063607,0.303065,2.345831
-0.137871,0.227128,2.342255
0.013508,0.226812,2.342950
-0.180092,-0.265153,2.440010
0.030369,-0.263277,2.450463
-0.202939,-0.625734,2.468734
0.014251,-0.633450,2.509383
-0.222430,-0.710888,2.406703
0.032948,-0.715335,2.456040
-0.034570,0.858224,2.224981
-0.069504,0.746281,2.342218
-0.232389,0.643296,2.344471
0.098004,0.635004,2.346773
-0.314551,0.368304,2.382905
0.166112,0.414424,2.459747
-0.320027,0.132199,2.459747
0.197004,0.091329,2.338640
-0.315274,0.053182,2.323330
0.222253,-0.014199,2.325761
-0.065997,0.374266,2.371832
-0.063085,0.303229,2.346132
-0.137373,0.227244,2.343003
0.014400,0.226964,2.343848
-0.180008,-0.265144,2.440104
0.030851,-0.263174,2.451461
-0.202925,-0.625753,2.468729
0.014439,-0.633343,2.509237
-0.222341,-0.710885,2.406802
0.033086,-0.715321,2.455941
-0.031924,0.853243,2.218144
-0.067195,0.744099,2.338238
-0.231942,0.643045,2.344031
0.100570,0.635730,2.345321
-0.313430,0.367946,2.383874
0.165797,0.412608,2.466504
-0.318679,0.132004,2.466504
0.200177,0.082179,2.340503
-0.314268,0.053298,2.325512
0.223641,-0.015672,2.335672
-0.065300,0.374401,2.371542
-0.062479,0.303420,2.346473
-0.136812,0.227389,2.343845
0.015380,0.227131,2.344818
-0.179882,-0.265086,2.440004
0.031390,-0.263076,2.452571
-0.202908,-0.625782,2.468714
0.014643,-0.633223,2.509097
-0.222259,-0.710884,2.406902
0.033223,-0.715307,2.455841
-0.029216,0.848379,2.211468
-0.064716,0.741863,2.334149
-0.231337,0.642794,2.343515
0.103438,0.636511,2.343704
-0.312235,0.367585,2.384920
0.165967,0.411235,2.472375
-0.317314,0.131814,2.472375
0.203026,0.076023,2.342373
-0.313262,0.053488,2.327685
0.224366,-0.011746,2.345095
-0.064521,0.374551,2.371203
-0.061817,0.303633,2.346843
-0.136208,0.227557,2.344750
0.016407,0.227309,2.345830
-0.179738,-0.264952,2.439696
0.031955,-0.262978,2.453733
-0.202888,-0.625810,2.468673
0.014860,-0.633097,2.508963
-0.222187,-0.710882,2.406986
0.033360,-0.715293,2.455740
-0.026499,0.843714,2.204963
-0.062010,0.739469,2.329811
-0.230646,0.642564,2.342953
0.106471,0.637287,2.341974
-0.310997,0.367246,2.385994
0.166542,0.410276,2.477329
-0.315966,0.131649,2.477329
0.205558,0.072548,2.344236
-0.312264,0.053740,2.329839
0.226422,-0.016001,2.351946
-0.063660,0.374716,2.370802
-0.061109,0.303867,2.347227
-0.135575,0.227746,2.345696
0.017466,0.227494,2.346867
-0.179577,-0.264766,2.439222
0.032535,-0.262875,2.454926
-0.202864,-0.625834,2.468604
0.015085,-0.632968,2.508835
-0.222123,-0.710874,2.407055
0.033496,-0.715280,2.455638
-0.023816,0.839263,2.198644
-0.059268,0.737043,2.325339
-0.229868,0.642323,2.342289
0.109629,0.638066,2.339933
-0.309762,0.366921,2.387043
0.167648,0.409848,2.480968
-0.314735,0.131499,2.480968
0.207645,0.071468,2.345997
-0.311304,0.054084,2.331946
0.228198,-0.018476,2.358290
-0.062724,0.374881,2.370282
-0.060388,0.304098,2.347567
-0.134938,0.227942,2.346626
0.018507,0.227654,2.347817
-0.179402,-0.264536,2.438641
0.033114,-0.262776,2.456119
-0.202793,-0.625838,2.468332
0.015320,-0.632838,2.508720
-0.221914,-0.710754,2.406471
0.033630,-0.715267,2.455536
-0.021215,0.835123,2.192428
-0.056709,0.734888,2.320858
-0.229063,0.642051,2.341487
0.112792,0.638806,2.337717
-0.308596,0.366607,2.388016
0.169036,0.409775,2.483536
-0.313607,0.131352,2.483536
0.209401,0.072336,2.347640
-0.310437,0.054538,2.333951
0.229624,-0.019473,2.363945
-0.061767,0.375061,2.369643
-0.059698,0.304325,2.347849
-0.134355,0.228130,2.347460
0.019483,0.227798,2.348661
-0.179219,-0.264286,2.437992
0.033673,-0.262670,2.457260
-0.202651,-0.625861,2.467812
0.015568,-0.632695,2.508616
-0.221676,-0.710647,2.405569
0.033770,-0.715251,2.455427
-0.018797,0.831190,2.186027
-0.054409,0.732852,2.316022
-0.228349,0.641791,2.340292
0.115689,0.639426,2.334940
-0.307775,0.366439,2.388613
0.170593,0.410012,2.484578
-0.312725,0.131324,2.484578
0.210418,0.074938,2.348874
-0.309770,0.054818,2.335423
0.230354,-0.019114,2.368260
-0.060928,0.375268,2.368497
-0.059195,0.304523,2.347935
-0.133985,0.228258,2.347996
0.020150,0.227902,2.349216
-0.179027,-0.264027,2.437289
0.034113,-0.262569,2.458155
-0.202087,-0.625893,2.466436
0.015818,-0.632547,2.508518
-0.221217,-0.710491,2.403902
0.033915,-0.715232,2.455311
-0.016659,0.827469,2.179429
-0.052448,0.730976,2.310837
-0.227776,0.641435,2.338758
0.118327,0.640053,2.331729
-0.307024,0.366293,2.389112
0.172214,0.410574,2.484411
-0.311971,0.131283,2.484411
0.210552,0.079448,2.349929
-0.309204,0.055061,2.336712
0.227551,-0.010966,2.368948
-0.060159,0.375481,2.366917
-0.058737,0.304724,2.347869
-0.133661,0.228378,2.348443
0.020756,0.227993,2.349673
-0.178827,-0.263797,2.436540
0.034460,-0.262491,2.458870
-0.201375,-0.625934,2.464713
0.016067,-0.632397,2.508425
-0.220671,-0.710324,2.401986
0.034061,-0.715210,2.455197
-0.014762,0.823931,2.172720
-0.050823,0.729324,2.305464
-0.227378,0.640998,2.336778
0.120779,0.640617,2.328375
-0.306348,0.366210,2.389363
0.173695,0.411342,2.482848
-0.311308,0.131268,2.482848
0.209573,0.085570,2.350847
-0.308722,0.055276,2.337837
0.224351,-0.001945,2.368295
-0.059570,0.375686,2.364643
-0.058388,0.304923,2.347430
-0.133480,0.228494,2.348574
0.021273,0.228038,2.349846
-0.178638,-0.263563,2.435679
0.034764,-0.262426,2.459492
-0.200590,-0.625974,2.462790
0.016310,-0.632249,2.508336
-0.220057,-0.710146,2.399904
0.034208,-0.715185,2.455080
-0.013545,0.820482,2.165109
-0.050293,0.727681,2.298676
-0.227843,0.640172,2.332710
0.121911,0.640607,2.322913
-0.306175,0.366165,2.388458
0.174191,0.412160,2.478487
-0.311225,0.131369,2.478487
0.206759,0.093395,2.350632
-0.308809,0.055508,2.337641
0.219987,0.008702,2.363523
-0.059794,0.375555,2.359999
-0.058655,0.304858,2.345298
-0.133911,0.228362,2.347227
0.021192,0.227813,2.348396
-0.178637,-0.263233,2.433851
0.034616,-0.262643,2.459012
-0.199736,-0.626010,2.460562
0.016513,-0.632139,2.508210
-0.219404,-0.709977,2.397717
0.034355,-0.715161,2.454963
-0.013046,0.817296,2.157300
-0.050255,0.726147,2.291582
-0.228719,0.639263,2.328072
0.122657,0.640513,2.317110
-0.306350,0.366182,2.386884
0.174239,0.412920,2.472560
-0.311423,0.131535,2.472560
0.203416,0.101527,2.349803
-0.309207,0.055728,2.336823
0.215566,0.019185,2.358228
-0.060425,0.375341,2.354427
-0.059277,0.304716,2.342388
-0.134773,0.228110,2.345027
0.020766,0.227479,2.346185
-0.178712,-0.263016,2.431487
0.033905,-0.263381,2.456992
-0.198836,-0.626045,2.458101
0.016700,-0.632061,2.507948
-0.218722,-0.709820,2.395453
0.034494,-0.715140,2.454839
-0.013327,0.814348,2.148975
-0.051113,0.724541,2.283527
-0.230301,0.638030,2.322011
0.122391,0.640144,2.310052
-0.307146,0.366025,2.383938
0.173671,0.413615,2.464785
-0.312265,0.131569,2.464785
0.198422,0.110788,2.347458
-0.310180,0.056015,2.334628
0.210293,0.030668,2.350565
-0.061755,0.374835,2.347291
-0.060512,0.304311,2.338127
-0.136284,0.227594,2.341365
0.019751,0.226922,2.342758
-0.178902,-0.262947,2.428455
0.032027,-0.264945,2.450865
-0.197909,-0.626085,2.455467
0.016843,-0.632021,2.507418
-0.218024,-0.709675,2.393146
0.034625,-0.715115,2.454661
-0.014632,0.811467,2.139797
-0.052724,0.722842,2.274568
-0.233017,0.636063,2.314522
0.121044,0.639526,2.301722
-0.308831,0.365755,2.379195
0.172281,0.414392,2.455331
-0.313906,0.131547,2.455331
0.192842,0.120252,2.342777
-0.312165,0.056130,2.329559
0.203836,0.043314,2.338957
-0.063771,0.374060,2.338585
-0.062404,0.303656,2.332395
-0.138445,0.226746,2.336421
0.017986,0.226145,2.337527
-0.179303,-0.263047,2.424458
0.029065,-0.266864,2.439940
-0.196941,-0.626154,2.452657
0.016357,-0.631696,2.505021
-0.217320,-0.709553,2.390816
0.034678,-0.714997,2.453932
-0.016718,0.808894,2.130167
-0.054937,0.721190,2.264988
-0.237102,0.633561,2.305785
0.118781,0.638687,2.292357
-0.311531,0.365471,2.371972
0.170087,0.415009,2.443990
-0.316431,0.131561,2.443990
0.186223,0.130222,2.335295
-0.314925,0.055673,2.320678
0.197381,0.056119,2.325255
-0.066655,0.373270,2.328066
-0.065224,0.302993,2.324742
-0.141930,0.225691,2.328896
0.015434,0.225286,2.330716
-0.179951,-0.263402,2.419610
0.024379,-0.268868,2.423170
-0.195888,-0.626211,2.449677
0.015247,-0.631496,2.500339
-0.216603,-0.709458,2.388495
0.033185,-0.714872,2.449716
-0.019963,0.806598,2.119286
-0.057908,0.719648,2.254175
-0.242244,0.630681,2.295602
0.115452,0.637654,2.281636
-0.315103,0.364945,2.362416
0.167086,0.415552,2.430927
-0.319688,0.131421,2.430927
0.179331,0.139838,2.324455
-0.318203,0.054783,2.309215
0.191207,0.068321,2.310971
-0.070163,0.372293,2.315949
-0.068666,0.302111,2.315477
-0.146066,0.224299,2.319706
0.012259,0.224233,2.322336
-0.180844,-0.264003,2.414172
0.018241,-0.270798,2.400181
-0.194859,-0.626298,2.446483
0.011467,-0.631571,2.489457
-0.215780,-0.709422,2.386022
0.029890,-0.714791,2.441727
-0.024517,0.804343,2.106807
-0.062051,0.717974,2.241641
-0.248683,0.627089,2.283366
0.110933,0.636276,2.269317
-0.320021,0.364069,2.348833
0.163291,0.416133,2.416087
-0.323634,0.130959,2.416087
0.171799,0.149549,2.309896
-0.322134,0.053724,2.291603
0.185970,0.081628,2.294701
-0.074370,0.371098,2.301988
-0.072771,0.301012,2.304310
-0.150811,0.222590,2.308666
0.008463,0.223003,2.312024
-0.181941,-0.264801,2.407994
0.010903,-0.272754,2.371560
-0.193370,-0.626710,2.441802
0.006841,-0.631840,2.469390
-0.214076,-0.709761,2.382142
0.023369,-0.715234,2.422293
-0.030369,0.800746,2.091937
-0.067047,0.716271,2.227846
-0.255974,0.623152,2.269024
0.105465,0.634579,2.255493
-0.325508,0.363018,2.332818
0.159114,0.416679,2.400138
-0.328319,0.130476,2.400138
0.163870,0.159157,2.290008
-0.326328,0.052365,2.269755
0.178834,0.095411,2.273235
-0.079204,0.369621,2.286255
-0.077511,0.299600,2.291152
-0.156240,0.220430,2.295360
0.004115,0.221566,2.299816
-0.183311,-0.265724,2.401112
0.002259,-0.274419,2.338115
-0.192260,-0.627689,2.437247
-0.000600,-0.632657,2.435010
-0.210083,-0.709497,2.374687
0.015420,-0.715636,2.389802
