-0.100414,0.615514,2.195480
-0.076887,0.444392,2.231608
-0.239751,0.316668,2.225844
0.058308,0.308966,2.192519
-0.298875,0.080307,2.171823
0.092032,0.058730,2.181423
-0.301480,-0.089017,2.181423
0.107350,-0.165014,1.987070
-0.286673,-0.157732,1.921857
0.107059,-0.242695,2.061552
-0.078009,0.086087,2.227560
-0.085327,0.022153,2.174763
-0.155995,-0.046734,2.162098
-0.017051,-0.042261,2.165391
-0.123707,-0.481453,2.203677
-0.029906,-0.426303,1.996609
-0.077547,-0.790853,2.190289
-0.005718,-0.817600,1.950067
-0.086107,-0.816863,2.120692
-0.004419,-0.856496,1.872835
-0.106357,0.615768,2.173709
-0.082781,0.445067,2.209512
-0.245055,0.316950,2.204056
0.051723,0.309247,2.168328
-0.310708,0.086666,2.145463
0.086257,0.059443,2.156947
-0.306211,-0.071196,2.156947
0.102580,-0.163803,1.946582
-0.286058,-0.136235,1.877194
0.102614,-0.242197,2.039813
-0.082948,0.086445,2.203361
-0.090160,0.022857,2.149448
-0.160413,-0.045846,2.136486
-0.021965,-0.041148,2.139437
-0.131530,-0.477117,2.175064
-0.035873,-0.422431,1.975743
-0.082471,-0.785708,2.184279
-0.009948,-0.815799,1.917464
-0.090786,-0.810244,2.118021
-0.009279,-0.854503,1.838415
-0.111875,0.616018,2.152750
-0.088133,0.445747,2.188222
-0.249979,0.317395,2.183236
0.045581,0.309579,2.145015
-0.322759,0.093719,2.119223
0.080930,0.060266,2.133191
-0.311405,-0.052055,2.133191
0.098258,-0.162648,1.908908
-0.285213,-0.113634,1.835521
0.098724,-0.241821,2.018907
-0.087410,0.086842,2.179770
-0.094550,0.023618,2.124818
-0.164385,-0.044856,2.111557
-0.026470,-0.040036,2.114134
-0.139861,-0.470847,2.143015
-0.041830,-0.419176,1.956398
-0.089172,-0.778761,2.172761
-0.013587,-0.814271,1.888182
-0.096241,-0.801494,2.114116
-0.013528,-0.852628,1.807632
-0.117320,0.616307,2.130429
-0.093241,0.446565,2.165401
-0.255244,0.317316,2.160033
0.039516,0.309945,2.119892
-0.336924,0.101433,2.090109
0.075997,0.060808,2.106516
-0.316450,-0.030266,2.106516
0.094068,-0.161471,1.869861
-0.283324,-0.085801,1.792157
0.095241,-0.241224,1.995145
-0.091696,0.087100,2.154408
-0.098751,0.024196,2.098477
-0.168196,-0.043978,2.085277
-0.030776,-0.039320,2.086657
-0.150599,-0.464981,2.102860
-0.048842,-0.416581,1.936834
-0.095642,-0.770203,2.159943
-0.016651,-0.812773,1.862221
-0.101332,-0.796104,2.109649
-0.017120,-0.850824,1.780373
-0.122275,0.616616,2.109489
-0.097854,0.447325,2.143763
-0.260091,0.317259,2.138659
0.033986,0.310322,2.096358
-0.348734,0.108771,2.059442
0.071633,0.061304,2.081716
-0.317181,-0.009738,2.081716
0.090248,-0.160513,1.831095
-0.281423,-0.059525,1.753495
0.092226,-0.240576,1.972661
-0.095481,0.087357,2.130670
-0.102496,0.024740,2.073949
-0.171588,-0.043160,2.060875
-0.034608,-0.038703,2.061108
-0.158273,-0.460772,2.074395
-0.055430,-0.414426,1.918987
-0.102053,-0.762204,2.146091
-0.019404,-0.811406,1.838778
-0.105800,-0.791677,2.105569
-0.020384,-0.849182,1.755775
-0.126832,0.616985,2.089383
-0.102059,0.448048,2.123165
-0.264670,0.317232,2.118438
0.029021,0.310829,2.073960
-0.359871,0.115555,2.031446
0.067787,0.061806,2.057972
-0.317556,0.011428,2.057972
0.086761,-0.159513,1.795463
-0.278708,-0.031832,1.716220
0.089427,-0.239751,1.950501
-0.098861,0.087675,2.108220
-0.105859,0.025338,2.050844
-0.174662,-0.042358,2.037931
-0.038000,-0.038090,2.037032
-0.166494,-0.454117,2.034658
-0.061523,-0.412580,1.902547
-0.108419,-0.755193,2.131044
-0.021917,-0.810167,1.817610
-0.110327,-0.787892,2.100767
-0.023382,-0.847690,1.733528
-0.131070,0.617586,2.069121
-0.106111,0.448974,2.101737
-0.269102,0.317377,2.097357
0.024282,0.311511,2.051310
-0.371972,0.124047,2.001046
0.064403,0.062313,2.033868
-0.317024,0.034878,2.033868
0.083319,-0.158166,1.760269
-0.276241,-0.002074,1.681610
0.086241,-0.238397,1.925018
-0.102070,0.088147,2.085723
-0.109015,0.026018,2.027899
-0.177533,-0.041506,2.015214
-0.041174,-0.037378,2.013405
-0.172846,-0.447630,1.995306
-0.067069,-0.411212,1.886954
-0.117221,-0.749624,2.107560
-0.024280,-0.809105,1.798604
-0.116374,-0.785339,2.091800
-0.026168,-0.846397,1.713565
-0.134964,0.618158,2.049638
-0.109715,0.449854,2.081780
-0.273112,0.317591,2.077707
0.020021,0.312203,2.030172
-0.382980,0.132134,1.972991
0.061445,0.062993,2.011232
-0.316209,0.056671,2.011232
0.080145,-0.156820,1.728728
-0.274018,0.025397,1.651130
0.083332,-0.236984,1.901427
-0.104892,0.088602,2.064723
-0.111802,0.026670,2.006520
-0.180077,-0.040700,1.993960
-0.043961,-0.036695,1.991474
-0.178636,-0.441796,1.959627
-0.071228,-0.409696,1.872801
-0.124501,-0.747698,2.090116
-0.026852,-0.808309,1.781896
-0.123858,-0.785452,2.075929
-0.029273,-0.845474,1.696160
-0.138559,0.618832,2.030633
-0.113016,0.450747,2.061902
-0.276679,0.318504,2.057911
0.016096,0.313003,2.009772
-0.393971,0.142929,1.942962
0.058714,0.063569,1.988893
-0.314539,0.080451,1.988893
0.076895,-0.155227,1.697451
-0.271900,0.054583,1.622593
0.080120,-0.235169,1.877401
-0.107620,0.089201,2.044221
-0.114462,0.027459,1.985754
-0.182482,-0.039722,1.973418
-0.046691,-0.035866,1.970220
-0.184049,-0.436386,1.926646
-0.074925,-0.408333,1.860017
-0.132816,-0.747647,2.067921
-0.029314,-0.807655,1.767028
-0.132805,-0.787727,2.052460
-0.032229,-0.844729,1.680720
-0.141906,0.619551,2.012580
-0.115969,0.451616,2.043331
-0.279819,0.319792,2.039477
0.012548,0.313902,1.990779
-0.404132,0.152932,1.909295
0.056235,0.064570,1.968249
-0.311342,0.103649,1.968249
0.073856,-0.153592,1.667308
-0.269975,0.081467,1.597595
0.077002,-0.233372,1.854784
-0.110083,0.089855,2.025153
-0.116878,0.028294,1.966490
-0.184655,-0.038650,1.954260
-0.049190,-0.035018,1.950642
-0.188970,-0.431282,1.896916
-0.078180,-0.407013,1.848391
-0.140718,-0.748045,2.045891
-0.031721,-0.807031,1.753997
-0.141516,-0.790399,2.028022
-0.035153,-0.844125,1.667306
-0.144970,0.620250,1.995613
-0.118595,0.452442,2.026029
-0.282500,0.321235,2.022205
0.009370,0.314830,1.973329
-0.412977,0.162209,1.878325
0.054008,0.065648,1.949392
-0.308055,0.125970,1.949392
0.070950,-0.152025,1.639885
-0.268206,0.106957,1.575575
0.073923,-0.231595,1.833732
-0.112353,0.090509,2.007484
-0.119101,0.029117,1.948676
-0.186653,-0.037558,1.936530
-0.051518,-0.034187,1.932612
-0.193427,-0.426603,1.870358
-0.081083,-0.405818,1.837894
-0.148093,-0.748808,2.024467
-0.034046,-0.806495,1.742705
-0.149722,-0.793336,2.003466
-0.037978,-0.843664,1.655770
-0.147729,0.620936,1.979842
-0.120922,0.453224,2.009995
-0.284674,0.322790,2.005872
0.006530,0.315747,1.957392
-0.420569,0.171686,1.848464
0.051912,0.066817,1.932082
-0.304032,0.147782,1.932082
0.068212,-0.150600,1.614678
-0.266614,0.131010,1.556303
0.070969,-0.229819,1.814448
-0.114458,0.091134,1.991133
-0.121142,0.029896,1.932209
-0.188467,-0.036475,1.920098
-0.053693,-0.033380,1.916034
-0.197402,-0.422421,1.846813
-0.083679,-0.404744,1.828404
-0.154920,-0.749869,2.004063
-0.036296,-0.806043,1.733092
-0.157315,-0.796429,1.979489
-0.040685,-0.843324,1.646034
-0.150228,0.621564,1.965251
-0.123012,0.453927,1.995174
-0.286492,0.324405,1.990715
0.004009,0.316612,1.942842
-0.427253,0.180811,1.820935
0.049963,0.067956,1.916327
-0.299994,0.168291,1.916327
0.065615,-0.149288,1.592155
-0.265156,0.153642,1.539512
0.068113,-0.228118,1.796785
-0.116398,0.091740,1.976061
-0.123014,0.030651,1.917051
-0.190126,-0.035392,1.904885
-0.055703,-0.032612,1.900863
-0.200927,-0.418681,1.825943
-0.085996,-0.403780,1.819811
-0.161240,-0.751118,1.984805
-0.038478,-0.805660,1.725104
-0.164376,-0.799563,1.956386
-0.043297,-0.843088,1.638045
-0.152513,0.622157,1.951434
-0.124873,0.454591,1.981411
-0.287738,0.325761,1.976093
0.001760,0.317432,1.929565
-0.433054,0.189428,1.796514
0.048089,0.068813,1.901717
-0.296248,0.188278,1.901717
0.063132,-0.148082,1.572077
-0.263632,0.176382,1.524961
0.065382,-0.226537,1.780675
-0.118223,0.092227,1.961917
-0.124733,0.031265,1.902807
-0.191604,-0.034398,1.890383
-0.057582,-0.031943,1.886854
-0.204100,-0.415444,1.807508
-0.088059,-0.402924,1.812028
-0.166925,-0.752492,1.967420
-0.040588,-0.805351,1.718682
-0.170630,-0.802683,1.935333
-0.045756,-0.842998,1.631734
-0.154557,0.622707,1.938678
-0.126538,0.455203,1.968839
-0.288747,0.327056,1.962817
-0.000247,0.318203,1.917524
-0.438291,0.197300,1.774969
0.046363,0.069676,1.888521
-0.293257,0.207170,1.888521
0.060841,-0.146959,1.554246
-0.262068,0.197608,1.512463
0.062892,-0.225094,1.766191
-0.119878,0.092682,1.948998
-0.126295,0.031840,1.889811
-0.192934,-0.033445,1.877107
-0.059309,-0.031315,1.874100
-0.206993,-0.412561,1.791057
-0.089877,-0.402161,1.804985
-0.172103,-0.753874,1.951553
-0.042618,-0.805079,1.713714
-0.176347,-0.805657,1.915920
-0.048119,-0.842977,1.626984
-0.156387,0.623247,1.926959
-0.128021,0.455779,1.957338
-0.289491,0.328363,1.950672
-0.002044,0.318926,1.906628
-0.442926,0.204566,1.755592
0.044776,0.070400,1.876545
-0.290194,0.223809,1.876545
0.058766,-0.145932,1.538798
-0.260422,0.217177,1.501802
0.060635,-0.223761,1.753152
-0.121377,0.093112,1.937236
-0.127704,0.032373,1.877994
-0.194117,-0.032526,1.864947
-0.060880,-0.030733,1.862578
-0.209635,-0.409946,1.776185
-0.091454,-0.401487,1.798627
-0.176772,-0.755216,1.937101
-0.044563,-0.804828,1.710097
-0.181482,-0.808439,1.898086
-0.050361,-0.843005,1.623671
-0.158024,0.623792,1.916181
-0.129383,0.456309,1.946692
-0.290098,0.329915,1.939450
-0.003668,0.319617,1.896712
-0.447049,0.211256,1.738180
0.043309,0.071034,1.865728
-0.287259,0.239434,1.865728
0.056891,-0.145001,1.525359
-0.258402,0.235616,1.492863
0.058598,-0.222565,1.741421
-0.122770,0.093552,1.926497
-0.129001,0.032904,1.867228
-0.195204,-0.031611,1.853815
-0.062322,-0.030180,1.852146
-0.212080,-0.407492,1.762951
-0.092792,-0.400878,1.792909
-0.180968,-0.756387,1.924237
-0.046433,-0.804536,1.707732
-0.186075,-0.810893,1.882132
-0.052483,-0.843033,1.621690
-0.159497,0.624311,1.906329
-0.130632,0.456798,1.936957
-0.290561,0.331569,1.929152
-0.005132,0.320278,1.887730
-0.450727,0.217388,1.722526
0.041979,0.071600,1.855982
-0.284483,0.253836,1.855982
0.055208,-0.144163,1.513710
-0.256248,0.252691,1.485504
0.056767,-0.221497,1.730882
-0.124051,0.093982,1.916754
-0.130184,0.033415,1.857476
-0.196193,-0.030730,1.843683
-0.063633,-0.029667,1.842735
-0.214339,-0.405197,1.751467
-0.093899,-0.400331,1.787799
-0.184784,-0.757468,1.912645
-0.048215,-0.804210,1.706508
-0.190242,-0.813100,1.867705
-0.054472,-0.843049,1.620919
-0.160833,0.624811,1.897335
-0.131780,0.457247,1.928097
-0.290900,0.333224,1.919764
-0.006454,0.320889,1.879598
-0.453982,0.222980,1.708466
0.040772,0.072109,1.847194
-0.281831,0.267094,1.847194
0.053694,-0.143414,1.503733
-0.254114,0.268367,1.479633
0.055125,-0.220544,1.721396
-0.125226,0.094390,1.907927
-0.131265,0.033894,1.848651
-0.197094,-0.029898,1.834485
-0.064826,-0.029197,1.834235
-0.216450,-0.403037,1.741839
-0.094784,-0.399841,1.783274
-0.188236,-0.758459,1.902160
-0.049900,-0.803848,1.706299
-0.193997,-0.815096,1.854612
-0.056327,-0.843047,1.621201
-0.162041,0.625277,1.889141
-0.132830,0.457657,1.920044
-0.291155,0.334879,1.911192
-0.007651,0.321454,1.872236
-0.456849,0.228122,1.695795
0.039672,0.072590,1.839250
-0.279242,0.279368,1.839250
0.052334,-0.142743,1.495397
-0.251960,0.282748,1.475131
0.053650,-0.219692,1.712832
-0.126299,0.094769,1.899944
-0.132245,0.034332,1.840675
-0.197913,-0.029125,1.826120
-0.065903,-0.028776,1.826556
-0.218393,-0.401019,1.734015
-0.095452,-0.399411,1.779309
-0.191359,-0.759367,1.892675
-0.051485,-0.803460,1.706994
-0.197375,-0.816905,1.842743
-0.058034,-0.843032,1.622416
-0.163123,0.625713,1.881716
-0.133803,0.458035,1.912702
-0.291337,0.336537,1.903380
-0.008737,0.321970,1.865564
-0.459343,0.232893,1.684363
0.038662,0.073039,1.832052
-0.276679,0.290657,1.832052
0.051101,-0.142139,1.488577
-0.249659,0.295870,1.471887
0.052311,-0.218922,1.705091
-0.127281,0.095120,1.892712
-0.133138,0.034731,1.833456
-0.198659,-0.028411,1.818529
-0.066879,-0.028398,1.819599
-0.220183,-0.399142,1.727917
-0.095913,-0.399039,1.775879
-0.194186,-0.760199,1.884077
-0.052974,-0.803050,1.708484
-0.200418,-0.818545,1.831965
-0.059606,-0.842994,1.624445
-0.164106,0.626124,1.874966
-0.134688,0.458380,1.906036
-0.291466,0.338154,1.896267
-0.009724,0.322450,1.859510
-0.461500,0.237316,1.674085
0.037729,0.073461,1.825533
-0.274169,0.300971,1.825533
0.049969,-0.141587,1.483203
-0.247301,0.307743,1.469789
0.051081,-0.218217,1.698157
-0.128176,0.095439,1.886162
-0.133949,0.035092,1.826919
-0.199340,-0.027759,1.811647
-0.067769,-0.028050,1.813287
-0.221863,-0.397390,1.723434
-0.096188,-0.398724,1.772952
-0.196738,-0.760951,1.876286
-0.054367,-0.802621,1.710675
-0.203147,-0.820026,1.822190
-0.061048,-0.842930,1.627183
-0.165003,0.626507,1.868833
-0.135497,0.458694,1.899987
-0.291541,0.339720,1.889828
-0.010616,0.322902,1.854022
-0.463319,0.241424,1.664905
0.036841,0.073889,1.819664
-0.271714,0.310324,1.819664
0.048930,-0.141084,1.479189
-0.244951,0.318396,1.468729
0.049957,-0.217583,1.692036
-0.128991,0.095732,1.880224
-0.134687,0.035419,1.820990
-0.199962,-0.027163,1.805408
-0.068587,-0.027722,1.807575
-0.223398,-0.395774,1.720450
-0.096301,-0.398454,1.770491
-0.199049,-0.761636,1.869225
-0.055654,-0.802160,1.713454
-0.205610,-0.821361,1.813333
-0.062359,-0.842831,1.630510
-0.165820,0.626862,1.863270
-0.136237,0.458979,1.894497
-0.291575,0.341226,1.884009
-0.011419,0.323330,1.849053
-0.464811,0.245248,1.656783
0.036000,0.074313,1.814413
-0.269340,0.318729,1.814413
0.047972,-0.140635,1.476441
-0.242643,0.327870,1.468610
0.048943,-0.217022,1.686729
-0.129734,0.095999,1.874835
-0.135360,0.035717,1.815606
-0.200529,-0.026621,1.799754
-0.069343,-0.027408,1.802431
-0.224789,-0.394305,1.718830
-0.096270,-0.398232,1.768467
-0.201142,-0.762260,1.862822
-0.056843,-0.801682,1.716720
-0.207837,-0.822566,1.805307
-0.063553,-0.842701,1.634317
-0.166561,0.627182,1.858228
-0.136914,0.459238,1.889511
-0.291577,0.342675,1.878743
-0.012140,0.323746,1.844569
-0.465984,0.248801,1.649683
0.035198,0.074739,1.809759
-0.267051,0.326205,1.809759
0.047095,-0.140247,1.474848
-0.240394,0.336214,1.469336
0.048026,-0.216523,1.682214
-0.130416,0.096247,1.869943
-0.135975,0.035993,1.810720
-0.201045,-0.026129,1.794625
-0.070046,-0.027109,1.797828
-0.226040,-0.392977,1.718430
-0.096110,-0.398065,1.766845
-0.203039,-0.762831,1.857013
-0.057939,-0.801201,1.720377
-0.209849,-0.823654,1.798033
-0.064630,-0.842539,1.638497
-0.167237,0.627471,1.853651
-0.137534,0.459474,1.884985
-0.291559,0.344066,1.873978
-0.012789,0.324148,1.840532
-0.466895,0.252076,1.643500
0.034426,0.075162,1.805668
-0.264845,0.332779,1.805668
0.046290,-0.139912,1.474292
-0.238220,0.343476,1.470808
0.047205,-0.216085,1.678441
-0.131045,0.096481,1.865506
-0.136540,0.036253,1.806292
-0.201517,-0.025682,1.789967
-0.070702,-0.026823,1.793737
-0.227170,-0.391804,1.719088
-0.095841,-0.397941,1.765591
-0.204758,-0.763360,1.851743
-0.058945,-0.800706,1.724342
-0.211674,-0.824638,1.791438
-0.065592,-0.842346,1.642963
-0.167854,0.627737,1.849492
-0.138100,0.459689,1.880876
-0.291523,0.345422,1.869682
-0.013370,0.324541,1.836916
-0.467555,0.255093,1.638188
0.033668,0.075591,1.802115
-0.262729,0.338494,1.802115
0.045546,-0.139630,1.474659
-0.236130,0.349715,1.472925
0.046473,-0.215707,1.675369
-0.131631,0.096706,1.861492
-0.137061,0.036501,1.802295
-0.201948,-0.025269,1.785738
-0.071318,-0.026547,1.790129
-0.228193,-0.390788,1.720652
-0.095490,-0.397847,1.764661
-0.206311,-0.763856,1.846967
-0.059874,-0.800187,1.728549
-0.213326,-0.825527,1.785451
-0.066460,-0.842113,1.647648
-0.168416,0.627977,1.845713
-0.138616,0.459885,1.877142
-0.291470,0.346719,1.865814
-0.013884,0.324932,1.833705
-0.467974,0.257858,1.633719
0.032926,0.076026,1.799073
-0.260716,0.343395,1.799073
0.044854,-0.139395,1.475843
-0.234148,0.355009,1.475588
0.045826,-0.215379,1.672948
-0.132180,0.096924,1.857871
-0.137544,0.036739,1.798700
-0.202343,-0.024887,1.781901
-0.071899,-0.026283,1.786982
-0.229119,-0.389917,1.722963
-0.095056,-0.397791,1.764037
-0.207710,-0.764324,1.842648
-0.060746,-0.799662,1.732931
-0.214820,-0.826332,1.780013
-0.067251,-0.841847,1.652478
-0.168928,0.628197,1.842278
-0.139087,0.460064,1.873748
-0.291403,0.347976,1.862348
-0.014345,0.325311,1.830850
-0.468181,0.260389,1.630040
0.032184,0.076467,1.796501
-0.258818,0.347536,1.796501
0.044202,-0.139203,1.477724
-0.232299,0.359429,1.478699
0.045251,-0.215109,1.671121
-0.132696,0.097136,1.854614
-0.137995,0.036969,1.795477
-0.202707,-0.024530,1.778425
-0.072452,-0.026030,1.784255
-0.229968,-0.389163,1.725867
-0.094562,-0.397759,1.763674
-0.208965,-0.764763,1.838750
-0.061544,-0.799122,1.737411
-0.216165,-0.827058,1.775076
-0.067962,-0.841547,1.657378
-0.169394,0.628397,1.839155
-0.139518,0.460228,1.870665
-0.291325,0.349181,1.859235
-0.014773,0.325671,1.828308
-0.468198,0.262698,1.627097
0.031443,0.076923,1.794360
-0.257037,0.350969,1.794360
0.043580,-0.139065,1.480191
-0.230587,0.363054,1.482156
0.044727,-0.214894,1.669820
-0.133183,0.097339,1.851692
-0.138418,0.037184,1.792596
-0.203044,-0.024197,1.775280
-0.072987,-0.025796,1.781908
-0.230731,-0.388530,1.729235
-0.094024,-0.397747,1.763536
-0.210086,-0.765181,1.835248
-0.062297,-0.798567,1.741942
-0.217367,-0.827711,1.770599
-0.068622,-0.841226,1.662301
-0.169818,0.628584,1.836318
-0.139916,0.460379,1.867867
-0.291235,0.350345,1.856461
-0.015161,0.326023,1.826072
-0.468037,0.264792,1.624852
0.030714,0.077388,1.792617
-0.255383,0.353757,1.792617
0.042977,-0.138954,1.483131
-0.229013,0.365970,1.485864
0.044250,-0.214724,1.668967
-0.133645,0.097535,1.849081
-0.138817,0.037389,1.790033
-0.203356,-0.023885,1.772444
-0.073503,-0.025575,1.779913
-0.231418,-0.388020,1.732946
-0.093456,-0.397761,1.763600
-0.211080,-0.765579,1.832117
-0.062999,-0.798013,1.746465
-0.218435,-0.828292,1.766551
-0.069227,-0.840881,1.667184
-0.170204,0.628760,1.833745
-0.140285,0.460520,1.865333
-0.291133,0.351478,1.853996
-0.015518,0.326366,1.824113
-0.467724,0.266687,1.623222
0.029981,0.077719,1.791143
-0.253851,0.355976,1.791143
0.042374,-0.138878,1.486424
-0.227569,0.368227,1.489761
0.043791,-0.214629,1.668510
-0.134088,0.097726,1.846754
-0.139197,0.037586,1.787758
-0.203649,-0.023590,1.769888
-0.074008,-0.025363,1.778231
-0.232040,-0.387606,1.736868
-0.092875,-0.397786,1.763822
-0.211958,-0.765956,1.829328
-0.063634,-0.797448,1.750948
-0.219375,-0.828804,1.762900
-0.069761,-0.840505,1.671997
-0.170555,0.628924,1.831413
-0.140631,0.460651,1.863042
-0.291025,0.352566,1.851807
-0.015856,0.326699,1.822397
-0.467280,0.268396,1.622095
0.029244,0.078056,1.789993
-0.252428,0.357677,1.789993
0.041793,-0.138829,1.489975
-0.226287,0.369905,1.493767
0.043378,-0.214576,1.668435
-0.134512,0.097909,1.844687
-0.139558,0.037771,1.785748
-0.203922,-0.023313,1.767591
-0.074502,-0.025165,1.776834
-0.232599,-0.387266,1.740898
-0.092278,-0.397825,1.764184
-0.212731,-0.766309,1.826855
-0.064220,-0.796880,1.755351
-0.220200,-0.829248,1.759619
-0.070247,-0.840108,1.676701
-0.170874,0.629078,1.829304
-0.140953,0.460773,1.860975
-0.290913,0.353606,1.849861
-0.016164,0.327024,1.820925
-0.466747,0.269933,1.621378
0.028513,0.078411,1.789133
-0.251148,0.358959,1.789133
0.041238,-0.138808,1.493665
-0.225183,0.371138,1.497772
0.042991,-0.214569,1.668649
-0.134920,0.098088,1.842864
-0.139902,0.037950,1.783986
-0.204178,-0.023051,1.765531
-0.074978,-0.024974,1.775706
-0.233123,-0.386944,1.744937
-0.091677,-0.397861,1.764641
-0.213402,-0.766627,1.824676
-0.064759,-0.796294,1.759662
-0.220905,-0.829620,1.756688
-0.070677,-0.839682,1.681287
-0.171168,0.629220,1.827391
-0.141259,0.460885,1.859110
-0.290798,0.354606,1.848147
-0.016459,0.327343,1.819654
-0.466140,0.271306,1.620984
0.027781,0.078781,1.788507
-0.250020,0.359886,1.788507
0.040708,-0.138813,1.497413
-0.224213,0.371920,1.501763
0.042619,-0.214588,1.669073
-0.135313,0.098259,1.841252
-0.140232,0.038118,1.782437
-0.204417,-0.022805,1.763682
-0.075443,-0.024793,1.774798
-0.233603,-0.386698,1.748956
-0.091079,-0.397902,1.765176
-0.213983,-0.766925,1.822771
-0.065254,-0.795705,1.763849
-0.221508,-0.829927,1.754078
-0.071068,-0.839235,1.685721
-0.171438,0.629354,1.825664
-0.141550,0.460989,1.857433
-0.290683,0.355571,1.846641
-0.016734,0.327638,1.818560
-0.465474,0.272521,1.620932
0.027072,0.079037,1.788031
-0.249027,0.360499,1.788031
0.040194,-0.138832,1.501171
-0.223360,0.372310,1.505703
0.042267,-0.214629,1.669639
-0.135692,0.098423,1.839836
-0.140547,0.038278,1.781085
-0.204643,-0.022574,1.762021
-0.075895,-0.024624,1.774095
-0.234035,-0.386505,1.752907
-0.090488,-0.397954,1.765783
-0.214484,-0.767200,1.821111
-0.065710,-0.795124,1.767890
-0.222021,-0.830173,1.751760
-0.071419,-0.838775,1.689985
-0.171684,0.629482,1.824108
-0.141825,0.461084,1.855925
-0.290567,0.356484,1.845307
-0.016993,0.327919,1.817635
-0.464750,0.273584,1.621192
0.026386,0.079233,1.787715
-0.248162,0.360820,1.787715
0.039697,-0.138850,1.504906
-0.222686,0.372421,1.509506
0.041943,-0.214701,1.670378
-0.136061,0.098578,1.838594
-0.140850,0.038426,1.779909
-0.204856,-0.022359,1.760535
-0.076336,-0.024470,1.773568
-0.234420,-0.386357,1.756756
-0.089904,-0.398020,1.766446
-0.214911,-0.767453,1.819682
-0.066128,-0.794557,1.771777
-0.222444,-0.830359,1.749717
-0.071730,-0.838307,1.694068
-0.171911,0.629600,1.822706
-0.142087,0.461170,1.854575
-0.290451,0.357352,1.844137
-0.017234,0.328180,1.816859
-0.463975,0.274506,1.621737
0.025720,0.079438,1.787546
-0.247371,0.360874,1.787546
0.039215,-0.138868,1.508566
-0.222106,0.372249,1.513173
0.041642,-0.214793,1.671204
-0.136418,0.098722,1.837513
-0.141143,0.038562,1.778893
-0.205059,-0.022159,1.759208
-0.076767,-0.024331,1.773194
-0.234764,-0.386263,1.760474
-0.089333,-0.398093,1.767150
-0.215269,-0.767689,1.818462
-0.066520,-0.794000,1.775499
-0.222788,-0.830490,1.747926
-0.072015,-0.837836,1.697965
-0.172120,0.629710,1.821442
-0.142336,0.461249,1.853370
-0.290335,0.358175,1.843112
-0.017461,0.328430,1.816223
-0.463170,0.275294,1.622523
0.025083,0.079592,1.787495
-0.246652,0.360675,1.787495
0.038754,-0.138890,1.512135
-0.221640,0.371849,1.516689
0.041366,-0.214905,1.672135
-0.136766,0.098856,1.836578
-0.141425,0.038686,1.778023
-0.205251,-0.021973,1.758025
-0.077187,-0.024208,1.772958
-0.235070,-0.386208,1.764042
-0.088775,-0.398170,1.767886
-0.215566,-0.767904,1.817432
-0.066879,-0.793451,1.779057
-0.223058,-0.830569,1.746364
-0.072268,-0.837362,1.701678
-0.172311,0.629814,1.820309
-0.142577,0.461320,1.852299
-0.290223,0.358953,1.842219
-0.017676,0.328668,1.815710
-0.462338,0.275959,1.623508
0.024478,0.079740,1.787560
-0.245995,0.360270,1.787560
0.038308,-0.138911,1.515581
-0.221241,0.371227,1.520039
0.041110,-0.215035,1.673132
-0.137105,0.098981,1.835778
-0.141698,0.038799,1.777288
-0.205433,-0.021800,1.756980
-0.077596,-0.024097,1.772840
-0.235343,-0.386192,1.767442
-0.088235,-0.398245,1.768636
-0.215804,-0.768103,1.816585
-0.067207,-0.792907,1.782451
-0.223258,-0.830595,1.745024
-0.072491,-0.836883,1.705209
-0.172493,0.629911,1.819283
-0.142808,0.461384,1.851352
-0.290112,0.359687,1.841445
-0.017880,0.328896,1.815312
-0.461491,0.276513,1.624666
0.023897,0.079847,1.787717
-0.244847,0.359514,1.787717
0.037885,-0.138933,1.518837
-0.220922,0.370417,1.523225
0.040878,-0.215167,1.674174
-0.137435,0.099098,1.835103
-0.141963,0.038904,1.776676
-0.205608,-0.021639,1.756058
-0.077995,-0.023997,1.772835
-0.235587,-0.386204,1.770662
-0.087711,-0.398317,1.769393
-0.215987,-0.768283,1.815907
-0.067512,-0.792370,1.785672
-0.223391,-0.830568,1.743889
-0.072693,-0.836401,1.708551
-0.172661,0.629998,1.818355
-0.143032,0.461440,1.850515
-0.290002,0.360386,1.840789
-0.018073,0.329115,1.815021
-0.460637,0.276965,1.625962
0.023336,0.079966,1.787967
-0.243842,0.358629,1.787967
0.037479,-0.138952,1.521938
-0.220665,0.369446,1.526246
0.040667,-0.215291,1.675214
-0.137758,0.099206,1.834539
-0.142219,0.038998,1.776178
-0.205776,-0.021488,1.755251
-0.078383,-0.023908,1.772927
-0.235799,-0.386245,1.773698
-0.087206,-0.398386,1.770153
-0.216122,-0.768446,1.815384
-0.067795,-0.791841,1.788719
-0.223467,-0.830494,1.742943
-0.072877,-0.835922,1.711705
-0.172816,0.630077,1.817518
-0.143247,0.461489,1.849783
-0.289892,0.361050,1.840242
-0.018255,0.329327,1.814828
-0.459784,0.277325,1.627370
0.022797,0.080091,1.788291
-0.242730,0.357574,1.788291
0.037093,-0.138970,1.524899
-0.220486,0.368389,1.529083
0.040472,-0.215408,1.676257
-0.138071,0.099308,1.834081
-0.142467,0.039085,1.775784
-0.205935,-0.021348,1.754550
-0.078759,-0.023829,1.773111
-0.235984,-0.386304,1.776557
-0.086722,-0.398447,1.770907
-0.216215,-0.768590,1.814997
-0.068054,-0.791316,1.791604
-0.223493,-0.830373,1.742166
-0.073039,-0.835442,1.714683
-0.172960,0.630146,1.816757
-0.143459,0.461533,1.849145
-0.289784,0.361681,1.839791
-0.018430,0.329531,1.814725
-0.458946,0.277596,1.628848
0.022281,0.080222,1.788690
-0.241586,0.356402,1.788690
0.036725,-0.138991,1.527707
-0.220346,0.367232,1.531745
0.040294,-0.215525,1.677295
-0.138376,0.099403,1.833718
-0.142707,0.039164,1.775487
-0.206089,-0.021216,1.753946
-0.079122,-0.023758,1.773375
-0.236146,-0.386382,1.779242
-0.086256,-0.398507,1.771659
-0.216268,-0.768719,1.814737
-0.068291,-0.790803,1.794326
-0.223471,-0.830208,1.741547
-0.073184,-0.834965,1.717487
-0.173092,0.630205,1.816063
-0.143668,0.461569,1.848592
-0.289676,0.362281,1.839431
-0.018596,0.329728,1.814698
-0.458124,0.277791,1.630376
0.021795,0.080288,1.789135
-0.240608,0.355209,1.789135
0.036377,-0.139011,1.530354
-0.218446,0.365826,1.533579
0.040131,-0.215636,1.678314
-0.138673,0.099491,1.833440
-0.142940,0.039234,1.775275
-0.206236,-0.021093,1.753432
-0.079474,-0.023696,1.773705
-0.236283,-0.386475,1.781753
-0.085809,-0.398565,1.772404
-0.216285,-0.768832,1.814593
-0.068508,-0.790303,1.796893
-0.223407,-0.830003,1.741073
-0.073313,-0.834492,1.720124
-0.173217,0.630258,1.815430
-0.143875,0.461598,1.848118
-0.289572,0.362851,1.839155
-0.018758,0.329919,1.814742
-0.457324,0.277921,1.631932
0.021325,0.080391,1.789641
-0.239561,0.353926,1.789641
0.036045,-0.139029,1.532858
-0.215998,0.364230,1.535116
0.039981,-0.215740,1.679319
-0.138963,0.099573,1.833242
-0.143166,0.039299,1.775142
-0.206378,-0.020977,1.753001
-0.079813,-0.023642,1.774097
-0.236402,-0.386577,1.784098
-0.085380,-0.398622,1.773140
-0.216270,-0.768928,1.814550
-0.068710,-0.789816,1.799308
-0.223305,-0.829759,1.740729
-0.073432,-0.834023,1.722599
-0.173334,0.630303,1.814859
-0.144078,0.461621,1.847717
-0.289473,0.363394,1.838954
-0.018911,0.330100,1.814848
-0.456547,0.277993,1.633509
0.020873,0.080499,1.790195
-0.238708,0.352672,1.790195
0.035730,-0.139041,1.535194
-0.215458,0.362896,1.537061
0.039843,-0.215835,1.680312
-0.139245,0.099650,1.833116
-0.143385,0.039358,1.775081
-0.206516,-0.020869,1.752647
-0.080140,-0.023594,1.774540
-0.236506,-0.386688,1.786284
-0.084967,-0.398674,1.773860
-0.216227,-0.769009,1.814597
-0.068897,-0.789338,1.801579
-0.223171,-0.829479,1.740502
-0.073541,-0.833558,1.724922
-0.173444,0.630343,1.814343
-0.144281,0.461637,1.847377
-0.289380,0.363910,1.838819
-0.019057,0.330274,1.815008
-0.455797,0.278013,1.635097
0.020435,0.080609,1.790792
-0.237788,0.351351,1.790792
0.035433,-0.139053,1.537399
-0.215014,0.361534,1.538882
0.039716,-0.215925,1.681293
-0.139522,0.099723,1.833053
-0.143599,0.039413,1.775085
-0.206650,-0.020767,1.752364
-0.080455,-0.023552,1.775026
-0.236599,-0.386791,1.788307
-0.084571,-0.398719,1.774562
-0.216160,-0.769066,1.814720
-0.069070,-0.788868,1.803715
-0.223005,-0.829165,1.740380
-0.073638,-0.833097,1.727103
-0.173548,0.630376,1.813877
-0.144485,0.461649,1.847095
-0.289294,0.364402,1.838742
-0.019195,0.330442,1.815219
-0.455078,0.277988,1.636672
0.020011,0.080726,1.791430
-0.236986,0.350049,1.791430
0.035153,-0.139064,1.539460
-0.214650,0.360149,1.540586
0.039599,-0.216010,1.682263
-0.139795,0.099794,1.833049
-0.143809,0.039465,1.775145
-0.206783,-0.020670,1.752145
-0.080759,-0.023515,1.775546
-0.236684,-0.386879,1.790172
-0.084192,-0.398761,1.775248
-0.216069,-0.769093,1.814916
-0.069230,-0.788411,1.805719
-0.222808,-0.828815,1.740358
-0.073726,-0.832641,1.729145
-0.173650,0.630405,1.813456
-0.144700,0.461655,1.846866
-0.289219,0.364868,1.838713
-0.019334,0.330608,1.815470
-0.454402,0.277927,1.638198
0.019605,0.080841,1.792094
-0.236138,0.348698,1.792094
0.034889,-0.139075,1.541391
-0.214360,0.358756,1.542178
0.039491,-0.216090,1.683216
-0.140066,0.099860,1.833096
-0.144017,0.039511,1.775257
-0.206913,-0.020581,1.751983
-0.081054,-0.023483,1.776097
-0.236759,-0.386970,1.791898
-0.083831,-0.398803,1.775917
-0.215959,-0.769104,1.815174
-0.069378,-0.787968,1.807598
-0.222589,-0.828439,1.740422
-0.073806,-0.832192,1.731057
-0.173750,0.630428,1.813077
-0.144920,0.461655,1.846684
-0.289149,0.365304,1.838720
-0.019472,0.330769,1.815755
-0.453896,0.277917,1.639240
0.019213,0.080959,1.792783
-0.235294,0.347348,1.792783
0.034640,-0.139083,1.543187
-0.212042,0.357064,1.543221
0.039389,-0.216163,1.684151
-0.140335,0.099921,1.833188
-0.144222,0.039551,1.775413
-0.207042,-0.020499,1.751875
-0.081341,-0.023457,1.776670
-0.236830,-0.387051,1.793487
-0.083487,-0.398842,1.776567
-0.215826,-0.769091,1.815489
-0.069515,-0.787537,1.809357
-0.222340,-0.828033,1.740565
-0.073878,-0.831750,1.732843
-0.173847,0.630447,1.812737
-0.145153,0.461650,1.846545
-0.289095,0.365700,1.838735
-0.019607,0.330925,1.816069
-0.453417,0.277872,1.640263
0.018833,0.081081,1.793491
-0.234564,0.346057,1.793491
0.034402,-0.139087,1.544839
-0.211541,0.355636,1.544524
0.039294,-0.216225,1.685067
-0.140606,0.099978,1.833319
-0.144424,0.039586,1.775606
-0.207169,-0.020423,1.751813
-0.081618,-0.023436,1.777258
-0.236897,-0.387128,1.794948
-0.083154,-0.398871,1.777197
-0.215678,-0.769058,1.815850
-0.069643,-0.787113,1.811005
-0.222068,-0.827601,1.740779
-0.073940,-0.831313,1.734514
-0.173951,0.630461,1.812430
-0.145394,0.461639,1.846444
-0.289452,0.364049,1.838199
-0.019745,0.331079,1.816408
-0.453061,0.277801,1.641164
0.018468,0.081202,1.794210
-0.233826,0.344779,1.794210
0.034178,-0.139088,1.546367
-0.211146,0.354234,1.545737
0.039204,-0.216279,1.685962
-0.140907,0.100015,1.833490
-0.144617,0.039598,1.775824
-0.207296,-0.020399,1.751784
-0.081868,-0.023436,1.777847
-0.236957,-0.387202,1.796293
-0.082836,-0.398898,1.777807
-0.215516,-0.769010,1.816249
-0.069762,-0.786700,1.812549
-0.221718,-0.827197,1.741064
-0.073958,-0.830894,1.736080
-0.174057,0.630469,1.812156
-0.145646,0.461624,1.846376
-0.289520,0.364038,1.838121
-0.019901,0.331228,1.816764
-0.452652,0.277702,1.642194
0.018104,0.081326,1.794942
-0.233109,0.343523,1.794942
0.033952,-0.139083,1.547782
-0.210845,0.352862,1.546865
0.039119,-0.216322,1.686836
-0.141191,0.100048,1.833683
-0.144814,0.039605,1.776069
-0.207427,-0.020381,1.751790
-0.082122,-0.023442,1.778445
-0.237013,-0.387269,1.797526
-0.082535,-0.398926,1.778399
-0.215343,-0.768942,1.816683
-0.069871,-0.786301,1.813993
-0.221392,-0.826781,1.741390
-0.073991,-0.830484,1.737538
-0.174174,0.630471,1.811909
-0.145915,0.461605,1.846340
-0.289597,0.364039,1.838071
-0.020083,0.331391,1.817151
-0.452278,0.277587,1.643206
0.017742,0.081453,1.795687
-0.232423,0.342299,1.795687
0.033731,-0.139080,1.549087
-0.210644,0.351514,1.547913
0.039034,-0.216360,1.687685
-0.141481,0.100078,1.833903
-0.145016,0.039608,1.776340
-0.207563,-0.020369,1.751828
-0.082376,-0.023448,1.779051
-0.237065,-0.387333,1.798655
-0.082254,-0.398963,1.778970
-0.215171,-0.768864,1.817138
-0.069972,-0.785924,1.815343
-0.221068,-0.826353,1.741750
-0.074019,-0.830077,1.738902
-0.174296,0.630469,1.811688
-0.146199,0.461581,1.846332
-0.289677,0.364052,1.838048
-0.020279,0.331557,1.817561
-0.451934,0.277458,1.644205
0.017372,0.081585,1.796439
-0.231757,0.341100,1.796439
0.033515,-0.139076,1.550282
-0.210519,0.350202,1.548879
0.038953,-0.216392,1.688509
-0.141786,0.100104,1.834146
-0.145232,0.039608,1.776631
-0.207707,-0.020359,1.751894
-0.082652,-0.023456,1.779663
-0.237113,-0.387394,1.799690
-0.081995,-0.399009,1.779521
-0.214996,-0.768773,1.817610
-0.070063,-0.785569,1.816604
-0.220739,-0.825912,1.742144
-0.074038,-0.829676,1.740175
-0.174427,0.630463,1.811494
-0.146504,0.461550,1.846353
-0.289769,0.364076,1.838054
-0.020487,0.331711,1.817980
-0.451630,0.277318,1.645154
0.016982,0.081714,1.797200
-0.231115,0.339924,1.797200
0.033298,-0.139075,1.551373
-0.210467,0.348922,1.549768
0.038876,-0.216420,1.689296
-0.142112,0.100125,1.834413
-0.145469,0.039602,1.776942
-0.207871,-0.020355,1.751988
-0.082946,-0.023473,1.780276
-0.237160,-0.387448,1.800634
-0.081755,-0.399061,1.780052
-0.214816,-0.768665,1.818102
-0.070146,-0.785231,1.817781
-0.220406,-0.825456,1.742570
-0.074053,-0.829283,1.741363
-0.174570,0.630451,1.811320
-0.146841,0.461516,1.846395
-0.289879,0.364110,1.838085
-0.020714,0.331865,1.818411
-0.451367,0.277164,1.646094
0.016579,0.081836,1.797961
-0.230686,0.338830,1.797961
0.033076,-0.139079,1.552352
-0.210485,0.347670,1.550582
0.038784,-0.216448,1.690055
-0.142468,0.100147,1.834697
-0.145734,0.039598,1.777270
-0.208063,-0.020350,1.752102
-0.083264,-0.023489,1.780893
-0.237210,-0.387495,1.801491
-0.081537,-0.399096,1.780540
-0.214631,-0.768535,1.818610
-0.070227,-0.784889,1.818884
-0.220066,-0.824977,1.743025
-0.074068,-0.828889,1.742475
-0.174742,0.630437,1.811168
-0.147215,0.461478,1.846455
-0.290008,0.364155,1.838138
-0.020970,0.332019,1.818855
-0.451142,0.277000,1.646994
0.016143,0.081869,1.798700
-0.230335,0.337768,1.798700
0.032849,-0.139087,1.553238
-0.210640,0.346413,1.551315
0.038669,-0.216477,1.690791
-0.142855,0.100168,1.834999
-0.146026,0.039594,1.777611
-0.208278,-0.020347,1.752235
-0.083607,-0.023508,1.781514
-0.237267,-0.387532,1.802268
-0.081338,-0.399129,1.780999
-0.214437,-0.768375,1.819130
-0.070310,-0.784559,1.819908
-0.219714,-0.824476,1.743506
-0.074089,-0.828503,1.743506
-0.174944,0.630419,1.811038
-0.147649,0.461429,1.846529
-0.290163,0.364206,1.838207
-0.021246,0.332167,1.819303
-0.450964,0.276828,1.647815
0.015690,0.081890,1.799432
-0.230093,0.336723,1.799432
0.032604,-0.139094,1.554029
-0.210918,0.345152,1.551971
0.038526,-0.216500,1.691507
-0.143289,0.100189,1.835314
-0.146361,0.039589,1.777965
-0.208533,-0.020343,1.752393
-0.083991,-0.023529,1.782122
-0.237333,-0.387561,1.802975
-0.081157,-0.399161,1.781428
-0.214293,-0.765400,1.820007
-0.070395,-0.784241,1.820858
-0.219290,-0.819678,1.744317
-0.074114,-0.828121,1.744463
-0.175181,0.630397,1.810926
-0.148131,0.461376,1.846617
-0.290347,0.364261,1.838289
-0.021552,0.332307,1.819754
-0.451020,0.276599,1.648342
0.015210,0.081863,1.800156
-0.229956,0.335688,1.800156
0.032333,-0.139095,1.554732
-0.210881,0.344319,1.552526
0.038356,-0.216514,1.692201
-0.143768,0.100209,1.835642
-0.146733,0.039583,1.778330
-0.208824,-0.020340,1.752574
-0.084409,-0.023553,1.782722
-0.237404,-0.387586,1.803616
-0.081002,-0.399211,1.781821
-0.214181,-0.762083,1.820888
-0.070475,-0.783953,1.821740
-0.218890,-0.814440,1.745120
-0.074138,-0.827742,1.745353
-0.175452,0.630369,1.810829
-0.148671,0.461316,1.846716
-0.290558,0.364319,1.838380
-0.021917,0.332461,1.820230
-0.451075,0.276367,1.648870
0.014666,0.081868,1.800888
-0.229930,0.334658,1.800888
0.032043,-0.139097,1.555351
-0.210834,0.343543,1.553023
0.038146,-0.216525,1.692878
-0.144301,0.100231,1.835981
-0.147152,0.039580,1.778704
-0.209155,-0.020333,1.752776
-0.084877,-0.023572,1.783315
-0.237478,-0.387606,1.804196
-0.080887,-0.399276,1.782187
-0.214106,-0.758493,1.821750
-0.070548,-0.783676,1.822558
-0.218523,-0.808884,1.745892
-0.074154,-0.827361,1.746181
-0.175769,0.630339,1.810745
-0.149276,0.461249,1.846820
-0.290798,0.364374,1.838476
-0.022331,0.332620,1.820721
-0.451212,0.276101,1.649258
0.014071,0.081831,1.801600
-0.229984,0.333640,1.801600
0.031728,-0.139100,1.555893
-0.210797,0.342852,1.553444
0.037892,-0.216532,1.693534
-0.144903,0.100250,1.836328
-0.147632,0.039574,1.779085
-0.209542,-0.020326,1.752997
-0.085408,-0.023593,1.783897
-0.237558,-0.387625,1.804720
-0.080812,-0.399361,1.782529
-0.214050,-0.754716,1.822583
-0.070623,-0.783410,1.823311
-0.218169,-0.803146,1.746622
-0.074176,-0.826983,1.746943
-0.176137,0.630306,1.810674
-0.149987,0.461171,1.846925
-0.291115,0.364429,1.838579
-0.022796,0.332765,1.821205
-0.451421,0.275803,1.649513
0.013395,0.081817,1.802308
-0.230134,0.332621,1.802308
0.031363,-0.139104,1.556349
-0.210773,0.342231,1.553755
0.037483,-0.216542,1.694215
-0.145588,0.100265,1.836680
-0.148182,0.039563,1.779472
-0.210007,-0.020325,1.753235
-0.085992,-0.023620,1.784467
-0.237637,-0.387662,1.805184
-0.081384,-0.399803,1.782857
-0.214054,-0.750764,1.823342
-0.070653,-0.783131,1.823999
-0.217884,-0.797261,1.747265
-0.074139,-0.826565,1.747642
-0.176564,0.630269,1.810609
-0.150803,0.461081,1.847026
-0.291519,0.364483,1.838690
-0.023327,0.332898,1.821684
-0.451702,0.275478,1.649661
0.012614,0.081827,1.803011
-0.230357,0.331606,1.803011
0.030949,-0.139115,1.556725
-0.210791,0.341702,1.553952
0.036965,-0.216558,1.694894
-0.146403,0.100273,1.837038
-0.148858,0.039544,1.779868
-0.210609,-0.020331,1.753498
-0.086698,-0.023659,1.785030
-0.237730,-0.387742,1.805579
-0.082120,-0.400342,1.783144
-0.213967,-0.748875,1.823972
-0.070697,-0.782883,1.824605
-0.217610,-0.794243,1.747804
-0.074125,-0.826179,1.748253
-0.177107,0.630219,1.810529
-0.151782,0.460978,1.847102
-0.291995,0.364522,1.838784
-0.023989,0.333029,1.822152
-0.452069,0.275127,1.649744
0.011712,0.081859,1.803699
-0.230668,0.330575,1.803699
0.030443,-0.139124,1.557006
-0.212260,0.341465,1.553325
0.036257,-0.216566,1.695584
-0.147358,0.100266,1.837395
-0.149665,0.039506,1.780268
-0.211326,-0.020351,1.753783
-0.087537,-0.023709,1.785580
-0.237849,-0.387907,1.805879
-0.084326,-0.401731,1.783076
-0.213910,-0.747179,1.824556
-0.070741,-0.782593,1.825114
-0.217380,-0.791511,1.748291
-0.074110,-0.825712,1.748739
-0.177800,0.630154,1.810420
-0.152911,0.460852,1.847141
-0.293816,0.363485,1.838324
-0.024740,0.333146,1.822604
-0.452535,0.274735,1.649720
0.010670,0.081906,1.804365
-0.231084,0.329498,1.804365
0.029844,-0.139145,1.557189
-0.212030,0.340635,1.552888
0.035420,-0.216590,1.696262
-0.148521,0.100235,1.837747
-0.150595,0.039441,1.780663
-0.212276,-0.020447,1.754093
-0.088448,-0.023785,1.786104
-0.238028,-0.388160,1.806106
-0.086948,-0.403332,1.782809
-0.213850,-0.745681,1.825126
-0.070807,-0.782295,1.825459
-0.217144,-0.789048,1.748764
-0.074093,-0.825233,1.749029
-0.178631,0.630076,1.810274
-0.154179,0.460711,1.847151
-0.295791,0.362304,1.837766
-0.025602,0.333246,1.823027
-0.453092,0.274312,1.649596
0.009459,0.081840,1.804969
-0.231665,0.328320,1.804969
0.029134,-0.139180,1.557243
-0.213394,0.340436,1.552090
0.034356,-0.216624,1.696912
-0.149821,0.100173,1.838089
-0.151647,0.039342,1.781053
-0.213362,-0.020591,1.754416
-0.089449,-0.023890,1.786605
-0.238298,-0.388567,1.806245
-0.090259,-0.405065,1.782134
-0.213788,-0.744352,1.825673
-0.070883,-0.781940,1.825598
-0.216917,-0.786826,1.749213
-0.074071,-0.824673,1.749088
-0.179590,0.629981,1.810086
-0.155564,0.460552,1.847118
-0.297889,0.361098,1.837155
-0.026547,0.333333,1.823417
-0.453887,0.273796,1.649172
0.008155,0.081736,1.805540
-0.232472,0.326991,1.805540
0.028336,-0.139226,1.557153
-0.214237,0.340109,1.551356
0.033218,-0.216669,1.697522
-0.151239,0.100106,1.838418
-0.152811,0.039234,1.781437
-0.214600,-0.020759,1.754764
-0.090527,-0.024005,1.787080
-0.238616,-0.388864,1.806298
-0.094145,-0.406795,1.780999
-0.213732,-0.743151,1.826176
-0.070970,-0.781471,1.825259
-0.216705,-0.784815,1.749629
-0.074031,-0.823959,1.748631
-0.180711,0.629881,1.809826
-0.157126,0.460378,1.846993
-0.300146,0.359904,1.836449
-0.027635,0.333402,1.823729
-0.454756,0.273167,1.648443
0.006748,0.081591,1.806047
-0.233415,0.325345,1.806047
0.027393,-0.139291,1.556733
-0.215845,0.339109,1.549089
0.032033,-0.216737,1.698095
-0.152795,0.100043,1.838712
-0.154107,0.039124,1.781798
-0.215986,-0.020942,1.755123
-0.091712,-0.024126,1.787505
-0.239071,-0.389315,1.806222
-0.099406,-0.407998,1.778054
-0.213689,-0.742085,1.826636
-0.071062,-0.780538,1.823424
-0.216519,-0.782993,1.750000
-0.073945,-0.822688,1.746606
-0.182005,0.629761,1.809472
-0.158849,0.460182,1.846765
-0.302541,0.358812,1.835621
-0.028811,0.333458,1.823979
-0.455751,0.272331,1.647458
0.005260,0.081503,1.806493
-0.234484,0.323253,1.806493
0.026364,-0.139348,1.555927
-0.218293,0.338057,1.546561
0.030806,-0.216797,1.698635
-0.154494,0.099998,1.838963
-0.155525,0.039029,1.782128
-0.217516,-0.021124,1.755486
-0.092987,-0.024239,1.787877
-0.239637,-0.389647,1.806012
-0.104904,-0.409060,1.774677
-0.213657,-0.741096,1.827039
-0.071199,-0.779458,1.820874
-0.216351,-0.781338,1.750332
-0.073874,-0.821245,1.743847
-0.183570,0.629622,1.808931
-0.160833,0.459972,1.846305
-0.305155,0.357869,1.834580
-0.030157,0.333511,1.824088
-0.456898,0.271043,1.646002
0.003655,0.081474,1.806847
-0.236110,0.319723,1.806847
0.025254,-0.139383,1.553677
-0.221083,0.334374,1.543659
0.029475,-0.216833,1.699115
-0.156346,0.099998,1.839128
-0.157071,0.038967,1.782394
-0.219164,-0.021289,1.755828
-0.094367,-0.024324,1.788162
-0.240348,-0.389941,1.805603
-0.110985,-0.409708,1.770320
-0.213642,-0.740192,1.827384
-0.071634,-0.777743,1.814287
-0.216209,-0.779835,1.750618
-0.074017,-0.819069,1.736997
-0.185407,0.629469,1.808169
-0.163039,0.459752,1.845634
-0.307920,0.356954,1.833306
-0.031657,0.333562,1.824052
-0.458128,0.269288,1.644151
0.001973,0.081487,1.807099
-0.238452,0.315468,1.807099
0.024087,-0.139394,1.550510
-0.224263,0.329906,1.540150
0.028115,-0.216845,1.699548
-0.158308,0.100025,1.839210
-0.158699,0.038922,1.782597
-0.220884,-0.021447,1.756143
-0.095813,-0.024392,1.788373
-0.241202,-0.390183,1.804999
-0.117203,-0.410081,1.765423
-0.213657,-0.739378,1.827682
-0.072183,-0.775837,1.806735
-0.216095,-0.778484,1.750864
-0.074248,-0.816690,1.729185
-0.187457,0.629302,1.807189
-0.165430,0.459498,1.844744
-0.310905,0.356084,1.831813
-0.033317,0.333585,1.823821
-0.459694,0.267000,1.642093
0.000160,0.081365,1.807160
-0.241636,0.310568,1.807160
0.022852,-0.139361,1.546417
-0.228819,0.323967,1.535454
0.026692,-0.216807,1.699892
-0.160359,0.100076,1.839174
-0.160412,0.038900,1.782704
-0.222683,-0.021597,1.756396
-0.097319,-0.024444,1.788472
-0.242168,-0.390360,1.804157
-0.123408,-0.410252,1.759992
-0.213721,-0.738644,1.827929
-0.072965,-0.773614,1.796937
-0.216026,-0.777277,1.751069
-0.074696,-0.813964,1.719117
-0.189695,0.629092,1.805940
-0.167987,0.459217,1.843596
-0.314111,0.355228,1.830042
-0.035110,0.333582,1.823375
-0.461342,0.264574,1.640116
-0.001715,0.081303,1.807079
-0.247116,0.303946,1.807079
0.021574,-0.139326,1.540352
-0.234062,0.316885,1.529747
0.025198,-0.216758,1.700108
-0.162498,0.100161,1.838992
-0.162205,0.038911,1.782687
-0.224559,-0.021735,1.756558
-0.098884,-0.024472,1.788437
-0.243276,-0.390453,1.803057
-0.129470,-0.410014,1.753903
-0.213829,-0.737980,1.828098
-0.073966,-0.771217,1.785717
-0.215995,-0.776205,1.751210
-0.075355,-0.811058,1.707636
-0.192055,0.628861,1.804469
-0.170742,0.458910,1.842096
-0.317597,0.354382,1.827987
-0.037084,0.333568,1.822644
-0.462820,0.262487,1.638988
-0.003659,0.081305,1.806833
-0.254566,0.296597,1.806833
0.020247,-0.139293,1.533880
-0.240094,0.308302,1.522792
0.023674,-0.216714,1.700199
-0.164704,0.100283,1.838630
-0.164067,0.038953,1.782522
-0.226505,-0.021872,1.756601
-0.100486,-0.024475,1.788252
-0.244517,-0.390507,1.801771
-0.135091,-0.409569,1.746981
-0.213988,-0.737383,1.828212
-0.075483,-0.768758,1.772698
-0.216012,-0.775255,1.751305
-0.076547,-0.808089,1.694376
-0.194588,0.628586,1.802616
-0.173649,0.458569,1.840264
-0.321353,0.353502,1.825568
-0.039236,0.333518,1.821562
-0.464404,0.260179,1.637834
-0.005701,0.081388,1.806355
-0.262785,0.287956,1.806355
0.018856,-0.139229,1.526766
-0.246559,0.297960,1.514086
0.022054,-0.216629,1.700111
-0.167000,0.100431,1.838040
-0.166022,0.039024,1.782158
-0.228544,-0.022008,1.756480
-0.102160,-0.024460,1.787856
-0.245891,-0.390517,1.800249
-0.140326,-0.408941,1.739613
-0.214224,-0.736849,1.828248
-0.077213,-0.766277,1.758690
-0.216099,-0.774422,1.751337
-0.077969,-0.805106,1.680140
-0.197267,0.628231,1.800335
-0.176720,0.458194,1.838024
-0.325452,0.352417,1.822562
-0.041536,0.333423,1.820069
-0.466155,0.257442,1.636484
-0.007862,0.081523,1.805575
-0.271623,0.278122,1.805575
0.017387,-0.139146,1.518851
-0.253202,0.286602,1.504434
0.020431,-0.216527,1.699824
-0.169400,0.100588,1.837145
-0.168069,0.039105,1.781525
-0.230662,-0.022169,1.756135
-0.103912,-0.024442,1.787158
-0.247359,-0.390510,1.798574
-0.144742,-0.408209,1.730706
-0.214502,-0.736374,1.828227
-0.079570,-0.764033,1.744558
-0.216223,-0.773697,1.751317
-0.080015,-0.802382,1.665813
-0.200094,0.627807,1.797598
-0.179925,0.457766,1.835262
-0.329886,0.350923,1.818730
-0.044065,0.333286,1.817990
-0.468148,0.254021,1.634772
-0.010150,0.081710,1.804384
-0.281940,0.266914,1.804384
0.015816,-0.139042,1.509252
-0.260122,0.272999,1.492571
0.018737,-0.216414,1.699302
-0.171928,0.100729,1.835820
-0.170236,0.039173,1.780499
-0.232877,-0.022378,1.755469
-0.105791,-0.024431,1.786016
-0.248966,-0.390497,1.796697
-0.148639,-0.407389,1.721346
-0.214830,-0.735965,1.828098
-0.082162,-0.761909,1.729847
-0.216383,-0.773084,1.751202
-0.082285,-0.799795,1.650932
-0.203085,0.627226,1.794211
-0.183267,0.457261,1.831867
-0.334494,0.349075,1.814139
-0.046927,0.332991,1.814989
-0.472026,0.248421,1.631341
-0.012634,0.081913,1.802587
-0.291585,0.253900,1.802587
0.014105,-0.138889,1.498951
-0.267238,0.257678,1.479145
0.016968,-0.216272,1.698488
-0.174531,0.100805,1.833959
-0.172505,0.039177,1.778957
-0.235167,-0.022677,1.754378
-0.107774,-0.024465,1.784292
-0.250695,-0.390522,1.794423
-0.152110,-0.406532,1.711793
-0.215191,-0.735607,1.827942
-0.084810,-0.759965,1.714544
-0.216586,-0.772559,1.751065
-0.084661,-0.797405,1.635465
-0.206219,0.626515,1.790247
-0.186677,0.456719,1.827785
-0.339221,0.346943,1.808813
-0.050060,0.332511,1.811044
-0.474156,0.243631,1.628398
-0.015327,0.081718,1.799802
-0.300221,0.240115,1.799802
0.012270,-0.138718,1.487546
-0.274609,0.241249,1.464823
0.015090,-0.216128,1.697275
-0.177226,0.100817,1.831426
-0.174902,0.039110,1.776751
-0.237599,-0.023081,1.752681
-0.109875,-0.024552,1.781850
-0.252538,-0.390593,1.791544
-0.155186,-0.405553,1.701854
-0.215599,-0.735290,1.827753
-0.087495,-0.758240,1.699306
-0.216836,-0.772102,1.750911
-0.087117,-0.795258,1.620073
-0.209663,0.625228,1.784328
-0.190430,0.455941,1.821541
-0.344254,0.344033,1.800895
-0.054009,0.331447,1.804079
-0.476258,0.237530,1.623931
-0.018373,0.081142,1.795029
-0.309935,0.219027,1.795029
0.010218,-0.138682,1.468490
-0.283992,0.218808,1.445512
0.013002,-0.216123,1.694677
-0.180311,0.100477,1.826411
-0.177740,0.038691,1.772028
-0.240441,-0.023875,1.748489
-0.112427,-0.024909,1.776855
-0.254652,-0.390773,1.787256
-0.157844,-0.404438,1.689943
-0.216096,-0.735006,1.827427
-0.090185,-0.756806,1.684451
-0.217158,-0.771711,1.750655
-0.089617,-0.793592,1.605052
-0.213175,0.623699,1.777566
-0.194338,0.455046,1.814285
-0.349122,0.341112,1.792331
-0.058095,0.330223,1.796124
-0.478380,0.231422,1.619413
-0.021630,0.080274,1.788907
-0.319687,0.198334,1.788907
0.007988,-0.138756,1.449976
-0.293364,0.194975,1.425322
0.010719,-0.216246,1.690862
-0.183481,0.099987,1.820379
-0.180679,0.038115,1.766288
-0.243343,-0.024806,1.743419
-0.115100,-0.025391,1.770691
-0.256941,-0.391016,1.782206
-0.160092,-0.403291,1.677554
-0.216601,-0.734754,1.827002
-0.092906,-0.755523,1.669673
-0.217478,-0.771370,1.750328
-0.092173,-0.792172,1.590112
-0.216744,0.621806,1.769566
-0.198307,0.454044,1.805699
-0.353760,0.338146,1.782569
-0.062253,0.328930,1.786821
-0.480389,0.225119,1.614720
-0.025188,0.079259,1.780941
-0.330086,0.175011,1.780941
0.005479,-0.138836,1.429075
-0.303163,0.168292,1.403340
0.008299,-0.216407,1.685636
-0.186787,0.099332,1.812714
-0.183779,0.037384,1.758874
-0.246376,-0.025888,1.736758
-0.117973,-0.025969,1.762696
-0.259351,-0.391210,1.776558
-0.161947,-0.401988,1.664552
-0.217133,-0.734518,1.826421
-0.095551,-0.754308,1.655280
-0.217814,-0.771081,1.749859
-0.094654,-0.790979,1.575565
-0.220375,0.619267,1.758227
-0.202549,0.452903,1.793366
-0.358417,0.334569,1.768331
-0.066827,0.327606,1.772980
-0.481604,0.217099,1.607806
-0.029152,0.077636,1.767813
-0.342886,0.147839,1.767813
0.002921,-0.139194,1.406437
-0.316669,0.133099,1.376490
0.005618,-0.216823,1.675300
-0.190321,0.098194,1.800043
-0.187107,0.036187,1.746346
-0.249639,-0.027494,1.724865
-0.121011,-0.026884,1.749506
-0.262028,-0.391507,1.767422
-0.163311,-0.400733,1.649124
-0.217828,-0.734223,1.825347
-0.097860,-0.753279,1.641524
-0.218278,-0.770771,1.748989
-0.096788,-0.790063,1.561745
-0.223875,0.616629,1.745983
-0.206681,0.451730,1.780033
-0.362760,0.331081,1.753482
-0.071227,0.326359,1.758359
-0.481981,0.208687,1.599938
-0.032983,0.075850,1.753426
-0.355295,0.121571,1.753426
0.000344,-0.139622,1.385101
-0.330561,0.097928,1.350858
0.003147,-0.217374,1.663540
-0.193695,0.097040,1.786374
-0.190295,0.034983,1.732736
-0.252762,-0.029119,1.711743
-0.123899,-0.027780,1.735250
-0.264830,-0.391815,1.756804
-0.164328,-0.399465,1.633736
-0.218612,-0.733887,1.823955
-0.100124,-0.752341,1.627702
-0.218805,-0.770440,1.747864
-0.098902,-0.789323,1.547824
-0.227302,0.613690,1.729174
-0.211154,0.450363,1.761403
-0.366534,0.327693,1.733482
-0.075626,0.325189,1.737859
-0.480783,0.198904,1.588376
-0.036218,0.073172,1.732685
-0.370205,0.092000,1.732685
-0.001572,-0.140687,1.364217
-0.347625,0.058500,1.326103
0.001408,-0.218551,1.644649
-0.196942,0.095418,1.766726
-0.193330,0.033298,1.713015
-0.255544,-0.031097,1.692428
-0.126659,-0.029127,1.714823
-0.267600,-0.392504,1.738269
-0.165366,-0.398630,1.617859
-0.219087,-0.733470,1.820108
-0.101358,-0.751598,1.612668
-0.219034,-0.770071,1.744308
-0.099946,-0.788839,1.532643
-0.230597,0.610615,1.711345
-0.215348,0.448968,1.742210
-0.369747,0.324310,1.712975
-0.079645,0.324024,1.717029
-0.479166,0.189088,1.576313
-0.039814,0.074048,1.710565
-0.384071,0.064671,1.710565
-0.003541,-0.140450,1.345609
-0.363568,0.021882,1.304363
-0.000405,-0.218469,1.624877
-0.199888,0.093673,1.746524
-0.196055,0.031478,1.692715
-0.257983,-0.033152,1.672553
-0.129138,-0.030599,1.693850
-0.269832,-0.393569,1.716205
-0.167000,-0.398739,1.601851
-0.219803,-0.733453,1.813335
-0.100890,-0.750690,1.597796
-0.219464,-0.770170,1.737944
-0.099394,-0.787838,1.517686
-0.233403,0.607044,1.687445
-0.219197,0.447347,1.717317
-0.372462,0.320627,1.688169
-0.083359,0.322381,1.690333
-0.476451,0.176120,1.560096
-0.042426,0.072968,1.683474
-0.398179,0.035960,1.683474
-0.005095,-0.141649,1.329643
-0.380628,-0.016094,1.286704
-0.002143,-0.218876,1.597011
-0.202385,0.091410,1.720850
-0.198487,0.029052,1.666999
-0.260122,-0.035703,1.648283
-0.131355,-0.032659,1.666796
-0.272176,-0.395553,1.681614
-0.167084,-0.400176,1.582742
-0.219487,-0.732727,1.803590
-0.101384,-0.750254,1.586253
-0.218981,-0.769222,1.728492
-0.099860,-0.787337,1.506089
-0.235112,0.603658,1.661832
-0.222895,0.445561,1.689511
-0.374831,0.317196,1.661994
-0.086551,0.320659,1.661198
-0.473486,0.163587,1.544343
-0.044469,0.071601,1.652993
-0.410988,0.008287,1.652993
-0.006626,-0.141377,1.316533
-0.395977,-0.052567,1.273224
-0.003476,-0.218453,1.563334
-0.204588,0.089080,1.693078
-0.200721,0.026517,1.639261
-0.262093,-0.038369,1.621980
-0.133339,-0.034930,1.637553
-0.274874,-0.397473,1.635143
-0.166909,-0.401900,1.563790
-0.216088,-0.733270,1.775249
-0.101728,-0.749847,1.575824
-0.215184,-0.769482,1.700819
-0.100218,-0.786869,1.495630
-0.236538,0.599278,1.628898
-0.226285,0.443489,1.657071
-0.376216,0.312992,1.630854
-0.089914,0.318342,1.627165
-0.470163,0.151270,1.529266
-0.046251,0.070316,1.618135
-0.421874,-0.019424,1.618135
-0.008281,-0.141580,1.306742
-0.409364,-0.086626,1.263512
-0.004807,-0.218149,1.525099
-0.206835,0.086311,1.661551
-0.203100,0.023450,1.607913
-0.264069,-0.041178,1.593546
-0.135766,-0.037673,1.603924
-0.278034,-0.398590,1.578019
-0.165455,-0.402683,1.543438
-0.216867,-0.726158,1.715751
-0.103024,-0.749271,1.566624
-0.217583,-0.751512,1.653761
-0.101547,-0.786346,1.486439
-0.237518,0.595445,1.597507
-0.229293,0.441626,1.625697
-0.377384,0.309209,1.601803
-0.092970,0.316109,1.594524
-0.466653,0.139383,1.515077
-0.047742,0.069165,1.584617
-0.431339,-0.044797,1.584617
-0.009877,-0.141809,1.298799
-0.420990,-0.117604,1.256159
-0.006304,-0.217850,1.487727
-0.208918,0.083781,1.631228
-0.205455,0.020620,1.577779
-0.266086,-0.043766,1.566057
-0.138228,-0.040231,1.571649
-0.280912,-0.399332,1.524486
-0.163928,-0.403397,1.523862
-0.217201,-0.716439,1.645950
-0.104270,-0.748830,1.557799
-0.219857,-0.730465,1.600030
-0.102869,-0.786004,1.477655
-0.238171,0.591883,1.566114
-0.231877,0.439920,1.594562
-0.377726,0.305637,1.572268
-0.095576,0.313980,1.562508
-0.463112,0.128398,1.502023
-0.049087,0.068084,1.551935
-0.439447,-0.067353,1.551935
-0.011411,-0.142080,1.292713
-0.431095,-0.145891,1.250896
-0.007962,-0.217208,1.451644
-0.211067,0.081352,1.601712
-0.207877,0.017846,1.548504
-0.268142,-0.046154,1.539497
-0.140922,-0.042756,1.540326
-0.283187,-0.399354,1.472047
-0.162300,-0.404124,1.504936
-0.220384,-0.705964,1.572092
-0.105750,-0.748364,1.549717
-0.223700,-0.708303,1.542867
-0.104442,-0.785633,1.469627
-0.238923,0.589200,1.541986
-0.233953,0.438492,1.564025
-0.377428,0.302270,1.543356
-0.097904,0.311988,1.531069
-0.459628,0.118405,1.490094
-0.050364,0.067206,1.520385
-0.446348,-0.087606,1.520385
-0.013169,-0.142319,1.288436
-0.439650,-0.169210,1.245396
-0.009925,-0.216614,1.416564
-0.213067,0.079133,1.573343
-0.210236,0.015231,1.520548
-0.270152,-0.048260,1.514187
-0.143636,-0.045116,1.510580
-0.285153,-0.398707,1.422381
-0.160525,-0.404844,1.485916
-0.224647,-0.695287,1.499414
-0.107306,-0.747484,1.542908
-0.228103,-0.686143,1.485850
-0.106272,-0.784591,1.462955
-0.239360,0.586790,1.518736
-0.235737,0.437234,1.534278
-0.376975,0.299172,1.515851
-0.099989,0.310111,1.500678
-0.456252,0.109348,1.479174
-0.051530,0.066253,1.489905
-0.452327,-0.106005,1.489905
-0.014956,-0.142598,1.285732
-0.447258,-0.190409,1.241311
-0.012007,-0.215934,1.383502
-0.214916,0.077233,1.546024
-0.212511,0.012924,1.493850
-0.272113,-0.050020,1.490155
-0.146294,-0.047238,1.482130
-0.286891,-0.397522,1.376341
-0.158750,-0.405463,1.467180
-0.231073,-0.683914,1.427591
-0.109337,-0.746121,1.536917
-0.233623,-0.663981,1.429293
-0.108892,-0.782685,1.457228
-0.238337,0.584248,1.494109
-0.237363,0.435721,1.501125
-0.374689,0.296416,1.484532
-0.102116,0.308089,1.467456
-0.452886,0.100762,1.468788
-0.052725,0.065171,1.457564
-0.455774,-0.122558,1.457564
-0.017580,-0.143601,1.279701
-0.453294,-0.209311,1.235617
-0.014858,-0.215487,1.349585
-0.216685,0.074928,1.515763
-0.214690,0.010129,1.464614
-0.273780,-0.051797,1.463870
-0.149103,-0.049512,1.451744
-0.289415,-0.396464,1.330997
-0.157052,-0.406118,1.448349
-0.239607,-0.674092,1.359463
-0.111264,-0.743279,1.526413
-0.240507,-0.643627,1.374110
-0.111229,-0.773750,1.447778
-0.235523,0.579521,1.467707
-0.240981,0.432286,1.468601
-0.372290,0.293966,1.455313
-0.104101,0.306171,1.436752
-0.449618,0.092842,1.458956
-0.053845,0.064101,1.427527
-0.458423,-0.137356,1.427527
-0.020083,-0.144564,1.274138
-0.458544,-0.226359,1.230461
-0.017656,-0.215038,1.318546
-0.218484,0.072773,1.487285
-0.216724,0.007562,1.437403
-0.275214,-0.053360,1.439374
-0.151739,-0.051547,1.423094
-0.291744,-0.395457,1.290874
-0.155418,-0.406682,1.430046
-0.249637,-0.664432,1.295880
-0.113220,-0.740113,1.515774
-0.248204,-0.624485,1.322327
-0.113668,-0.763796,1.438101
-0.232174,0.576429,1.444292
-0.242511,0.430322,1.434640
-0.368972,0.291275,1.421943
-0.106681,0.303650,1.403553
-0.447167,0.086143,1.450377
-0.055746,0.064634,1.395673
-0.458627,-0.151205,1.395673
-0.023127,-0.145930,1.266434
-0.462355,-0.241950,1.224826
-0.021025,-0.215043,1.287362
-0.220276,0.069957,1.455703
-0.218775,0.004187,1.407240
-0.276491,-0.055302,1.411330
-0.154725,-0.054086,1.392575
-0.294174,-0.397157,1.256714
-0.154220,-0.407546,1.411080
-0.257607,-0.610952,1.240164
-0.114874,-0.739990,1.503470
-0.254874,-0.584247,1.274972
-0.115589,-0.762483,1.426013
-0.228624,0.573546,1.422133
-0.243818,0.428597,1.403444
-0.365975,0.288943,1.391077
-0.109258,0.301534,1.372656
-0.444994,0.080023,1.442265
-0.057666,0.064436,1.365740
-0.457952,-0.163492,1.365740
-0.026063,-0.147150,1.258550
-0.465331,-0.255936,1.219356
-0.024338,-0.215282,1.258491
-0.221885,0.067407,1.426066
-0.220657,0.001129,1.378907
-0.277639,-0.057002,1.384655
-0.157536,-0.056339,1.363833
-0.296518,-0.398904,1.225110
-0.153254,-0.408259,1.392965
-0.267184,-0.604455,1.186805
-0.116599,-0.740033,1.491111
-0.266292,-0.582867,1.215826
-0.117609,-0.761681,1.413805
-0.224922,0.570738,1.398914
-0.245656,0.426979,1.370068
-0.363595,0.286755,1.357098
-0.113027,0.299673,1.338985
-0.442613,0.073828,1.426829
-0.060198,0.065198,1.334414
-0.455360,-0.174805,1.334414
-0.029113,-0.148148,1.245477
-0.466985,-0.268567,1.211874
-0.027737,-0.215485,1.229701
-0.223980,0.064704,1.392698
-0.222963,-0.002071,1.346589
-0.278996,-0.058670,1.353469
-0.160985,-0.058543,1.331232
-0.299682,-0.401107,1.194802
-0.153215,-0.408917,1.371181
-0.279055,-0.601046,1.136711
-0.119154,-0.740446,1.475765
-0.280866,-0.585561,1.158604
-0.120469,-0.761733,1.398558
-0.221286,0.568164,1.376943
-0.247439,0.425581,1.339416
-0.361225,0.284834,1.325122
-0.116717,0.298028,1.307680
-0.440746,0.068502,1.415276
-0.062674,0.065273,1.304706
-0.452267,-0.184578,1.304706
-0.032001,-0.148942,1.231571
-0.467915,-0.279701,1.203998
-0.030873,-0.215583,1.203280
-0.226029,0.062075,1.361411
-0.225171,-0.005173,1.315998
-0.280231,-0.060264,1.323532
-0.164327,-0.060595,1.300618
-0.303602,-0.403347,1.166672
-0.153584,-0.409661,1.348954
-0.293340,-0.599657,1.090224
-0.122035,-0.741323,1.458536
-0.298371,-0.590477,1.104522
-0.123628,-0.762646,1.381331
