-0.409159,0.784037,2.711252
-0.410679,0.580856,2.711828
-0.610006,0.432502,2.680277
-0.205287,0.456028,2.708928
-0.722424,0.161430,2.714087
-0.082161,0.171486,2.648635
-0.720588,-0.095612,2.648635
-0.072735,-0.073196,2.627298
-0.718199,-0.137983,2.606884
-0.078361,-0.111682,2.514215
-0.404815,0.177334,2.703841
-0.398043,0.109525,2.639537
-0.486708,0.017863,2.612364
-0.304335,0.022505,2.632803
-0.519159,-0.494185,2.696312
-0.299107,-0.513865,2.632439
-0.502461,-0.880276,2.878411
-0.270535,-0.853007,2.461070
-0.545477,-0.944151,2.844573
-0.244172,-0.897626,2.356817
-0.397768,0.785267,2.686899
-0.400612,0.582145,2.687367
-0.600197,0.434116,2.656518
-0.194580,0.456133,2.680807
-0.714186,0.163028,2.693230
-0.070354,0.178038,2.607640
-0.714111,-0.093128,2.607640
-0.067381,-0.058394,2.603540
-0.711405,-0.139214,2.579429
-0.073281,-0.096307,2.458294
-0.396409,0.178200,2.678471
-0.390462,0.110385,2.614015
-0.479745,0.019150,2.587373
-0.297071,0.022895,2.606446
-0.515877,-0.494949,2.651117
-0.297659,-0.515371,2.620089
-0.502877,-0.877598,2.792470
-0.271387,-0.853048,2.455366
-0.546103,-0.941307,2.751648
-0.244424,-0.898754,2.352763
-0.387582,0.786360,2.664019
-0.391624,0.583308,2.664145
-0.591361,0.435728,2.634692
-0.184857,0.456160,2.654726
-0.706672,0.164274,2.673283
-0.059694,0.184744,2.569890
-0.708389,-0.091193,2.569890
-0.063840,-0.042038,2.581866
-0.705370,-0.137651,2.556418
-0.070472,-0.078516,2.402698
-0.388806,0.179105,2.654764
-0.383625,0.111273,2.590216
-0.473435,0.020401,2.564229
-0.290510,0.023318,2.581780
-0.512626,-0.496054,2.610078
-0.296158,-0.516873,2.608285
-0.504043,-0.874688,2.703126
-0.271780,-0.853375,2.451371
-0.548072,-0.936830,2.657558
-0.244161,-0.900161,2.350606
-0.378486,0.787308,2.642340
-0.383658,0.584366,2.642266
-0.583336,0.437260,2.613962
-0.176206,0.456199,2.629917
-0.699949,0.165301,2.654565
-0.050183,0.192031,2.533622
-0.703466,-0.089579,2.533622
-0.062661,-0.022979,2.562176
-0.700157,-0.136296,2.535936
-0.070112,-0.058575,2.348328
-0.381980,0.179938,2.632370
-0.377510,0.112098,2.567723
-0.467746,0.021588,2.542287
-0.284662,0.023733,2.558590
-0.509441,-0.497739,2.571317
-0.294718,-0.518386,2.597020
-0.506313,-0.873011,2.614649
-0.271828,-0.853850,2.448764
-0.553189,-0.930853,2.563901
-0.243509,-0.901761,2.350038
-0.370533,0.788047,2.621502
-0.376727,0.585252,2.621576
-0.576363,0.438697,2.594858
-0.168604,0.456240,2.606601
-0.694048,0.166182,2.637197
-0.041558,0.199583,2.498902
-0.699218,-0.088204,2.498902
-0.063631,-0.003086,2.544540
-0.695691,-0.135138,2.517825
-0.072925,-0.037254,2.293352
-0.375908,0.180757,2.611289
-0.372110,0.112933,2.546551
-0.462713,0.022722,2.521471
-0.279470,0.024167,2.536874
-0.506523,-0.499309,2.535107
-0.293355,-0.519881,2.586218
-0.509212,-0.871103,2.532657
-0.271591,-0.854518,2.447432
-0.557683,-0.924933,2.480369
-0.242523,-0.903532,2.350790
-0.364300,0.788447,2.599459
-0.371304,0.585849,2.600701
-0.570840,0.439979,2.573848
-0.163182,0.456291,2.581802
-0.689434,0.166784,2.619942
-0.034981,0.208429,2.461628
-0.695782,-0.087188,2.461628
-0.069384,0.021105,2.528474
-0.691986,-0.134283,2.501693
-0.080271,-0.010295,2.236022
-0.370943,0.181312,2.589496
-0.367709,0.113561,2.524523
-0.458324,0.023668,2.500552
-0.275496,0.024648,2.513335
-0.504464,-0.500428,2.499230
-0.291986,-0.521320,2.575354
-0.512763,-0.868458,2.459436
-0.271151,-0.855352,2.447185
-0.561734,-0.919171,2.405076
-0.241260,-0.905412,2.352842
-0.359188,0.788729,2.579046
-0.367161,0.586267,2.580856
-0.566350,0.441024,2.554383
-0.159047,0.456162,2.558407
-0.685890,0.166709,2.603040
-0.029478,0.217184,2.426610
-0.693122,-0.086731,2.426610
-0.076574,0.044858,2.513613
-0.688888,-0.133602,2.487114
-0.089233,0.016656,2.182804
-0.366836,0.181688,2.569101
-0.364107,0.113987,2.503939
-0.454675,0.024372,2.480706
-0.272210,0.024991,2.491705
-0.502758,-0.501457,2.466913
-0.290703,-0.522743,2.564727
-0.515756,-0.865827,2.397252
-0.270518,-0.856259,2.447726
-0.564975,-0.914286,2.341668
-0.239777,-0.907352,2.355881
-0.355753,0.788747,2.558849
-0.364740,0.586525,2.561220
-0.563214,0.441928,2.535902
-0.156404,0.455989,2.535923
-0.683445,0.166467,2.586147
-0.024934,0.225249,2.395243
-0.691455,-0.086506,2.395243
-0.084692,0.069408,2.499701
-0.686376,-0.132978,2.473821
-0.100128,0.043628,2.133088
-0.363756,0.181940,2.549358
-0.361443,0.114271,2.484053
-0.451896,0.024889,2.460974
-0.269668,0.025214,2.471438
-0.501337,-0.502320,2.437844
-0.289463,-0.524206,2.553871
-0.518246,-0.863452,2.344091
-0.269725,-0.857246,2.448909
-0.567743,-0.910082,2.287783
-0.238132,-0.909307,2.359688
-0.353627,0.788611,2.539571
-0.363450,0.586691,2.542540
-0.561755,0.442407,2.517100
-0.155216,0.455821,2.514374
-0.682174,0.165941,2.569679
-0.021332,0.232772,2.366948
-0.690734,-0.086608,2.366948
-0.092838,0.092392,2.486718
-0.684718,-0.132431,2.461555
-0.111483,0.069404,2.088090
-0.361808,0.181954,2.530206
-0.359829,0.114318,2.464695
-0.450033,0.025167,2.441921
-0.268209,0.025210,2.451581
-0.500163,-0.503197,2.411691
-0.288338,-0.525943,2.542090
-0.520357,-0.861287,2.298011
-0.268790,-0.858339,2.450557
-0.570092,-0.906526,2.241313
-0.236386,-0.911244,2.364068
-0.355743,0.788350,2.518753
-0.365798,0.586371,2.521887
-0.563553,0.442288,2.496945
-0.158230,0.455916,2.491094
-0.684386,0.164930,2.550295
-0.020190,0.240559,2.339764
-0.692352,-0.087346,2.339764
-0.104628,0.117673,2.472184
-0.685310,-0.132204,2.448571
-0.125801,0.096926,2.044210
-0.362025,0.181642,2.509747
-0.360199,0.114049,2.444156
-0.450115,0.025011,2.420967
-0.268294,0.025074,2.431433
-0.499518,-0.503988,2.387070
-0.287112,-0.527809,2.525759
-0.522157,-0.859381,2.257495
-0.267830,-0.859181,2.451000
-0.572081,-0.903496,2.200442
-0.234548,-0.913260,2.368158
-0.358936,0.788004,2.499318
-0.369415,0.585939,2.502335
-0.566211,0.442004,2.477811
-0.162154,0.456070,2.469497
-0.687512,0.163773,2.531379
-0.021471,0.248567,2.312506
-0.695019,-0.088320,2.312506
-0.116762,0.140558,2.458259
-0.686920,-0.132121,2.436211
-0.140006,0.122347,2.005067
-0.363189,0.181236,2.490340
-0.361428,0.113709,2.424641
-0.450736,0.024808,2.401491
-0.269541,0.024953,2.411704
-0.499114,-0.504622,2.364853
-0.285974,-0.529648,2.508990
-0.523702,-0.857725,2.221272
-0.266738,-0.859954,2.451463
-0.573842,-0.900806,2.163714
-0.232589,-0.915277,2.372509
-0.363577,0.787402,2.480456
-0.374590,0.585350,2.483332
-0.570056,0.441525,2.459341
-0.167420,0.456430,2.448988
-0.691913,0.162435,2.512588
-0.023415,0.255981,2.288128
-0.699484,-0.089615,2.288128
-0.129178,0.163055,2.443836
-0.690565,-0.132039,2.423454
-0.154707,0.146701,1.969757
-0.365552,0.180685,2.471503
-0.363764,0.113231,2.405718
-0.452250,0.024486,2.382819
-0.271803,0.024762,2.392667
-0.498866,-0.505190,2.344898
-0.284758,-0.531448,2.490147
-0.525135,-0.856143,2.188644
-0.265791,-0.860477,2.451442
-0.575511,-0.898234,2.130799
-0.230671,-0.917121,2.376386
-0.370480,0.786561,2.461114
-0.381487,0.584595,2.464393
-0.575562,0.440927,2.440397
-0.175096,0.457689,2.428676
-0.700148,0.161107,2.490824
-0.026732,0.263454,2.266002
-0.707081,-0.091005,2.266002
-0.144157,0.186757,2.425739
-0.697862,-0.132221,2.407179
-0.172702,0.174406,1.937294
-0.369401,0.179951,2.452626
-0.367460,0.112586,2.386770
-0.455159,0.023988,2.363698
-0.275256,0.024551,2.374007
-0.498971,-0.505680,2.326602
-0.283169,-0.532291,2.464238
-0.526505,-0.854492,2.159823
-0.263837,-0.860852,2.449892
-0.577113,-0.895750,2.102263
-0.229177,-0.918478,2.378208
-0.377952,0.785615,2.443026
-0.388962,0.583750,2.446538
-0.581543,0.440418,2.422734
-0.183113,0.459206,2.410063
-0.708814,0.159739,2.470124
-0.034012,0.271264,2.242985
-0.715692,-0.092414,2.242985
-0.163020,0.211697,2.407284
-0.706310,-0.132435,2.389593
-0.192256,0.201957,1.908385
-0.373821,0.179237,2.434826
-0.371671,0.111983,2.368917
-0.458589,0.023478,2.345613
-0.279181,0.024399,2.356501
-0.499204,-0.506113,2.310058
-0.281757,-0.532917,2.439048
-0.527795,-0.852760,2.135172
-0.261128,-0.861107,2.446050
-0.578618,-0.893402,2.078543
-0.227072,-0.919625,2.378170
-0.385859,0.784584,2.425964
-0.396855,0.582833,2.429802
-0.588234,0.439903,2.406131
-0.191080,0.461150,2.393239
-0.717970,0.158689,2.449923
-0.041183,0.278176,2.223303
-0.725404,-0.093447,2.223303
-0.182335,0.236397,2.388103
-0.716623,-0.132362,2.370238
-0.213271,0.230092,1.883525
-0.378694,0.178648,2.418088
-0.376267,0.111557,2.352134
-0.462524,0.023005,2.328427
-0.283339,0.024356,2.340166
-0.499633,-0.506509,2.295021
-0.280662,-0.533220,2.413585
-0.528965,-0.850946,2.114958
-0.257872,-0.860250,2.437140
-0.579946,-0.891204,2.059762
-0.225376,-0.918067,2.369644
-0.393729,0.783588,2.409786
-0.405128,0.582106,2.413666
-0.595377,0.439357,2.389912
-0.199907,0.464973,2.378315
-0.727564,0.158140,2.430592
-0.049705,0.285793,2.205540
-0.738673,-0.092572,2.205540
-0.206039,0.268241,2.363582
-0.730158,-0.129872,2.346111
-0.242861,0.265960,1.864750
-0.384421,0.177971,2.401550
-0.381527,0.111023,2.335578
-0.466981,0.022389,2.311959
-0.288403,0.024271,2.323286
-0.500212,-0.506893,2.281279
-0.280378,-0.533837,2.387634
-0.529980,-0.849084,2.099064
-0.252890,-0.859311,2.417579
-0.581155,-0.889228,2.046094
-0.218841,-0.916497,2.358048
-0.401034,0.782609,2.394430
-0.413626,0.581843,2.395554
-0.602747,0.438491,2.373879
-0.206194,0.467849,2.364634
-0.737410,0.158092,2.411793
-0.058534,0.293411,2.189089
-0.751823,-0.091220,2.189089
-0.229169,0.302691,2.339858
-0.745433,-0.130992,2.318643
-0.262737,0.293586,1.849290
-0.390228,0.177614,2.385359
-0.386907,0.110551,2.319633
-0.471825,0.021665,2.295999
-0.293345,0.024179,2.307648
-0.500935,-0.507236,2.268764
-0.280396,-0.534288,2.363340
-0.530836,-0.847225,2.087446
-0.247994,-0.858103,2.397744
-0.582209,-0.887496,2.037200
-0.212194,-0.914635,2.345615
-0.407732,0.781775,2.380351
-0.421658,0.581701,2.378892
-0.609666,0.437684,2.358748
-0.212197,0.470785,2.352143
-0.746915,0.158272,2.394336
-0.067477,0.301347,2.173506
-0.764480,-0.089605,2.173506
-0.256206,0.337674,2.317550
-0.760048,-0.131948,2.292590
-0.296735,0.337444,1.844857
-0.395948,0.177376,2.370207
-0.392167,0.110201,2.304728
-0.476641,0.021034,2.281075
-0.298119,0.024163,2.293188
-0.501763,-0.507526,2.257440
-0.280704,-0.533898,2.340753
-0.531488,-0.845468,2.079938
-0.243494,-0.855958,2.378215
-0.583133,-0.885986,2.032646
-0.206304,-0.912524,2.333121
-0.413649,0.780984,2.367380
-0.429178,0.581742,2.363550
-0.616383,0.436841,2.344660
-0.215406,0.474425,2.326949
-0.755882,0.158960,2.378213
-0.073184,0.305667,2.160442
-0.776109,-0.087560,2.160442
-0.278938,0.370871,2.297361
-0.773339,-0.132480,2.269305
-0.318948,0.369155,1.837824
-0.400779,0.177982,2.355886
-0.397442,0.110935,2.290383
-0.482135,0.020832,2.266474
-0.302248,0.024437,2.279648
-0.502829,-0.507636,2.247142
-0.281079,-0.533166,2.320375
-0.531955,-0.843783,2.076072
-0.239339,-0.853721,2.359562
-0.583906,-0.884699,2.031888
-0.200698,-0.910254,2.320513
-0.419080,0.780268,2.355633
-0.436030,0.582084,2.349525
-0.622411,0.436160,2.331214
-0.218662,0.479406,2.300494
-0.764231,0.160043,2.363416
-0.079568,0.309391,2.147842
-0.786402,-0.085353,2.147842
-0.299803,0.402675,2.279465
-0.784750,-0.132703,2.248903
-0.339478,0.399421,1.832841
-0.405199,0.178766,2.342726
-0.402399,0.111806,2.277229
-0.487388,0.020815,2.252955
-0.306062,0.024892,2.267167
-0.504002,-0.507558,2.237831
-0.281615,-0.532014,2.301815
-0.532266,-0.842170,2.075485
-0.235517,-0.851445,2.342052
-0.584558,-0.883571,2.034340
-0.195406,-0.907890,2.308222
-0.424101,0.779728,2.345003
-0.442249,0.582524,2.336756
-0.627872,0.435647,2.318938
-0.219791,0.483854,2.276151
-0.771923,0.161262,2.350018
-0.092211,0.310962,2.134739
-0.795323,-0.083275,2.134739
-0.320811,0.434733,2.263755
-0.794266,-0.131427,2.231877
-0.359725,0.429515,1.830088
-0.409275,0.179776,2.330662
-0.406991,0.112922,2.265183
-0.492394,0.020962,2.240564
-0.309463,0.025466,2.255776
-0.505241,-0.507392,2.229482
-0.282181,-0.530729,2.285036
-0.532435,-0.840665,2.077634
-0.232053,-0.849143,2.325840
-0.585083,-0.882657,2.039462
-0.190446,-0.905425,2.296543
-0.429011,0.779554,2.335360
-0.447847,0.583029,2.325209
-0.632735,0.435168,2.307571
-0.222197,0.490459,2.250737
-0.778954,0.162440,2.337948
-0.098805,0.314026,2.124212
-0.802978,-0.081546,2.124212
-0.340057,0.463727,2.250122
-0.802410,-0.130581,2.217220
-0.378842,0.457761,1.828946
-0.412832,0.180842,2.319621
-0.411133,0.114076,2.254179
-0.496794,0.021221,2.229253
-0.312549,0.026177,2.245286
-0.506570,-0.507115,2.222020
-0.282747,-0.529411,2.269896
-0.532505,-0.839244,2.081978
-0.228894,-0.846915,2.310894
-0.585462,-0.881976,2.046655
-0.186242,-0.903198,2.284967
-0.432987,0.779270,2.326822
-0.453001,0.582325,2.314533
-0.637053,0.434806,2.297210
-0.225522,0.493259,2.232238
-0.785245,0.163433,2.327116
-0.102840,0.318913,2.111346
-0.809524,-0.080236,2.111346
-0.355241,0.488893,2.238269
-0.809396,-0.130583,2.204531
-0.396599,0.484372,1.829105
-0.416152,0.181473,2.309552
-0.414906,0.114904,2.244111
-0.500798,0.021452,2.218976
-0.315464,0.026824,2.235640
-0.507943,-0.506757,2.215374
-0.283288,-0.528085,2.256228
-0.532446,-0.837997,2.088052
-0.226084,-0.844783,2.297151
-0.585749,-0.881479,2.055336
-0.182425,-0.901058,2.274150
-0.436551,0.779035,2.319125
-0.457658,0.581651,2.304931
-0.640861,0.434519,2.287714
-0.228552,0.495799,2.215607
-0.790899,0.164374,2.317404
-0.105859,0.324523,2.098939
-0.815394,-0.079073,2.098939
-0.368234,0.512735,2.227681
-0.815722,-0.130662,2.193203
-0.412975,0.510103,1.830761
-0.419158,0.182029,2.300447
-0.418333,0.115643,2.234991
-0.504393,0.021664,2.209661
-0.318154,0.027448,2.226860
-0.509349,-0.506334,2.209496
-0.283792,-0.526805,2.243896
-0.532219,-0.836985,2.095371
-0.223556,-0.842785,2.284606
-0.585885,-0.881223,2.065002
-0.178830,-0.898947,2.264122
-0.440228,0.777964,2.310034
-0.461771,0.581084,2.296309
-0.644276,0.434317,2.279095
-0.231151,0.498312,2.200603
-0.795893,0.165188,2.308699
-0.107963,0.330850,2.086686
-0.820698,-0.077999,2.086686
-0.379118,0.535419,2.218204
-0.821445,-0.131024,2.183501
-0.427534,0.534738,1.833412
-0.421847,0.182550,2.292196
-0.421426,0.116349,2.226716
-0.507627,0.021899,2.201188
-0.320609,0.028079,2.218841
-0.510740,-0.505864,2.204298
-0.284256,-0.525515,2.232731
-0.531863,-0.836280,2.103651
-0.221287,-0.840948,2.273216
-0.585972,-0.881139,2.075180
-0.175548,-0.896949,2.254795
-0.443494,0.777009,2.301785
-0.465438,0.580604,2.288530
-0.647222,0.434174,2.271126
-0.233082,0.500688,2.187094
-0.800355,0.165907,2.300877
-0.109493,0.337005,2.074273
-0.825469,-0.076950,2.074273
-0.388280,0.555639,2.209856
-0.826500,-0.131616,2.175365
-0.440567,0.557398,1.836660
-0.424252,0.183061,2.284703
-0.424194,0.117048,2.219196
-0.510524,0.022156,2.193487
-0.322809,0.028726,2.211512
-0.512118,-0.505349,2.199733
-0.284686,-0.524246,2.222642
-0.531436,-0.835782,2.112484
-0.219255,-0.839255,2.262894
-0.586016,-0.881196,2.085594
-0.172559,-0.895106,2.246330
-0.446373,0.775835,2.293523
-0.468721,0.580195,2.281513
-0.649800,0.434052,2.263791
-0.234850,0.503053,2.174796
-0.804365,0.166601,2.293829
-0.110594,0.342509,2.063406
-0.829695,-0.075848,2.063406
-0.395723,0.573654,2.202692
-0.830862,-0.132319,2.168763
-0.452137,0.578065,1.840298
-0.426387,0.183541,2.277911
-0.426664,0.117706,2.212379
-0.513088,0.022413,2.186494
-0.324781,0.029369,2.204850
-0.513487,-0.504789,2.195764
-0.285072,-0.523036,2.213535
-0.530952,-0.835430,2.121609
-0.217433,-0.837705,2.253561
-0.586009,-0.881327,2.095955
-0.169854,-0.893396,2.238557
-0.448816,0.774618,2.285729
-0.471674,0.579836,2.275168
-0.652072,0.433961,2.257107
-0.236420,0.505210,2.163724
-0.807961,0.167267,2.287470
-0.111155,0.348007,2.053200
-0.833390,-0.074726,2.053200
-0.401745,0.589790,2.196648
-0.834574,-0.133149,2.163607
-0.462345,0.596867,1.844189
-0.428295,0.183996,2.271746
-0.428875,0.118333,2.206192
-0.515384,0.022669,2.180146
-0.326539,0.030017,2.198781
-0.514823,-0.504189,2.192321
-0.285420,-0.521870,2.205302
-0.530479,-0.835248,2.130761
-0.215797,-0.836296,2.245132
-0.586008,-0.881586,2.106109
-0.167396,-0.891787,2.231383
-0.450925,0.773390,2.278422
-0.474326,0.579508,2.269413
-0.654087,0.433917,2.251047
-0.237830,0.507209,2.153708
-0.811175,0.167908,2.281749
-0.111830,0.354322,2.042093
-0.836521,-0.073619,2.042093
-0.407544,0.604680,2.191629
-0.837581,-0.134075,2.159559
-0.471240,0.613970,1.848186
-0.429990,0.184448,2.266134
-0.430856,0.118952,2.200567
-0.517440,0.022945,2.174372
-0.328112,0.030683,2.193249
-0.516137,-0.503556,2.189374
-0.285727,-0.520694,2.197855
-0.529963,-0.835131,2.139735
-0.214338,-0.835025,2.237515
-0.585894,-0.881964,2.115977
-0.165146,-0.890294,2.224886
-0.452696,0.772144,2.271583
-0.476705,0.579192,2.264196
-0.655868,0.433907,2.245542
-0.239141,0.508959,2.144713
-0.814020,0.168517,2.276609
-0.122561,0.373579,2.018154
-0.839120,-0.072572,2.018154
-0.413133,0.618454,2.187369
-0.839916,-0.135051,2.156188
-0.479019,0.629466,1.852237
-0.431497,0.184888,2.261033
-0.432635,0.119553,2.195458
-0.519285,0.023230,2.169124
-0.329520,0.031346,2.188220
-0.517413,-0.502898,2.186880
-0.285996,-0.519474,2.191132
-0.529396,-0.835106,2.148460
-0.213025,-0.833876,2.230637
-0.585768,-0.882343,2.125438
-0.163112,-0.888921,2.218958
-0.454202,0.770918,2.265217
-0.478824,0.578881,2.259482
-0.657439,0.433929,2.240547
-0.240272,0.510632,2.136515
-0.816512,0.169132,2.272038
-0.152362,0.405253,1.995330
-0.841170,-0.071522,1.995330
-0.418745,0.633836,2.183861
-0.841650,-0.135976,2.153368
-0.483817,0.646367,1.875261
-0.432828,0.185323,2.256397
-0.434226,0.120143,2.190821
-0.520944,0.023517,2.164358
-0.330764,0.032020,2.183642
-0.518653,-0.502220,2.184812
-0.286232,-0.518288,2.185095
-0.528834,-0.835144,2.156831
-0.211841,-0.832838,2.224418
-0.585609,-0.882772,2.134403
-0.161273,-0.887662,2.213561
-0.455406,0.769653,2.259220
-0.480690,0.578567,2.255238
-0.658813,0.433982,2.236018
-0.241262,0.512172,2.129096
-0.818665,0.169760,2.267997
-0.180405,0.434331,1.975011
-0.842706,-0.070456,1.975011
-0.423329,0.647610,2.181067
-0.842866,-0.136882,2.151245
-0.487136,0.661783,1.899232
-0.433991,0.185758,2.252190
-0.435641,0.120727,2.186616
-0.522429,0.023809,2.160031
-0.331856,0.032694,2.179484
-0.519843,-0.501537,2.183123
-0.286439,-0.517120,2.179691
-0.528278,-0.835233,2.164790
-0.210770,-0.831900,2.218793
-0.585439,-0.883217,2.142837
-0.159602,-0.886521,2.208710
-0.456378,0.768373,2.253592
-0.482313,0.578251,2.251441
-0.659854,0.434073,2.231831
-0.242033,0.513598,2.122347
-0.820501,0.170380,2.264430
-0.207155,0.461075,1.957434
-0.843739,-0.069406,1.957434
-0.428859,0.661014,2.178799
-0.843604,-0.137781,2.149640
-0.492702,0.679770,1.918035
-0.434994,0.186188,2.248376
-0.436890,0.121299,2.182807
-0.523745,0.024107,2.156103
-0.332809,0.033360,2.175704
-0.520971,-0.500849,2.181763
-0.286613,-0.515960,2.174875
-0.527731,-0.835363,2.172307
-0.209799,-0.831049,2.213697
-0.585261,-0.883668,2.150729
-0.158089,-0.885478,2.204302
-0.457163,0.767143,2.248409
-0.483688,0.577928,2.248053
-0.660666,0.434171,2.228002
-0.242684,0.514919,2.116259
-0.822026,0.171016,2.261295
-0.231480,0.485166,1.941935
-0.844333,-0.068337,1.941935
-0.434173,0.673119,2.177009
-0.843914,-0.138573,2.148313
-0.498215,0.696006,1.935704
-0.435840,0.186615,2.244921
-0.437981,0.121861,2.179358
-0.524899,0.024417,2.152541
-0.333635,0.034026,2.172275
-0.522053,-0.500159,2.180719
-0.286756,-0.514820,2.170609
-0.527209,-0.835526,2.179349
-0.208923,-0.830275,2.209074
-0.585088,-0.884118,2.158058
-0.156724,-0.884531,2.200303
-0.457770,0.765939,2.243592
-0.484840,0.577603,2.245054
-0.661268,0.434295,2.224521
-0.243213,0.516155,2.110793
-0.823253,0.171658,2.258559
-0.253157,0.506711,1.928260
-0.844548,-0.067266,1.928260
-0.436095,0.682927,2.175609
-0.843835,-0.139312,2.147358
-0.498227,0.707976,1.958867
-0.436547,0.187041,2.241801
-0.438929,0.122418,2.176245
-0.525901,0.024744,2.149314
-0.334350,0.034695,2.169168
-0.523076,-0.499459,2.179942
-0.286871,-0.513691,2.166862
-0.526714,-0.835711,2.185925
-0.208139,-0.829564,2.204884
-0.584924,-0.884552,2.164833
-0.155475,-0.883680,2.196723
-0.458193,0.764735,2.239073
-0.485788,0.577280,2.242419
-0.661729,0.434441,2.221374
-0.245243,0.515718,2.107874
-0.824210,0.172303,2.256202
-0.268251,0.524849,1.917858
-0.844411,-0.066200,1.917858
-0.441611,0.691553,2.174566
-0.843411,-0.139997,2.146727
-0.502122,0.718655,1.970167
-0.437258,0.187339,2.238950
-0.439811,0.122813,2.173385
-0.526756,0.025038,2.146380
-0.335049,0.035233,2.166342
-0.524043,-0.498763,2.179415
-0.286962,-0.512572,2.163601
-0.526226,-0.835916,2.192039
-0.207449,-0.828908,2.201100
-0.584763,-0.884958,2.171083
-0.154344,-0.882905,2.193473
-0.458402,0.763585,2.234891
-0.486539,0.576961,2.240108
-0.662049,0.434612,2.218534
-0.246928,0.514790,2.105728
-0.824915,0.172945,2.254194
-0.281818,0.541211,1.908849
-0.843995,-0.065154,1.908849
-0.446059,0.699410,2.173880
-0.842677,-0.140642,2.146448
-0.505452,0.728268,1.980371
-0.437881,0.187606,2.236370
-0.440586,0.123169,2.170797
-0.527489,0.025326,2.143731
-0.335683,0.035723,2.163778
-0.524958,-0.498072,2.179106
-0.287029,-0.511465,2.160793
-0.525763,-0.836137,2.197688
-0.206842,-0.828306,2.197694
-0.584612,-0.885351,2.176827
-0.153318,-0.882203,2.190521
-0.458450,0.762381,2.230826
-0.487107,0.576645,2.238099
-0.662238,0.434810,2.215980
-0.248752,0.513569,2.104407
-0.825394,0.173568,2.252496
-0.293821,0.555880,1.900903
-0.843319,-0.064153,1.900903
-0.450289,0.706382,2.173517
-0.841677,-0.141269,2.146482
-0.508638,0.736868,1.989432
-0.438420,0.187837,2.234035
-0.441263,0.123481,2.168454
-0.528098,0.025606,2.141345
-0.336262,0.036170,2.161453
-0.525823,-0.497388,2.178989
-0.287074,-0.510378,2.158399
-0.525326,-0.836355,2.202861
-0.206322,-0.827752,2.194645
-0.584454,-0.885745,2.182100
-0.152391,-0.881563,2.187836
-0.458390,0.761182,2.226975
-0.487535,0.576325,2.236320
-0.662303,0.435028,2.213677
-0.250737,0.511886,2.103940
-0.825669,0.174174,2.251085
-0.304522,0.568983,1.893935
-0.842438,-0.063193,1.893935
-0.454323,0.712563,2.173428
-0.840485,-0.141871,2.146791
-0.511612,0.744488,1.997387
-0.438896,0.188023,2.231914
-0.441859,0.123740,2.166327
-0.528603,0.025865,2.139184
-0.336799,0.036567,2.159337
-0.526635,-0.496718,2.179034
-0.287098,-0.509305,2.156396
-0.524916,-0.836556,2.207594
-0.205884,-0.827243,2.191935
-0.584292,-0.886121,2.186924
-0.151554,-0.880979,2.185399
-0.458230,0.759942,2.223187
-0.487839,0.576012,2.234767
-0.662269,0.435263,2.211608
-0.252800,0.509865,2.104151
-0.825774,0.174749,2.249926
-0.314108,0.580727,1.887838
-0.841392,-0.062295,1.887838
-0.458228,0.718030,2.173589
-0.839134,-0.142469,2.147367
-0.514404,0.751162,2.004160
-0.439312,0.188172,2.229992
-0.442380,0.123953,2.164399
-0.529015,0.026107,2.137240
-0.337291,0.036923,2.157410
-0.527392,-0.496071,2.179211
-0.287104,-0.508232,2.154752
-0.524535,-0.836766,2.211933
-0.205523,-0.826772,2.189539
-0.584139,-0.886491,2.191333
-0.150800,-0.880438,2.183211
-0.457721,0.757369,2.217625
-0.488069,0.575711,2.233405
-0.662064,0.435448,2.209627
-0.255029,0.507366,2.104909
-0.825731,0.175306,2.249003
-0.322720,0.590848,1.882197
-0.840201,-0.061441,1.882197
-0.464963,0.717721,2.173981
-0.837652,-0.143038,2.148161
-0.519454,0.754051,2.009358
-0.439685,0.188264,2.228242
-0.442832,0.124091,2.162639
-0.529349,0.026319,2.135476
-0.337742,0.037237,2.155652
-0.528092,-0.495445,2.179497
-0.287093,-0.507181,2.153448
-0.524175,-0.836976,2.215896
-0.205234,-0.826342,2.187441
-0.583995,-0.886840,2.195356
-0.150125,-0.879935,2.181330
-0.457188,0.754320,2.211679
-0.488358,0.575413,2.232132
-0.661775,0.435600,2.207782
-0.257735,0.504166,2.106455
-0.825575,0.175822,2.248264
-0.330156,0.599298,1.877560
-0.838927,-0.060665,1.877560
-0.471976,0.714451,2.174557
-0.836096,-0.143609,2.149131
-0.521991,0.755187,2.009664
-0.440031,0.188259,2.226637
-0.443224,0.124104,2.161018
-0.529624,0.026481,2.133863
-0.338169,0.037513,2.154047
-0.528740,-0.494842,2.179863
-0.287067,-0.506164,2.152455
-0.523841,-0.837173,2.219501
-0.205002,-0.825959,2.185629
-0.583857,-0.887170,2.199022
-0.149514,-0.879477,2.179669
-0.457254,0.753869,2.209897
-0.488560,0.575690,2.230850
-0.661593,0.435696,2.206064
-0.259661,0.502630,2.106789
-0.825380,0.176231,2.247641
-0.325043,0.593388,1.877341
-0.837639,-0.060051,1.877341
-0.466952,0.697338,2.175249
-0.834488,-0.144275,2.150274
-0.515619,0.731930,1.991086
-0.440343,0.188289,2.225161
-0.443566,0.124081,2.159526
-0.529847,0.026619,2.132391
-0.338566,0.037759,2.152577
-0.529332,-0.494285,2.180276
-0.287038,-0.505223,2.151744
-0.523532,-0.837358,2.222776
-0.204827,-0.825610,2.184089
-0.583720,-0.887488,2.202361
-0.148967,-0.879056,2.178215
-0.457350,0.753805,2.208809
-0.488786,0.575623,2.229661
-0.661380,0.435776,2.204479
-0.261547,0.500828,2.107244
-0.825150,0.176519,2.247122
-0.326949,0.588275,1.874116
-0.836349,-0.059631,1.874116
-0.468968,0.672841,2.176028
-0.832838,-0.145078,2.151537
-0.501464,0.696600,1.966497
-0.440608,0.188185,2.223768
-0.443847,0.123856,2.158106
-0.530015,0.026659,2.131014
-0.338971,0.037892,2.151201
-0.529862,-0.493812,2.180715
-0.287005,-0.504343,2.151307
-0.523243,-0.837536,2.225755
-0.204709,-0.825295,2.182801
-0.583593,-0.887783,2.205392
-0.148473,-0.878664,2.176965
-0.457620,0.753994,2.208180
-0.489023,0.575610,2.228618
-0.661434,0.436056,2.203176
-0.263894,0.499748,2.109522
-0.824871,0.176754,2.246690
-0.313375,0.560511,1.887720
-0.835094,-0.059299,1.887720
-0.449822,0.619965,2.176836
-0.831159,-0.145893,2.152847
-0.479029,0.636722,1.931247
-0.440894,0.188162,2.222507
-0.444150,0.123772,2.156815
-0.530195,0.026734,2.129727
-0.339361,0.038024,2.149945
-0.530343,-0.493434,2.181153
-0.286981,-0.503654,2.151143
-0.522974,-0.837702,2.228459
-0.204644,-0.825013,2.181747
-0.583470,-0.888058,2.208146
-0.148040,-0.878308,2.175935
-0.458138,0.754438,2.207969
-0.489253,0.575640,2.227691
-0.661454,0.436200,2.201913
-0.266220,0.498347,2.111717
-0.824583,0.176949,2.246308
-0.297759,0.529930,1.903146
-0.833896,-0.059043,1.903146
-0.426953,0.557503,2.177662
-0.829510,-0.146715,2.154183
-0.452647,0.567306,1.900083
-0.441172,0.188122,2.221344
-0.444432,0.123669,2.155620
-0.530344,0.026793,2.128527
-0.339753,0.038128,2.148777
-0.530789,-0.493107,2.181600
-0.286990,-0.503238,2.151232
-0.522724,-0.837860,2.230919
-0.204624,-0.824759,2.180913
-0.583350,-0.888315,2.210640
-0.147656,-0.877982,2.175079
-0.459152,0.755055,2.207856
-0.489580,0.575748,2.226813
-0.661538,0.436296,2.200606
-0.268818,0.496173,2.113992
-0.824399,0.177108,2.245888
-0.281482,0.491652,1.921946
-0.832869,-0.058869,1.921946
-0.402864,0.482705,2.178381
-0.828000,-0.146971,2.155508
-0.423008,0.480273,1.873806
-0.441601,0.187988,2.220116
-0.444796,0.123459,2.154358
-0.530491,0.026823,2.127347
-0.340441,0.038119,2.147402
-0.531221,-0.492848,2.182018
-0.287038,-0.502968,2.151358
-0.522492,-0.838013,2.233158
-0.204667,-0.824520,2.180257
-0.583237,-0.888557,2.212902
-0.147356,-0.877700,2.174292
-0.460436,0.755834,2.207911
-0.489990,0.575904,2.225979
-0.661705,0.436360,2.199306
-0.271440,0.493935,2.116401
-0.824265,0.177240,2.245466
-0.266774,0.454672,1.940678
-0.831987,-0.058748,1.940678
-0.379797,0.407798,2.178992
-0.826688,-0.147199,2.156670
-0.394990,0.396084,1.854336
-0.442206,0.187764,2.218824
-0.445275,0.123151,2.153034
-0.530696,0.026796,2.126086
-0.341306,0.038018,2.145974
-0.531642,-0.492638,2.182407
-0.287135,-0.502844,2.151444
-0.522276,-0.838155,2.235193
-0.204774,-0.824317,2.179743
-0.583133,-0.888776,2.214952
-0.147105,-0.877438,2.173625
-0.462095,0.756750,2.207854
-0.490642,0.576148,2.225028
-0.662232,0.436360,2.197794
-0.274364,0.491645,2.118989
-0.824225,0.177346,2.245013
-0.255167,0.415357,1.962626
-0.831303,-0.058597,1.962626
-0.355359,0.324832,2.179404
-0.825642,-0.147429,2.157576
-0.367239,0.307602,1.845380
-0.443365,0.187377,2.217061
-0.446180,0.122661,2.151240
-0.531221,0.026674,2.124327
-0.342773,0.037758,2.144027
-0.532079,-0.492460,2.182743
-0.287303,-0.502703,2.151101
-0.522077,-0.838285,2.237039
-0.204917,-0.824061,2.179166
-0.583024,-0.888994,2.216815
-0.146939,-0.877156,2.173050
-0.464020,0.757778,2.207766
-0.491442,0.576448,2.224002
-0.663012,0.436298,2.196111
-0.277668,0.489355,2.121656
-0.824269,0.177405,2.244499
-0.245026,0.379437,1.982939
-0.830715,-0.058475,1.982939
-0.334194,0.251620,2.179748
-0.824754,-0.147868,2.158305
-0.343278,0.228118,1.840724
-0.444785,0.186902,2.215094
-0.447273,0.122072,2.149250
-0.531889,0.026495,2.122329
-0.344488,0.037422,2.141913
-0.532533,-0.492324,2.183055
-0.287533,-0.502688,2.150614
-0.521894,-0.838403,2.238712
-0.205088,-0.823802,2.178587
-0.582915,-0.889202,2.218505
-0.146816,-0.876889,2.172473
-0.466295,0.758841,2.207310
-0.492688,0.576816,2.222435
-0.664265,0.436166,2.193972
-0.281125,0.487088,2.124296
-0.824600,0.177359,2.243534
-0.236313,0.344647,2.003903
-0.830439,-0.058484,2.003903
-0.313842,0.180240,2.179637
-0.824142,-0.148393,2.158397
-0.320626,0.145714,1.841495
-0.446742,0.186359,2.212549
-0.448736,0.121398,2.146752
-0.532920,0.026244,2.119693
-0.346567,0.037052,2.139423
-0.533047,-0.492271,2.183325
-0.288363,-0.502641,2.147713
-0.521724,-0.838514,2.240231
-0.205621,-0.823255,2.177202
-0.582812,-0.889398,2.220034
-0.146832,-0.876553,2.171547
-0.468707,0.759955,2.206718
-0.494203,0.577237,2.220590
-0.665917,0.435950,2.191399
-0.284692,0.484886,2.126856
-0.825173,0.177185,2.242108
-0.228774,0.313198,2.023321
-0.830338,-0.058627,2.023321
-0.295838,0.117715,2.179214
-0.823719,-0.149034,2.158109
-0.301425,0.075851,1.843316
-0.449018,0.185789,2.209666
-0.450409,0.120699,2.143955
-0.534141,0.025963,2.116688
-0.348855,0.036688,2.136701
-0.533656,-0.492287,2.183526
-0.289586,-0.502351,2.143396
-0.521566,-0.838621,2.241607
-0.206622,-0.822338,2.175019
-0.582712,-0.889586,2.221409
-0.147086,-0.876073,2.170267
-0.471292,0.761091,2.205848
-0.495949,0.577685,2.218399
-0.668029,0.435627,2.188333
-0.288268,0.482754,2.129266
-0.825992,0.176878,2.240139
-0.222285,0.285053,2.041088
-0.830564,-0.058936,2.041088
-0.279949,0.063467,2.178038
-0.823548,-0.149805,2.156935
-0.284764,0.016332,1.845326
-0.451591,0.185204,2.206410
-0.452289,0.119984,2.140819
-0.535610,0.025626,2.113199
-0.351311,0.036324,2.133746
-0.534367,-0.492362,2.183627
-0.291442,-0.501472,2.136513
-0.521419,-0.838725,2.242853
-0.208727,-0.820404,2.170241
-0.582606,-0.889786,2.222644
-0.147901,-0.875138,2.167732
-0.474082,0.762148,2.204402
-0.498124,0.578073,2.215443
-0.670646,0.435374,2.184858
-0.291772,0.480689,2.131483
-0.827082,0.176453,2.237381
-0.216624,0.260009,2.057243
-0.831289,-0.059387,2.057243
-0.265755,0.016199,2.175535
-0.823873,-0.150683,2.154151
-0.270174,-0.034878,1.847314
-0.454513,0.184654,2.202633
-0.454424,0.119305,2.137219
-0.537400,0.025263,2.109056
-0.353914,0.035967,2.130517
-0.535196,-0.492473,2.183600
-0.293986,-0.499883,2.127066
-0.521282,-0.838860,2.243985
-0.210538,-0.820622,2.166034
-0.582464,-0.890057,2.223700
-0.152235,-0.875529,2.158643
-0.477148,0.763111,2.201588
-0.500709,0.578311,2.210896
-0.673958,0.434841,2.179095
-0.295065,0.478763,2.133335
-0.828947,0.175601,2.231250
-0.211668,0.237911,2.071700
-0.832685,-0.060254,2.071700
-0.252653,-0.025037,2.168682
-0.824474,-0.151903,2.146780
-0.256086,-0.080453,1.850224
-0.457915,0.184075,2.197599
-0.456767,0.118614,2.132550
-0.539430,0.024799,2.103401
-0.356611,0.035594,2.126647
-0.536254,-0.492655,2.183245
-0.298141,-0.495169,2.112010
-0.521220,-0.838998,2.244940
-0.214500,-0.821547,2.155271
-0.582364,-0.890298,2.224553
-0.159923,-0.876749,2.139431
-0.480285,0.764003,2.198122
-0.503422,0.578473,2.205482
-0.677548,0.434352,2.172879
-0.298171,0.476921,2.134791
-0.830947,0.174642,2.224070
-0.207303,0.218366,2.084537
-0.834246,-0.061218,2.084537
-0.240856,-0.061088,2.160335
-0.825236,-0.153190,2.137938
-0.243503,-0.120472,1.853273
-0.461419,0.183565,2.191797
-0.459230,0.118019,2.127082
-0.541609,0.024352,2.096775
-0.359369,0.035252,2.122158
-0.537558,-0.492866,2.182451
-0.302535,-0.489963,2.096243
-0.521289,-0.839139,2.245684
-0.219134,-0.822680,2.140037
-0.582229,-0.890755,2.225112
-0.168812,-0.878334,2.114032
-0.483339,0.764418,2.191372
-0.506274,0.578178,2.196452
-0.681656,0.433832,2.163424
-0.301118,0.474968,2.135295
-0.832910,0.173579,2.210883
-0.203292,0.201098,2.095615
-0.835382,-0.062246,2.095615
-0.229938,-0.092443,2.145314
-0.825622,-0.154331,2.120928
-0.232120,-0.155512,1.855921
-0.465106,0.182915,2.183199
-0.461738,0.117299,2.118918
-0.543801,0.023629,2.086713
-0.362127,0.034727,2.115699
-0.539322,-0.493255,2.180540
-0.307852,-0.483784,2.077197
-0.521520,-0.839273,2.246201
-0.224929,-0.823258,2.113514
-0.582057,-0.891319,2.225622
-0.179251,-0.879703,2.074707
-0.486165,0.764498,2.183388
-0.509041,0.577728,2.186367
-0.685478,0.432856,2.151855
-0.303990,0.472951,2.135119
-0.834563,0.172149,2.195315
-0.199588,0.185686,2.105283
-0.836278,-0.063615,2.105283
-0.219991,-0.119660,2.127348
-0.825891,-0.153028,2.103246
-0.221777,-0.186015,1.858765
-0.468679,0.182082,2.173449
-0.464032,0.116413,2.109551
-0.545698,0.022730,2.075327
-0.364694,0.034046,2.108316
-0.541365,-0.493665,2.177866
-0.313236,-0.477837,2.057727
-0.521954,-0.839387,2.246473
-0.231268,-0.823995,2.084529
-0.581936,-0.891737,2.226184
-0.190009,-0.881186,2.033393
-0.488571,0.764081,2.173494
-0.511331,0.576871,2.173976
-0.688862,0.431408,2.137747
-0.306683,0.470849,2.134011
-0.835785,0.170695,2.176871
-0.196201,0.171750,2.113934
-0.836405,-0.064785,2.113934
-0.210851,-0.142759,2.104933
-0.825164,-0.151396,2.080793
-0.212354,-0.211932,1.861494
-0.471996,0.181008,2.161771
-0.465993,0.115300,2.098270
-0.547233,0.021595,2.061961
-0.366988,0.033121,2.099200
-0.543902,-0.493855,2.173790
-0.318546,-0.472252,2.037542
-0.522667,-0.839457,2.246445
-0.238059,-0.825020,2.053559
-0.580340,-0.891424,2.222846
-0.200884,-0.882914,1.990914
-0.489486,0.762153,2.157719
-0.511995,0.575282,2.155533
-0.690868,0.429236,2.117023
-0.308703,0.468220,2.128878
-0.834842,0.168306,2.149555
-0.192911,0.159580,2.120007
-0.834545,-0.066885,2.120007
-0.202429,-0.161402,2.073402
-0.822674,-0.149600,2.050826
-0.203053,-0.232466,1.862539
-0.473958,0.179376,2.143994
-0.466457,0.113680,2.080696
-0.547077,0.019997,2.041775
-0.368011,0.031613,2.084270
-0.547482,-0.492858,2.164872
-0.323430,-0.466921,2.012844
-0.523918,-0.839486,2.245904
-0.246680,-0.827182,2.023993
-0.578987,-0.890941,2.218465
-0.213673,-0.886089,1.951270
