-0.502131,0.710783,2.911572
-0.513190,0.507764,2.918177
-0.659604,0.368229,2.833761
-0.353619,0.382402,2.978260
-0.716603,0.146052,2.731766
-0.280837,0.126802,2.943784
-0.610943,0.070767,2.943784
-0.180308,0.048247,2.500637
-0.571519,0.055939,2.423621
-0.160228,0.021079,2.598114
-0.505363,0.122340,2.895695
-0.485233,0.059200,2.838024
-0.550461,-0.016250,2.789406
-0.409844,-0.014971,2.851625
-0.585781,-0.509087,2.688494
-0.394642,-0.532812,2.835695
-0.603216,-0.876629,2.736402
-0.398498,-0.866393,2.745083
-0.624861,-0.929073,2.672432
-0.374824,-0.926617,2.657920
-0.488151,0.708551,2.835419
-0.510134,0.507303,2.830569
-0.640179,0.372194,2.715467
-0.354690,0.380100,2.940237
-0.681347,0.167496,2.564020
-0.285704,0.127726,2.917941
-0.545711,0.135313,2.917941
-0.187552,0.053657,2.371049
-0.502115,0.137298,2.310633
-0.165027,0.029919,2.577728
-0.512326,0.121538,2.811212
-0.486987,0.056924,2.762639
-0.548859,-0.014814,2.706687
-0.415911,-0.017735,2.787496
-0.586517,-0.506488,2.584224
-0.393762,-0.529281,2.794402
-0.610932,-0.873578,2.618522
-0.401425,-0.866031,2.731347
-0.627709,-0.927571,2.559437
-0.377316,-0.926571,2.645413
-0.476149,0.705303,2.766770
-0.507914,0.505811,2.753149
-0.624602,0.374271,2.615028
-0.356302,0.377253,2.903491
-0.646236,0.183183,2.427635
-0.291433,0.127790,2.893270
-0.487285,0.187744,2.893270
-0.223426,0.042003,2.266203
-0.440090,0.203964,2.218896
-0.175637,0.035637,2.564119
-0.519284,0.120204,2.736233
-0.489407,0.054317,2.694886
-0.548238,-0.014029,2.634001
-0.422473,-0.020833,2.728265
-0.586745,-0.504765,2.495875
-0.392904,-0.526219,2.755523
-0.617052,-0.871337,2.523223
-0.404078,-0.865801,2.718896
-0.629987,-0.926525,2.467458
-0.379634,-0.926679,2.634183
-0.466023,0.701545,2.706138
-0.506517,0.503757,2.685524
-0.611539,0.374651,2.528867
-0.358410,0.374026,2.868511
-0.617822,0.194771,2.318292
-0.297893,0.127118,2.869905
-0.440304,0.229093,2.869905
-0.261509,0.026794,2.181820
-0.390016,0.256819,2.144569
-0.190333,0.035882,2.557940
-0.525916,0.118442,2.670582
-0.492040,0.051456,2.635146
-0.548106,-0.013874,2.570742
-0.428864,-0.023892,2.675486
-0.586640,-0.503688,2.420841
-0.391428,-0.521344,2.715373
-0.622070,-0.869620,2.444136
-0.406722,-0.865424,2.707186
-0.632007,-0.925899,2.391204
-0.381720,-0.926906,2.624585
-0.457861,0.697751,2.650501
-0.505610,0.501119,2.625880
-0.600813,0.374522,2.456402
-0.360869,0.370352,2.835155
-0.596393,0.203184,2.229968
-0.304910,0.125660,2.847672
-0.403674,0.262198,2.847672
-0.302421,0.009457,2.112444
-0.350979,0.299405,2.082888
-0.252341,0.005617,2.586433
-0.531995,0.116629,2.613265
-0.494706,0.048713,2.582530
-0.548366,-0.014088,2.515209
-0.434930,-0.026808,2.628546
-0.586248,-0.502893,2.356300
-0.389953,-0.516976,2.679003
-0.626324,-0.868174,2.377190
-0.409209,-0.864911,2.696212
-0.633868,-0.925405,2.326704
-0.383598,-0.926979,2.616312
-0.450910,0.694135,2.602286
-0.505028,0.497891,2.573030
-0.591827,0.373920,2.394289
-0.363582,0.366146,2.803401
-0.578623,0.209857,2.155720
-0.312354,0.123343,2.826474
-0.372995,0.290502,2.826474
-0.341907,-0.008657,2.052809
-0.318184,0.335846,2.029392
-0.311244,-0.024605,2.616552
-0.537352,0.114723,2.563194
-0.497143,0.046049,2.536301
-0.548841,-0.015720,2.463881
-0.440316,-0.029608,2.587690
-0.585700,-0.502306,2.300254
-0.388410,-0.512849,2.645216
-0.630109,-0.866894,2.319203
-0.411588,-0.864204,2.685938
-0.635657,-0.924849,2.270605
-0.385232,-0.927033,2.609509
-0.445395,0.689734,2.557192
-0.505100,0.494086,2.525360
-0.584419,0.372613,2.339824
-0.366811,0.361311,2.772771
-0.563432,0.215369,2.090830
-0.320528,0.120024,2.805870
-0.346137,0.315380,2.805870
-0.379331,-0.028357,1.999675
-0.289423,0.367850,1.981769
-0.347844,-0.042171,2.626805
-0.542755,0.111303,2.517166
-0.499994,0.041777,2.493220
-0.549638,-0.017900,2.418786
-0.445623,-0.033412,2.549572
-0.585167,-0.501775,2.250978
-0.386486,-0.509904,2.613029
-0.633616,-0.865676,2.267502
-0.413738,-0.863598,2.676709
-0.637336,-0.924278,2.220390
-0.386596,-0.927145,2.604037
-0.441889,0.684429,2.514600
-0.505851,0.489720,2.481788
-0.578432,0.370642,2.291172
-0.370622,0.355805,2.742908
-0.550573,0.219400,2.032831
-0.329489,0.115648,2.785524
-0.322666,0.336411,2.785524
-0.412710,-0.046305,1.952251
-0.265609,0.393683,1.940070
-0.394696,-0.069436,2.652579
-0.547528,0.108091,2.476740
-0.502558,0.037829,2.455328
-0.550521,-0.020642,2.378416
-0.450333,-0.036885,2.516037
-0.584758,-0.501203,2.207291
-0.384484,-0.507380,2.582083
-0.636595,-0.864677,2.221078
-0.415529,-0.863205,2.668411
-0.638593,-0.924219,2.176075
-0.387412,-0.927450,2.599632
-0.439917,0.679068,2.475726
-0.507253,0.485334,2.442363
-0.573731,0.368463,2.247660
-0.375013,0.350061,2.714238
-0.541833,0.220820,1.981696
-0.339136,0.110637,2.765687
-0.305197,0.352147,2.765687
-0.439978,-0.057213,1.910623
-0.249122,0.412304,1.904561
-0.431075,-0.083712,2.686057
-0.553424,0.102699,2.438798
-0.506644,0.031217,2.419310
-0.553603,-0.025051,2.341523
-0.455696,-0.042808,2.483245
-0.584398,-0.500972,2.167980
-0.381914,-0.507110,2.551871
-0.638841,-0.864018,2.181052
-0.416799,-0.863349,2.660699
-0.639420,-0.924736,2.138759
-0.387385,-0.928265,2.596661
-0.439742,0.673610,2.439731
-0.509648,0.480776,2.406073
-0.571174,0.365410,2.208279
-0.386568,0.343890,2.675770
-0.540048,0.218294,1.938686
-0.354880,0.108682,2.747999
-0.298744,0.361653,2.747999
-0.457271,-0.065294,1.875750
-0.244534,0.423880,1.874756
-0.451885,-0.093371,2.698022
-0.558624,0.098485,2.405508
-0.510119,0.026337,2.387921
-0.555879,-0.028417,2.309143
-0.460630,-0.047199,2.454817
-0.584191,-0.500700,2.132611
-0.379911,-0.506231,2.523752
-0.640242,-0.863629,2.148273
-0.417388,-0.862789,2.653308
-0.639764,-0.925661,2.108991
-0.385459,-0.927045,2.591726
-0.442996,0.668431,2.404638
-0.512479,0.476588,2.373408
-0.571267,0.361945,2.173601
-0.397464,0.340749,2.641292
-0.548254,0.211896,1.906805
-0.366889,0.108601,2.732707
-0.307855,0.365262,2.732707
-0.462629,-0.065702,1.848099
-0.255860,0.428835,1.851082
-0.459968,-0.097612,2.707581
-0.563118,0.095531,2.376156
-0.513092,0.022877,2.360300
-0.557798,-0.031068,2.280561
-0.465023,-0.050394,2.429761
-0.584194,-0.500507,2.101783
-0.378655,-0.504578,2.496621
-0.640857,-0.863506,2.123390
-0.417127,-0.862060,2.646240
-0.639392,-0.927114,2.087756
-0.382256,-0.925337,2.586790
-0.448670,0.663982,2.372314
-0.516297,0.472663,2.343637
-0.574846,0.357663,2.144306
-0.407497,0.339905,2.609999
-0.562467,0.203698,1.884543
-0.377238,0.112032,2.717440
-0.327067,0.367385,2.717440
-0.450565,-0.047737,1.827411
-0.284460,0.428431,1.833893
-0.436409,-0.074485,2.705621
-0.567243,0.093073,2.349953
-0.515890,0.019986,2.335599
-0.559910,-0.033376,2.255275
-0.468882,-0.052950,2.407330
-0.584942,-0.500105,2.076755
-0.378116,-0.502139,2.468432
-0.640895,-0.863402,2.106102
-0.415187,-0.860322,2.637920
-0.638428,-0.928776,2.074840
-0.377053,-0.922040,2.579967
-0.456199,0.659990,2.342800
-0.520295,0.469088,2.317076
-0.581492,0.352755,2.120614
-0.417040,0.339798,2.581008
-0.581409,0.194215,1.871394
-0.386327,0.117005,2.702988
-0.352052,0.367356,2.702988
-0.428552,-0.018413,1.813767
-0.319306,0.424553,1.823330
-0.400349,-0.037430,2.695490
-0.571246,0.090890,2.326651
-0.518705,0.017441,2.313523
-0.562500,-0.035609,2.233300
-0.472384,-0.055155,2.387134
-0.586315,-0.499518,2.057835
-0.377827,-0.499649,2.443243
-0.640332,-0.863444,2.096243
-0.412571,-0.858213,2.630029
-0.637007,-0.930639,2.069423
-0.371223,-0.918174,2.573221
-0.471112,0.657518,2.314241
-0.526073,0.466454,2.293144
-0.596247,0.346665,2.106986
-0.426491,0.343387,2.547664
-0.610597,0.183320,1.873007
-0.380797,0.147369,2.667292
-0.401220,0.364947,2.667292
-0.363057,0.079204,1.816575
-0.375103,0.417968,1.826277
-0.288105,0.119692,2.553987
-0.575067,0.089625,2.306047
-0.522167,0.015992,2.293948
-0.566544,-0.037159,2.215052
-0.475687,-0.056622,2.368741
-0.589847,-0.498050,2.049559
-0.377870,-0.498121,2.422513
-0.639543,-0.863403,2.093747
-0.408519,-0.856376,2.623639
-0.633614,-0.929803,2.063315
-0.365507,-0.914912,2.567495
-0.487258,0.655768,2.289166
-0.532469,0.464510,2.272216
-0.613699,0.340060,2.100472
-0.434991,0.347909,2.515807
-0.640269,0.172454,1.881510
-0.366331,0.189511,2.616444
-0.450325,0.361791,2.616444
-0.303549,0.192681,1.825897
-0.430622,0.410417,1.835772
-0.248942,0.218801,2.456202
-0.578714,0.088979,2.288274
-0.525869,0.015215,2.276992
-0.571359,-0.038292,2.200548
-0.478720,-0.057588,2.352172
-0.594294,-0.496472,2.049160
-0.377918,-0.496759,2.404054
-0.638484,-0.863487,2.097770
-0.403749,-0.854553,2.617741
-0.631532,-0.931211,2.069972
-0.359824,-0.911752,2.561980
-0.504161,0.654602,2.267491
-0.539308,0.463199,2.254193
-0.635651,0.335040,2.105311
-0.442879,0.354324,2.482418
-0.668513,0.164457,1.898998
-0.343995,0.250757,2.540030
-0.495762,0.360425,2.540030
-0.259221,0.310406,1.840277
-0.482518,0.402689,1.849098
-0.209481,0.347712,2.312262
-0.581947,0.089093,2.273369
-0.529826,0.015221,2.262675
-0.577062,-0.038746,2.190160
-0.481516,-0.057954,2.337281
-0.599703,-0.495028,2.057481
-0.377971,-0.495545,2.387547
-0.637203,-0.863543,2.106816
-0.398031,-0.852649,2.612369
-0.629632,-0.932333,2.080233
-0.354789,-0.908793,2.556818
-0.521704,0.654144,2.249076
-0.546611,0.462754,2.239158
-0.650352,0.331330,2.104288
-0.450115,0.361066,2.451442
-0.697791,0.153071,1.931662
-0.323962,0.312090,2.460225
-0.537173,0.358741,2.460225
-0.229531,0.412666,1.855927
-0.529049,0.395410,1.863796
-0.186731,0.455326,2.186916
-0.584931,0.089972,2.261293
-0.534006,0.016004,2.251014
-0.583316,-0.038640,2.183539
-0.484138,-0.057644,2.324096
-0.605210,-0.493540,2.070943
-0.378072,-0.494437,2.372698
-0.635799,-0.863552,2.119303
-0.391946,-0.850726,2.607538
-0.627837,-0.933370,2.093779
-0.349934,-0.905908,2.552009
-0.539098,0.654145,2.233746
-0.554360,0.462971,2.226962
-0.664931,0.328101,2.106025
-0.456693,0.368430,2.422183
-0.721147,0.146503,1.954268
-0.306882,0.364146,2.393111
-0.577971,0.358191,2.393111
-0.212490,0.497523,1.875654
-0.570737,0.388575,1.879300
-0.176605,0.546892,2.075416
-0.587500,0.091696,2.252022
-0.538168,0.017676,2.242025
-0.589684,-0.037841,2.180714
-0.486360,-0.056564,2.312629
-0.610891,-0.492129,2.088710
-0.379336,-0.492230,2.358985
-0.634370,-0.863291,2.133969
-0.386036,-0.847256,2.602162
-0.626158,-0.934091,2.109431
-0.345348,-0.901358,2.546276
-0.556473,0.654725,2.221332
-0.562396,0.464206,2.217545
-0.679112,0.325699,2.110065
-0.462565,0.376164,2.394647
-0.744909,0.138648,1.987307
-0.296641,0.419876,2.315762
-0.617649,0.353154,2.315762
-0.205290,0.575319,1.898621
-0.608144,0.382234,1.895506
-0.176571,0.627349,1.972367
-0.589541,0.094949,2.245586
-0.542263,0.020953,2.235772
-0.595965,-0.035713,2.181560
-0.488180,-0.053734,2.302879
-0.616470,-0.490617,2.109196
-0.380791,-0.490009,2.346793
-0.632925,-0.863004,2.149926
-0.380069,-0.843732,2.597208
-0.624601,-0.934569,2.125465
-0.341093,-0.896903,2.540884
-0.571136,0.657882,2.209744
-0.571553,0.473975,2.211871
-0.692697,0.328632,2.116064
-0.469215,0.388932,2.361601
-0.762583,0.137181,2.007692
-0.306225,0.478288,2.226648
-0.645827,0.353783,2.226648
-0.231402,0.648284,1.910790
-0.645251,0.377441,1.916014
-0.215019,0.700225,1.859378
-0.590247,0.107414,2.243283
-0.546482,0.033370,2.233549
-0.602247,-0.022620,2.188845
-0.489534,-0.042085,2.294547
-0.621572,-0.488377,2.132509
-0.382185,-0.488213,2.336543
-0.631481,-0.862714,2.166504
-0.372999,-0.840210,2.593745
-0.624474,-0.933554,2.136885
-0.335646,-0.894587,2.540417
-0.586409,0.661587,2.199876
-0.582279,0.484376,2.207957
-0.706824,0.332177,2.123128
-0.475388,0.400646,2.332695
-0.780875,0.139418,2.037136
-0.327036,0.527137,2.148144
-0.672105,0.354918,2.148144
-0.286762,0.708715,1.924040
-0.679240,0.373835,1.937681
-0.283345,0.756574,1.752252
-0.591722,0.119073,2.242230
-0.551219,0.045010,2.232762
-0.609165,-0.012838,2.198512
-0.491350,-0.031213,2.286935
-0.625832,-0.487846,2.156563
-0.383819,-0.486765,2.327454
-0.630044,-0.862455,2.183095
-0.366452,-0.837389,2.590320
-0.624247,-0.932430,2.148003
-0.331782,-0.891621,2.537128
-0.603808,0.666643,2.197488
-0.591131,0.490283,2.206570
-0.722591,0.329397,2.153009
-0.482336,0.408248,2.310056
-0.797601,0.131237,2.083051
-0.364745,0.566310,2.076345
-0.709967,0.348028,2.076345
-0.370935,0.748847,1.964096
-0.715638,0.369603,1.968523
-0.383476,0.795978,1.672051
-0.592463,0.125017,2.240944
-0.554815,0.050721,2.231457
-0.613563,-0.008850,2.208219
-0.493209,-0.025383,2.279476
-0.629031,-0.488208,2.180598
-0.385224,-0.486445,2.320346
-0.628614,-0.862203,2.199348
-0.359095,-0.835847,2.588075
-0.623332,-0.932260,2.162930
-0.326238,-0.890796,2.538255
-0.622749,0.669862,2.197841
-0.602722,0.493691,2.208179
-0.736981,0.325104,2.172133
-0.488481,0.414850,2.290061
-0.808015,0.120007,2.124560
-0.404157,0.595352,2.019203
-0.743811,0.340938,2.019203
-0.480583,0.757431,2.003022
-0.747973,0.365887,1.998554
-0.536369,0.781525,1.635702
-0.593329,0.130700,2.241062
-0.558377,0.056298,2.231498
-0.617658,-0.005608,2.219265
-0.494909,-0.019799,2.272896
-0.631387,-0.489282,2.203664
-0.386707,-0.486457,2.314719
-0.627133,-0.861975,2.214980
-0.351735,-0.834599,2.586210
-0.622526,-0.932101,2.177473
-0.320774,-0.890540,2.540210
-0.642404,0.675775,2.205832
-0.611958,0.496871,2.212162
-0.747455,0.319605,2.194462
-0.495775,0.421889,2.271621
-0.817461,0.109793,2.162442
-0.476899,0.578437,1.993880
-0.796876,0.305483,1.993880
-0.731228,0.513476,2.059663
-0.816171,0.321964,2.053176
-0.651584,0.724851,1.659118
-0.593406,0.134565,2.242107
-0.561343,0.060081,2.232223
-0.620424,-0.003915,2.227056
-0.496544,-0.015294,2.267745
-0.632571,-0.491130,2.225730
-0.388183,-0.486978,2.310034
-0.625588,-0.861675,2.229818
-0.343656,-0.833481,2.584560
-0.621714,-0.931787,2.191254
-0.314509,-0.891149,2.542961
-0.660853,0.681801,2.215781
-0.620679,0.499742,2.217719
-0.756710,0.314077,2.216891
-0.502656,0.428230,2.255317
-0.825402,0.099998,2.199285
-0.541509,0.557118,1.978952
-0.840095,0.272942,1.978952
-0.748234,0.578130,2.110066
-0.866681,0.279252,2.106458
-0.761939,0.658996,1.697279
-0.593139,0.137919,2.244313
-0.564022,0.063358,2.233902
-0.622669,-0.002722,2.234955
-0.498080,-0.011037,2.263561
-0.633371,-0.493031,2.246205
-0.389701,-0.487822,2.306566
-0.624149,-0.861302,2.243706
-0.335685,-0.832624,2.583339
-0.621039,-0.931379,2.204278
-0.308544,-0.891847,2.545863
-0.678040,0.688050,2.227330
-0.628889,0.502479,2.224664
-0.770987,0.312332,2.233449
-0.509131,0.433931,2.240926
-0.829143,0.095864,2.243896
-0.598005,0.531304,1.972902
-0.877796,0.241125,1.972902
-0.827116,0.531742,2.154258
-0.915388,0.234952,2.153420
-0.856139,0.597161,1.746846
-0.593265,0.141083,2.248365
-0.566674,0.066546,2.236841
-0.625293,-0.001688,2.243233
-0.499464,-0.006780,2.260608
-0.633904,-0.494942,2.265137
-0.391256,-0.488943,2.304229
-0.622818,-0.860928,2.256592
-0.328042,-0.831925,2.582379
-0.620441,-0.930952,2.216459
-0.302787,-0.892807,2.549106
-0.693694,0.694137,2.239528
-0.636478,0.504946,2.232448
-0.783543,0.310709,2.248163
-0.515247,0.439056,2.228292
-0.831562,0.092502,2.284102
-0.646599,0.504149,1.973130
-0.909365,0.211349,1.973130
-0.892253,0.477411,2.192597
-0.953603,0.190559,2.198245
-0.941583,0.405672,1.929751
-0.593307,0.143834,2.253404
-0.569123,0.069349,2.240594
-0.627620,-0.001022,2.251466
-0.500727,-0.002696,2.258706
-0.634209,-0.496855,2.282580
-0.392842,-0.490305,2.302951
-0.621585,-0.860557,2.268483
-0.320725,-0.831369,2.581675
-0.619889,-0.930485,2.227652
-0.297333,-0.893932,2.552533
-0.707834,0.700004,2.252310
-0.643467,0.507148,2.241129
-0.794587,0.308719,2.262236
-0.521039,0.443587,2.217338
-0.833067,0.089807,2.320376
-0.688564,0.472035,1.980859
-0.933738,0.181662,1.980859
-0.939764,0.380466,2.225212
-0.982519,0.158167,2.230742
-0.999419,0.361545,1.947106
-0.592966,0.145812,2.259605
-0.571077,0.071282,2.245405
-0.629428,-0.001885,2.260793
-0.501414,0.000911,2.257715
-0.634315,-0.498736,2.298574
-0.394457,-0.491855,2.302630
-0.620448,-0.860235,2.279436
-0.313774,-0.830941,2.581214
-0.619396,-0.930042,2.237942
-0.292094,-0.894793,2.555720
-0.720429,0.705247,2.265706
-0.649791,0.508782,2.250703
-0.804292,0.305461,2.277444
-0.526488,0.447477,2.208061
-0.834058,0.086170,2.353539
-0.722762,0.431967,1.996750
-0.950954,0.143458,1.996750
-0.972441,0.289116,2.257445
-1.007836,0.125858,2.259121
-1.042950,0.281357,2.012956
-0.592159,0.147002,2.267027
-0.572613,0.072464,2.251335
-0.630477,-0.004159,2.271998
-0.501846,0.004107,2.257455
-0.634193,-0.500727,2.313397
-0.396040,-0.493535,2.303115
-0.619475,-0.862427,2.289299
-0.307141,-0.830579,2.581029
-0.619295,-0.931006,2.246147
-0.287139,-0.895663,2.558890
-0.731542,0.709576,2.279071
-0.655494,0.509578,2.260967
-0.812854,0.302105,2.291589
-0.531617,0.450639,2.200476
-0.834355,0.082383,2.382840
-0.747793,0.397288,2.011709
-0.963596,0.107360,2.011709
-0.994844,0.218306,2.284735
-1.027599,0.092391,2.283899
-1.076655,0.213283,2.069750
-0.590870,0.146374,2.276307
-0.573513,0.071648,2.259376
-0.631129,-0.007239,2.283433
-0.501413,0.005286,2.259568
-0.633912,-0.502699,2.326980
-0.398380,-0.494105,2.303808
-0.618590,-0.865143,2.298450
-0.301551,-0.829675,2.580508
-0.619290,-0.932344,2.253636
-0.283524,-0.895038,2.559614
-0.741273,0.713047,2.292400
-0.660493,0.509596,2.271866
-0.820326,0.298527,2.304670
-0.536394,0.453020,2.194652
-0.834155,0.078572,2.409093
-0.766879,0.361752,2.029124
-0.970248,0.071597,2.029124
-1.007911,0.153388,2.307942
-1.043444,0.061824,2.304541
-1.101162,0.149718,2.122187
-0.589358,0.144806,2.286398
-0.574038,0.069918,2.268272
-0.631424,-0.011005,2.294820
-0.500634,0.005655,2.263100
-0.633524,-0.504616,2.339360
-0.399995,-0.496092,2.306988
-0.617698,-0.868368,2.306953
-0.295533,-0.829364,2.580889
-0.619313,-0.934036,2.260460
-0.278724,-0.896083,2.563681
-0.749756,0.715964,2.305217
-0.664833,0.509199,2.282694
-0.826625,0.293709,2.317807
-0.540781,0.454707,2.190480
-0.832622,0.074804,2.434825
-0.780759,0.328894,2.046987
-0.971791,0.039750,2.046987
-1.012441,0.095884,2.328776
-1.055114,0.034508,2.322740
-1.099283,0.077487,2.183445
-0.587613,0.142610,2.296758
-0.574166,0.067487,2.277642
-0.631178,-0.015832,2.306632
-0.499543,0.005407,2.267433
-0.632977,-0.506541,2.350696
-0.401274,-0.498277,2.311066
-0.616854,-0.872264,2.314807
-0.289742,-0.829175,2.581695
-0.619474,-0.936288,2.266658
-0.274204,-0.897031,2.568009
-0.757121,0.718423,2.317400
-0.668602,0.508499,2.293225
-0.831852,0.289362,2.329395
-0.544654,0.455650,2.187913
-0.831063,0.071492,2.457552
-0.790081,0.298384,2.064976
-0.972343,0.010554,2.064976
-1.011889,0.046101,2.346771
-1.061265,0.006704,2.337492
-1.091685,0.018851,2.234373
-0.585592,0.139718,2.307389
-0.573677,0.064192,2.287613
-0.629969,-0.022190,2.319336
-0.498071,0.004696,2.272420
-0.632325,-0.508384,2.360995
-0.402412,-0.500523,2.315686
-0.616049,-0.877079,2.322133
-0.284196,-0.829065,2.582831
-0.619688,-0.939312,2.272277
-0.269861,-0.897964,2.572388
-0.763567,0.720904,2.328822
-0.672296,0.509465,2.303346
-0.836260,0.284804,2.340014
-0.547898,0.455856,2.187015
-0.829005,0.067310,2.476080
-0.794971,0.270493,2.082513
-0.964687,-0.019439,2.082513
-1.006824,0.003385,2.355324
-1.064793,-0.018865,2.347736
-1.082868,-0.034179,2.278734
-0.583581,0.136660,2.317780
-0.572931,0.060590,2.297573
-0.628614,-0.028584,2.331355
-0.496049,0.003435,2.278500
-0.631627,-0.510116,2.370298
-0.403418,-0.502788,2.320678
-0.615270,-0.882119,2.328841
-0.278979,-0.829028,2.584144
-0.619889,-0.942549,2.277313
-0.265781,-0.898910,2.576763
-0.769122,0.723166,2.339487
-0.675546,0.510404,2.312915
-0.840408,0.281167,2.349077
-0.550605,0.455487,2.187452
-0.828228,0.064590,2.493685
-0.796708,0.245236,2.099314
-0.954532,-0.042904,2.099314
-0.998197,-0.032749,2.365963
-1.053458,-0.042881,2.353168
-1.071234,-0.079379,2.316098
-0.582525,0.135655,2.327466
-0.573108,0.059296,2.306957
-0.628022,-0.032370,2.344057
-0.495309,0.003277,2.282607
-0.630888,-0.511769,2.378699
-0.404326,-0.505004,2.325873
-0.614532,-0.884196,2.334746
-0.274110,-0.829059,2.585573
-0.619840,-0.943704,2.282395
-0.262258,-0.899814,2.580580
-0.773873,0.725210,2.349380
-0.678395,0.511305,2.321895
-0.844003,0.277645,2.357327
-0.552825,0.454647,2.189046
-0.826280,0.061171,2.508168
-0.795398,0.222503,2.115423
-0.944707,-0.065877,2.115423
-0.986058,-0.062535,2.368392
-1.049543,-0.064091,2.355645
-1.051811,-0.114180,2.345839
-0.581600,0.134747,2.336561
-0.573254,0.058119,2.315920
-0.627417,-0.035833,2.355986
-0.494621,0.003030,2.286697
-0.630130,-0.513327,2.386271
-0.405657,-0.505915,2.329905
-0.613832,-0.886024,2.340114
-0.270098,-0.828653,2.586402
-0.619771,-0.944721,2.287107
-0.259104,-0.900308,2.584002
-0.777892,0.727040,2.358523
-0.680868,0.512163,2.330249
-0.847081,0.274249,2.364815
-0.554525,0.453417,2.191652
-0.825064,0.058810,2.522287
-0.791768,0.202357,2.130535
-0.930802,-0.056444,2.130535
-0.970787,-0.086261,2.369269
-1.042892,-0.067314,2.357046
-1.034333,-0.145138,2.370992
-0.580787,0.133915,2.345015
-0.573367,0.057029,2.324379
-0.626829,-0.038986,2.366956
-0.493981,0.002702,2.290745
-0.629353,-0.514813,2.393085
-0.406570,-0.507681,2.335075
-0.613165,-0.887629,2.344985
-0.266039,-0.828651,2.587800
-0.619690,-0.945615,2.291419
-0.256253,-0.901013,2.587102
-0.781262,0.728666,2.366918
-0.682982,0.512919,2.337912
-0.849639,0.270900,2.371577
-0.555723,0.451874,2.195049
-0.823791,0.056693,2.535005
-0.786283,0.184676,2.144522
-0.916225,-0.041657,2.144522
-0.952929,-0.104171,2.367728
-1.034420,-0.065991,2.356228
-1.014655,-0.169745,2.390544
-0.580085,0.133157,2.352814
-0.573461,0.056036,2.332304
-0.626268,-0.041855,2.377083
-0.493395,0.002309,2.294683
-0.628546,-0.516240,2.399191
-0.407810,-0.508548,2.339169
-0.612533,-0.889025,2.349400
-0.262646,-0.828347,2.588731
-0.619590,-0.946390,2.295324
-0.253598,-0.901452,2.590200
-0.784049,0.730103,2.374579
-0.684797,0.513596,2.344926
-0.851734,0.267630,2.377656
-0.556522,0.450095,2.199044
-0.822183,0.054594,2.546105
-0.779297,0.169339,2.157319
-0.901298,-0.022821,2.157319
-0.933195,-0.116664,2.364234
-1.024345,-0.060583,2.353448
-0.987707,-0.183489,2.401867
-0.579475,0.132472,2.359957
-0.573536,0.055138,2.339673
-0.625742,-0.044450,2.386352
-0.492856,0.001876,2.298491
-0.627719,-0.517578,2.404631
-0.409031,-0.509246,2.343090
-0.611925,-0.890196,2.353400
-0.259581,-0.828036,2.589623
-0.619475,-0.947034,2.298866
-0.251163,-0.901838,2.593140
-0.786254,0.731352,2.381558
-0.686341,0.514199,2.351333
-0.853385,0.264429,2.383095
-0.556962,0.448120,2.203462
-0.820378,0.052620,2.555792
-0.770469,0.156491,2.168927
-0.886238,-0.000985,2.168927
-0.912208,-0.123396,2.358570
-1.012842,-0.051502,2.348563
-0.960768,-0.192023,2.408134
-0.578946,0.131861,2.366472
-0.573600,0.054340,2.346486
-0.625249,-0.046786,2.394826
-0.492368,0.001430,2.302119
-0.626856,-0.518844,2.409431
-0.410268,-0.509771,2.346792
-0.611337,-0.891195,2.357007
-0.256862,-0.827703,2.590484
-0.619360,-0.947599,2.302091
-0.249827,-0.900913,2.593797
-0.787951,0.732439,2.387903
-0.687659,0.514735,2.357169
-0.854634,0.261298,2.387927
-0.557093,0.446016,2.208155
-0.816790,0.048866,2.559897
-0.760618,0.145792,2.179336
-0.871823,0.021756,2.179336
-0.891523,-0.126402,2.351596
-1.000574,-0.039929,2.342131
-0.934732,-0.196219,2.410146
-0.578488,0.131311,2.372376
-0.573652,0.053625,2.352740
-0.624802,-0.048885,2.402493
-0.491925,0.000972,2.305572
-0.625966,-0.520049,2.413623
-0.411499,-0.510158,2.350306
-0.610770,-0.892026,2.360248
-0.254495,-0.827408,2.591296
-0.619229,-0.948088,2.305025
-0.248583,-0.901249,2.596972
-0.789161,0.733374,2.393662
-0.688782,0.515206,2.362468
-0.855508,0.258233,2.392182
-0.556935,0.443817,2.213024
-0.814392,0.046666,2.565542
-0.750111,0.137005,2.188542
-0.858537,0.043168,2.188542
-0.871735,-0.126465,2.344909
-0.970996,-0.005808,2.328355
-0.910215,-0.196845,2.408989
-0.578091,0.130806,2.377696
-0.573705,0.052973,2.358432
-0.624432,-0.050774,2.409312
-0.491525,0.000503,2.308850
-0.625018,-0.521165,2.417180
-0.412799,-0.510407,2.353592
-0.610222,-0.892688,2.363150
-0.252491,-0.827062,2.592117
-0.619082,-0.948495,2.307691
-0.248442,-0.899968,2.596879
-0.789900,0.734149,2.398830
-0.689727,0.515606,2.367280
-0.853426,0.257789,2.399468
-0.556550,0.441544,2.217968
-0.811960,0.044778,2.569578
-0.739068,0.130048,2.196542
-0.845398,0.066852,2.196542
-0.854639,-0.125768,2.335020
-0.942822,0.027658,2.314579
-0.888657,-0.196457,2.406451
-0.577737,0.130332,2.382426
-0.573834,0.052350,2.363541
-0.624157,-0.052400,2.415364
-0.491471,0.000049,2.311916
-0.624020,-0.522194,2.420083
-0.414100,-0.510779,2.356758
-0.609693,-0.893200,2.365731
-0.250776,-0.826812,2.593027
-0.618930,-0.948835,2.310108
-0.249447,-0.898830,2.596865
-0.790209,0.734776,2.403430
-0.690518,0.515947,2.371639
-0.850817,0.257815,2.406532
-0.555988,0.439236,2.222911
-0.809536,0.043052,2.572341
-0.727804,0.124716,2.203432
-0.833497,0.089392,2.203432
-0.838777,-0.123079,2.325124
-0.916905,0.059139,2.301489
-0.869221,-0.193663,2.400957
-0.577454,0.129892,2.386680
-0.574015,0.051771,2.368138
-0.623950,-0.053834,2.420799
-0.491593,-0.000403,2.314802
-0.622966,-0.523127,2.422344
-0.415614,-0.510937,2.359639
-0.609184,-0.893563,2.368009
-0.249445,-0.826420,2.593863
-0.618772,-0.949107,2.312295
-0.251506,-0.897012,2.596008
-0.790135,0.735259,2.407497
-0.691173,0.516228,2.375587
-0.847876,0.258378,2.413312
-0.555285,0.436904,2.227775
-0.807167,0.041494,2.573747
-0.716426,0.120886,2.209207
-0.822843,0.110407,2.209207
-0.823586,-0.117726,2.315446
-0.893535,0.087942,2.289381
-0.851323,-0.187546,2.391585
-0.577221,0.129494,2.390521
-0.574208,0.051257,2.372280
-0.623788,-0.055083,2.425714
-0.491829,-0.000825,2.317464
-0.621884,-0.523944,2.423912
-0.417186,-0.510882,2.362261
-0.608700,-0.893777,2.369993
-0.248510,-0.825894,2.594640
-0.618608,-0.949318,2.314272
-0.254402,-0.894688,2.594465
-0.789679,0.735584,2.411043
-0.691689,0.516446,2.379158
-0.844431,0.259865,2.419353
-0.554470,0.434599,2.232522
-0.805303,0.040862,2.576321
-0.704818,0.118634,2.213830
-0.813391,0.129871,2.213830
-0.810160,-0.112014,2.305985
-0.872597,0.114109,2.278237
-0.836089,-0.180494,2.380563
-0.577042,0.129123,2.393990
-0.574406,0.050782,2.376009
-0.623690,-0.056121,2.430104
-0.492174,-0.001241,2.319946
-0.620799,-0.524611,2.424709
-0.418781,-0.510703,2.364661
-0.608235,-0.893856,2.371703
-0.247966,-0.825338,2.595346
-0.618441,-0.949468,2.316051
-0.257913,-0.892195,2.592347
-0.788893,0.735791,2.414104
-0.692079,0.516620,2.382382
-0.842074,0.260713,2.424285
-0.553577,0.432351,2.237113
-0.803529,0.040530,2.578319
-0.693454,0.117529,2.217502
-0.805020,0.147480,2.217502
-0.794839,-0.101513,2.297122
-0.853931,0.137582,2.268127
-0.821807,-0.170245,2.366564
-0.576922,0.128778,2.397119
-0.574608,0.050350,2.379381
-0.623661,-0.056946,2.434002
-0.492624,-0.001637,2.322257
-0.619723,-0.525166,2.424855
-0.420364,-0.510408,2.366828
-0.607792,-0.893807,2.373157
-0.247769,-0.824708,2.595999
-0.618269,-0.949562,2.317648
-0.261862,-0.889506,2.589842
-0.787825,0.735871,2.416693
-0.692357,0.516742,2.385280
-0.838481,0.262712,2.429254
-0.552628,0.430177,2.241503
-0.801882,0.040338,2.580062
-0.682130,0.117637,2.220209
-0.797898,0.161485,2.220209
-0.782501,-0.091949,2.290126
-0.837440,0.158425,2.258843
-0.809121,-0.159075,2.352315
-0.576877,0.128455,2.399922
-0.574829,0.049954,2.382428
-0.623737,-0.057557,2.437390
-0.493150,-0.002018,2.324401
-0.618664,-0.525613,2.424365
-0.421942,-0.509997,2.368759
-0.607376,-0.893652,2.374372
-0.247890,-0.823991,2.596579
-0.618095,-0.949605,2.319070
-0.266131,-0.886639,2.586993
-0.786521,0.735851,2.418857
-0.692523,0.516822,2.387879
-0.835911,0.263958,2.433444
-0.551650,0.428101,2.245677
-0.801847,0.044305,2.570032
-0.671218,0.118577,2.222134
-0.791134,0.176161,2.222134
-0.769614,-0.080155,2.281239
-0.822651,0.177044,2.250146
-0.798072,-0.147298,2.335668
-0.576893,0.128153,2.402417
-0.575061,0.049592,2.385172
-0.623881,-0.057973,2.440290
-0.493727,-0.002378,2.326364
-0.617649,-0.525977,2.423293
-0.423471,-0.509516,2.370486
-0.606981,-0.893397,2.375350
-0.248262,-0.823225,2.597121
-0.617914,-0.949636,2.320366
-0.270529,-0.883725,2.584013
-0.785028,0.735748,2.420616
-0.692593,0.516867,2.390194
-0.833377,0.265282,2.437253
-0.550668,0.426125,2.249600
-0.802003,0.049339,2.556186
-0.660534,0.120340,2.223254
-0.785036,0.190205,2.223254
-0.757922,-0.068240,2.271867
-0.809401,0.193622,2.241994
-0.788441,-0.135503,2.318960
-0.576981,0.127876,2.404599
-0.575320,0.049266,2.387617
-0.624116,-0.058132,2.442603
-0.494356,-0.002708,2.328150
-0.616724,-0.526245,2.421679
-0.424932,-0.508982,2.372028
-0.606606,-0.893060,2.376114
-0.248813,-0.822369,2.597683
-0.617723,-0.949635,2.321522
-0.274862,-0.880743,2.581106
-0.783367,0.735570,2.421994
-0.692568,0.516877,2.392241
-0.830201,0.267754,2.440797
-0.549689,0.424251,2.253285
-0.801979,0.056675,2.536353
-0.650238,0.122735,2.223738
-0.779381,0.204787,2.223738
-0.747374,-0.056567,2.260501
-0.797543,0.208443,2.234544
-0.780061,-0.124038,2.302550
-0.577148,0.127628,2.406472
-0.575626,0.048982,2.389759
-0.624481,-0.057993,2.444250
-0.495033,-0.003005,2.329772
-0.615896,-0.526417,2.419557
-0.426299,-0.508400,2.373408
-0.606252,-0.892646,2.376680
-0.249504,-0.821488,2.598225
-0.617522,-0.949603,2.322546
-0.279046,-0.877816,2.578209
-0.781582,0.735357,2.422993
-0.692456,0.516860,2.394014
-0.827793,0.269551,2.443858
-0.548715,0.422486,2.256719
-0.801912,0.064400,2.515861
-0.640397,0.125098,2.223964
-0.773719,0.215935,2.223964
-0.738085,-0.045458,2.247571
-0.786922,0.221671,2.227751
-0.771692,-0.111317,2.285777
-0.577399,0.127432,2.408019
-0.575990,0.048761,2.391577
-0.624962,-0.057544,2.445241
-0.495748,-0.003252,2.331220
-0.615214,-0.526474,2.416949
-0.427588,-0.507788,2.374645
-0.605940,-0.892423,2.377061
-0.250312,-0.820601,2.598754
-0.617318,-0.949647,2.323373
-0.283060,-0.874993,2.575386
-0.779658,0.735176,2.423551
-0.692276,0.516827,2.395487
-0.825549,0.272751,2.446089
-0.547742,0.420810,2.259906
-0.801864,0.072440,2.494129
-0.629252,0.127654,2.223396
-0.768492,0.227274,2.223396
-0.727267,-0.034581,2.235357
-0.777033,0.233548,2.220531
-0.763610,-0.099823,2.263755
-0.577890,0.127342,2.409020
-0.576610,0.048701,2.392742
-0.626033,-0.056367,2.444394
-0.496588,-0.003432,2.332435
-0.614871,-0.526309,2.413656
-0.428772,-0.507133,2.375718
-0.605655,-0.891971,2.377253
-0.251344,-0.819771,2.599195
-0.617125,-0.949617,2.324155
-0.286937,-0.872332,2.572404
-0.777630,0.734993,2.423771
-0.692020,0.516774,2.396677
-0.823559,0.276139,2.447778
-0.546786,0.419235,2.262867
-0.801675,0.079750,2.469568
-0.617959,0.130537,2.222466
-0.763610,0.238166,2.222466
-0.716764,-0.024215,2.222929
-0.768097,0.244106,2.213619
-0.755750,-0.088984,2.242021
-0.578577,0.127377,2.409546
-0.577460,0.048829,2.393304
-0.627495,-0.054759,2.442460
-0.497559,-0.003526,2.333395
-0.614793,-0.526106,2.410021
-0.429916,-0.506374,2.376589
-0.605393,-0.891453,2.377288
-0.252592,-0.818883,2.599544
-0.616916,-0.949552,2.324823
-0.290767,-0.869668,2.569313
-0.775475,0.734929,2.423570
-0.691708,0.516758,2.397547
-0.821989,0.279959,2.448833
-0.545844,0.417762,2.265623
-0.801933,0.086509,2.445172
-0.603964,0.134523,2.221488
-0.758682,0.247400,2.221488
-0.702952,-0.013603,2.210244
-0.759610,0.253337,2.205849
-0.744188,-0.077971,2.217516
-0.579673,0.127682,2.409415
-0.578817,0.049339,2.392987
-0.629788,-0.052558,2.439164
-0.498912,-0.003434,2.333899
-0.614838,-0.525855,2.406168
-0.431223,-0.505188,2.376711
-0.605149,-0.890886,2.377197
-0.254552,-0.817626,2.599413
-0.616715,-0.949464,2.325402
-0.295128,-0.866507,2.565293
-0.773220,0.734932,2.422996
-0.691319,0.516766,2.398076
-0.820784,0.283988,2.449248
-0.544908,0.416383,2.268197
-0.802353,0.092681,2.422379
-0.590336,0.138503,2.220382
-0.754124,0.255357,2.220382
-0.689549,-0.004049,2.198165
-0.751959,0.261298,2.198232
-0.732311,-0.068438,2.193931
-0.581016,0.128193,2.408773
-0.580482,0.050152,2.391950
-0.632740,-0.049918,2.434717
-0.500408,-0.003176,2.334021
-0.615023,-0.525605,2.402122
-0.432602,-0.503827,2.376343
-0.604946,-0.890449,2.377037
-0.257047,-0.816319,2.598914
-0.616524,-0.949427,2.325882
-0.299688,-0.863396,2.560807
-0.770772,0.735059,2.421880
-0.690823,0.516816,2.398103
-0.819846,0.288574,2.448375
-0.543980,0.415102,2.270596
-0.803177,0.098120,2.399585
-0.575423,0.142697,2.219494
-0.749624,0.262034,2.219494
-0.671475,0.003899,2.186006
-0.744713,0.267997,2.189719
-0.714028,-0.061369,2.168844
-0.582750,0.128849,2.407432
-0.582612,0.051184,2.389935
-0.636518,-0.046893,2.428555
-0.502228,-0.002797,2.333669
-0.615434,-0.525355,2.397828
-0.433944,-0.502767,2.375661
-0.604752,-0.889953,2.376780
-0.261122,-0.815856,2.597610
-0.616328,-0.949361,2.326296
-0.305199,-0.861350,2.555364
-0.766822,0.733870,2.418267
-0.690219,0.516887,2.397611
-0.819162,0.293308,2.446676
-0.543021,0.413930,2.272859
-0.804231,0.103041,2.378114
-0.560177,0.146861,2.218851
-0.745370,0.267550,2.218851
-0.652452,0.010856,2.174192
-0.737962,0.273373,2.180588
-0.694456,-0.055546,2.145281
-0.584778,0.129662,2.405469
-0.585090,0.052461,2.387038
-0.640804,-0.043571,2.421160
-0.504286,-0.002290,2.332858
-0.616221,-0.524929,2.393161
-0.435709,-0.501608,2.373732
-0.604572,-0.889413,2.376428
-0.266911,-0.815829,2.594775
-0.616131,-0.949275,2.326641
-0.311871,-0.859796,2.548073
-0.762618,0.732641,2.414079
-0.689424,0.517045,2.396435
-0.818870,0.298425,2.443660
-0.541994,0.412874,2.274997
-0.805281,0.107422,2.358580
-0.544203,0.150784,2.218704
-0.741354,0.271712,2.218704
-0.627324,0.015662,2.162437
-0.731417,0.277307,2.170080
-0.666209,-0.052926,2.122329
-0.587195,0.130763,2.402452
-0.588042,0.054199,2.382599
-0.646016,-0.039528,2.411019
-0.506641,-0.001588,2.331267
-0.617280,-0.524403,2.388144
-0.437897,-0.500858,2.370659
-0.604413,-0.888834,2.375992
-0.276354,-0.818196,2.588613
-0.615925,-0.949163,2.326916
-0.321179,-0.860633,2.537012
-0.757822,0.731380,2.408808
-0.688281,0.517277,2.394238
-0.818751,0.303750,2.438347
-0.540880,0.411914,2.277002
-0.806563,0.111262,2.339323
-0.528157,0.154037,2.219109
-0.737023,0.274244,2.219109
-0.595683,0.016653,2.150102
-0.724706,0.279796,2.158295
-0.630712,-0.052911,2.103229
-0.589753,0.131945,2.398337
-0.591036,0.056080,2.376682
-0.651239,-0.035484,2.398938
-0.509001,-0.000815,2.328850
-0.618586,-0.523984,2.382777
-0.441559,-0.499498,2.363330
-0.604271,-0.888244,2.375490
-0.290832,-0.821551,2.574457
-0.615726,-0.949020,2.327092
-0.328593,-0.862953,2.527358
-0.751945,0.730062,2.401979
-0.686680,0.517583,2.390556
-0.818772,0.309484,2.431136
-0.539548,0.411006,2.278875
-0.808095,0.115111,2.321527
-0.512525,0.156517,2.219983
-0.732516,0.274750,2.219983
-0.562109,0.014704,2.137503
-0.717037,0.279998,2.143876
-0.588864,-0.057392,2.089035
-0.592314,0.133211,2.393306
-0.593906,0.058055,2.369643
-0.656246,-0.031486,2.385165
-0.511238,-0.000025,2.325971
-0.620146,-0.523637,2.376711
-0.445644,-0.498511,2.354321
-0.604157,-0.887683,2.374961
-0.313530,-0.827497,2.549137
-0.615543,-0.948873,2.327198
-0.338737,-0.866543,2.508590
-0.744060,0.728840,2.392594
-0.684345,0.517913,2.384783
-0.818340,0.316045,2.419906
-0.537952,0.410143,2.280598
-0.810208,0.119294,2.303776
-0.497123,0.158365,2.221297
-0.727832,0.273226,2.221297
-0.528002,0.010497,2.124134
-0.709140,0.278651,2.128801
-0.545958,-0.064327,2.079955
-0.594737,0.134593,2.386951
-0.596337,0.060166,2.361137
-0.660539,-0.027461,2.369368
-0.513170,0.000806,2.322554
-0.622015,-0.523522,2.369418
-0.449802,-0.497592,2.339232
-0.604039,-0.887163,2.374310
-0.337966,-0.831561,2.511161
-0.615400,-0.948730,2.327167
-0.351248,-0.870115,2.474843
-0.735811,0.727614,2.382581
-0.681696,0.518130,2.377996
-0.817768,0.322730,2.407521
-0.536099,0.409306,2.282155
-0.812383,0.123434,2.287018
-0.482637,0.159854,2.222822
-0.723795,0.267591,2.222822
-0.495359,0.005303,2.109385
-0.700239,0.275519,2.112144
-0.506176,-0.071591,2.073687
-0.597034,0.135977,2.379939
-0.598507,0.062294,2.351906
-0.664363,-0.023581,2.353283
-0.514930,0.001646,2.318651
-0.623988,-0.523504,2.361678
-0.453748,-0.496361,2.322725
-0.603935,-0.886658,2.373591
-0.360650,-0.833337,2.466948
-0.615301,-0.948621,2.327165
-0.366043,-0.873729,2.432153
-0.725783,0.726491,2.370195
-0.678137,0.518202,2.368932
-0.815871,0.329941,2.389806
-0.533861,0.408479,2.283444
-0.814391,0.127736,2.268558
-0.469039,0.160853,2.224683
-0.718421,0.259437,2.224683
-0.461774,-0.001153,2.092479
-0.689827,0.269682,2.093460
-0.466452,-0.080064,2.071064
-0.599002,0.137391,2.371131
-0.599938,0.064499,2.340758
-0.666972,-0.019673,2.334764
-0.516273,0.002522,2.313737
-0.626004,-0.523514,2.353094
-0.456618,-0.493401,2.300626
-0.603848,-0.886159,2.372768
-0.379917,-0.832179,2.409262
-0.615227,-0.948523,2.327115
-0.385393,-0.874295,2.376974
-0.711596,0.725088,2.352868
-0.671925,0.518062,2.354315
-0.810978,0.337470,2.364822
-0.530443,0.407537,2.283962
-0.816214,0.132572,2.247918
-0.456501,0.161531,2.226583
-0.712817,0.246050,2.226583
-0.430808,-0.007591,2.072334
-0.674925,0.255952,2.067209
-0.426931,-0.089741,2.072294
-0.599720,0.138839,2.357892
-0.599514,0.066776,2.325009
-0.667197,-0.015673,2.311379
-0.516513,0.003473,2.305913
-0.627859,-0.523534,2.343369
-0.457875,-0.488692,2.274150
-0.603781,-0.885582,2.371770
-0.392764,-0.835893,2.357444
-0.615190,-0.948416,2.327077
-0.392695,-0.877902,2.319237
-0.695487,0.723564,2.332505
-0.664485,0.517700,2.336932
-0.804710,0.344659,2.336838
-0.525937,0.406540,2.283438
-0.817175,0.137462,2.225368
-0.444869,0.161780,2.228230
-0.706404,0.229640,2.228230
-0.402837,-0.013900,2.050032
-0.658257,0.236221,2.036993
-0.390877,-0.099441,2.075497
-0.599584,0.140155,2.342697
-0.598028,0.068854,2.307544
-0.666055,-0.012040,2.286747
-0.515857,0.004295,2.296312
-0.629462,-0.523691,2.333057
-0.457908,-0.483337,2.246036
-0.603732,-0.885022,2.370628
-0.402258,-0.839268,2.299036
-0.615224,-0.948319,2.327015
-0.396478,-0.881040,2.253915
-0.673487,0.721611,2.304781
-0.652714,0.516670,2.311264
-0.793148,0.351406,2.298552
-0.517465,0.405091,2.279232
-0.815720,0.142314,2.198062
-0.432831,0.161071,2.228712
-0.698878,0.206709,2.228712
-0.376395,-0.021662,2.022969
-0.641716,0.203791,1.999027
-0.357972,-0.110225,2.079203
-0.596136,0.141087,2.319956
-0.592567,0.070568,2.282601
-0.660453,-0.008908,2.254408
-0.511841,0.004720,2.280504
-0.630317,-0.524038,2.320158
-0.456063,-0.476853,2.213130
-0.603724,-0.884443,2.369173
-0.408742,-0.842433,2.239074
-0.615321,-0.948226,2.326834
-0.396962,-0.884800,2.186701
-0.639001,0.719968,2.260451
-0.629273,0.515699,2.267689
-0.768961,0.358461,2.239005
-0.498404,0.402985,2.263222
-0.804131,0.145415,2.152891
-0.415762,0.158587,2.222904
-0.684021,0.169485,2.222904
-0.349014,-0.030088,1.981792
-0.619201,0.149655,1.946632
-0.325827,-0.121195,2.077582
-0.582971,0.141953,2.278270
-0.576276,0.072330,2.238168
-0.643403,-0.006017,2.201647
-0.497858,0.005199,2.246692
-0.628293,-0.523881,2.298319
-0.447439,-0.468458,2.165210
-0.603608,-0.882960,2.365920
-0.413761,-0.845921,2.181415
-0.615618,-0.947562,2.325662
-0.396311,-0.889361,2.122899
-0.600892,0.718420,2.211556
-0.602290,0.515584,2.218764
-0.740688,0.365888,2.175214
-0.474218,0.401745,2.240879
-0.788383,0.148039,2.103179
-0.395987,0.155967,2.212331
-0.669432,0.130912,2.212331
-0.321535,-0.038303,1.939944
-0.600592,0.096289,1.897415
-0.294535,-0.131493,2.072652
-0.566025,0.143391,2.230543
-0.556052,0.074626,2.187940
-0.622358,-0.002628,2.144133
-0.479985,0.006049,2.206286
-0.624018,-0.521609,2.266642
-0.437075,-0.460339,2.117681
-0.603391,-0.880689,2.360248
-0.418293,-0.849005,2.130205
-0.616213,-0.946322,2.323282
-0.395854,-0.893393,2.066653
-0.561202,0.715950,2.160532
-0.572560,0.515637,2.166800
-0.711257,0.372852,2.111617
-0.445124,0.400622,2.211029
-0.769842,0.149569,2.051592
-0.372675,0.152770,2.195118
-0.655756,0.092560,2.195118
-0.292628,-0.046733,1.898108
-0.586263,0.045550,1.851628
-0.262493,-0.141660,2.062344
-0.546862,0.144795,2.179914
-0.534166,0.076744,2.135158
-0.600478,0.000562,2.086702
-0.459694,0.006692,2.160207
-0.616284,-0.515067,2.217215
-0.425879,-0.453195,2.072341
-0.602571,-0.875643,2.348172
-0.422030,-0.851901,2.084154
-0.616722,-0.943059,2.317545
-0.395362,-0.897182,2.016295
